shape	iterations	best_vx_q1	best_vx_q3	best_vx_median
1111-0001	0	0.0044833891858715	0.0178528320588155	0.0072325568881183
1111-0001	1	0.0265400127576827	0.0423935669498048	0.0321837321537892
1111-0001	2	0.0321837321537892	0.0679547891032507	0.0423935669498048
1111-0001	3	0.0321837321537892	0.0679547891032507	0.0480603288418986
1111-0001	4	0.0321837321537892	0.4699631819613872	0.3026269088646913
1111-0001	5	0.0365422317967969	0.5983515106064906	0.4699631819613872
1111-0001	6	0.1901199387506833	0.599221638631893	0.5983515106064906
1111-0001	7	0.1901199387506833	1.0021808996294286	0.599221638631893
1111-0001	8	0.1901199387506833	1.463752030726547	1.364584993882342
1111-0001	9	1.3742044633426125	2.37715998497623	1.969408100946616
1111-0001	10	1.3742044633426125	2.37715998497623	1.969408100946616
1111-0001	11	1.3742044633426125	2.599962167953259	2.48879904748233
1111-0001	12	1.3742044633426125	2.599962167953259	2.48879904748233
1111-0001	13	1.661843155164471	2.604771477668341	2.599962167953259
1111-0001	14	2.014490392156351	2.7567312779349145	2.691652190613093
1111-0001	15	2.0159793242716404	2.7816909349715457	2.7567312779349145
1111-0001	16	2.137080528759084	2.815985552118066	2.7567312779349145
1111-0001	17	2.35810219171564	2.838825115685534	2.815985552118066
1111-0001	18	2.5159281753512484	2.844554588215224	2.838825115685534
1111-0001	19	2.5159281753512484	3.038490324770486	2.855914267917569
1111-0001	20	2.529630691705823	3.038490324770486	2.918837988079859
1111-0001	21	2.77937571031558	3.0433102084917185	2.92344493683586
1111-0001	22	2.8796902557980637	3.0433102084917185	2.927243507171709
1111-0001	23	2.88911855829114	3.0433102084917185	2.9835677894917434
1111-0001	24	2.88911855829114	3.0433102084917185	2.9866916259870404
1111-0001	25	2.97357913168738	3.115094030012373	3.009024795064439
1111-0001	26	2.9755158348843977	3.119622035349645	3.009024795064439
1111-0001	27	2.9755158348843977	3.1530818277458743	3.009024795064439
1111-0001	28	2.9755158348843977	3.1530818277458743	3.0103257119246307
1111-0001	29	2.9755158348843977	3.1530818277458743	3.1296266474356784
1111-0001	30	3.0737147428117213	3.1530818277458743	3.1296266474356784
1111-0001	31	3.083268510697995	3.1530818277458743	3.1296266474356784
1111-0001	32	3.083268510697995	3.1530818277458743	3.1344071077284523
1111-0001	33	3.083268510697995	3.1530818277458743	3.1344071077284523
1111-0001	34	3.083268510697995	3.154605584398608	3.1344071077284523
1111-0001	35	3.083268510697995	3.154605584398608	3.1344071077284523
1111-0001	36	3.083268510697995	3.186965997068949	3.1344071077284523
1111-0001	37	3.083268510697995	3.186965997068949	3.1390101068663165
1111-0001	38	3.083268510697995	3.186965997068949	3.1390101068663165
1111-0001	39	3.083268510697995	3.186965997068949	3.1760780436862386
1111-0001	40	3.083268510697995	3.186965997068949	3.1760780436862386
1111-0001	41	3.083268510697995	3.186965997068949	3.1760780436862386
1111-0001	42	3.083268510697995	3.213982618063492	3.1890820084325067
1111-0001	43	3.083268510697995	3.213982618063492	3.1890820084325067
1111-0001	44	3.1396216488424917	3.213982618063492	3.1890820084325067
1111-0001	45	3.1396216488424917	3.213982618063492	3.1890820084325067
1111-0001	46	3.1396216488424917	3.213982618063492	3.1890820084325067
1111-0001	47	3.1396216488424917	3.213982618063492	3.1890820084325067
1111-0001	48	3.1396216488424917	3.213982618063492	3.1890820084325067
1111-0001	49	3.1396216488424917	3.213982618063492	3.206198859423341
1111-0001	50	3.1396216488424917	3.213982618063492	3.206198859423341
1111-0001	51	3.1396216488424917	3.213982618063492	3.206198859423341
1111-0001	52	3.1396216488424917	3.2435775894753687	3.206198859423341
1111-0001	53	3.1396216488424917	3.2435775894753687	3.206198859423341
1111-0001	54	3.1716209935090083	3.249488261380577	3.206198859423341
1111-0001	55	3.1716209935090083	3.284839937480391	3.206198859423341
1111-0001	56	3.1716209935090083	3.284839937480391	3.206198859423341
1111-0001	57	3.1716209935090083	3.284839937480391	3.206198859423341
1111-0001	58	3.1716209935090083	3.284839937480391	3.206198859423341
1111-0001	59	3.1716209935090083	3.284839937480391	3.206198859423341
1111-0001	60	3.1716209935090083	3.284839937480391	3.2182758403060108
1111-0001	61	3.1928187864900317	3.284839937480391	3.2582611372170844
1111-0001	62	3.1928187864900317	3.284839937480391	3.2582611372170844
1111-0001	63	3.1928187864900317	3.284839937480391	3.2582611372170844
1111-0001	64	3.217804661147068	3.284839937480391	3.2582611372170844
1111-0001	65	3.217804661147068	3.284839937480391	3.2582611372170844
1111-0001	66	3.217804661147068	3.3025080142550696	3.2582611372170844
1111-0001	67	3.217804661147068	3.312709184033802	3.3025080142550696
1111-0001	68	3.217804661147068	3.312709184033802	3.3025080142550696
1111-0001	69	3.217804661147068	3.312709184033802	3.3025080142550696
1111-0001	70	3.217804661147068	3.312709184033802	3.3025080142550696
1111-0001	71	3.217804661147068	3.312709184033802	3.3025080142550696
1111-0001	72	3.217804661147068	3.312709184033802	3.3025080142550696
1111-0001	73	3.217804661147068	3.312709184033802	3.3025080142550696
1111-0001	74	3.217804661147068	3.312709184033802	3.3025080142550696
1111-0001	75	3.217804661147068	3.3261301373312104	3.3025080142550696
1111-0001	76	3.217804661147068	3.34502945758531	3.3025080142550696
1111-0001	77	3.217804661147068	3.34502945758531	3.3025080142550696
1111-0001	78	3.217804661147068	3.34502945758531	3.3025080142550696
1111-0001	79	3.217804661147068	3.34502945758531	3.3283554565308013
1111-0001	80	3.217804661147068	3.34502945758531	3.3283554565308013
1111-0001	81	3.217804661147068	3.34502945758531	3.330582374480963
1111-0001	82	3.217804661147068	3.34502945758531	3.330582374480963
1111-0001	83	3.217804661147068	3.34502945758531	3.330582374480963
1111-0001	84	3.217804661147068	3.34502945758531	3.330582374480963
1111-0001	85	3.294963517999058	3.34502945758531	3.330582374480963
1111-0001	86	3.294963517999058	3.34502945758531	3.330582374480963
1111-0001	87	3.294963517999058	3.34502945758531	3.330582374480963
1111-0001	88	3.294963517999058	3.34502945758531	3.330582374480963
1111-0001	89	3.294963517999058	3.34502945758531	3.330582374480963
1111-0001	90	3.294963517999058	3.34502945758531	3.330582374480963
1111-0001	91	3.294963517999058	3.34502945758531	3.330582374480963
1111-0001	92	3.294963517999058	3.34502945758531	3.330582374480963
1111-0001	93	3.294963517999058	3.360898892854544	3.34502945758531
1111-0001	94	3.312752747513696	3.360898892854544	3.34502945758531
1111-0001	95	3.312752747513696	3.360898892854544	3.34502945758531
1111-0001	96	3.314596437761448	3.360898892854544	3.34502945758531
1111-0001	97	3.314596437761448	3.360898892854544	3.34502945758531
1111-0001	98	3.314596437761448	3.381034689915967	3.34502945758531
1111-0001	99	3.314596437761448	3.381034689915967	3.34502945758531
1111-0001	100	3.314596437761448	3.381034689915967	3.34502945758531
1111-0001	101	3.314596437761448	3.381034689915967	3.34502945758531
1111-0001	102	3.314596437761448	3.415761287581059	3.34502945758531
1111-0001	103	3.314596437761448	3.415761287581059	3.34502945758531
1111-0001	104	3.314596437761448	3.415761287581059	3.34502945758531
1111-0001	105	3.314596437761448	3.415761287581059	3.34502945758531
1111-0001	106	3.314596437761448	3.415761287581059	3.34502945758531
1111-0001	107	3.314596437761448	3.415761287581059	3.34502945758531
1111-0001	108	3.314596437761448	3.415761287581059	3.34502945758531
1111-0001	109	3.314596437761448	3.415761287581059	3.34502945758531
1111-0001	110	3.314596437761448	3.415761287581059	3.34502945758531
1111-0001	111	3.314596437761448	3.415761287581059	3.34502945758531
1111-0001	112	3.314596437761448	3.4173363051447585	3.34502945758531
1111-0001	113	3.314596437761448	3.4173363051447585	3.34502945758531
1111-0001	114	3.314596437761448	3.4173363051447585	3.34502945758531
1111-0001	115	3.314596437761448	3.4173363051447585	3.34502945758531
1111-0001	116	3.314596437761448	3.4173363051447585	3.34502945758531
1111-0001	117	3.314596437761448	3.4173363051447585	3.34502945758531
1111-0001	118	3.314596437761448	3.4173363051447585	3.34502945758531
1111-0001	119	3.34502945758531	3.4173363051447585	3.3943163442896003
1111-0001	120	3.34502945758531	3.4173363051447585	3.3943163442896003
1111-0001	121	3.34502945758531	3.4173363051447585	3.3943163442896003
1111-0001	122	3.34502945758531	3.4173363051447585	3.3943163442896003
1111-0001	123	3.34502945758531	3.4173363051447585	3.3943163442896003
1111-0001	124	3.361230276766628	3.4173363051447585	3.3943163442896003
1111-0001	125	3.361230276766628	3.4173363051447585	3.3943163442896003
1111-0001	126	3.361230276766628	3.4173363051447585	3.3943163442896003
1111-0001	127	3.361230276766628	3.4173363051447585	3.3943163442896003
1111-0001	128	3.361230276766628	3.4173363051447585	3.3943163442896003
1111-0001	129	3.361230276766628	3.4173363051447585	3.406532955300293
1111-0001	130	3.361230276766628	3.4173363051447585	3.406532955300293
1111-0001	131	3.3741859312332423	3.4173363051447585	3.406532955300293
1111-0001	132	3.3741859312332423	3.4173363051447585	3.406532955300293
1111-0001	133	3.3741859312332423	3.4173363051447585	3.406532955300293
1111-0001	134	3.3741859312332423	3.4173363051447585	3.406532955300293
1111-0001	135	3.3741859312332423	3.4173363051447585	3.406532955300293
1111-0001	136	3.3741859312332423	3.4173363051447585	3.406532955300293
1111-0001	137	3.3741859312332423	3.4173363051447585	3.406532955300293
1111-0001	138	3.3741859312332423	3.4173363051447585	3.406532955300293
1111-0001	139	3.3741859312332423	3.4173363051447585	3.406532955300293
1111-0001	140	3.3741859312332423	3.4173363051447585	3.406532955300293
1111-0001	141	3.3741859312332423	3.4173363051447585	3.406532955300293
1111-0001	142	3.3741859312332423	3.4187588950387084	3.406532955300293
1111-0001	143	3.3741859312332423	3.4310645062158525	3.4187588950387084
1111-0001	144	3.416012264378613	3.4310645062158525	3.4187588950387084
1111-0001	145	3.416012264378613	3.458490155722665	3.4187588950387084
1111-0001	146	3.416012264378613	3.458490155722665	3.4187588950387084
1111-0001	147	3.416012264378613	3.458490155722665	3.4187588950387084
1111-0001	148	3.416012264378613	3.458490155722665	3.4187588950387084
1111-0001	149	3.416012264378613	3.470972929402465	3.4187588950387084
1111-0001	150	3.416012264378613	3.470972929402465	3.4187588950387084
1111-0001	151	3.416012264378613	3.470972929402465	3.4187588950387084
1111-0001	152	3.416012264378613	3.470972929402465	3.4187588950387084
1111-0001	153	3.416012264378613	3.470972929402465	3.4187588950387084
1111-0001	154	3.416012264378613	3.470972929402465	3.4187588950387084
1111-0001	155	3.416012264378613	3.470972929402465	3.4187588950387084
1111-0001	156	3.416012264378613	3.470972929402465	3.4187588950387084
1111-0001	157	3.416012264378613	3.4992684035554875	3.4187588950387084
1111-0001	158	3.416012264378613	3.4992684035554875	3.4187588950387084
1111-0001	159	3.416012264378613	3.4992684035554875	3.4187588950387084
1111-0001	160	3.416012264378613	3.4992684035554875	3.4187588950387084
1111-0001	161	3.416012264378613	3.4992684035554875	3.4187588950387084
1111-0001	162	3.416012264378613	3.4992684035554875	3.4187588950387084
1111-0001	163	3.416012264378613	3.4992684035554875	3.4187588950387084
1111-0001	164	3.416012264378613	3.4992684035554875	3.4187588950387084
1111-0001	165	3.416012264378613	3.4992684035554875	3.4187588950387084
1111-0001	166	3.416012264378613	3.4992684035554875	3.4187588950387084
1111-0001	167	3.416012264378613	3.4992684035554875	3.4187588950387084
1111-0001	168	3.416012264378613	3.4992684035554875	3.4187588950387084
1111-0001	169	3.416012264378613	3.4992684035554875	3.4187588950387084
1111-0001	170	3.416012264378613	3.4992684035554875	3.4187588950387084
1111-0001	171	3.418153344098401	3.4992684035554875	3.4187588950387084
1111-0001	172	3.418153344098401	3.4992684035554875	3.4187588950387084
1111-0001	173	3.418153344098401	3.4992684035554875	3.4187588950387084
1111-0001	174	3.418153344098401	3.4992684035554875	3.460944074947728
1111-0001	175	3.418153344098401	3.4992684035554875	3.460944074947728
1111-0001	176	3.418153344098401	3.4992684035554875	3.460944074947728
1111-0001	177	3.418153344098401	3.4992684035554875	3.460944074947728
1111-0001	178	3.418153344098401	3.4992684035554875	3.460944074947728
1111-0001	179	3.418153344098401	3.4992684035554875	3.460944074947728
1111-0001	180	3.418153344098401	3.4992684035554875	3.460944074947728
1111-0001	181	3.4351096646112214	3.4992684035554875	3.460944074947728
1111-0001	182	3.4351096646112214	3.4992684035554875	3.460944074947728
1111-0001	183	3.4351096646112214	3.4992684035554875	3.460944074947728
1111-0001	184	3.4351096646112214	3.4992684035554875	3.460944074947728
1111-0001	185	3.4351096646112214	3.4992684035554875	3.460944074947728
1111-0001	186	3.4351096646112214	3.4992684035554875	3.460944074947728
1111-0001	187	3.4351096646112214	3.5689316869990915	3.460944074947728
1111-0001	188	3.4351096646112214	3.5689316869990915	3.460944074947728
1111-0001	189	3.4351096646112214	3.5689316869990915	3.460944074947728
1111-0001	190	3.4351096646112214	3.5689316869990915	3.460944074947728
1111-0001	191	3.4351096646112214	3.5689316869990915	3.460944074947728
1111-0001	192	3.4351096646112214	3.5689316869990915	3.460944074947728
1111-0001	193	3.4351096646112214	3.5689316869990915	3.460944074947728
1111-0001	194	3.4351096646112214	3.5689316869990915	3.460944074947728
1111-0001	195	3.4351096646112214	3.5689316869990915	3.460944074947728
1111-0001	196	3.4351096646112214	3.5689316869990915	3.460944074947728
1111-0001	197	3.4351096646112214	3.5689316869990915	3.460944074947728
1111-0001	198	3.4351096646112214	3.5689316869990915	3.460944074947728
1111-0001	199	3.4351096646112214	3.5689316869990915	3.460944074947728
1111-0001	200	3.4351096646112214	3.5689316869990915	3.460944074947728
1111-0001	201	3.460944074947728	3.5689316869990915	3.4884601607648005
1111-0001	202	3.460944074947728	3.5689316869990915	3.4884601607648005
1111-0001	203	3.460944074947728	3.5689316869990915	3.4884601607648005
1111-0001	204	3.460944074947728	3.5689316869990915	3.4884601607648005
1111-0001	205	3.460944074947728	3.5689316869990915	3.4884601607648005
1111-0001	206	3.460944074947728	3.5689316869990915	3.4884601607648005
1111-0001	207	3.460944074947728	3.5689316869990915	3.4884601607648005
1111-0001	208	3.460944074947728	3.5689316869990915	3.4884601607648005
