shape	iterations	best_vx_q1	best_vx_q3	best_vx_median
111111111-111111111-001010101	0	0.0142324292494211	0.0187547047651236	0.0155350721019126
111111111-111111111-001010101	1	0.0679091855268156	0.2469016074968288	0.1019805737623681
111111111-111111111-001010101	2	0.1019805737623681	0.3530728100069545	0.2469016074968288
111111111-111111111-001010101	3	0.1019805737623681	0.3530728100069545	0.2469016074968288
111111111-111111111-001010101	4	0.1019805737623681	0.3530728100069545	0.2469016074968288
111111111-111111111-001010101	5	0.2469016074968288	0.4248099880316158	0.3448257797166811
111111111-111111111-001010101	6	0.4248099880316158	0.5504945978811983	0.434735312825731
111111111-111111111-001010101	7	0.515970929734723	0.6829386878040999	0.6739792885011293
111111111-111111111-001010101	8	0.5429784032011894	0.781448526884893	0.6739792885011293
111111111-111111111-001010101	9	0.5429784032011894	0.781448526884893	0.6739792885011293
111111111-111111111-001010101	10	0.6739792885011293	1.0025675758569474	0.8632952068415135
111111111-111111111-001010101	11	0.8121202423677822	1.0221421273286362	0.9376944023551051
111111111-111111111-001010101	12	0.9376944023551051	1.0221421273286362	0.9576415324692232
111111111-111111111-001010101	13	0.9946799014698694	1.0221421273286362	1.0018721015430234
111111111-111111111-001010101	14	0.9946799014698694	1.1988610535483937	1.114888227335434
111111111-111111111-001010101	15	1.1178592595123784	1.2335557331276883	1.1988610535483937
111111111-111111111-001010101	16	1.1178592595123784	1.26340483320158	1.2597132123210126
111111111-111111111-001010101	17	1.1935873273771638	1.286991274908839	1.2690890032426518
111111111-111111111-001010101	18	1.1935873273771638	1.2972982817118526	1.2690890032426518
111111111-111111111-001010101	19	1.2972982817118526	1.507068929132154	1.3496822285214192
111111111-111111111-001010101	20	1.3496822285214192	1.6393209279796097	1.397059499961969
111111111-111111111-001010101	21	1.397059499961969	1.7910442550240169	1.4134030988577333
111111111-111111111-001010101	22	1.4134030988577333	1.996215412367241	1.4222043939311364
111111111-111111111-001010101	23	1.4222043939311364	1.996215412367241	1.4342980612842182
111111111-111111111-001010101	24	1.4222043939311364	2.0729401723579595	1.4342980612842182
111111111-111111111-001010101	25	1.4222043939311364	2.0944521072887152	1.468429893964479
111111111-111111111-001010101	26	1.4608135352643878	2.1925375243166982	1.4966507777668856
111111111-111111111-001010101	27	1.470596538793696	2.1925375243166982	1.4966507777668856
111111111-111111111-001010101	28	1.4966507777668856	2.277392758506762	1.6218964610644802
111111111-111111111-001010101	29	1.4966507777668856	2.277392758506762	1.6218964610644802
111111111-111111111-001010101	30	1.4966507777668856	2.277392758506762	1.6218964610644802
111111111-111111111-001010101	31	1.4966507777668856	2.4325116908642617	1.6218964610644802
111111111-111111111-001010101	32	1.4966507777668856	2.4325116908642617	1.6218964610644802
111111111-111111111-001010101	33	1.4966507777668856	2.4325116908642617	1.6218964610644802
111111111-111111111-001010101	34	1.5023795246369616	2.461415599131085	1.6218964610644802
111111111-111111111-001010101	35	1.5023795246369616	2.461415599131085	1.6218964610644802
111111111-111111111-001010101	36	1.5023795246369616	2.461415599131085	1.6218964610644802
111111111-111111111-001010101	37	1.520965588661667	2.461415599131085	1.6218964610644802
111111111-111111111-001010101	38	1.520965588661667	2.461415599131085	1.6218964610644802
111111111-111111111-001010101	39	1.5430721195138863	2.461415599131085	1.639757503576472
111111111-111111111-001010101	40	1.5430721195138863	2.461415599131085	1.639757503576472
111111111-111111111-001010101	41	1.5430721195138863	2.461415599131085	1.639757503576472
111111111-111111111-001010101	42	1.6383455425291442	2.461415599131085	1.639757503576472
111111111-111111111-001010101	43	1.639757503576472	2.461415599131085	1.7600725585449135
111111111-111111111-001010101	44	1.639757503576472	2.461415599131085	1.7686537961546764
111111111-111111111-001010101	45	1.639757503576472	2.461415599131085	1.8829725454952853
111111111-111111111-001010101	46	1.639757503576472	2.461415599131085	1.8829725454952853
111111111-111111111-001010101	47	1.639757503576472	2.461415599131085	1.8829725454952853
111111111-111111111-001010101	48	1.639757503576472	2.461415599131085	1.8829725454952853
111111111-111111111-001010101	49	1.650320857881244	2.461415599131085	2.3771240519139947
111111111-111111111-001010101	50	1.650320857881244	2.461415599131085	2.3771240519139947
111111111-111111111-001010101	51	1.650320857881244	2.461415599131085	2.442128806457407
111111111-111111111-001010101	52	1.650320857881244	2.461415599131085	2.442128806457407
111111111-111111111-001010101	53	1.7150489022795736	2.485453773985798	2.442128806457407
111111111-111111111-001010101	54	1.7150489022795736	2.485453773985798	2.442128806457407
111111111-111111111-001010101	55	1.7150489022795736	2.4937530010706777	2.485453773985798
111111111-111111111-001010101	56	1.7150489022795736	2.5067594826006943	2.485453773985798
111111111-111111111-001010101	57	1.7150489022795736	2.5067594826006943	2.485453773985798
111111111-111111111-001010101	58	1.7150489022795736	2.510007511992627	2.5067594826006943
111111111-111111111-001010101	59	1.7150489022795736	2.510007511992627	2.5067594826006943
111111111-111111111-001010101	60	1.7150489022795736	2.510007511992627	2.5067594826006943
111111111-111111111-001010101	61	1.7150489022795736	2.510007511992627	2.5067594826006943
111111111-111111111-001010101	62	1.7150489022795736	2.510007511992627	2.5067594826006943
111111111-111111111-001010101	63	1.7150489022795736	2.510007511992627	2.5067594826006943
111111111-111111111-001010101	64	1.7150489022795736	2.540435522991956	2.510007511992627
111111111-111111111-001010101	65	1.7150489022795736	2.568155855376491	2.540435522991956
111111111-111111111-001010101	66	1.7150489022795736	2.568155855376491	2.540435522991956
111111111-111111111-001010101	67	1.7150489022795736	2.568155855376491	2.540435522991956
111111111-111111111-001010101	68	1.7150489022795736	2.568155855376491	2.552694579918273
111111111-111111111-001010101	69	1.7150489022795736	2.568155855376491	2.552694579918273
111111111-111111111-001010101	70	1.7150489022795736	2.568155855376491	2.552694579918273
111111111-111111111-001010101	71	1.7150489022795736	2.568155855376491	2.552694579918273
111111111-111111111-001010101	72	1.7150489022795736	2.604915611396539	2.575573150596921
111111111-111111111-001010101	73	1.7150489022795736	2.635113169404414	2.575573150596921
111111111-111111111-001010101	74	1.7150489022795736	2.656810792235513	2.635113169404414
111111111-111111111-001010101	75	1.7150489022795736	2.656810792235513	2.635113169404414
111111111-111111111-001010101	76	1.7150489022795736	2.656810792235513	2.635113169404414
111111111-111111111-001010101	77	1.7150489022795736	2.656810792235513	2.635113169404414
111111111-111111111-001010101	78	1.7150489022795736	2.656810792235513	2.635113169404414
111111111-111111111-001010101	79	1.7150489022795736	2.656810792235513	2.635113169404414
111111111-111111111-001010101	80	1.7150489022795736	2.656810792235513	2.635113169404414
111111111-111111111-001010101	81	1.7150489022795736	2.656810792235513	2.635113169404414
111111111-111111111-001010101	82	1.7150489022795736	2.656810792235513	2.635113169404414
111111111-111111111-001010101	83	1.7150489022795736	2.656810792235513	2.635113169404414
111111111-111111111-001010101	84	1.7150489022795736	2.656810792235513	2.635113169404414
111111111-111111111-001010101	85	1.7150489022795736	2.656810792235513	2.635113169404414
111111111-111111111-001010101	86	1.7150489022795736	2.656810792235513	2.635113169404414
111111111-111111111-001010101	87	1.7150489022795736	2.656810792235513	2.635113169404414
111111111-111111111-001010101	88	1.7150489022795736	2.656810792235513	2.635113169404414
111111111-111111111-001010101	89	1.7150489022795736	2.656810792235513	2.635113169404414
111111111-111111111-001010101	90	1.7150489022795736	2.656810792235513	2.635113169404414
111111111-111111111-001010101	91	1.7150489022795736	2.656810792235513	2.644454353981012
111111111-111111111-001010101	92	1.7150489022795736	2.656810792235513	2.644454353981012
111111111-111111111-001010101	93	1.7150489022795736	2.664307077373525	2.656810792235513
111111111-111111111-001010101	94	1.7150489022795736	2.664307077373525	2.656810792235513
111111111-111111111-001010101	95	1.7150489022795736	2.664307077373525	2.656810792235513
111111111-111111111-001010101	96	1.7150489022795736	2.664307077373525	2.656810792235513
111111111-111111111-001010101	97	1.7150489022795736	2.664307077373525	2.656810792235513
111111111-111111111-001010101	98	1.7150489022795736	2.664307077373525	2.656810792235513
111111111-111111111-001010101	99	1.7150489022795736	2.664307077373525	2.656810792235513
111111111-111111111-001010101	100	1.7150489022795736	2.664307077373525	2.656810792235513
111111111-111111111-001010101	101	1.7150489022795736	2.664307077373525	2.656810792235513
111111111-111111111-001010101	102	1.7150489022795736	2.664307077373525	2.656810792235513
111111111-111111111-001010101	103	1.7150489022795736	2.664307077373525	2.656810792235513
111111111-111111111-001010101	104	1.7150489022795736	2.664307077373525	2.656810792235513
111111111-111111111-001010101	105	1.7150489022795736	2.664307077373525	2.656810792235513
111111111-111111111-001010101	106	1.7150489022795736	2.664307077373525	2.656810792235513
111111111-111111111-001010101	107	1.7150489022795736	2.664307077373525	2.656810792235513
111111111-111111111-001010101	108	1.724495635521979	2.664307077373525	2.656810792235513
111111111-111111111-001010101	109	1.724495635521979	2.6680509502681318	2.664307077373525
111111111-111111111-001010101	110	1.724495635521979	2.6680509502681318	2.664307077373525
111111111-111111111-001010101	111	1.724495635521979	2.6680509502681318	2.664307077373525
111111111-111111111-001010101	112	1.724495635521979	2.6680509502681318	2.664307077373525
111111111-111111111-001010101	113	1.724495635521979	2.6680509502681318	2.664307077373525
111111111-111111111-001010101	114	1.724495635521979	2.7103059821051976	2.664307077373525
111111111-111111111-001010101	115	1.724495635521979	2.7103059821051976	2.664307077373525
111111111-111111111-001010101	116	1.724495635521979	2.7103059821051976	2.664307077373525
111111111-111111111-001010101	117	1.724495635521979	2.7103059821051976	2.664307077373525
111111111-111111111-001010101	118	1.724495635521979	2.7103059821051976	2.664307077373525
111111111-111111111-001010101	119	1.724495635521979	2.7103059821051976	2.664307077373525
111111111-111111111-001010101	120	1.724495635521979	2.7103059821051976	2.664307077373525
111111111-111111111-001010101	121	1.724495635521979	2.7103059821051976	2.664307077373525
111111111-111111111-001010101	122	1.724495635521979	2.7103059821051976	2.664307077373525
111111111-111111111-001010101	123	1.724495635521979	2.7103059821051976	2.664307077373525
111111111-111111111-001010101	124	1.724495635521979	2.7103059821051976	2.6671795266536087
111111111-111111111-001010101	125	1.724495635521979	2.7103059821051976	2.6671795266536087
111111111-111111111-001010101	126	1.724495635521979	2.7103059821051976	2.6671795266536087
111111111-111111111-001010101	127	1.724495635521979	2.7103059821051976	2.6671795266536087
111111111-111111111-001010101	128	1.724495635521979	2.7103059821051976	2.6671795266536087
111111111-111111111-001010101	129	1.724495635521979	2.7103059821051976	2.6671795266536087
111111111-111111111-001010101	130	1.724495635521979	2.7103059821051976	2.6671795266536087
111111111-111111111-001010101	131	1.724495635521979	2.7103059821051976	2.6671795266536087
111111111-111111111-001010101	132	1.724495635521979	2.7103059821051976	2.6671795266536087
111111111-111111111-001010101	133	1.724495635521979	2.7103059821051976	2.6671795266536087
111111111-111111111-001010101	134	1.724495635521979	2.7103059821051976	2.6671795266536087
111111111-111111111-001010101	135	1.724495635521979	2.7103059821051976	2.6671795266536087
111111111-111111111-001010101	136	1.724495635521979	2.7103059821051976	2.6671795266536087
111111111-111111111-001010101	137	1.724495635521979	2.7103059821051976	2.6671795266536087
111111111-111111111-001010101	138	1.724495635521979	2.7103059821051976	2.6671795266536087
111111111-111111111-001010101	139	1.724495635521979	2.7307505686038303	2.6671795266536087
111111111-111111111-001010101	140	1.724495635521979	2.7307505686038303	2.6671795266536087
111111111-111111111-001010101	141	1.724495635521979	2.7307505686038303	2.6671795266536087
111111111-111111111-001010101	142	1.724495635521979	2.7307505686038303	2.6671795266536087
111111111-111111111-001010101	143	1.724495635521979	2.7307505686038303	2.6671795266536087
111111111-111111111-001010101	144	1.724495635521979	2.7307505686038303	2.6671795266536087
111111111-111111111-001010101	145	1.724495635521979	2.7307505686038303	2.6671795266536087
111111111-111111111-001010101	146	1.724495635521979	2.7307505686038303	2.6671795266536087
111111111-111111111-001010101	147	1.724495635521979	2.7307505686038303	2.6671795266536087
111111111-111111111-001010101	148	1.724495635521979	2.7307505686038303	2.6671795266536087
111111111-111111111-001010101	149	1.8541557701826183	2.7307505686038303	2.6671795266536087
111111111-111111111-001010101	150	1.8541557701826183	2.7307505686038303	2.6671795266536087
111111111-111111111-001010101	151	1.8541557701826183	2.7307505686038303	2.6671795266536087
111111111-111111111-001010101	152	1.8541557701826183	2.7307505686038303	2.6671795266536087
111111111-111111111-001010101	153	1.8541557701826183	2.7307505686038303	2.6671795266536087
111111111-111111111-001010101	154	1.8541557701826183	2.7307505686038303	2.6671795266536087
111111111-111111111-001010101	155	1.8541557701826183	2.7307505686038303	2.6671795266536087
111111111-111111111-001010101	156	1.8541557701826183	2.7307505686038303	2.675422300511987
111111111-111111111-001010101	157	1.8541557701826183	2.7307505686038303	2.675422300511987
111111111-111111111-001010101	158	1.8541557701826183	2.7307505686038303	2.675422300511987
111111111-111111111-001010101	159	1.8541557701826183	2.7307505686038303	2.675422300511987
111111111-111111111-001010101	160	1.8541557701826183	2.7307505686038303	2.675422300511987
111111111-111111111-001010101	161	1.8541557701826183	2.7307505686038303	2.675422300511987
111111111-111111111-001010101	162	1.8541557701826183	2.7307505686038303	2.675422300511987
111111111-111111111-001010101	163	1.8541557701826183	2.7307505686038303	2.675422300511987
111111111-111111111-001010101	164	1.8541557701826183	2.7307505686038303	2.675422300511987
111111111-111111111-001010101	165	1.8541557701826183	2.7307505686038303	2.675422300511987
111111111-111111111-001010101	166	1.8541557701826183	2.7307505686038303	2.675422300511987
111111111-111111111-001010101	167	1.8541557701826183	2.7307505686038303	2.675422300511987
111111111-111111111-001010101	168	1.8541557701826183	2.7307505686038303	2.675422300511987
111111111-111111111-001010101	169	1.8541557701826183	2.7307505686038303	2.675422300511987
111111111-111111111-001010101	170	1.8541557701826183	2.7307505686038303	2.675422300511987
111111111-111111111-001010101	171	1.8541557701826183	2.7307505686038303	2.675422300511987
111111111-111111111-001010101	172	1.8541557701826183	2.7307505686038303	2.675422300511987
111111111-111111111-001010101	173	1.8541557701826183	2.7307505686038303	2.675422300511987
111111111-111111111-001010101	174	1.8541557701826183	2.7307505686038303	2.675422300511987
111111111-111111111-001010101	175	1.8541557701826183	2.7688120081735312	2.675422300511987
111111111-111111111-001010101	176	1.8541557701826183	2.7688120081735312	2.675422300511987
111111111-111111111-001010101	177	1.8541557701826183	2.7688120081735312	2.675422300511987
111111111-111111111-001010101	178	1.8541557701826183	2.7688120081735312	2.675422300511987
111111111-111111111-001010101	179	1.8541557701826183	2.7688120081735312	2.675422300511987
111111111-111111111-001010101	180	1.8541557701826183	2.7688120081735312	2.675422300511987
111111111-111111111-001010101	181	1.8541557701826183	2.7688120081735312	2.675422300511987
111111111-111111111-001010101	182	1.8541557701826183	2.7688120081735312	2.675422300511987
111111111-111111111-001010101	183	1.8541557701826183	2.7688120081735312	2.675422300511987
111111111-111111111-001010101	184	1.8541557701826183	2.7688120081735312	2.675422300511987
111111111-111111111-001010101	185	1.8541557701826183	2.7688120081735312	2.675422300511987
111111111-111111111-001010101	186	1.8541557701826183	2.7688120081735312	2.675422300511987
111111111-111111111-001010101	187	1.8541557701826183	2.7688120081735312	2.675422300511987
111111111-111111111-001010101	188	1.8541557701826183	2.7688120081735312	2.675422300511987
111111111-111111111-001010101	189	1.8541557701826183	2.7688120081735312	2.675422300511987
111111111-111111111-001010101	190	1.8541557701826183	2.7688120081735312	2.675422300511987
111111111-111111111-001010101	191	1.8541557701826183	2.7688120081735312	2.675422300511987
111111111-111111111-001010101	192	1.8541557701826183	2.7688120081735312	2.675422300511987
111111111-111111111-001010101	193	1.8541557701826183	2.7688120081735312	2.675422300511987
111111111-111111111-001010101	194	1.8541557701826183	2.7688120081735312	2.675422300511987
111111111-111111111-001010101	195	1.8541557701826183	2.768833027812713	2.675422300511987
111111111-111111111-001010101	196	1.8541557701826183	2.768833027812713	2.675422300511987
111111111-111111111-001010101	197	1.8541557701826183	2.768833027812713	2.675422300511987
111111111-111111111-001010101	198	1.8541557701826183	2.768833027812713	2.675422300511987
111111111-111111111-001010101	199	1.8584509751312976	2.768833027812713	2.675422300511987
111111111-111111111-001010101	200	1.8584509751312976	2.768833027812713	2.675422300511987
111111111-111111111-001010101	201	1.8584509751312976	2.768833027812713	2.675422300511987
111111111-111111111-001010101	202	1.8584509751312976	2.768833027812713	2.675422300511987
111111111-111111111-001010101	203	1.8584509751312976	2.768833027812713	2.675422300511987
111111111-111111111-001010101	204	1.8584509751312976	2.768833027812713	2.675422300511987
111111111-111111111-001010101	205	1.8584509751312976	2.768833027812713	2.675422300511987
111111111-111111111-001010101	206	1.8584509751312976	2.768833027812713	2.675422300511987
111111111-111111111-001010101	207	1.8584509751312976	2.768833027812713	2.675422300511987
111111111-111111111-001010101	208	1.8584509751312976	2.768833027812713	2.675422300511987
