shape	iterations	best_vx_q1	best_vx_q3	best_vx_median
1111111-1010001	0	0.0148385755894114	0.014993221099792	0.0148714176884928
1111111-1010001	1	0.0159813955780142	0.0181925839512939	0.0160822924226621
1111111-1010001	2	0.0189624484908637	0.0272802757483461	0.0201876537503554
1111111-1010001	3	0.0189624484908637	0.0272802757483461	0.0201876537503554
1111111-1010001	4	0.0189624484908637	0.0272802757483461	0.0201876537503554
1111111-1010001	5	0.0224333123418655	0.071554741465847	0.0272802757483461
1111111-1010001	6	0.0245415598181468	0.071554741465847	0.0468746689491497
1111111-1010001	7	0.024962022163817	0.071554741465847	0.0468746689491497
1111111-1010001	8	0.030356181011056	0.071554741465847	0.0468746689491497
1111111-1010001	9	0.030356181011056	0.071554741465847	0.0468746689491497
1111111-1010001	10	0.0321043378805579	0.071554741465847	0.0468746689491497
1111111-1010001	11	0.0468746689491497	0.0846773679989092	0.0472017203423532
1111111-1010001	12	0.0468746689491497	0.0846773679989092	0.0472017203423532
1111111-1010001	13	0.0472017203423532	0.1113507021161789	0.0622647070850606
1111111-1010001	14	0.0472017203423532	0.1357262258952515	0.0622647070850606
1111111-1010001	15	0.0622647070850606	0.1357262258952515	0.1216115021867089
1111111-1010001	16	0.0622647070850606	0.2276778574735841	0.1216115021867089
1111111-1010001	17	0.1157553251132604	0.2445320403416295	0.1216115021867089
1111111-1010001	18	0.1216115021867089	0.2445320403416295	0.2429472411872224
1111111-1010001	19	0.2429472411872224	0.2974744250479794	0.2786300181879217
1111111-1010001	20	0.2744208440865198	0.3338702471916899	0.2974744250479794
1111111-1010001	21	0.2974744250479794	0.3376109059536568	0.3338702471916899
1111111-1010001	22	0.2974744250479794	0.3522228826729568	0.3376109059536568
1111111-1010001	23	0.3376109059536568	0.4443943377987698	0.3522228826729568
1111111-1010001	24	0.3376109059536568	0.4443943377987698	0.3626593199242559
1111111-1010001	25	0.3376109059536568	0.4443943377987698	0.4028318776157124
1111111-1010001	26	0.3376109059536568	0.4443943377987698	0.4028318776157124
1111111-1010001	27	0.351384125544977	0.4478572836367575	0.4443943377987698
1111111-1010001	28	0.4443943377987698	0.8272721056624703	0.4478572836367575
1111111-1010001	29	0.4478572836367575	0.8272721056624703	0.7160028912578917
1111111-1010001	30	0.6119904655982107	1.0595505974934996	0.7698200958170354
1111111-1010001	31	0.6119904655982107	1.0595505974934996	0.9623023306042452
1111111-1010001	32	0.6119904655982107	1.1542495465294844	0.9623023306042452
1111111-1010001	33	0.6119904655982107	1.1542495465294844	1.0326438549363737
1111111-1010001	34	0.6119904655982107	1.2310417063977543	1.0326438549363737
1111111-1010001	35	0.6119904655982107	1.2310417063977543	1.0444804712281166
1111111-1010001	36	0.6119904655982107	1.2310417063977543	1.0444804712281166
1111111-1010001	37	0.6119904655982107	1.2310417063977543	1.0444804712281166
1111111-1010001	38	0.6119904655982107	1.2310417063977543	1.0444804712281166
1111111-1010001	39	0.6119904655982107	1.2310417063977543	1.180446274178509
1111111-1010001	40	0.6243230550890831	1.2310417063977543	1.180446274178509
1111111-1010001	41	0.6579354226517762	1.2310417063977543	1.180446274178509
1111111-1010001	42	0.6579354226517762	1.2310417063977543	1.2180444068966758
1111111-1010001	43	0.7588016493969371	1.2310417063977543	1.2180444068966758
1111111-1010001	44	0.7588016493969371	1.2310417063977543	1.2180444068966758
1111111-1010001	45	0.7588016493969371	1.2310417063977543	1.2180444068966758
1111111-1010001	46	0.7588016493969371	1.2310417063977543	1.2180444068966758
1111111-1010001	47	0.7588016493969371	1.2310417063977543	1.2180444068966758
1111111-1010001	48	0.7588016493969371	1.2506264262021691	1.2225996825083358
1111111-1010001	49	0.7588016493969371	1.2970225371274762	1.2225996825083358
1111111-1010001	50	0.7588016493969371	1.2970225371274762	1.2225996825083358
1111111-1010001	51	0.7588016493969371	1.2970225371274762	1.2225996825083358
1111111-1010001	52	0.7588016493969371	1.2970225371274762	1.2225996825083358
1111111-1010001	53	0.7588016493969371	1.2970225371274762	1.2225996825083358
1111111-1010001	54	0.7588016493969371	1.3438280742141473	1.3055233242026645
1111111-1010001	55	0.7588016493969371	1.3438280742141473	1.3400465670049226
1111111-1010001	56	0.8474822475225953	1.3438280742141473	1.3400465670049226
1111111-1010001	57	0.8474822475225953	1.3438280742141473	1.3400465670049226
1111111-1010001	58	0.8474822475225953	1.344850307317058	1.3438280742141473
1111111-1010001	59	0.8474822475225953	1.3520580125484287	1.3438280742141473
1111111-1010001	60	0.8474822475225953	1.3520580125484287	1.3438280742141473
1111111-1010001	61	0.8474822475225953	1.4203012311900172	1.3438280742141473
1111111-1010001	62	0.8474822475225953	1.4203012311900172	1.3438280742141473
1111111-1010001	63	0.8474822475225953	1.4795461963962493	1.3438280742141473
1111111-1010001	64	0.8512085050508145	1.4795461963962493	1.3438280742141473
1111111-1010001	65	0.8512085050508145	1.4795461963962493	1.3438280742141473
1111111-1010001	66	0.8512085050508145	1.4795461963962493	1.3438280742141473
1111111-1010001	67	0.9374238293241972	1.4795461963962493	1.3438280742141473
1111111-1010001	68	0.9374238293241972	1.4795461963962493	1.3438280742141473
1111111-1010001	69	0.9374238293241972	1.4795461963962493	1.3438280742141473
1111111-1010001	70	0.9374238293241972	1.4806734150443894	1.3438280742141473
1111111-1010001	71	0.9374238293241972	1.4806734150443894	1.3438280742141473
1111111-1010001	72	0.9374238293241972	1.4806734150443894	1.3438280742141473
1111111-1010001	73	0.9374238293241972	1.4808097429373317	1.3438280742141473
1111111-1010001	74	0.9374238293241972	1.5456697903152363	1.3438280742141473
1111111-1010001	75	0.9374238293241972	1.5456697903152363	1.3438280742141473
1111111-1010001	76	0.9374238293241972	1.5456697903152363	1.3438280742141473
1111111-1010001	77	0.9374238293241972	1.5456697903152363	1.3438280742141473
1111111-1010001	78	0.9374238293241972	1.5456697903152363	1.3438280742141473
1111111-1010001	79	0.9374238293241972	1.5456697903152363	1.3438280742141473
1111111-1010001	80	0.9374238293241972	1.5734482063598432	1.3438280742141473
1111111-1010001	81	0.9374238293241972	1.5734482063598432	1.38959811296694
1111111-1010001	82	0.9374238293241972	1.5734482063598432	1.38959811296694
1111111-1010001	83	0.9374238293241972	1.5734482063598432	1.38959811296694
1111111-1010001	84	0.9374238293241972	1.5734482063598432	1.38959811296694
1111111-1010001	85	0.9374238293241972	1.5734482063598432	1.38959811296694
1111111-1010001	86	0.9878797807833078	1.5734482063598432	1.38959811296694
1111111-1010001	87	0.9878797807833078	1.5734482063598432	1.38959811296694
1111111-1010001	88	1.1259291945926813	1.5734482063598432	1.38959811296694
1111111-1010001	89	1.130602426352851	1.5734482063598432	1.38959811296694
1111111-1010001	90	1.130602426352851	1.5734482063598432	1.38959811296694
1111111-1010001	91	1.38959811296694	1.5734482063598432	1.4147131687505057
1111111-1010001	92	1.38959811296694	1.5734482063598432	1.4147131687505057
1111111-1010001	93	1.38959811296694	1.584752939759247	1.4147131687505057
1111111-1010001	94	1.38959811296694	1.6014711663290255	1.4147131687505057
1111111-1010001	95	1.38959811296694	1.6370765407864385	1.4147131687505057
1111111-1010001	96	1.38959811296694	1.6370765407864385	1.4147131687505057
1111111-1010001	97	1.38959811296694	1.6370765407864385	1.4147131687505057
1111111-1010001	98	1.38959811296694	1.6370765407864385	1.4147131687505057
1111111-1010001	99	1.38959811296694	1.6370765407864385	1.4467851501831763
1111111-1010001	100	1.38959811296694	1.6370765407864385	1.4467851501831763
1111111-1010001	101	1.38959811296694	1.6370765407864385	1.4467851501831763
1111111-1010001	102	1.38959811296694	1.6370765407864385	1.552008967756991
1111111-1010001	103	1.38959811296694	1.6370765407864385	1.552008967756991
1111111-1010001	104	1.38959811296694	1.6370765407864385	1.552008967756991
1111111-1010001	105	1.38959811296694	1.6370765407864385	1.552008967756991
1111111-1010001	106	1.38959811296694	1.6370765407864385	1.552008967756991
1111111-1010001	107	1.38959811296694	1.6370765407864385	1.552008967756991
1111111-1010001	108	1.38959811296694	1.6370765407864385	1.552008967756991
1111111-1010001	109	1.38959811296694	1.6370765407864385	1.5764700091740906
1111111-1010001	110	1.38959811296694	1.6370765407864385	1.6315992968214197
1111111-1010001	111	1.38959811296694	1.6370765407864385	1.6315992968214197
1111111-1010001	112	1.38959811296694	1.6370765407864385	1.6315992968214197
1111111-1010001	113	1.38959811296694	1.6370765407864385	1.6315992968214197
1111111-1010001	114	1.38959811296694	1.6370765407864385	1.6315992968214197
1111111-1010001	115	1.38959811296694	1.6370765407864385	1.6315992968214197
1111111-1010001	116	1.38959811296694	1.6370765407864385	1.6315992968214197
1111111-1010001	117	1.38959811296694	1.6370765407864385	1.6315992968214197
1111111-1010001	118	1.38959811296694	1.679704321130972	1.6315992968214197
1111111-1010001	119	1.38959811296694	1.6835291889359976	1.679704321130972
1111111-1010001	120	1.38959811296694	1.6835291889359976	1.679704321130972
1111111-1010001	121	1.38959811296694	1.6835291889359976	1.679704321130972
1111111-1010001	122	1.38959811296694	1.6835291889359976	1.679704321130972
1111111-1010001	123	1.38959811296694	1.7032757808943555	1.679704321130972
1111111-1010001	124	1.38959811296694	1.7037942261522672	1.679704321130972
1111111-1010001	125	1.38959811296694	1.720534513973054	1.679704321130972
1111111-1010001	126	1.38959811296694	1.720534513973054	1.679704321130972
1111111-1010001	127	1.38959811296694	1.720534513973054	1.679704321130972
1111111-1010001	128	1.38959811296694	1.7315156065934798	1.679704321130972
1111111-1010001	129	1.38959811296694	1.7315156065934798	1.679704321130972
1111111-1010001	130	1.38959811296694	1.7315156065934798	1.679704321130972
1111111-1010001	131	1.38959811296694	1.7315156065934798	1.679704321130972
1111111-1010001	132	1.38959811296694	1.7315156065934798	1.679704321130972
1111111-1010001	133	1.38959811296694	1.7315156065934798	1.679704321130972
1111111-1010001	134	1.38959811296694	1.7315156065934798	1.679704321130972
1111111-1010001	135	1.38959811296694	1.7315156065934798	1.679704321130972
1111111-1010001	136	1.38959811296694	1.7315156065934798	1.679704321130972
1111111-1010001	137	1.38959811296694	1.7315156065934798	1.679704321130972
1111111-1010001	138	1.38959811296694	1.7315156065934798	1.679704321130972
1111111-1010001	139	1.38959811296694	1.7315156065934798	1.679704321130972
1111111-1010001	140	1.38959811296694	1.7315156065934798	1.679704321130972
1111111-1010001	141	1.38959811296694	1.7315156065934798	1.679704321130972
1111111-1010001	142	1.38959811296694	1.7315156065934798	1.679704321130972
1111111-1010001	143	1.38959811296694	1.7315156065934798	1.679704321130972
1111111-1010001	144	1.38959811296694	1.7315156065934798	1.679704321130972
1111111-1010001	145	1.38959811296694	1.7315156065934798	1.679704321130972
1111111-1010001	146	1.38959811296694	1.7315156065934798	1.679704321130972
1111111-1010001	147	1.38959811296694	1.7315156065934798	1.7170109039538468
1111111-1010001	148	1.38959811296694	1.7315156065934798	1.7170109039538468
1111111-1010001	149	1.38959811296694	1.7315156065934798	1.7170109039538468
1111111-1010001	150	1.38959811296694	1.7315156065934798	1.7170109039538468
1111111-1010001	151	1.38959811296694	1.7315156065934798	1.7170109039538468
1111111-1010001	152	1.38959811296694	1.7315156065934798	1.7170109039538468
1111111-1010001	153	1.38959811296694	1.7315156065934798	1.7170109039538468
1111111-1010001	154	1.38959811296694	1.7315156065934798	1.7170109039538468
1111111-1010001	155	1.38959811296694	1.7315156065934798	1.7170109039538468
1111111-1010001	156	1.38959811296694	1.7315156065934798	1.7170109039538468
1111111-1010001	157	1.38959811296694	1.7315156065934798	1.7170109039538468
1111111-1010001	158	1.38959811296694	1.7315156065934798	1.7170109039538468
1111111-1010001	159	1.38959811296694	1.7315156065934798	1.7170109039538468
1111111-1010001	160	1.38959811296694	1.7315156065934798	1.7170109039538468
1111111-1010001	161	1.38959811296694	1.7315156065934798	1.7170109039538468
1111111-1010001	162	1.38959811296694	1.7315156065934798	1.7170109039538468
1111111-1010001	163	1.38959811296694	1.7315156065934798	1.7170109039538468
1111111-1010001	164	1.38959811296694	1.7315156065934798	1.7170109039538468
1111111-1010001	165	1.38959811296694	1.7315156065934798	1.7170109039538468
1111111-1010001	166	1.38959811296694	1.7315156065934798	1.7170109039538468
1111111-1010001	167	1.38959811296694	1.7315156065934798	1.7170109039538468
1111111-1010001	168	1.38959811296694	1.7315156065934798	1.7170109039538468
1111111-1010001	169	1.38959811296694	1.7315156065934798	1.7170109039538468
1111111-1010001	170	1.38959811296694	1.7315156065934798	1.7170109039538468
1111111-1010001	171	1.38959811296694	1.7315156065934798	1.7170109039538468
1111111-1010001	172	1.38959811296694	1.7315156065934798	1.7170109039538468
1111111-1010001	173	1.4417548160214726	1.7315156065934798	1.7170109039538468
1111111-1010001	174	1.4417548160214726	1.7315156065934798	1.7170109039538468
1111111-1010001	175	1.4417548160214726	1.7315156065934798	1.7170109039538468
1111111-1010001	176	1.4417548160214726	1.7315156065934798	1.7170109039538468
1111111-1010001	177	1.4417548160214726	1.7315156065934798	1.7170109039538468
1111111-1010001	178	1.4417548160214726	1.7315156065934798	1.7170109039538468
1111111-1010001	179	1.4417548160214726	1.7315156065934798	1.7170109039538468
1111111-1010001	180	1.4417548160214726	1.7315156065934798	1.7170109039538468
1111111-1010001	181	1.4417548160214726	1.7315156065934798	1.7170109039538468
1111111-1010001	182	1.4417548160214726	1.7315156065934798	1.7170109039538468
1111111-1010001	183	1.4417548160214726	1.7315156065934798	1.7170109039538468
1111111-1010001	184	1.4417548160214726	1.7315156065934798	1.7170109039538468
1111111-1010001	185	1.4417548160214726	1.7315156065934798	1.7170109039538468
1111111-1010001	186	1.4417548160214726	1.7315156065934798	1.7170109039538468
1111111-1010001	187	1.4417548160214726	1.7315156065934798	1.7170109039538468
1111111-1010001	188	1.4417548160214726	1.7315156065934798	1.7170109039538468
1111111-1010001	189	1.4417548160214726	1.7315156065934798	1.7170109039538468
1111111-1010001	190	1.4417548160214726	1.7315156065934798	1.7170109039538468
1111111-1010001	191	1.4417548160214726	1.7315156065934798	1.7170109039538468
1111111-1010001	192	1.4417548160214726	1.7840595392234244	1.7170109039538468
1111111-1010001	193	1.4417548160214726	1.7840595392234244	1.7170109039538468
1111111-1010001	194	1.4417548160214726	1.7840595392234244	1.7170109039538468
1111111-1010001	195	1.4417548160214726	1.7840595392234244	1.7170109039538468
1111111-1010001	196	1.4417548160214726	1.7840595392234244	1.7170109039538468
1111111-1010001	197	1.4417548160214726	1.7840595392234244	1.7170109039538468
1111111-1010001	198	1.4417548160214726	1.7840595392234244	1.7170109039538468
1111111-1010001	199	1.4417548160214726	1.7840595392234244	1.7170109039538468
1111111-1010001	200	1.4417548160214726	1.7840595392234244	1.7170109039538468
1111111-1010001	201	1.4417548160214726	1.7840595392234244	1.7170109039538468
1111111-1010001	202	1.4417548160214726	1.7840595392234244	1.7170109039538468
1111111-1010001	203	1.4417548160214726	1.7840595392234244	1.7170109039538468
1111111-1010001	204	1.4417548160214726	1.7840595392234244	1.7170109039538468
1111111-1010001	205	1.4417548160214726	1.7840595392234244	1.7170109039538468
1111111-1010001	206	1.4417548160214726	1.7840595392234244	1.7170109039538468
1111111-1010001	207	1.4417548160214726	1.7840595392234244	1.7170109039538468
1111111-1010001	208	1.4417548160214726	1.7840595392234244	1.7170109039538468
