shape	iterations	best_vx_q1	best_vx_q3	best_vx_median
111111-111111-110011-100011	0	0.0229347506432344	0.0723312229184398	0.0442804846745205
111111-111111-110011-100011	1	0.0715041413177132	0.8664783317124501	0.0723312229184398
111111-111111-110011-100011	2	0.0723312229184398	0.8664783317124501	0.5164094368589143
111111-111111-110011-100011	3	0.5164094368589143	0.9658097093166336	0.7146592584870951
111111-111111-110011-100011	4	0.7146592584870951	1.003630721160366	0.8822941651379291
111111-111111-110011-100011	5	1.1158516026439804	1.2741497038376834	1.157580617320811
111111-111111-110011-100011	6	1.1193824908769971	1.2741497038376834	1.2019662431917588
111111-111111-110011-100011	7	1.1193824908769971	1.4075454397530145	1.3798928935189256
111111-111111-110011-100011	8	1.1382990518959752	1.609219031316857	1.3798928935189256
111111-111111-110011-100011	9	1.2420693239126717	1.7020236887597064	1.690605554211914
111111-111111-110011-100011	10	1.3836781186981166	1.7020236887597064	1.690605554211914
111111-111111-110011-100011	11	1.3948415116743047	1.7020236887597064	1.690605554211914
111111-111111-110011-100011	12	1.5808393183004992	1.89146280197642	1.690605554211914
111111-111111-110011-100011	13	1.597511285371881	2.0141635047449222	1.690605554211914
111111-111111-110011-100011	14	1.6896539701263331	2.0141635047449222	1.690605554211914
111111-111111-110011-100011	15	1.690605554211914	2.1651623274995293	1.7603338185756237
111111-111111-110011-100011	16	1.690605554211914	2.1651623274995293	1.8201278897770845
111111-111111-110011-100011	17	1.6944147192705157	2.2109388098155645	1.8201278897770845
111111-111111-110011-100011	18	1.6944147192705157	2.293380967853806	2.0883033761415946
111111-111111-110011-100011	19	1.7665467578392444	2.3419334803810896	2.0883033761415946
111111-111111-110011-100011	20	1.830716638032773	2.372657639384057	2.0883033761415946
111111-111111-110011-100011	21	1.8810632392367967	2.372657639384057	2.235749080485566
111111-111111-110011-100011	22	1.899575632035665	2.456716200065388	2.235749080485566
111111-111111-110011-100011	23	1.9320781802297635	2.456716200065388	2.235749080485566
111111-111111-110011-100011	24	1.9320781802297635	2.5107792695563127	2.235749080485566
111111-111111-110011-100011	25	2.0355573096931403	2.5107792695563127	2.235749080485566
111111-111111-110011-100011	26	2.106606584748009	2.5107792695563127	2.235749080485566
111111-111111-110011-100011	27	2.235749080485566	2.561300095021332	2.3295704144806044
111111-111111-110011-100011	28	2.2565091123905288	2.6055211984997304	2.3295704144806044
111111-111111-110011-100011	29	2.3295704144806044	2.6055211984997304	2.4279853365250137
111111-111111-110011-100011	30	2.3295704144806044	2.645464247767374	2.453262602850337
111111-111111-110011-100011	31	2.383894762381947	2.65562620418283	2.453262602850337
111111-111111-110011-100011	32	2.453262602850337	2.7616463827250266	2.5657411210169547
111111-111111-110011-100011	33	2.4749477022373645	2.7616463827250266	2.5657411210169547
111111-111111-110011-100011	34	2.5270380654670808	2.7616463827250266	2.566152221177435
111111-111111-110011-100011	35	2.5466822714809543	2.7616463827250266	2.615906738704571
111111-111111-110011-100011	36	2.615906738704571	2.771516399338502	2.6452413103081622
111111-111111-110011-100011	37	2.618705857778788	2.8016802983803792	2.6452413103081622
111111-111111-110011-100011	38	2.6452413103081622	2.8016802983803792	2.7389614890658605
111111-111111-110011-100011	39	2.6452413103081622	2.8016802983803792	2.7389614890658605
111111-111111-110011-100011	40	2.6452413103081622	2.8016802983803792	2.759566613939579
111111-111111-110011-100011	41	2.720141872319895	2.8016802983803792	2.759566613939579
111111-111111-110011-100011	42	2.720141872319895	2.8016802983803792	2.759566613939579
111111-111111-110011-100011	43	2.720141872319895	2.8016802983803792	2.759566613939579
111111-111111-110011-100011	44	2.7374302552625043	2.8016802983803792	2.759566613939579
111111-111111-110011-100011	45	2.7374302552625043	2.8016802983803792	2.759566613939579
111111-111111-110011-100011	46	2.7414524564104137	2.8016802983803792	2.759566613939579
111111-111111-110011-100011	47	2.7414524564104137	2.8016802983803792	2.759566613939579
111111-111111-110011-100011	48	2.7414524564104137	2.8016802983803792	2.759566613939579
111111-111111-110011-100011	49	2.744548481794192	2.8016802983803792	2.759566613939579
111111-111111-110011-100011	50	2.773554761812374	2.8016802983803792	2.796241710648252
111111-111111-110011-100011	51	2.773554761812374	2.8016802983803792	2.796241710648252
111111-111111-110011-100011	52	2.796241710648252	2.859497601412306	2.8518641133727365
111111-111111-110011-100011	53	2.796241710648252	2.859497601412306	2.8518641133727365
111111-111111-110011-100011	54	2.796241710648252	2.859497601412306	2.8518641133727365
111111-111111-110011-100011	55	2.796241710648252	2.859497601412306	2.8518641133727365
111111-111111-110011-100011	56	2.796241710648252	2.859497601412306	2.8518641133727365
111111-111111-110011-100011	57	2.796241710648252	2.8721954293448166	2.8518641133727365
111111-111111-110011-100011	58	2.796241710648252	2.884982080492295	2.8518641133727365
111111-111111-110011-100011	59	2.796241710648252	2.884982080492295	2.8518641133727365
111111-111111-110011-100011	60	2.796241710648252	2.884982080492295	2.8518641133727365
111111-111111-110011-100011	61	2.8024040256893143	2.884982080492295	2.8518641133727365
111111-111111-110011-100011	62	2.8024040256893143	2.884982080492295	2.8518641133727365
111111-111111-110011-100011	63	2.8024040256893143	2.884982080492295	2.8518641133727365
111111-111111-110011-100011	64	2.8024040256893143	2.884982080492295	2.8518641133727365
111111-111111-110011-100011	65	2.8024040256893143	2.884982080492295	2.8518641133727365
111111-111111-110011-100011	66	2.8024040256893143	2.884982080492295	2.8518641133727365
111111-111111-110011-100011	67	2.8024040256893143	2.884982080492295	2.8518641133727365
111111-111111-110011-100011	68	2.867487824452268	2.9030206884167384	2.884982080492295
111111-111111-110011-100011	69	2.884982080492295	2.9362319811517765	2.9030206884167384
111111-111111-110011-100011	70	2.884982080492295	2.9362319811517765	2.9030206884167384
111111-111111-110011-100011	71	2.884982080492295	2.9362319811517765	2.9030206884167384
111111-111111-110011-100011	72	2.884982080492295	2.9362319811517765	2.9030206884167384
111111-111111-110011-100011	73	2.884982080492295	2.9362319811517765	2.9030206884167384
111111-111111-110011-100011	74	2.884982080492295	2.9362319811517765	2.9030206884167384
111111-111111-110011-100011	75	2.884982080492295	2.9362319811517765	2.9030206884167384
111111-111111-110011-100011	76	2.884982080492295	2.9362319811517765	2.9030206884167384
111111-111111-110011-100011	77	2.884982080492295	2.9362319811517765	2.9030206884167384
111111-111111-110011-100011	78	2.9030206884167384	2.9362319811517765	2.9291047532773766
111111-111111-110011-100011	79	2.9030206884167384	2.9362319811517765	2.9291047532773766
111111-111111-110011-100011	80	2.9030206884167384	2.9362319811517765	2.9291047532773766
111111-111111-110011-100011	81	2.9030206884167384	2.9362319811517765	2.9291047532773766
111111-111111-110011-100011	82	2.9291047532773766	2.9744170777554686	2.9362319811517765
111111-111111-110011-100011	83	2.9291047532773766	2.9744170777554686	2.9362319811517765
111111-111111-110011-100011	84	2.9291047532773766	2.9744170777554686	2.9362319811517765
111111-111111-110011-100011	85	2.9291047532773766	2.9744170777554686	2.9362319811517765
111111-111111-110011-100011	86	2.9291047532773766	2.9744170777554686	2.9362319811517765
111111-111111-110011-100011	87	2.9291047532773766	2.9744170777554686	2.9362319811517765
111111-111111-110011-100011	88	2.9291047532773766	2.9744170777554686	2.9362319811517765
111111-111111-110011-100011	89	2.9291047532773766	2.9744170777554686	2.9362319811517765
111111-111111-110011-100011	90	2.9291047532773766	2.9744170777554686	2.9362319811517765
111111-111111-110011-100011	91	2.9291047532773766	2.9744170777554686	2.9362319811517765
111111-111111-110011-100011	92	2.9291047532773766	2.9744170777554686	2.9362319811517765
111111-111111-110011-100011	93	2.9291047532773766	2.9744170777554686	2.9362319811517765
111111-111111-110011-100011	94	2.9291047532773766	2.9744170777554686	2.9362319811517765
111111-111111-110011-100011	95	2.9291047532773766	2.9744170777554686	2.9362319811517765
111111-111111-110011-100011	96	2.9291047532773766	2.9744170777554686	2.9362319811517765
111111-111111-110011-100011	97	2.9291047532773766	2.9907127078929068	2.9362319811517765
111111-111111-110011-100011	98	2.9291047532773766	2.9907127078929068	2.9362319811517765
111111-111111-110011-100011	99	2.9291047532773766	2.9907127078929068	2.9362319811517765
111111-111111-110011-100011	100	2.9291047532773766	2.9907127078929068	2.9362319811517765
111111-111111-110011-100011	101	2.9291047532773766	2.9907127078929068	2.9362319811517765
111111-111111-110011-100011	102	2.9291047532773766	2.9907127078929068	2.9362319811517765
111111-111111-110011-100011	103	2.9291047532773766	2.9907127078929068	2.9362319811517765
111111-111111-110011-100011	104	2.9358492726022405	2.9907127078929068	2.9362319811517765
111111-111111-110011-100011	105	2.9358492726022405	2.9907127078929068	2.9362319811517765
111111-111111-110011-100011	106	2.9358492726022405	2.9907127078929068	2.9362319811517765
111111-111111-110011-100011	107	2.9358492726022405	2.9907127078929068	2.9362319811517765
111111-111111-110011-100011	108	2.9358492726022405	2.9907127078929068	2.9362319811517765
111111-111111-110011-100011	109	2.9358492726022405	2.9907127078929068	2.9362319811517765
111111-111111-110011-100011	110	2.9358492726022405	2.9907127078929068	2.9362319811517765
111111-111111-110011-100011	111	2.9358492726022405	2.9907127078929068	2.9362319811517765
111111-111111-110011-100011	112	2.9358492726022405	2.9907127078929068	2.9362319811517765
111111-111111-110011-100011	113	2.9358492726022405	2.9907127078929068	2.9362319811517765
111111-111111-110011-100011	114	2.9358492726022405	2.9907127078929068	2.9362319811517765
111111-111111-110011-100011	115	2.9358492726022405	2.9907127078929068	2.9362319811517765
111111-111111-110011-100011	116	2.9358492726022405	2.9907127078929068	2.9362319811517765
111111-111111-110011-100011	117	2.9358492726022405	2.9907127078929068	2.9362319811517765
111111-111111-110011-100011	118	2.9358492726022405	2.9907127078929068	2.9362319811517765
111111-111111-110011-100011	119	2.9358492726022405	2.9907127078929068	2.9362319811517765
111111-111111-110011-100011	120	2.9358492726022405	2.9907127078929068	2.9362319811517765
111111-111111-110011-100011	121	2.9358492726022405	2.9907127078929068	2.9362319811517765
111111-111111-110011-100011	122	2.9358492726022405	2.9907127078929068	2.9362319811517765
111111-111111-110011-100011	123	2.9358492726022405	2.9907127078929068	2.9362319811517765
111111-111111-110011-100011	124	2.9358492726022405	2.9907127078929068	2.9362319811517765
111111-111111-110011-100011	125	2.9358492726022405	2.9907127078929068	2.9362319811517765
111111-111111-110011-100011	126	2.9358492726022405	2.9907127078929068	2.9362319811517765
111111-111111-110011-100011	127	2.9358492726022405	2.9907127078929068	2.9362319811517765
111111-111111-110011-100011	128	2.9358492726022405	2.9907127078929068	2.9362319811517765
111111-111111-110011-100011	129	2.9358492726022405	2.9929217329633264	2.9362319811517765
111111-111111-110011-100011	130	2.9358492726022405	2.9929217329633264	2.9362319811517765
111111-111111-110011-100011	131	2.9358492726022405	2.9929217329633264	2.9362319811517765
111111-111111-110011-100011	132	2.9358492726022405	2.9929217329633264	2.9362319811517765
111111-111111-110011-100011	133	2.9358492726022405	2.9929217329633264	2.9362319811517765
111111-111111-110011-100011	134	2.9358492726022405	2.9929217329633264	2.9362319811517765
111111-111111-110011-100011	135	2.9358492726022405	2.9929217329633264	2.9362319811517765
111111-111111-110011-100011	136	2.9358492726022405	2.9929217329633264	2.9362319811517765
111111-111111-110011-100011	137	2.9358492726022405	2.9929217329633264	2.9362319811517765
111111-111111-110011-100011	138	2.9358492726022405	2.9929217329633264	2.9362319811517765
111111-111111-110011-100011	139	2.9358492726022405	3.0280347574173128	2.9362319811517765
111111-111111-110011-100011	140	2.9358492726022405	3.0280347574173128	2.9362319811517765
111111-111111-110011-100011	141	2.9358492726022405	3.0280347574173128	2.9362319811517765
111111-111111-110011-100011	142	2.9362319811517765	3.033997416076603	2.985599017906483
111111-111111-110011-100011	143	2.9362319811517765	3.033997416076603	2.985599017906483
111111-111111-110011-100011	144	2.9362319811517765	3.033997416076603	2.985599017906483
111111-111111-110011-100011	145	2.9362319811517765	3.033997416076603	2.985599017906483
111111-111111-110011-100011	146	2.9362319811517765	3.033997416076603	2.985599017906483
111111-111111-110011-100011	147	2.9362319811517765	3.033997416076603	2.985599017906483
111111-111111-110011-100011	148	2.9362319811517765	3.033997416076603	2.985599017906483
111111-111111-110011-100011	149	2.9362319811517765	3.033997416076603	2.985599017906483
111111-111111-110011-100011	150	2.9362319811517765	3.033997416076603	2.985599017906483
111111-111111-110011-100011	151	2.9515013972516724	3.033997416076603	2.985599017906483
111111-111111-110011-100011	152	2.9515013972516724	3.033997416076603	2.985599017906483
111111-111111-110011-100011	153	2.9515013972516724	3.033997416076603	2.985599017906483
111111-111111-110011-100011	154	2.9515013972516724	3.033997416076603	2.985599017906483
111111-111111-110011-100011	155	2.9515013972516724	3.033997416076603	2.985599017906483
111111-111111-110011-100011	156	2.9515013972516724	3.033997416076603	2.985599017906483
111111-111111-110011-100011	157	2.9515013972516724	3.033997416076603	2.985599017906483
111111-111111-110011-100011	158	2.9515013972516724	3.033997416076603	2.985599017906483
111111-111111-110011-100011	159	2.9515013972516724	3.033997416076603	2.985599017906483
111111-111111-110011-100011	160	2.9515013972516724	3.033997416076603	2.985599017906483
111111-111111-110011-100011	161	2.9515013972516724	3.033997416076603	2.985599017906483
111111-111111-110011-100011	162	2.9515013972516724	3.033997416076603	2.985599017906483
111111-111111-110011-100011	163	2.9515013972516724	3.033997416076603	2.985599017906483
111111-111111-110011-100011	164	2.9515013972516724	3.033997416076603	2.985599017906483
111111-111111-110011-100011	165	2.9515013972516724	3.033997416076603	2.985599017906483
111111-111111-110011-100011	166	2.9515013972516724	3.033997416076603	2.985599017906483
111111-111111-110011-100011	167	2.9515013972516724	3.033997416076603	2.985599017906483
111111-111111-110011-100011	168	2.9515013972516724	3.033997416076603	2.985599017906483
111111-111111-110011-100011	169	2.9515013972516724	3.033997416076603	2.985599017906483
111111-111111-110011-100011	170	2.9515013972516724	3.033997416076603	2.985599017906483
111111-111111-110011-100011	171	2.9515013972516724	3.033997416076603	2.985599017906483
111111-111111-110011-100011	172	2.9515013972516724	3.033997416076603	2.985599017906483
111111-111111-110011-100011	173	2.9515013972516724	3.033997416076603	2.985599017906483
111111-111111-110011-100011	174	2.9515013972516724	3.033997416076603	2.985599017906483
111111-111111-110011-100011	175	2.9515013972516724	3.033997416076603	2.985599017906483
111111-111111-110011-100011	176	2.9515013972516724	3.033997416076603	2.985599017906483
111111-111111-110011-100011	177	2.9515013972516724	3.033997416076603	2.985599017906483
111111-111111-110011-100011	178	2.9515013972516724	3.033997416076603	2.985599017906483
111111-111111-110011-100011	179	2.9515013972516724	3.033997416076603	2.985599017906483
111111-111111-110011-100011	180	2.9515013972516724	3.033997416076603	2.985599017906483
111111-111111-110011-100011	181	2.9515013972516724	3.033997416076603	2.985599017906483
111111-111111-110011-100011	182	2.9515013972516724	3.033997416076603	2.985599017906483
111111-111111-110011-100011	183	2.9515013972516724	3.033997416076603	2.985599017906483
111111-111111-110011-100011	184	2.9515013972516724	3.033997416076603	2.985599017906483
111111-111111-110011-100011	185	2.9515013972516724	3.033997416076603	2.985599017906483
111111-111111-110011-100011	186	2.9515013972516724	3.033997416076603	2.985599017906483
111111-111111-110011-100011	187	2.9515013972516724	3.033997416076603	2.985599017906483
111111-111111-110011-100011	188	2.9515013972516724	3.033997416076603	2.985599017906483
111111-111111-110011-100011	189	2.9515013972516724	3.033997416076603	2.985599017906483
111111-111111-110011-100011	190	2.9515013972516724	3.033997416076603	2.985599017906483
111111-111111-110011-100011	191	2.9515013972516724	3.033997416076603	2.985599017906483
111111-111111-110011-100011	192	2.9515013972516724	3.033997416076603	2.985599017906483
111111-111111-110011-100011	193	2.9515013972516724	3.033997416076603	2.985599017906483
111111-111111-110011-100011	194	2.9515013972516724	3.033997416076603	2.985599017906483
111111-111111-110011-100011	195	2.9515013972516724	3.033997416076603	2.985599017906483
111111-111111-110011-100011	196	2.9515013972516724	3.033997416076603	2.985599017906483
111111-111111-110011-100011	197	2.9515013972516724	3.033997416076603	2.985599017906483
111111-111111-110011-100011	198	2.9515013972516724	3.033997416076603	2.985599017906483
111111-111111-110011-100011	199	2.9515013972516724	3.033997416076603	2.985599017906483
111111-111111-110011-100011	200	2.9515013972516724	3.033997416076603	2.985599017906483
111111-111111-110011-100011	201	2.9640907943991386	3.033997416076603	2.985599017906483
111111-111111-110011-100011	202	2.9640907943991386	3.033997416076603	2.985599017906483
111111-111111-110011-100011	203	2.9640907943991386	3.033997416076603	2.985599017906483
111111-111111-110011-100011	204	2.9640907943991386	3.033997416076603	2.985599017906483
111111-111111-110011-100011	205	2.9640907943991386	3.033997416076603	2.985599017906483
111111-111111-110011-100011	206	2.9640907943991386	3.033997416076603	2.985599017906483
111111-111111-110011-100011	207	2.985049386762048	3.033997416076603	2.985599017906483
111111-111111-110011-100011	208	2.985049386762048	3.033997416076603	2.985599017906483
