target_set	iteration	accuracy_q1	accuracy_q3	accuracy_median
4	0	0.0193050187081098	0.0193050187081098	0.0193050187081098
4	1	0.02557915030047295	0.03812741208821532	0.029922780580818598
4	2	0.0463320463895797	0.055501931346952846	0.0501930490136146
4	3	0.048745173029601546	0.056949807330965975	0.0511582996696233
4	4	0.0482625477015972	0.0550193050876259	0.0492277983576059
4	5	0.0482625477015972	0.055501931346952846	0.0501930490136146
4	6	0.0511583006009459	0.0670849401503801	0.05598455667495725
4	7	0.052123550325632	0.06418919004499904	0.0550193060189485
4	8	0.0463320463895797	0.0530888037756085	0.0492277983576059
4	9	0.0540540553629398	0.061293435283005224	0.056949807330965954
4	10	0.062258685939013944	0.07094594836235045	0.06853281706571576
4	11	0.0530888019129633	0.0694980695843696	0.0627413131296634
4	12	0.05501930601894853	0.0675675673410296	0.0617760606110096
4	13	0.06274131219834087	0.0733590722084045	0.06949806958436966
4	14	0.0656370669603347	0.07287644781172273	0.06853281706571576
4	15	0.06708494387567038	0.0805984530597925	0.0762548260390758
4	16	0.07046332024037832	0.0863899607211351	0.08108108118176455
4	17	0.07239382527768609	0.08397683501243586	0.07722007855772965
4	18	0.06998069584369655	0.0791505798697471	0.0762548260390758
4	19	0.06708494387567038	0.08445946127176278	0.0733590722084045
4	20	0.0733590722084045	0.08156370557844635	0.0752895772457122
4	21	0.06998069584369655	0.0999034736305475	0.07818532735109325
4	22	0.07528957352042195	0.0999034736305475	0.09073359146714205
4	23	0.07239382155239578	0.09700772352516646	0.08494208380579946
4	24	0.0752895772457122	0.09507721848785874	0.08494208380579946
4	25	0.07770270481705657	0.09700772352516646	0.0859073363244533
4	26	0.08397683314979072	0.0960424710065126	0.0945945978164672
4	27	0.0945945978164672	0.10617760755121702	0.09749034792184824
4	28	0.08252895437180996	0.1003860980272293	0.0955598466098308
4	29	0.09749034605920312	0.11486486531794068	0.1052123568952083
4	30	0.09314671903848643	0.12065637297928328	0.10907335579395289
4	31	0.0984556004405021	0.12451737187802785	0.10810810700058934
4	32	0.09990347549319259	0.12258686684072015	0.11003861203789705
4	33	0.1225868724286556	0.1370656341314315	0.1322393864393234
4	34	0.11583011411130427	0.13272201269865036	0.1283783763647079
4	35	0.12499999813735485	0.1351351290941238	0.13030888140201563
4	36	0.121621623635292	0.1336872540414333	0.12548262253403658
4	37	0.11486486531794067	0.13947876915335655	0.12548262253403658
4	38	0.12789574638009069	0.14237452298402786	0.1380308866500854
4	39	0.13561775535345072	0.15009652823209757	0.14189188927412025
4	40	0.13368726149201393	0.1491312757134437	0.13899613916873932
4	41	0.13610038161277768	0.1525096595287323	0.1525096595287323
4	42	0.1361003890633583	0.1525096595287323	0.14961390197277064
4	43	0.140926644206047	0.15395752713084215	0.14478764683008188
4	44	0.13754826039075846	0.16457528993487358	0.1515444070100784
4	45	0.15492278337478638	0.17084941640496254	0.1640926599502563
4	46	0.14189189299941057	0.18243243172764778	0.15250965207815165
4	47	0.152027029544115	0.17471042275428772	0.1621621623635292
4	48	0.15444016084074974	0.17953667417168617	0.16505791991949076
4	49	0.15781852975487703	0.1698841750621795	0.1621621549129486
4	50	0.15733590722084037	0.17374517396092415	0.16409265995025635
4	51	0.1698841750621795	0.17857143282890314	0.1747104227542877
4	52	0.16071428731083864	0.1756756752729416	0.16602316498756406
4	53	0.1737451702356338	0.19063706323504442	0.1756756752729416
4	54	0.18194980174303055	0.19594594836235044	0.1891891956329345
4	55	0.16843629255890846	0.1969112008810043	0.1776061803102493
4	56	0.1814671754837036	0.19739381968975064	0.1843629330396652
4	57	0.17857142910361287	0.20028957352042193	0.1940154433250427
4	58	0.1930501908063888	0.21138995885848993	0.20173744857311243
4	59	0.18146718665957445	0.2084942013025283	0.18822394311428065
4	60	0.19063707068562502	0.20994208380579943	0.19691120088100428
4	61	0.18436293303966517	0.21090733632445335	0.1940154433250427
4	62	0.19111969694495196	0.2007721960544586	0.19884169846773145
4	63	0.1862934418022632	0.2220077216625213	0.21525096893310547
4	64	0.19208493828773496	0.2147683426737785	0.19787645339965815
4	65	0.19594594836235044	0.22200772538781166	0.20752895623445505
4	66	0.19691119715571404	0.21525096893310544	0.21138995885848993
4	67	0.20511582866311068	0.2331081144511699	0.22104247659444806
4	68	0.20559845492243764	0.23407335579395294	0.2171814665198326
4	69	0.20318532362580297	0.23503860831260678	0.21525096148252482
4	70	0.1973938271403312	0.2398648671805858	0.21235521137714386
4	71	0.20366795361042017	0.21573359519243238	0.2133204638957977
4	72	0.21476834267377853	0.24951736629009247	0.2297297343611717
4	73	0.20511583238840103	0.224420852959156	0.2104247063398361
4	74	0.21669884398579592	0.2471042387187481	0.2268339768052101
4	75	0.20656370744109154	0.2403474934399128	0.2239382192492485
4	76	0.20511582866311068	0.2471042387187481	0.22104246914386744
4	77	0.21090733259916303	0.24710424616932866	0.22104247659444806
4	78	0.23310810700058932	0.24855212122201917	0.2422779947519302
4	79	0.23310810700058932	0.25820463150739664	0.24613899737596512
4	80	0.22683398053050038	0.26158301532268524	0.23745173960924146
4	81	0.22972972691059113	0.2577220052480697	0.24613899737596512
4	82	0.24999999627470967	0.2683397829532623	0.25675675272941584
4	83	0.23310810700058932	0.2673745304346084	0.2509652450680733
4	84	0.24034748971462247	0.2572393789887428	0.24710424989461893
4	85	0.24903474375605583	0.2977799326181411	0.26061776280403137
4	86	0.25193049013614655	0.2799227833747864	0.2664092779159546
4	87	0.24806949123740196	0.2944015488028526	0.26254826784133906
4	88	0.22828185558319092	0.2929536625742912	0.28088803589344025
4	89	0.2364864833652973	0.2707528918981552	0.25772200524806976
4	90	0.24758687615394587	0.2813706621527672	0.26833976805210114
4	91	0.2504826337099075	0.2929536700248718	0.2731660157442093
4	92	0.25579150021076197	0.29681467264890665	0.269305020570755
4	93	0.2620656415820121	0.3069498017430305	0.27509652078151703
4	94	0.2707528844475746	0.3112934380769729	0.28861004114150995
4	95	0.27268338948488235	0.33301157504320145	0.28861004114151
4	96	0.2577220052480697	0.3098455592989921	0.28667953610420227
4	97	0.2615830078721046	0.3223938122391701	0.28667953610420227
4	98	0.2722007632255554	0.34266408532857895	0.28861004114150995
4	99	0.2857142984867096	0.322876438498497	0.2982625514268875
4	100	0.2731660157442093	0.31949807703495026	0.2982625514268875
4	101	0.27557914704084396	0.31805019825696945	0.2992277890443802
4	102	0.29198841005563736	0.32577219605445856	0.3069498091936111
4	103	0.2890926524996757	0.3301158398389816	0.2982625514268875
4	104	0.2813706621527672	0.33397684246301645	0.2895752787590027
4	105	0.29198841005563736	0.333494208753109	0.30984556674957275
4	106	0.29584942013025284	0.3238416910171509	0.3108108192682266
4	107	0.3064671829342842	0.3436293378472328	0.3281853199005127
4	108	0.3083976730704307	0.3339768424630165	0.31370656192302704
4	109	0.2929536551237106	0.36245173215866083	0.32722008228301996
4	110	0.3223938345909118	0.342181459069252	0.32915057241916656
4	111	0.3252895623445511	0.3750000074505806	0.3561776131391525
4	112	0.3026061803102493	0.3638996109366417	0.33011582493782043
4	113	0.33638995885849	0.3663127422332763	0.3532818555831909
4	114	0.3161196932196617	0.3682432472705841	0.33783783018589014
4	115	0.3194980695843696	0.3745173811912536	0.3600386083126068
4	116	0.3252895846962928	0.36872587352991104	0.3445945978164673
4	117	0.34604246169328684	0.3841698765754699	0.37451738119125366
4	118	0.340250976383686	0.37934362143278116	0.3600386083126068
4	119	0.3426641002297401	0.39237452298402786	0.34845559298992157
4	120	0.3412162214517593	0.380791500210762	0.3561776131391525
4	121	0.345077209174633	0.37548263370990753	0.36196911334991455
4	122	0.359555996954441	0.38175674527883524	0.36583010852336884
4	123	0.3373552188277244	0.37789576500654215	0.3532818406820297
4	124	0.3354247137904167	0.4010617882013321	0.34555983543395996
4	125	0.35376448184251785	0.4044401571154594	0.37451738119125366
4	126	0.35907336324453354	0.4015443921089172	0.3851351290941238
4	127	0.3778957575559616	0.39913126826286316	0.3861003816127777
4	128	0.3383204638957977	0.388030894100666	0.35907335579395294
4	129	0.359555996954441	0.39720076322555536	0.36583010852336884
4	130	0.3696911185979843	0.42422779649496073	0.3996139019727707
4	131	0.3692084923386573	0.4140926524996757	0.390926644206047
4	132	0.38754826039075846	0.40926641970872873	0.3976834118366241
4	133	0.38851351290941233	0.41216216981410975	0.4015443921089172
4	134	0.3532818481326103	0.4184362888336181	0.39092664420604706
4	135	0.37306948751211166	0.4348455518484115	0.4189189225435257
4	136	0.3595559895038605	0.4285714328289032	0.40250965952873224
4	137	0.36824323982000345	0.4319497942924499	0.4121621698141098
4	138	0.3861003816127777	0.4507722109556198	0.42084941267967224
4	139	0.41505791991949076	0.43967180699110026	0.4343629330396652
4	140	0.3774131312966347	0.44015444070100784	0.4092664122581482
4	141	0.40106178820133204	0.45945946127176285	0.4430501908063888
4	142	0.4044401496648788	0.4609073400497436	0.4218146651983261
4	143	0.38803088665008545	0.44980695843696594	0.4083011597394943
4	144	0.3957528993487358	0.47779922187328333	0.4488417059183121
4	145	0.41119690984487534	0.4806949868798256	0.44015443325042725
4	146	0.40974903851747513	0.43581080436706543	0.4247104227542877
4	147	0.4179536551237106	0.47055983543395996	0.4324324280023575
4	148	0.40974903851747513	0.4391891807317733	0.41795365512371063
4	149	0.4324324429035187	0.45511582493782043	0.4343629330396652
4	150	0.4049227759242057	0.4358108043670654	0.4218146651983261
4	151	0.4406370595097541	0.4715250879526138	0.44980695843696594
4	152	0.4280888065695762	0.47683397680521006	0.4449806958436966
4	153	0.43484556674957275	0.45511582493782043	0.44498069584369654
4	154	0.4227799177169799	0.4638030901551246	0.4411197006702423
4	155	0.44305018335580826	0.4763513430953026	0.4700772166252136
4	156	0.43967180699110026	0.4860038682818413	0.4681467115879059
4	157	0.4464285746216774	0.4792471006512642	0.4546332061290741
4	158	0.44449806958436966	0.4961389899253845	0.4710424691438675
4	159	0.45415058732032776	0.49034748226404185	0.47104246914386744
4	160	0.44498068839311594	0.49083010852336884	0.4633204638957977
4	161	0.4681467264890671	0.49806949496269226	0.4749034643173218
4	162	0.45656369626522064	0.5072393789887428	0.4700772166252136
4	163	0.4686293452978134	0.5062741339206696	0.48938223719596863
4	164	0.46138995885848993	0.501447856426239	0.48359073698520655
4	165	0.4840733632445335	0.5062741339206696	0.4971042424440384
4	166	0.460907332599163	0.511583000421524	0.4816602319478988
4	167	0.471525102853775	0.508687250316143	0.4845559746026993
4	168	0.47731659561395645	0.5246139019727707	0.49324324727058405
4	169	0.4975868687033653	0.5342664122581482	0.5212355256080627
4	170	0.48745173215866083	0.5250965356826782	0.5067567527294159
4	171	0.47972972691059107	0.5222007483243942	0.5048262625932693
4	172	0.4893822446465492	0.5304054021835327	0.5019304901361465
4	173	0.48359073698520655	0.533783808350563	0.5019305050373077
4	174	0.4869691133499145	0.5371621698141098	0.5241312682628632
4	175	0.48214285075664515	0.507722020149231	0.49903474748134613
4	176	0.4956563636660576	0.5405405610799789	0.5096524953842163
4	177	0.48696912080049515	0.5328185558319092	0.5135135054588318
4	178	0.47055984288454056	0.5357143133878708	0.5028957426548004
4	179	0.5077219903469086	0.5395752787590027	0.5202702879905701
4	180	0.49806949496269226	0.52944016456604	0.5135135054588318
4	181	0.4753860980272293	0.5526061803102493	0.5376448035240173
4	182	0.48648647964000696	0.559362918138504	0.5202702879905701
4	183	0.5053088665008545	0.5641891807317734	0.5231660306453705
4	184	0.511583000421524	0.546332061290741	0.5318532586097717
4	185	0.48696912080049515	0.5444015264511108	0.511583000421524
4	186	0.522683396935463	0.5825289636850357	0.5318532884120941
4	187	0.5173745304346085	0.5487451702356339	0.527027040719986
4	188	0.5111003816127777	0.5405405461788177	0.5289575159549713
4	189	0.5381274372339249	0.5714285671710968	0.5501930415630341
4	190	0.5236486494541168	0.5545366853475571	0.537644773721695
4	191	0.5342664271593094	0.5719112008810043	0.5501930713653564
4	192	0.5501930415630341	0.5738416761159897	0.5666023194789886
4	193	0.5516409128904343	0.5791505873203278	0.5666023194789886
4	194	0.5439189225435257	0.5752895474433899	0.5675675868988037
4	195	0.5154440104961395	0.5921814441680908	0.5482625663280487
4	196	0.5217181593179703	0.5974903404712677	0.5540540516376495
4	197	0.53861004114151	0.5878378599882126	0.5627413392066956
4	198	0.5641891956329346	0.5926640927791595	0.5849420726299286
4	199	0.5501930564641953	0.6018339693546295	0.576254814863205
4	200	0.5637065768241882	0.5941119641065598	0.5801158249378204
4	201	0.5569498091936111	0.6032818704843521	0.5839768350124359
4	202	0.5796332061290741	0.6047297418117523	0.5945945680141449
4	203	0.5458494275808334	0.6114864647388458	0.5849420726299286
4	204	0.5497104376554489	0.6119691133499146	0.5907335877418518
4	205	0.5912162363529205	0.6134169697761536	0.6052123606204987
4	206	0.5883204489946365	0.6138996183872223	0.6061775982379913
4	207	0.5883204489946365	0.6187258809804916	0.5984556078910828
4	208	0.5844594538211823	0.6278957277536392	0.5907335877418518
4	209	0.5791505575180054	0.6230694949626923	0.6110038757324219
4	210	0.5825289338827133	0.6404440104961395	0.6100386083126068
4	211	0.5781853049993515	0.619208499789238	0.6061776280403137
4	212	0.5781853348016739	0.6240347623825073	0.5936293601989746
4	213	0.5574324280023575	0.6138995885848999	0.604247123003006
4	214	0.5859073251485825	0.6293436288833618	0.6003861129283905
4	215	0.5825289636850357	0.6269305050373077	0.6023166179656982
4	216	0.5926640927791595	0.632722020149231	0.6090733706951141
4	217	0.5931466966867447	0.6491312831640244	0.6254826486110687
4	218	0.5965250879526138	0.625	0.6216216087341309
4	219	0.604247123003006	0.6332046240568161	0.6225868761539459
4	220	0.6153474897146225	0.6578185260295868	0.6332046389579773
4	221	0.5728764683008194	0.645752876996994	0.6032818555831909
4	222	0.614382266998291	0.6404440253973007	0.63416987657547
4	223	0.6129343807697296	0.6418918818235397	0.6254826188087463
4	224	0.6032818704843521	0.6428571194410324	0.6138995885848999
4	225	0.6042470932006836	0.6833976954221725	0.6225868761539459
4	226	0.6052123457193375	0.645752876996994	0.6245173513889313
4	227	0.6047297269105911	0.6317567676305771	0.61583012342453
4	228	0.604247123003006	0.6409266591072083	0.6187258660793304
4	229	0.6032818555831909	0.6481660306453705	0.6254826188087463
4	230	0.5834942162036896	0.6481660306453705	0.623552143573761
4	231	0.6037644892930984	0.6824324280023575	0.6380308866500854
4	232	0.5941119939088821	0.6964285522699356	0.6283783912658691
4	233	0.6138996183872223	0.6940154433250427	0.6457529067993164
4	234	0.6254826337099075	0.6819498240947723	0.65444016456604
4	235	0.6153474748134613	0.7070463299751282	0.65444016456604
4	236	0.636583000421524	0.6916023045778275	0.6486486494541168
4	237	0.6076254695653915	0.67277991771698	0.6496138870716095
4	238	0.6327219903469086	0.6534749120473862	0.6447876393795013
4	239	0.632239356637001	0.6703668087720871	0.6418918967247009
4	240	0.619208499789238	0.6780887991189957	0.6418918967247009
4	241	0.6375482678413391	0.6737451553344727	0.6592664122581482
4	242	0.6370656192302704	0.6747104376554489	0.6640926897525787
4	243	0.6558880358934402	0.6795367002487183	0.6650579273700714
4	244	0.6288610249757767	0.690154418349266	0.6563706696033478
4	245	0.630791500210762	0.6698841750621796	0.65444016456604
4	246	0.6380309015512466	0.6771235466003418	0.6640926897525787
4	247	0.6510617733001709	0.6911197155714035	0.6592664122581482
4	248	0.6573359221220016	0.6954633295536041	0.6833976805210114
4	249	0.6568532586097717	0.7113899439573288	0.692084938287735
4	250	0.6684362888336182	0.6944980770349503	0.6805019378662109
4	251	0.6452702879905701	0.6954633295536041	0.6669884324073792
4	252	0.6520270258188248	0.7142857313156128	0.6969112157821655
4	253	0.6761583089828491	0.692084938287735	0.6785714328289032
4	254	0.6684363186359406	0.7176640778779984	0.6814671754837036
4	255	0.6626448035240173	0.7234556078910828	0.6795366704463959
4	256	0.6756756752729416	0.70222008228302	0.6901544332504272
4	257	0.6819498240947723	0.7162162065505981	0.7007721960544586
4	258	0.6607142835855484	0.7195945978164673	0.6785714328289032
4	259	0.6920849531888962	0.7442085146903992	0.7075289487838745
4	260	0.6718146800994873	0.7051158398389816	0.6824324429035187
4	261	0.6684363186359406	0.7355212420225143	0.6776061654090881
4	262	0.6800192892551422	0.7268339842557907	0.7007721960544586
4	263	0.6747104078531265	0.7282818704843521	0.6959459483623505
4	264	0.6969111859798431	0.7258687317371368	0.7123551964759827
4	265	0.6973938345909119	0.754826232790947	0.700772225856781
4	266	0.6916023045778275	0.7490347623825073	0.7210424542427063
4	267	0.6819498240947723	0.7234556078910828	0.7046332061290741
4	268	0.6853281855583191	0.7229729741811752	0.7065637111663818
4	269	0.6954633295536041	0.7200772166252136	0.7065636813640594
4	270	0.6747104227542877	0.7393822222948074	0.7171814739704132
4	271	0.6761582940816879	0.7253861129283905	0.7027027010917664
4	272	0.6833976805210114	0.7220077216625214	0.7017374336719513
4	273	0.6906370520591736	0.7292470932006836	0.719111979007721
4	274	0.687741294503212	0.755791500210762	0.7258687317371368
4	275	0.7017374634742737	0.7306949943304062	0.7133204638957977
4	276	0.7031853199005127	0.7451737374067307	0.7181467115879059
4	277	0.7027027159929276	0.7446911036968231	0.7210424542427063
4	278	0.6930501759052277	0.7717181593179703	0.7355212271213531
4	279	0.7104247212409973	0.7664092630147934	0.7249034941196442
4	280	0.6973938047885895	0.7562741041183472	0.7094594538211823
4	281	0.7051158249378204	0.7442084848880768	0.7268339991569519
4	282	0.7128378450870514	0.7553088814020157	0.7316602468490601
4	283	0.7128378301858902	0.7567567378282547	0.7316602468490601
4	284	0.6998069435358047	0.7635135054588318	0.7249034643173218
4	285	0.7128378450870514	0.7620656341314316	0.7393822371959686
4	286	0.7075289636850357	0.7461389899253845	0.7200772166252136
4	287	0.7012548446655273	0.775096520781517	0.7335907518863678
4	288	0.7191119641065598	0.780888020992279	0.7364864945411682
4	289	0.7138030827045441	0.7654440104961395	0.7374517321586609
4	290	0.7094594687223434	0.7919884026050568	0.7403475046157837
4	291	0.7089768350124359	0.7461389750242233	0.738416999578476
4	292	0.7244208753108978	0.7562741488218307	0.7355212271213531
4	293	0.6969111859798431	0.7673745304346085	0.738416999578476
4	294	0.7055984288454056	0.760135143995285	0.7277992367744446
4	295	0.7282818555831909	0.7886100560426712	0.7509652376174927
4	296	0.7364865094423294	0.7852316498756409	0.7509652376174927
4	297	0.7147683352231979	0.7837837934494019	0.7490347325801849
4	298	0.7302123457193375	0.7833011746406555	0.7442084848880768
4	299	0.7350386083126068	0.7789575159549713	0.7471042275428772
4	300	0.7331080883741379	0.7813706398010254	0.7644787728786469
4	301	0.739382266998291	0.7968146800994873	0.7528957426548004
4	302	0.7258687168359756	0.7813706398010254	0.75
4	303	0.7379343509674072	0.7963320314884186	0.7596525251865387
4	304	0.7442084699869156	0.7871621698141098	0.761583000421524
4	305	0.746621623635292	0.7953667789697647	0.7596524953842163
4	306	0.7340733557939529	0.7852316647768021	0.738416999578476
4	307	0.7393822520971298	0.815637081861496	0.7577219903469086
4	308	0.7388996034860611	0.775096520781517	0.7654440104961395
4	309	0.7398648858070374	0.8132239431142807	0.7644787728786469
4	310	0.7446911036968231	0.7905405461788177	0.7577219903469086
4	311	0.7509652376174927	0.7997104078531265	0.7731660008430481
4	312	0.7422779947519302	0.8170849531888962	0.7712355256080627
4	313	0.75916987657547	0.7934362888336182	0.7702702581882477
4	314	0.7509652525186539	0.8146717995405197	0.7712355256080627
4	315	0.7432432472705841	0.8112934231758118	0.7625482678413391
4	316	0.7437258660793304	0.8185328394174576	0.7741312682628632
4	317	0.7538610249757767	0.8006756752729416	0.7741312682628632
4	318	0.7408301383256912	0.8238416761159897	0.7683397829532623
4	319	0.7712355405092239	0.8127413392066956	0.7847490310668945
4	320	0.754343643784523	0.817084938287735	0.777027040719986
4	321	0.7533783912658691	0.8175675868988037	0.7712355256080627
4	322	0.7379343658685684	0.8204633295536041	0.7635135054588318
4	323	0.7490347623825073	0.8339768201112747	0.7905405461788177
4	324	0.7403475046157837	0.8030888140201569	0.7712355256080627
4	325	0.7654439955949783	0.809845581650734	0.7779922783374786
4	326	0.7340733706951141	0.8219111859798431	0.7837837934494019
4	327	0.7635134905576706	0.8281853497028351	0.8030888140201569
4	328	0.7432432621717453	0.8141891658306122	0.787644773721695
4	329	0.744208499789238	0.82722008228302	0.787644773721695
4	330	0.7688223868608475	0.8334942162036896	0.8021235466003418
4	331	0.7630309015512466	0.8166022896766663	0.7915057837963104
4	332	0.7586872726678848	0.8199806809425354	0.7837837934494019
4	333	0.7688223719596863	0.8248069435358047	0.8021235466003418
4	334	0.764961376786232	0.8378378599882126	0.779922753572464
4	335	0.75916987657547	0.8416988402605057	0.7750965058803558
4	336	0.7639961391687393	0.8595559746026993	0.8108108043670654
4	337	0.772683396935463	0.8320463299751282	0.787644773721695
4	338	0.7678571194410324	0.8388030827045441	0.7866795361042023
4	339	0.7548262476921082	0.84555983543396	0.7857142686843872
4	340	0.7630308717489243	0.815154418349266	0.78861004114151
4	341	0.7664092481136322	0.837355226278305	0.7972972989082336
4	342	0.7562741488218307	0.8392857015132904	0.7915057837963104
4	343	0.7688224017620087	0.830598458647728	0.7972972989082336
4	344	0.7765444219112396	0.8421814888715744	0.8050192892551422
4	345	0.7842664122581482	0.847972959280014	0.8001930415630341
4	346	0.7784748822450638	0.8489382117986679	0.7944015562534332
4	347	0.7664092630147934	0.86583012342453	0.7857142984867096
4	348	0.7673745006322861	0.8474903702735901	0.8146718144416809
4	349	0.7804053872823715	0.8508687019348145	0.8059845566749573
4	350	0.7659266293048859	0.8436293601989746	0.8108108043670654
4	351	0.796332061290741	0.8619691282510757	0.8098455369472504
4	352	0.7861968874931335	0.8141891956329346	0.80694979429245
4	353	0.792953684926033	0.8552123308181763	0.8339768350124359
4	354	0.7770270258188248	0.8513513803482056	0.787644773721695
4	355	0.7847490459680557	0.8272200524806976	0.8030888140201569
4	356	0.7630308866500854	0.8421814739704132	0.7847490310668945
4	357	0.7924710661172867	0.8431467264890671	0.8001930415630341
4	358	0.7784748822450638	0.8441119641065598	0.7944015562534332
4	359	0.7910231649875641	0.821428582072258	0.7982625663280487
4	360	0.7987451702356339	0.8489382117986679	0.8050193190574646
4	361	0.8112934529781342	0.8672779947519302	0.8310810625553131
4	362	0.8006756603717804	0.8392857015132904	0.8117760717868805
4	363	0.8050193190574646	0.8711390048265457	0.8301158547401428
4	364	0.7890926748514175	0.8416988551616669	0.8059845566749573
4	365	0.7847490459680557	0.845077246427536	0.8137065768241882
4	366	0.8045366704463959	0.8585907220840454	0.8137065470218658
4	367	0.8011582791805267	0.8643822371959686	0.8137065470218658
4	368	0.7968146950006485	0.8460424691438675	0.8098455667495728
4	369	0.7953667938709259	0.8556949645280838	0.8233590722084045
4	370	0.8026061952114105	0.8610038757324219	0.8368725776672363
4	371	0.7857142686843872	0.8774131387472153	0.8281853199005127
4	372	0.8069498240947723	0.8537644892930984	0.8243243098258972
4	373	0.803571417927742	0.8561775982379913	0.8349420726299286
4	374	0.7881274223327637	0.8629343807697296	0.8214285671710968
4	375	0.8141892105340958	0.8774131238460541	0.8484556078910828
4	376	0.8030887842178345	0.8716216087341309	0.8243243098258972
4	377	0.7982625514268875	0.8653475046157837	0.8281853199005127
4	378	0.8083976656198502	0.8595559895038605	0.8320463299751282
4	379	0.82722008228302	0.8716216087341309	0.8494208753108978
4	380	0.8021235316991806	0.873552143573761	0.8407335877418518
4	381	0.8103281706571579	0.8778957575559616	0.846525102853775
4	382	0.809362918138504	0.8696911036968231	0.8426640927791595
4	383	0.8166023343801498	0.885135143995285	0.8359073400497437
4	384	0.8093629479408264	0.8769305050373077	0.854247123003006
4	385	0.8228764533996582	0.8740347474813461	0.8494208455085754
4	386	0.8243243396282196	0.8672780096530914	0.8465250730514526
4	387	0.8243243098258972	0.8682432621717453	0.8552123606204987
4	388	0.8088802993297577	0.867277979850769	0.8339768350124359
4	389	0.8030888140201569	0.8653474897146225	0.846525102853775
4	390	0.815637081861496	0.8716216087341309	0.8523165881633759
4	391	0.8122586756944656	0.8870656341314316	0.8638996183872223
4	392	0.8127413094043732	0.8778957575559616	0.8494208455085754
4	393	0.8436293303966522	0.8730695098638535	0.8542470932006836
4	394	0.8204632997512817	0.8793436139822006	0.8523165881633759
4	395	0.8185328394174576	0.8701737374067307	0.8407335877418518
4	396	0.8055019378662109	0.869208499789238	0.8426640927791595
4	397	0.8040540367364883	0.8547297120094299	0.8262548446655273
4	398	0.8272200673818588	0.8725868463516235	0.8677605986595154
4	399	0.8016409277915955	0.8701737523078918	0.8407335877418518
4	400	0.8344594538211823	0.8687258511781693	0.8561775982379913
4	401	0.8257722109556198	0.867277979850769	0.8503861129283905
4	402	0.8243243247270584	0.8875482678413391	0.8581081330776215
4	403	0.8470077365636826	0.8764478862285614	0.8571428656578064
4	404	0.83638995885849	0.8798262625932693	0.8532818555831909
4	405	0.8228764533996582	0.8523165881633759	0.8310810923576355
4	406	0.8339768052101135	0.8735521286725998	0.8648648858070374
4	407	0.8305984437465668	0.8663127422332764	0.8445945978164673
4	408	0.8146718144416809	0.8610038757324219	0.8416988253593445
4	409	0.8513513505458832	0.8798262476921082	0.8745173811912537
4	410	0.8416988551616669	0.8827220052480698	0.8610038459300995
4	411	0.8503860980272293	0.8687258958816528	0.8590733408927917
4	412	0.8325289487838745	0.8798262476921082	0.8600386083126068
4	413	0.8503860980272293	0.8774131238460541	0.8581081032752991
4	414	0.8527992218732834	0.894305020570755	0.8745173513889313
4	415	0.8416988551616669	0.8735521286725998	0.86583012342453
4	416	0.8426640778779984	0.8870656341314316	0.8629343509674072
4	417	0.8499034941196442	0.8803088963031769	0.8667953610420227
4	418	0.8474903553724289	0.8851351588964462	0.8610038757324219
4	419	0.8470077067613602	0.8918918818235397	0.8803088963031769
4	420	0.8441119492053986	0.88416987657547	0.8764478862285614
4	421	0.8474903553724289	0.8928571492433548	0.8648648858070374
4	422	0.8566602170467377	0.8952702730894089	0.88416987657547
4	423	0.8576254844665527	0.8793436139822006	0.8696911334991455
4	424	0.8532818555831909	0.8938224017620087	0.8783783912658691
4	425	0.8518339991569519	0.8846525251865387	0.8581081032752991
4	426	0.8474903553724289	0.8836872577667236	0.8677606284618378
4	427	0.8388030827045441	0.8721042275428772	0.8600386083126068
4	428	0.8383204489946365	0.8928571194410324	0.8774131238460541
4	429	0.8445945829153061	0.8972007632255554	0.8822393715381622
4	430	0.8518339693546295	0.902027040719986	0.8706563711166382
4	431	0.8547297567129135	0.9020270556211472	0.8793436288833618
4	432	0.8585907369852066	0.8889961391687393	0.8774131238460541
4	433	0.8653475046157837	0.8947876542806625	0.8870656490325928
4	434	0.8677606284618378	0.8957529067993164	0.8880308866500854
4	435	0.8658301383256912	0.8870656341314316	0.8745173513889313
4	436	0.8725868910551071	0.9131274074316025	0.8967181444168091
4	437	0.8648648709058762	0.8972007632255554	0.8899613916873932
4	438	0.875	0.902027040719986	0.8928571343421936
4	439	0.864864856004715	0.906370684504509	0.8918918669223785
4	440	0.870173767209053	0.9087837934494019	0.8967181444168091
4	441	0.8643822520971298	0.9083011448383331	0.8880308866500854
4	442	0.8803088665008545	0.9073359072208405	0.8928571343421936
4	443	0.8595559895038605	0.9005791693925858	0.8793436288833618
4	444	0.8692085146903992	0.9174710363149642	0.8976834118366241
4	445	0.8798262625932693	0.9025096744298935	0.8880308866500854
4	446	0.8687258660793304	0.9116795510053634	0.8996139168739319
4	447	0.8677606135606766	0.906370684504509	0.885135143995285
4	448	0.8788609951734543	0.9155405312776566	0.8938223719596863
4	449	0.867277979850769	0.916023164987564	0.8938223719596863
4	450	0.8764478862285614	0.907818540930748	0.9005791544914246
4	451	0.8749999850988388	0.8991312831640244	0.8889961540699005
4	452	0.8759652525186539	0.8986486345529556	0.885135143995285
4	453	0.8822393864393234	0.9111968874931335	0.9005791544914246
4	454	0.8943050056695938	0.9121621698141097	0.9015444219112396
4	455	0.8846525251865387	0.9145752787590027	0.8996138870716095
4	456	0.8783783614635468	0.9276061803102492	0.9073359072208405
4	457	0.8851351290941238	0.9165057986974716	0.9025096595287323
4	458	0.8914092481136322	0.9266409128904343	0.9025096595287323
4	459	0.8996138870716095	0.9136100262403488	0.9073359072208405
4	460	0.8803088963031769	0.9131274223327636	0.9044401347637177
4	461	0.867277979850769	0.918436288833618	0.8976834118366241
4	462	0.8788609951734543	0.9227799475193023	0.8986486494541168
4	463	0.8595559746026993	0.9116795510053634	0.8938224017620087
4	464	0.8687258809804916	0.9111969172954559	0.895752876996994
4	465	0.8947876244783401	0.9121621698141097	0.90444016456604
4	466	0.8870656490325928	0.9174710661172867	0.8938223719596863
4	467	0.8865830302238464	0.9271235316991806	0.9083011746406555
4	468	0.8629343658685684	0.915057897567749	0.9015443921089172
4	469	0.8614864647388458	0.9295366853475571	0.9102316498756409
4	470	0.8513513505458832	0.9314671605825425	0.9054054021835327
4	471	0.8701737374067307	0.9222973138093947	0.8938224017620087
4	472	0.8764478862285614	0.9208494424819946	0.9015443921089172
4	473	0.8769304752349854	0.9208494424819945	0.8947876393795013
4	474	0.8716216385364532	0.9136100262403488	0.9083011746406555
4	475	0.860038623213768	0.9309845417737962	0.9054054319858551
4	476	0.8581081032752991	0.9222973138093947	0.9121621549129486
4	477	0.8643822520971298	0.9242278188467025	0.9083011746406555
4	478	0.8585907518863678	0.916023164987564	0.9063706696033478
4	479	0.8923745155334473	0.9305019378662108	0.912162184715271
4	480	0.8778957277536392	0.9276061654090881	0.9073359072208405
4	481	0.882722020149231	0.9169884324073792	0.903474897146225
4	482	0.8976833820343018	0.906370684504509	0.9005791544914246
4	483	0.8885135054588318	0.9169884026050567	0.9044401347637177
4	484	0.8836872726678848	0.9280887842178345	0.9025096297264099
4	485	0.8759652674198151	0.9333976954221725	0.9150579273700714
4	486	0.8981660157442093	0.93194979429245	0.9073359072208405
4	487	0.8885135054588318	0.9218146651983261	0.8967181444168091
4	488	0.894305020570755	0.9213320612907409	0.9054054021835328
4	489	0.8914092481136322	0.9222972989082336	0.916023164987564
4	490	0.8769305050373077	0.9227799177169801	0.9083011746406555
4	491	0.8957529067993164	0.9247104227542877	0.9179536700248718
4	492	0.8918918669223785	0.9305019378662108	0.9102316796779633
4	493	0.9073359370231628	0.9261583089828491	0.9169884026050568
4	494	0.8832046240568161	0.9309845417737962	0.9054054021835327
4	495	0.8928571492433548	0.9285714179277421	0.9140926599502563
4	496	0.8952702730894089	0.9280888140201567	0.9102316498756409
4	497	0.8836872726678848	0.9261583089828491	0.9150579273700714
4	498	0.9054054170846939	0.9305019378662109	0.915057897567749
4	499	0.9039575457572937	0.9338802993297577	0.9189189076423644
4	500	0.8996138870716095	0.9300193041563033	0.9160231947898865
4	501	0.9131274223327636	0.9372587054967881	0.923745185136795
4	502	0.8943050056695938	0.93194979429245	0.9189189374446869
4	503	0.921332061290741	0.938223958015442	0.9324324429035187
4	504	0.902027040719986	0.93194979429245	0.9198841452598572
4	505	0.8870656341314316	0.9401544630527496	0.9140926599502563
4	506	0.9025096446275711	0.9396718144416809	0.923745185136795
4	507	0.8923745304346085	0.9444980770349503	0.9198841750621796
4	508	0.8923745155334473	0.9362934529781342	0.9237451553344727
4	509	0.9025096446275711	0.9343629479408264	0.9314671754837036
4	510	0.8957529067993164	0.9478764533996582	0.9121621549129486
4	511	0.9155405312776566	0.9362934529781342	0.9237451553344727
4	512	0.9102316647768021	0.9416023343801498	0.9324324429035188
4	513	0.917953684926033	0.9391891956329346	0.92277991771698
4	514	0.9203667938709258	0.9343629479408264	0.9276061654090881
4	515	0.9121621400117874	0.9358108043670654	0.9256756901741028
4	516	0.9145752787590027	0.9425675719976426	0.9333976805210114
4	517	0.918436273932457	0.9435328245162965	0.9372586905956268
4	518	0.9131273925304413	0.9420849382877351	0.9314671754837036
4	519	0.917953684926033	0.9295366853475571	0.923745185136795
4	520	0.898648664355278	0.9358108192682267	0.9189189374446868
4	521	0.9136100411415099	0.9411197155714035	0.9256756603717804
4	522	0.8894787579774857	0.9411197155714035	0.9333976805210114
4	523	0.90444016456604	0.9416023343801498	0.9247104227542877
4	524	0.9020270258188248	0.9391891807317734	0.9237451553344727
4	525	0.8996138870716095	0.9295366853475571	0.9169884026050568
4	526	0.8875482529401779	0.9459459334611893	0.9285714328289032
4	527	0.9140926450490952	0.9372586756944656	0.9256756901741028
4	528	0.8972007632255554	0.9502895772457122	0.9324324429035188
4	529	0.9015444070100784	0.940637081861496	0.9314671754837036
4	530	0.9049227684736252	0.9416023343801498	0.9324324131011963
4	531	0.8938224017620087	0.938706561923027	0.9237451553344727
4	532	0.9155405312776566	0.9416023194789888	0.9314671754837036
4	533	0.9073359370231628	0.9358108192682267	0.9198841750621796
4	534	0.9029922932386398	0.9425675719976426	0.934362918138504
4	535	0.9054054170846939	0.9367760717868806	0.9285714030265808
4	536	0.9247104227542877	0.9473938196897507	0.9372586905956268
4	537	0.9160231798887252	0.946428582072258	0.9420849680900574
4	538	0.8986486345529556	0.946428582072258	0.9382239282131195
4	539	0.9131273925304413	0.9454633295536041	0.9372586905956268
4	540	0.885135143995285	0.9411197155714035	0.9362934231758118
4	541	0.903474897146225	0.9488416761159897	0.9314671754837036
4	542	0.9083011746406555	0.9473938196897507	0.9372586905956268
4	543	0.9111969172954559	0.9546332210302353	0.9401544332504272
4	544	0.9169884026050568	0.9444980472326278	0.9324324131011964
4	545	0.9025096446275711	0.9416023343801498	0.929536670446396
4	546	0.9000965356826782	0.9411197155714035	0.9285714328289032
4	547	0.9097490310668946	0.9507722109556197	0.9449807107448578
4	548	0.9256756901741027	0.9502895772457122	0.9430501759052277
4	549	0.9222973138093948	0.9488416761159897	0.9362934529781342
4	550	0.9131274372339249	0.9560810774564742	0.9401544332504272
4	551	0.9140926599502563	0.9473938196897507	0.942084938287735
4	552	0.9145752936601639	0.9420849680900574	0.9382239282131195
4	553	0.9073359072208405	0.9531853348016739	0.934362918138504
4	554	0.9155405163764954	0.9473938196897507	0.9305019378662108
4	555	0.915057897567749	0.9473938196897507	0.9401544332504272
4	556	0.9276061803102493	0.947876438498497	0.9324324131011964
4	557	0.9290540367364883	0.938223958015442	0.9362934529781342
4	558	0.9242277890443802	0.9498069286346436	0.9353281855583192
4	559	0.917953684926033	0.9425675719976426	0.9324324131011963
4	560	0.9044401496648788	0.9372587054967881	0.9314671754837036
4	561	0.8962355256080627	0.9401544332504272	0.9353281855583191
4	562	0.9102316796779633	0.945945918560028	0.9411197006702424
4	563	0.9155405312776566	0.9440154284238815	0.929536670446396
4	564	0.9165057986974716	0.9469111859798431	0.9343629479408264
4	565	0.8996138870716095	0.9483590573072433	0.9285714328289032
4	566	0.9020270258188248	0.9372587054967881	0.9198841750621796
4	567	0.9131274223327636	0.9459459483623505	0.9362934231758118
4	568	0.8918918967247009	0.9444980472326278	0.9333976805210114
4	569	0.8981660306453705	0.9416023194789888	0.9285714328289032
4	570	0.8976833820343018	0.9358108043670654	0.9285714328289032
4	571	0.9140926748514174	0.9353281706571579	0.9237451553344727
4	572	0.8981660157442093	0.9401544332504272	0.92277991771698
4	573	0.905888020992279	0.9411196857690812	0.9324324131011964
4	574	0.9247104227542877	0.9440154284238815	0.9362934231758118
4	575	0.9102316498756409	0.9454632997512817	0.938223958015442
4	576	0.9309845566749573	0.9454632997512817	0.9362934529781342
4	577	0.912644773721695	0.9440154284238815	0.9353281855583191
4	578	0.8880309015512466	0.938223958015442	0.9276061654090881
4	579	0.9179536551237106	0.9507722109556197	0.9343629479408264
4	580	0.9039575159549713	0.9444980472326278	0.9305019378662109
4	581	0.9083011746406555	0.9435328245162965	0.9353281855583192
4	582	0.9358108192682266	0.9454632997512817	0.9440154433250428
4	583	0.9083011746406555	0.938706561923027	0.9314671754837036
4	584	0.9150579422712326	0.953667938709259	0.9469111859798431
4	585	0.9126448035240173	0.9531853199005127	0.9440154433250427
4	586	0.9140926897525787	0.9478764533996582	0.9459459483623505
4	587	0.900096520781517	0.9531853348016739	0.9420849680900574
4	588	0.9324324429035187	0.951254829764366	0.9459459483623505
4	589	0.9111969023942948	0.947876438498497	0.9353281855583191
4	590	0.9271235764026641	0.9507722109556197	0.942084938287735
4	591	0.9242277890443802	0.9536679685115814	0.9362934529781342
4	592	0.9329150468111039	0.9546332210302353	0.9459459483623505
4	593	0.9242278188467026	0.9560810774564742	0.9391891956329346
4	594	0.9256756901741027	0.953667938709259	0.9430501759052277
4	595	0.9367760717868805	0.9488416761159897	0.945945918560028
4	596	0.9295366853475572	0.9560810774564742	0.9469111859798431
4	597	0.9290540516376496	0.9493243098258972	0.9440154433250427
4	598	0.9271235466003419	0.9546331912279128	0.94305020570755
4	599	0.9295366555452347	0.9570463299751281	0.9507721960544586
4	600	0.9353282004594803	0.9633204638957977	0.9478764533996582
4	601	0.9387065768241883	0.9599420577287673	0.9440154433250428
4	602	0.9280887991189958	0.9604247063398361	0.9546332061290741
4	603	0.8996138870716095	0.9589768499135971	0.9478764533996582
4	604	0.8962355256080627	0.9541505873203278	0.9189189076423645
4	605	0.9387065768241883	0.9493243098258972	0.945945918560028
4	606	0.9145753085613251	0.9570463448762894	0.9449807107448578
4	607	0.9276061803102493	0.9580115973949432	0.9449806809425354
4	608	0.9155405461788176	0.9541505873203278	0.9362934529781342
4	609	0.9039575308561325	0.961872562766075	0.9391891956329346
4	610	0.9111968874931335	0.9599420875310898	0.9411196708679199
4	611	0.9338802993297578	0.9565636962652205	0.9449807107448578
4	612	0.9015443921089172	0.9488416761159897	0.9411197006702423
4	613	0.9198841750621796	0.9560810774564742	0.9382239282131195
4	614	0.9261582940816879	0.9531853199005127	0.9459459483623505
4	615	0.9145752936601639	0.9498069435358047	0.9333976805210114
4	616	0.9290540367364883	0.9594594836235046	0.9469111859798431
4	617	0.9150579273700713	0.9420849382877351	0.9285714328289032
4	618	0.92471045255661	0.9560810774564742	0.9391891658306122
4	619	0.9073359072208405	0.9531853199005127	0.9459459483623505
4	620	0.8957529217004776	0.9469112008810043	0.9343629479408264
4	621	0.9160231798887252	0.9584942311048508	0.9459459483623505
4	622	0.9054054170846939	0.9498069286346436	0.9333976805210114
4	623	0.9169884026050568	0.951254829764366	0.9440154433250427
4	624	0.9136100411415101	0.9507722109556197	0.94305020570755
4	625	0.9107142984867096	0.9546332210302353	0.94305020570755
4	626	0.9092664271593094	0.9459459483623505	0.9324324429035188
4	627	0.9078185558319092	0.951254829764366	0.9401544332504272
4	628	0.9044401496648788	0.9522200673818588	0.9449806809425354
4	629	0.9087837785482407	0.953667938709259	0.9478764533996582
4	630	0.9169884026050568	0.9469112008810043	0.9343629479408264
4	631	0.9276061803102493	0.946428582072258	0.9420849680900574
4	632	0.9097490310668945	0.9473938196897507	0.9382239282131196
4	633	0.9387065470218658	0.9551158398389816	0.9488416910171508
4	634	0.9256756901741028	0.9565636962652205	0.9469111859798431
4	635	0.9247104227542877	0.9522200673818588	0.9411197006702423
4	636	0.945945918560028	0.9594594836235046	0.9565637111663818
4	637	0.9324324131011964	0.9440154433250428	0.942084938287735
4	638	0.9387065470218658	0.9589768499135971	0.9527027010917664
4	639	0.9218146651983261	0.9589768499135971	0.9517374634742737
4	640	0.9222973138093948	0.9551158398389816	0.9517374634742736
4	641	0.9295366853475572	0.9594594836235046	0.9488416910171508
4	642	0.9382239282131195	0.9551158398389816	0.9488416910171509
4	643	0.9305019080638885	0.9589768499135971	0.9449806809425354
4	644	0.9401544332504272	0.953667938709259	0.9498069286346436
4	645	0.9425675868988037	0.9623551964759826	0.9555984437465668
4	646	0.9440154582262039	0.9551158398389816	0.9527027010917664
4	647	0.9440154433250428	0.9594594836235046	0.9575289487838744
4	648	0.9425675868988037	0.9531853199005127	0.9478764235973358
4	649	0.9343629181385041	0.9609073400497437	0.9555984735488892
4	650	0.9430501908063889	0.96138995885849	0.9565637111663818
4	651	0.9406370669603348	0.9584942311048508	0.9527027010917664
4	652	0.9401544332504272	0.9589768499135971	0.9488416910171509
4	653	0.9440154582262039	0.9609073102474212	0.9517374634742736
4	654	0.9440154582262039	0.9642857164144517	0.954633206129074
4	655	0.9440154433250428	0.9604247063398361	0.9527027010917664
4	656	0.9387065470218658	0.96138995885849	0.9469111859798431
4	657	0.9483590573072432	0.9666988253593445	0.9584942162036896
4	658	0.945463314652443	0.9609073102474212	0.9517374336719513
4	659	0.9478764533996582	0.9613899439573287	0.9527027010917664
4	660	0.9498069286346436	0.9633204340934752	0.953667938709259
4	661	0.9329150468111039	0.966216191649437	0.954633206129074
4	662	0.9416023343801498	0.9589768499135971	0.9555984437465668
4	663	0.9473938047885894	0.9638030976057054	0.953667938709259
4	664	0.9314671605825424	0.9666988551616669	0.9555984437465668
4	665	0.9444980621337891	0.9589768499135971	0.9488416910171509
4	666	0.9309845417737961	0.9623551964759826	0.9469112157821655
4	667	0.9444980621337891	0.9604247063398361	0.9536679685115814
4	668	0.9198841601610184	0.961872562766075	0.9449807107448578
4	669	0.9449806958436967	0.9633204340934752	0.9575289487838744
4	670	0.9237451702356339	0.9628378152847289	0.9498069286346436
4	671	0.9411196857690811	0.9638030976057053	0.945945918560028
4	672	0.9256756901741028	0.9589768499135971	0.9498069584369659
4	673	0.9377413094043732	0.9638030976057054	0.9478764235973358
4	674	0.9160231798887252	0.961872562766075	0.9411197006702423
4	675	0.9218146950006485	0.96138995885849	0.953667938709259
4	676	0.915057897567749	0.9613899439573287	0.9507721960544586
4	677	0.9333976656198503	0.9652509540319443	0.9498069584369659
4	678	0.9343629181385041	0.9642857015132904	0.9449806809425354
4	679	0.9160231947898865	0.961872562766075	0.9517374634742737
4	680	0.917953684926033	0.966216191649437	0.9594594836235046
4	681	0.9242277890443801	0.9647683203220367	0.9420849680900574
4	682	0.9218146651983261	0.9531853199005127	0.9478764533996582
4	683	0.9372586756944656	0.9609073400497437	0.9546332061290741
4	684	0.9300192892551422	0.9633204638957977	0.9478764533996582
4	685	0.9218146651983261	0.9599420875310898	0.9517374634742737
4	686	0.9194015562534332	0.9647683352231979	0.9565637111663818
4	687	0.9261583238840103	0.9531853199005127	0.9469111859798431
4	688	0.928571417927742	0.9681467264890671	0.9498069286346436
4	689	0.9276061952114105	0.9686293303966523	0.9584942162036896
4	690	0.9198841452598572	0.96138995885849	0.9565637111663818
4	691	0.9083011746406555	0.9633204340934752	0.9565637111663818
4	692	0.9150579273700713	0.9647683352231979	0.9555984735488892
4	693	0.9247104376554489	0.9609073400497437	0.9536679685115814
4	694	0.9251930415630341	0.9666988253593445	0.9536679685115814
4	695	0.9222972840070724	0.9652509540319443	0.9527027010917664
4	696	0.9367760419845582	0.9671814441680908	0.9565637111663818
4	697	0.9208494424819946	0.9647683203220367	0.9517374634742737
4	698	0.935328170657158	0.9642857164144517	0.9536679685115814
4	699	0.9208494275808334	0.9666988253593445	0.9575289487838745
4	700	0.931949809193611	0.9633204340934752	0.9507721960544586
4	701	0.9324324280023576	0.9681467264890671	0.9584942162036896
4	702	0.9338802993297578	0.9613899439573287	0.9440154433250428
4	703	0.9391892105340959	0.9609073400497437	0.9478764533996582
4	704	0.917953684926033	0.9575289487838745	0.9362934529781342
4	705	0.9285714030265808	0.9638030976057054	0.9498069286346436
4	706	0.9189189225435256	0.9666988253593445	0.9527027010917664
4	707	0.9362934231758118	0.9657335728406906	0.9488416910171509
4	708	0.9338802844285965	0.9652509540319443	0.954633206129074
4	709	0.9444980621337891	0.961872562766075	0.9488416910171508
4	710	0.9391892105340959	0.9594594836235046	0.9517374336719513
4	711	0.9324324131011963	0.9657335728406906	0.9575289487838744
4	712	0.9222972840070724	0.9671814441680908	0.9584941864013672
4	713	0.9430501908063889	0.9628378152847289	0.9555984735488892
4	714	0.9362934529781342	0.9633204340934752	0.9546332061290741
4	715	0.9309845566749573	0.9638030976057054	0.9555984735488892
4	716	0.9401544332504272	0.9710424542427064	0.9517374634742737
4	717	0.930501937866211	0.9691119492053986	0.953667938709259
4	718	0.9401544481515884	0.9700772315263748	0.9555984437465668
4	719	0.9348455667495728	0.9681467264890671	0.9488416910171509
4	720	0.9324324131011964	0.969111979007721	0.9488416910171509
4	721	0.9203667789697647	0.9647683352231979	0.9584941864013672
4	722	0.9411196857690811	0.9623551964759826	0.9527027010917664
4	723	0.9329150468111039	0.9666988253593445	0.9498069286346436
4	724	0.9271235466003418	0.9560810774564742	0.9478764533996582
4	725	0.9198841750621795	0.9739382117986679	0.9469111859798431
4	726	0.9333976954221724	0.9671814739704132	0.9594594538211823
4	727	0.9411197006702424	0.9647683203220367	0.9527027010917664
4	728	0.9372586905956268	0.9575289785861969	0.9478764533996582
4	729	0.9309845566749574	0.9628378152847289	0.9488416910171509
4	730	0.9314671754837036	0.9633204638957977	0.9517374336719513
4	731	0.927123561501503	0.9647683352231979	0.9517374634742737
4	732	0.9425675570964813	0.9628378152847289	0.9594594836235046
4	733	0.9280887991189957	0.9594594836235046	0.9565637111663818
4	734	0.9406370818614961	0.9642857164144517	0.954633206129074
4	735	0.9314671903848647	0.9739382117986679	0.9430501759052277
4	736	0.9276061952114104	0.9570463299751281	0.9517374634742737
4	737	0.9276061803102493	0.9705598354339601	0.9546332061290741
4	738	0.9242278039455414	0.971525102853775	0.9565637111663818
4	739	0.9150579422712326	0.9671814441680908	0.9584942162036896
4	740	0.9314671754837036	0.9705598354339601	0.9604246914386748
4	741	0.9271235466003418	0.9710424542427064	0.9546332061290741
4	742	0.928088828921318	0.9666988551616669	0.9546332061290741
4	743	0.9247104376554489	0.9666988253593445	0.9584942162036896
4	744	0.9372586905956268	0.9686293452978134	0.9565637111663818
4	745	0.9242277890443802	0.9628378450870515	0.9546332061290741
4	746	0.93194979429245	0.9705598354339601	0.96138995885849
4	747	0.9276061803102493	0.9633204340934752	0.9507721960544586
4	748	0.92277991771698	0.9686293303966523	0.9517374634742736
4	749	0.9348455518484117	0.9589768350124359	0.9478764235973358
4	750	0.9362934529781342	0.9681467264890671	0.9507721960544586
4	751	0.9411196857690811	0.969111979007721	0.9594594836235046
4	752	0.9338802993297578	0.9657335728406906	0.9527027010917664
4	753	0.9261583238840102	0.9613899439573287	0.9546332061290741
4	754	0.9411197006702424	0.9720077365636826	0.9575289487838744
4	755	0.9198841601610184	0.9642857164144517	0.9498069584369659
4	756	0.9353282004594803	0.9700772017240525	0.953667938709259
4	757	0.9324324131011964	0.9633204340934752	0.9478764533996582
4	758	0.9300193041563035	0.9686293303966523	0.9536679685115814
4	759	0.9401544481515884	0.9657335728406906	0.9527027010917664
4	760	0.9411197006702424	0.9642857164144517	0.9565637111663818
4	761	0.9459459483623505	0.9633204638957977	0.9565637111663818
4	762	0.9420849531888963	0.9652509540319443	0.9575289487838744
4	763	0.9507721811532974	0.9671814739704132	0.9565637111663818
4	764	0.9391891807317734	0.9671814739704132	0.9555984735488892
4	765	0.9338802844285965	0.971525102853775	0.9575289487838744
4	766	0.9358108192682266	0.9705598354339601	0.9555984735488892
4	767	0.934362918138504	0.9681467264890671	0.9565637111663818
4	768	0.9362934529781342	0.9652509540319443	0.9507721960544586
4	769	0.9507721811532974	0.9744208455085754	0.9594594538211823
4	770	0.9387065768241883	0.9705598503351212	0.9507721960544586
4	771	0.94305020570755	0.9686293452978134	0.953667938709259
4	772	0.9338803142309189	0.9686293452978134	0.96138995885849
4	773	0.9285714328289033	0.9744208455085754	0.9478764533996582
4	774	0.9377412945032121	0.966216191649437	0.9594594836235046
4	775	0.945945918560028	0.9700772315263748	0.9546332061290741
4	776	0.9266409426927567	0.966216191649437	0.9507721960544586
4	777	0.9276061952114104	0.9720077067613602	0.953667938709259
4	778	0.9309845417737961	0.9695946127176285	0.9469111859798431
4	779	0.9555984735488892	0.9744208604097367	0.9633204340934752
4	780	0.9367760717868805	0.9642857164144517	0.9517374336719513
4	781	0.9377413094043732	0.9676640927791595	0.9555984437465668
4	782	0.945945918560028	0.9642857015132904	0.9478764235973358
4	783	0.9416023343801498	0.9749034941196443	0.9633204340934752
4	784	0.9420849680900574	0.971525102853775	0.9594594836235046
4	785	0.9444980621337891	0.9647683352231979	0.954633206129074
4	786	0.942084938287735	0.9686293452978134	0.9575289785861969
4	787	0.9387065470218658	0.9628378450870515	0.9469111859798431
4	788	0.9440154582262039	0.9633204340934752	0.9565637111663818
4	789	0.9522200822830199	0.966216191649437	0.9575289785861969
4	790	0.9382239431142807	0.9657335728406906	0.96138995885849
4	791	0.9459459483623505	0.9676640927791595	0.9565637111663818
4	792	0.9517374634742736	0.9729729890823364	0.969111979007721
4	793	0.9580115824937819	0.9633204340934752	0.96138995885849
4	794	0.9440154433250428	0.966216191649437	0.9507721960544586
4	795	0.9454633444547653	0.9652509689331056	0.9652509689331056
4	796	0.9483590722084045	0.9642857164144517	0.9565637111663818
4	797	0.9522200822830199	0.9710424542427064	0.96138995885849
4	798	0.953667938709259	0.9647683352231979	0.9555984735488892
4	799	0.9502895623445511	0.9681467264890671	0.9575289487838745
4	800	0.9449807107448578	0.9628378152847289	0.9565637111663818
4	801	0.951254814863205	0.9647683352231979	0.9584942162036896
4	802	0.9435328394174576	0.9671814441680908	0.9555984437465668
4	803	0.9531853348016738	0.9642857164144517	0.9575289487838744
4	804	0.9555984735488892	0.9628378152847289	0.9575289487838744
4	805	0.9575289487838744	0.9666988253593445	0.9623551964759827
4	806	0.945463314652443	0.9623551964759826	0.9555984437465668
4	807	0.9531853348016738	0.971525102853775	0.9584942162036896
4	808	0.9541505724191666	0.9700772017240525	0.9575289785861969
4	809	0.9560810923576355	0.9705598354339601	0.9623551964759827
4	810	0.9522200822830199	0.9686293452978134	0.962355226278305
4	811	0.9507722109556198	0.9686293452978134	0.9633204340934752
4	812	0.9560810923576355	0.9647683352231979	0.9633204340934752
4	813	0.9425675868988038	0.9671814441680908	0.9662162065505981
4	814	0.9546331912279129	0.9642857164144517	0.9594594836235046
4	815	0.9483590722084045	0.9647683352231979	0.9594594836235046
4	816	0.9507721811532974	0.969111979007721	0.9633204638957977
4	817	0.9367760717868805	0.9705598354339601	0.9594594538211823
4	818	0.9575289487838744	0.9666988253593445	0.96138995885849
4	819	0.9382239282131195	0.9700772017240525	0.9546332061290741
4	820	0.9498069584369659	0.9744208604097367	0.9642857015132904
4	821	0.9406370818614961	0.9666988253593445	0.9584941864013672
4	822	0.9377413094043732	0.9652509540319443	0.9507721960544586
4	823	0.9464285522699355	0.9647683352231979	0.953667938709259
4	824	0.9449807107448578	0.9633204340934752	0.9604247212409973
4	825	0.953667938709259	0.9628378152847289	0.9565637111663818
4	826	0.9449806958436967	0.9666988253593445	0.9584941864013672
4	827	0.9406370818614961	0.9633204340934752	0.9555984735488892
4	828	0.9483590722084045	0.9647683352231979	0.9575289487838745
4	829	0.9531853348016738	0.9666988253593445	0.9594594836235046
4	830	0.9502895623445511	0.9647683352231979	0.9536679685115814
4	831	0.942084938287735	0.9652509689331056	0.9633204340934752
4	832	0.9411197006702424	0.9676640927791595	0.96138995885849
4	833	0.944015458226204	0.9666988253593445	0.96138995885849
4	834	0.9541505724191666	0.966216191649437	0.96138995885849
4	835	0.9671814441680908	0.9749034643173218	0.9691119492053986
4	836	0.9517374336719513	0.9724903553724289	0.9633204340934752
4	837	0.956563726067543	0.9695945829153062	0.96138995885849
4	838	0.9522200673818588	0.9749034941196443	0.9642857313156128
4	839	0.9541505724191666	0.969111979007721	0.9633204638957977
4	840	0.9560810923576355	0.966216191649437	0.9633204340934752
4	841	0.9541505724191666	0.9768339693546295	0.9642857015132904
4	842	0.956563726067543	0.9773166030645369	0.9681467115879059
4	843	0.9440154582262039	0.9705598354339601	0.9565637111663818
4	844	0.9536679685115813	0.9787645041942596	0.9633204638957977
4	845	0.9580115973949432	0.9802123606204988	0.9700772166252136
4	846	0.9536679685115813	0.9782818555831909	0.9652509689331056
4	847	0.9536679685115813	0.9729729890823364	0.9662162065505981
4	848	0.9594594836235046	0.971525102853775	0.962355226278305
4	849	0.954633206129074	0.9720077365636826	0.9671814441680908
4	850	0.953667938709259	0.9744208455085754	0.9662162065505981
4	851	0.9527027159929274	0.9773166030645369	0.962355226278305
4	852	0.9575289487838744	0.9816602319478989	0.9642857015132904
4	853	0.9493243247270584	0.971525102853775	0.962355226278305
4	854	0.9599420726299285	0.9821428358554839	0.9720077216625214
4	855	0.9416023045778275	0.971525102853775	0.9604247212409973
4	856	0.9502895623445511	0.9705598354339601	0.9633204638957977
4	857	0.9541505873203276	0.9763513654470445	0.9681467115879059
4	858	0.9488416761159896	0.9768339693546295	0.9652509689331055
4	859	0.9449806958436967	0.9782818704843521	0.962355226278305
4	860	0.959942102432251	0.9749034941196443	0.9642857015132904
4	861	0.9478764235973357	0.966216191649437	0.9584942162036896
4	862	0.9464285522699355	0.9753861129283906	0.9604247212409973
4	863	0.9560810923576355	0.9715250879526138	0.9594594538211823
4	864	0.9440154582262039	0.9749034941196443	0.9642857015132904
4	865	0.9401544481515884	0.975868746638298	0.9565637111663818
4	866	0.9483590722084047	0.9758687168359755	0.9642857015132904
4	867	0.9469111710786818	0.9768339991569519	0.9594594538211823
4	868	0.9411197006702424	0.9773166179656982	0.9575289487838745
4	869	0.9367760419845582	0.9739382416009904	0.9575289785861969
4	870	0.9493243098258971	0.972972959280014	0.9652509689331056
4	871	0.9198841601610184	0.9763513505458831	0.9642857015132904
4	872	0.9473938047885894	0.9739382416009904	0.9575289487838745
4	873	0.9483590722084045	0.9744208604097367	0.9604247212409973
4	874	0.9488416761159896	0.9787644743919371	0.9594594836235046
4	875	0.9575289487838744	0.9782818704843521	0.9642857015132904
4	876	0.9527027159929274	0.9700772017240525	0.9594594538211823
4	877	0.9507722109556198	0.9753861129283906	0.9623551964759827
4	878	0.9517374336719513	0.973938226699829	0.9584942162036896
4	879	0.9642856866121291	0.9787644743919371	0.9671814441680908
4	880	0.9454633444547653	0.9811776131391526	0.9671814441680908
4	881	0.9623552113771439	0.9729729890823364	0.9710424542427064
4	882	0.9584942013025283	0.9768339693546295	0.9642857015132904
4	883	0.9512548297643661	0.9782818555831909	0.9652509689331056
4	884	0.9575289636850357	0.9758687466382981	0.9642857015132904
4	885	0.9531853348016738	0.9739382117986679	0.9652509391307831
4	886	0.9580115824937819	0.9802123755216599	0.9739382266998291
4	887	0.9589768201112746	0.9749034643173218	0.9662162065505981
4	888	0.9609073549509048	0.9773166030645369	0.9671814441680908
4	889	0.9671814441680908	0.9773166030645369	0.9671814441680908
4	890	0.959942102432251	0.9811776131391526	0.9700772166252136
4	891	0.9589768201112746	0.9821428656578065	0.9691119492053986
4	892	0.9642856866121291	0.9782818555831909	0.9710424840450287
4	893	0.9560810923576355	0.9753861129283906	0.9642857015132904
4	894	0.9676640778779984	0.9782818555831909	0.9720077216625214
4	895	0.9652509689331056	0.9758687466382981	0.9681467115879059
4	896	0.9628378301858902	0.9797297567129135	0.9700772166252136
4	897	0.9618725776672363	0.9806949794292451	0.9691119492053986
4	898	0.9642856866121291	0.9806950092315674	0.9700772166252136
4	899	0.9638030678033829	0.9806950092315674	0.9671814441680908
4	900	0.9671814441680908	0.9811776131391526	0.9720077216625214
4	901	0.9662162214517594	0.9802123755216599	0.9749034941196442
4	902	0.9604247212409973	0.9787644743919371	0.9700772166252136
4	903	0.959942102432251	0.9802123755216599	0.9720077216625214
4	904	0.9638030678033829	0.9831080883741378	0.969111979007721
4	905	0.9652509689331056	0.9797297567129135	0.969111979007721
4	906	0.96138995885849	0.9806949794292451	0.9700772166252136
4	907	0.9633204340934752	0.976833999156952	0.9662162065505981
4	908	0.9671814441680908	0.976833999156952	0.9710424840450287
4	909	0.9662162214517594	0.9744208455085754	0.9710424542427064
4	910	0.9594594836235046	0.9797297567129135	0.969111979007721
4	911	0.9618725776672363	0.9826254844665528	0.9700772166252136
4	912	0.9633204340934752	0.9797297567129135	0.9652509689331056
4	913	0.9609073251485825	0.986486479640007	0.9768339991569519
4	914	0.9633204340934752	0.9787644743919371	0.9720077216625214
4	915	0.9642856866121291	0.9768339693546295	0.969111979007721
4	916	0.9657335877418519	0.9826254844665528	0.9768339991569519
4	917	0.9695945978164673	0.9816602319478989	0.9739382266998291
4	918	0.9671814441680908	0.979247123003006	0.9691119492053986
4	919	0.9647683203220366	0.9802123755216599	0.9710424542427064
4	920	0.9671814441680908	0.9806950092315674	0.969111979007721
4	921	0.9642856866121291	0.9840733408927917	0.9710424840450287
4	922	0.9623552113771439	0.9860038608312607	0.972972959280014
4	923	0.9642856866121291	0.9816602319478989	0.9720077216625214
4	924	0.9652509689331056	0.9797297567129135	0.9700772166252136
4	925	0.9715250879526139	0.9802123755216599	0.9758687317371368
4	926	0.9613899737596512	0.9811776131391526	0.9749034643173218
4	927	0.9623552113771439	0.9840733408927917	0.9758687317371368
4	928	0.9671814441680908	0.9826254844665528	0.9700772166252136
4	929	0.9671814441680908	0.9831080883741378	0.9710424542427064
4	930	0.9671814441680908	0.9806950092315674	0.9691119492053986
4	931	0.9652509689331056	0.9787644743919371	0.9739382266998291
4	932	0.9647683203220366	0.9763513654470445	0.9739382266998291
4	933	0.96138995885849	0.9763513654470445	0.9671814739704132
4	934	0.9652509689331056	0.9835907369852066	0.9662162065505981
4	935	0.9695945978164673	0.9802123755216599	0.9739382266998292
4	936	0.9618725776672363	0.9782818555831909	0.9691119492053986
4	937	0.9638030678033829	0.9802123755216599	0.969111979007721
4	938	0.9633204340934752	0.9753861129283906	0.969111979007721
4	939	0.9671814739704133	0.9806949794292451	0.9729729890823364
4	940	0.9560810923576355	0.9802123606204988	0.9671814441680908
4	941	0.9652509689331056	0.9782818555831909	0.9720077216625214
4	942	0.96138995885849	0.9821428358554839	0.9710424542427063
4	943	0.9695945978164673	0.9797297567129135	0.9739382266998291
4	944	0.9647683352231979	0.9811776131391526	0.9758687317371368
4	945	0.9647683203220366	0.9821428656578065	0.9739382266998291
4	946	0.9710424840450287	0.9826254844665528	0.9797297418117523
4	947	0.9676640778779984	0.9787644743919371	0.972972959280014
4	948	0.9681466966867447	0.9835907220840453	0.9720077216625214
4	949	0.9662162214517594	0.9729729890823364	0.9700772166252136
4	950	0.9720077067613603	0.9864864945411682	0.9797297418117523
4	951	0.9700772315263748	0.9802123755216599	0.9758687317371368
4	952	0.9681466966867447	0.9826254844665528	0.9749034941196442
4	953	0.9676640778779984	0.9787644743919371	0.9749034941196442
4	954	0.9623552113771439	0.9763513654470445	0.9710424840450287
4	955	0.9633204638957977	0.9821428656578065	0.9749034941196442
4	956	0.9671814739704133	0.9855212420225143	0.9768339693546295
4	957	0.9710424840450287	0.9845559895038605	0.9777992367744446
4	958	0.9710424542427064	0.9802123755216599	0.9758687317371368
4	959	0.9729729890823364	0.9821428656578065	0.9777992367744446
4	960	0.9695945978164673	0.9802123755216599	0.9768339693546295
4	961	0.9739382416009903	0.9840733408927917	0.9787644743919371
4	962	0.9676640927791597	0.9821428656578065	0.9777992367744446
4	963	0.9662162214517594	0.984555959701538	0.9777992367744446
4	964	0.9734556078910828	0.9860038608312607	0.9797297418117524
4	965	0.9734556078910828	0.9821428656578065	0.9787645041942596
4	966	0.9647683203220366	0.9835907220840453	0.9768339991569519
4	967	0.9662161916494368	0.9826254695653915	0.9758687317371368
4	968	0.9734556078910828	0.9855212420225143	0.9797297418117523
4	969	0.9715250879526139	0.9893822520971297	0.9777992367744446
4	970	0.9734556078910828	0.9840733408927917	0.9787644743919373
4	971	0.9734556078910828	0.9855212420225143	0.9758687317371368
4	972	0.9734556078910828	0.9840733408927917	0.976833999156952
4	973	0.9638030678033829	0.9821428656578065	0.9739382266998292
4	974	0.9729729890823364	0.9864864945411682	0.9816602170467376
4	975	0.9633204638957977	0.9835907220840453	0.972972959280014
4	976	0.9652509689331056	0.9860038608312607	0.9671814441680908
4	977	0.9710424542427064	0.9826254844665528	0.9749034941196442
4	978	0.9676640927791597	0.9835907220840453	0.9758687317371368
4	979	0.9551158398389816	0.985038623213768	0.9720077216625214
4	980	0.9671814441680908	0.988416999578476	0.9797297418117523
4	981	0.9681466966867447	0.9840733408927917	0.980694979429245
4	982	0.9657335877418519	0.9821428656578065	0.9700772166252136
4	983	0.9638030678033829	0.9806950092315674	0.9749034643173218
4	984	0.9575289636850357	0.9845559895038605	0.9768339693546295
4	985	0.9715250879526139	0.9864864945411682	0.9749034941196442
4	986	0.9618726074695587	0.9831080883741378	0.9729729890823364
4	987	0.9642857164144516	0.9840733408927917	0.9797297418117524
4	988	0.9638030678033829	0.9850385934114456	0.9662162065505981
4	989	0.9657335728406905	0.9840733408927917	0.9797297418117524
4	990	0.9638030678033829	0.9845559895038605	0.9700772166252136
4	991	0.9633204638957977	0.9826254844665528	0.9777992367744446
4	992	0.9560810923576355	0.9826254695653915	0.9575289487838744
4	993	0.9502895772457124	0.9787644743919371	0.9700772166252136
4	994	0.9609073549509048	0.9835907220840453	0.9710424840450287
4	995	0.9333977103233336	0.9768339693546295	0.9681467115879059
4	996	0.9633204638957977	0.9821428656578065	0.972972959280014
4	997	0.9097490161657333	0.9840733408927917	0.9720077216625214
4	998	0.9522200673818588	0.9806950092315674	0.976833999156952
4	999	0.8933397680521011	0.9860038459300995	0.9642857313156128
4	1000	0.9560810923576355	0.984555959701538	0.9642857015132904
4	1001	0.9580115973949432	0.9855212420225143	0.9700772166252136
4	1002	0.9136100262403488	0.9811776131391526	0.9623551964759827
4	1003	0.9580115675926208	0.9782818555831909	0.9758687317371368
4	1004	0.9078185260295868	0.9806950092315674	0.96138995885849
4	1005	0.9300193041563035	0.9806949794292451	0.9517374634742737
4	1006	0.9353281706571579	0.9855212420225143	0.9671814739704132
4	1007	0.9604247212409973	0.9855212420225143	0.9777992367744446
4	1008	0.9517374634742736	0.9802123755216599	0.96138995885849
4	1009	0.9362934231758118	0.9835907220840453	0.962355226278305
4	1010	0.9551158249378204	0.9816602319478989	0.9700772166252136
4	1011	0.9623552113771439	0.9869690984487534	0.9681467115879059
4	1012	0.9488416910171509	0.9806950092315674	0.968146711587906
4	1013	0.9638030827045441	0.985038623213768	0.9758687317371368
4	1014	0.9638030678033829	0.986486479640007	0.9720077216625214
4	1015	0.9618725776672363	0.984555959701538	0.9662162065505981
4	1016	0.9710424542427064	0.9835907220840453	0.9768339693546295
4	1017	0.9671814441680908	0.9821428656578065	0.9700772166252136
4	1018	0.9686293303966522	0.9860038608312607	0.9758687317371368
4	1019	0.9686293303966522	0.9840733408927917	0.9806950092315674
4	1020	0.9715250879526139	0.9855212420225143	0.9768339693546295
4	1021	0.9676640778779984	0.9860038608312607	0.9797297120094299
4	1022	0.9758687168359756	0.9860038608312607	0.9835907220840454
4	1023	0.9720077067613603	0.9802123755216599	0.976833999156952
4	1024	0.9710424542427064	0.9802123755216599	0.9758687317371368
4	1025	0.9681466966867447	0.9816602319478989	0.9758687317371368
4	1026	0.9676640778779984	0.9811776131391526	0.9739382266998291
4	1027	0.9623552113771439	0.9864864945411682	0.9806950092315674
4	1028	0.969111979007721	0.9879343509674072	0.9710424542427064
4	1029	0.9671814739704133	0.9787644743919371	0.9758687317371368
4	1030	0.9657335877418519	0.9806950092315674	0.9768339991569519
4	1031	0.9705598503351212	0.9888996183872222	0.9835907220840454
4	1032	0.9647683203220366	0.9835907220840453	0.9739382266998291
4	1033	0.9715250879526139	0.9845559895038605	0.976833999156952
4	1034	0.9710424840450287	0.9797297567129135	0.976833999156952
4	1035	0.9710424840450287	0.9855212420225143	0.9797297418117524
4	1036	0.9691119492053986	0.9802123755216599	0.9758687317371368
4	1037	0.969111979007721	0.9782818555831909	0.9720077216625214
4	1038	0.9724903404712678	0.9855212420225143	0.9797297418117523
4	1039	0.9681466966867447	0.984555959701538	0.9826254844665527
4	1040	0.9681466966867447	0.9797297567129135	0.9720077216625214
4	1041	0.9633204638957977	0.9840733408927917	0.980694979429245
4	1042	0.9710424542427064	0.984555959701538	0.9768339991569519
4	1043	0.9666988402605058	0.9821428656578065	0.9720077216625214
4	1044	0.9681466966867447	0.9869691282510757	0.9749034941196442
4	1045	0.9720077067613603	0.9802123755216599	0.9777992367744446
4	1046	0.9671814739704133	0.9879343509674072	0.984555959701538
4	1047	0.9734556078910828	0.9864864945411682	0.980694979429245
4	1048	0.9700772315263748	0.9860038608312607	0.980694979429245
4	1049	0.9676640778779984	0.984555959701538	0.9797297418117524
4	1050	0.9695945978164673	0.976833999156952	0.9739382266998291
4	1051	0.9710424840450287	0.9874517172574997	0.9797297418117523
4	1052	0.9681466966867447	0.9879343509674072	0.9777992367744446
4	1053	0.9744208604097366	0.9826254844665528	0.9797297418117523
4	1054	0.9720077067613603	0.9860038608312607	0.9797297418117524
4	1055	0.9720077067613603	0.9840733408927917	0.9816602468490601
4	1056	0.972972959280014	0.985038623213768	0.9797297418117523
4	1057	0.9758687168359756	0.9860038608312607	0.9797297418117523
4	1058	0.9705598503351212	0.9816602319478989	0.9758687317371368
4	1059	0.9734556078910828	0.9840733408927917	0.9826254844665528
4	1060	0.9749034643173218	0.9802123755216599	0.9768339693546295
4	1061	0.9705598503351212	0.9874517172574997	0.980694979429245
4	1062	0.9734556078910828	0.9840733408927917	0.9806950092315674
4	1063	0.9749034643173218	0.9840733408927917	0.9777992367744446
4	1064	0.9758687168359756	0.9855212420225143	0.9806950092315674
4	1065	0.9777992516756059	0.9826254844665528	0.9806950092315674
4	1066	0.9681467264890672	0.9826254844665528	0.9806950092315674
4	1067	0.969111979007721	0.9874517172574997	0.9768339693546296
4	1068	0.9695945978164673	0.9835907220840453	0.9768339693546295
4	1069	0.9705598503351212	0.9860038608312607	0.9797297418117523
4	1070	0.969111979007721	0.9860038608312607	0.9835907220840454
4	1071	0.9734556078910828	0.9855212420225143	0.9787645041942596
4	1072	0.9792471081018447	0.9826254844665528	0.9806950092315674
4	1073	0.9662162214517594	0.9787644743919371	0.9758687317371368
4	1074	0.9758687168359756	0.9860038608312607	0.9835907220840454
4	1075	0.9715250879526139	0.9840733408927917	0.9777992367744446
4	1076	0.9700772315263748	0.9802123755216599	0.9749034643173218
4	1077	0.9729729890823364	0.9802123755216599	0.9758687317371368
4	1078	0.9652509391307831	0.9787644743919371	0.976833999156952
4	1079	0.9681467264890672	0.9860038608312607	0.9806950092315674
4	1080	0.9401544481515883	0.9884169697761536	0.9777992367744446
4	1081	0.9609073549509048	0.9797297567129135	0.9710424840450287
4	1082	0.9758687168359756	0.9913127273321152	0.9855212271213531
4	1083	0.9739382416009903	0.9840733408927917	0.976833999156952
4	1084	0.9720077067613603	0.9840733408927917	0.9797297418117524
4	1085	0.9700772315263748	0.9826254844665528	0.9787645041942596
4	1086	0.9734555929899217	0.9884169697761536	0.9826254844665527
4	1087	0.9787644743919371	0.984555959701538	0.980694979429245
4	1088	0.9681467264890672	0.9860038608312607	0.9787645041942596
4	1089	0.9720077067613603	0.9879343509674072	0.9797297418117523
4	1090	0.9724903404712678	0.9864864945411682	0.9816602170467376
4	1091	0.9724903404712678	0.9874517172574997	0.9797297418117523
4	1092	0.9700772315263748	0.984555959701538	0.9777992367744446
4	1093	0.9782818704843522	0.984555959701538	0.984555959701538
4	1094	0.9729729890823364	0.9874517172574997	0.9787644743919373
4	1095	0.976833999156952	0.9879343509674072	0.9806950092315674
4	1096	0.9720077067613603	0.984555959701538	0.9777992367744446
4	1097	0.9662161916494368	0.984555959701538	0.9797297418117524
4	1098	0.9700772315263748	0.9884169697761536	0.9797297120094299
4	1099	0.9676640927791597	0.9840733408927917	0.9787645041942596
4	1100	0.9787644743919371	0.9874517172574997	0.9816602170467376
4	1101	0.9729729890823364	0.9855212420225143	0.9787645041942596
4	1102	0.9720077067613603	0.9864864945411682	0.9816602170467376
4	1103	0.9647683203220366	0.9888996183872222	0.9758687317371368
4	1104	0.9724903404712678	0.9903475046157836	0.9835907518863678
4	1105	0.9720077067613603	0.9903475046157836	0.9826254844665527
4	1106	0.973938211798668	0.9874517172574997	0.9835907220840454
4	1107	0.9652509689331056	0.9879343509674072	0.9758687317371368
4	1108	0.9657335877418519	0.9884169697761536	0.9797297418117523
4	1109	0.9715250879526139	0.9879343509674072	0.9768339991569519
4	1110	0.9527027010917664	0.9864864945411682	0.9739382266998292
4	1111	0.9695945978164673	0.9879343509674072	0.9758687317371368
4	1112	0.9222973138093948	0.984555959701538	0.9806950092315674
4	1113	0.9531853049993515	0.9860038608312607	0.9700772166252136
4	1114	0.9575289487838745	0.9884169697761536	0.9816602170467376
4	1115	0.9609073549509048	0.9860038608312607	0.9710424542427063
4	1116	0.9647683203220366	0.9888996034860611	0.9729729890823364
4	1117	0.9652509391307831	0.9908301085233688	0.9787644743919373
4	1118	0.9691119492053986	0.9864864945411682	0.9797297418117523
4	1119	0.9353282004594802	0.9927606284618378	0.9729729890823364
4	1120	0.9642856866121291	0.9869690984487534	0.9777992367744446
4	1121	0.9473938196897507	0.9835907220840453	0.9749034941196442
4	1122	0.9671814441680908	0.9855212420225143	0.9777992367744446
4	1123	0.9729729890823364	0.989864870905876	0.980694979429245
4	1124	0.9676640778779984	0.9816602319478989	0.9777992367744446
4	1125	0.9560810923576354	0.9855212420225143	0.9787644743919371
4	1126	0.9686293303966522	0.988416999578476	0.9777992367744446
4	1127	0.950772225856781	0.9903475046157836	0.9787645041942596
4	1128	0.9444980770349503	0.9888996183872222	0.9777992367744446
4	1129	0.9695945978164673	0.9884169697761536	0.9758687317371368
4	1130	0.9710424542427064	0.9879343509674072	0.9777992367744446
4	1131	0.9652509391307831	0.9874517172574997	0.9826254844665527
4	1132	0.9671814441680908	0.984555959701538	0.9758687317371368
4	1133	0.9773166179656982	0.9869690984487534	0.9787644743919371
4	1134	0.9720077067613603	0.9932432621717453	0.980694979429245
4	1135	0.9686293303966522	0.9903475046157836	0.9806950092315674
4	1136	0.9753860980272293	0.9903475046157836	0.988416999578476
4	1137	0.9811776280403137	0.992277979850769	0.9845559895038605
4	1138	0.9686293303966522	0.989864870905876	0.9816602468490601
4	1139	0.9749034643173218	0.9903475046157836	0.9797297418117524
4	1140	0.9734555929899217	0.9874517172574997	0.984555959701538
4	1141	0.9676640778779984	0.9884169697761536	0.984555959701538
4	1142	0.9758687168359756	0.9903475046157836	0.9816602468490601
4	1143	0.9773166179656982	0.9917953610420227	0.9845559895038605
4	1144	0.9777992516756059	0.9860038608312607	0.9826254844665528
4	1145	0.9749034643173218	0.9840733408927917	0.9787645041942596
4	1146	0.9753861129283905	0.989864870905876	0.9835907220840454
4	1147	0.9753860980272293	0.989864870905876	0.9864864945411682
4	1148	0.9802123457193374	0.9903475046157836	0.9874517321586609
4	1149	0.9806950092315674	0.989864870905876	0.9845559895038605
4	1150	0.9787644892930984	0.9908301085233688	0.9855212271213531
4	1151	0.976833999156952	0.9855212420225143	0.9816602468490601
4	1152	0.9773166179656982	0.9917953610420227	0.9845559895038605
4	1153	0.9787644743919371	0.9917953610420227	0.984555959701538
4	1154	0.9797297269105911	0.9879343509674072	0.9845559895038605
4	1155	0.9734556078910828	0.989864870905876	0.9826254844665528
4	1156	0.9777992516756059	0.9932432621717453	0.9845559895038605
4	1157	0.9715250730514526	0.989864870905876	0.9864864647388458
4	1158	0.9768339693546295	0.992277979850769	0.9835907220840454
4	1159	0.9773166179656982	0.989864870905876	0.9835907518863678
4	1160	0.9787644743919371	0.9874517172574997	0.9806950092315674
4	1161	0.9797297269105911	0.9879343509674072	0.9845559895038605
4	1162	0.9811776280403137	0.9879343509674072	0.984555959701538
4	1163	0.9816602468490601	0.9893822520971297	0.9855212271213531
4	1164	0.9797297269105911	0.989864870905876	0.9864864647388458
4	1165	0.9792471081018447	0.9903475046157836	0.9806950092315674
4	1166	0.9797297269105911	0.9879343509674072	0.984555959701538
4	1167	0.9806950092315674	0.9903475046157836	0.9826254844665528
4	1168	0.9758687168359756	0.9860038608312607	0.9835907220840454
4	1169	0.9753860980272293	0.989864870905876	0.984555959701538
4	1170	0.9773165881633759	0.9913127273321152	0.9855212271213531
4	1171	0.9729729890823364	0.988416999578476	0.9797297418117523
4	1172	0.9773165881633759	0.989864870905876	0.984555959701538
4	1173	0.9734555929899217	0.992277979850769	0.984555959701538
4	1174	0.9773165881633759	0.9884169697761536	0.9874517321586609
4	1175	0.9773166179656982	0.9874517172574997	0.9835907220840454
4	1176	0.9734556078910828	0.9913127273321152	0.9835907518863678
4	1177	0.9792471081018447	0.992277979850769	0.9864864647388458
4	1178	0.9811776280403137	0.9903474748134613	0.9826254844665528
4	1179	0.9797297269105911	0.992277979850769	0.9855212271213531
4	1180	0.9777992516756059	0.9879343509674072	0.9835907220840454
4	1181	0.9806950092315674	0.9932432621717453	0.9845559895038605
4	1182	0.9715250879526139	0.9917953610420227	0.9826254844665527
4	1183	0.9811776280403137	0.9903475046157836	0.9874517321586609
4	1184	0.9753861129283905	0.9937258809804916	0.9874517321586608
4	1185	0.9787644743919371	0.9884169697761536	0.9826254844665528
4	1186	0.9758687168359756	0.9932432621717453	0.984555959701538
4	1187	0.9797297269105911	0.9893822520971297	0.9835907220840454
4	1188	0.9681466966867447	0.9917953610420227	0.9835907220840454
4	1189	0.9652509391307831	0.9917953610420227	0.9797297418117524
4	1190	0.971525102853775	0.9922780096530914	0.9806950092315674
4	1191	0.9811776280403137	0.9922780096530914	0.9835907220840454
4	1192	0.971525102853775	0.9888996183872222	0.9826254844665527
4	1193	0.976833999156952	0.9903475046157836	0.9845559895038605
4	1194	0.962355226278305	0.9884169697761536	0.980694979429245
4	1195	0.9623552113771439	0.9860038608312607	0.976833999156952
4	1196	0.976833999156952	0.9879343509674072	0.9826254844665527
4	1197	0.9589768499135971	0.9874517172574997	0.9777992367744446
4	1198	0.9580115973949432	0.9908301085233688	0.9787645041942596
4	1199	0.9763513505458832	0.9821428656578065	0.9806950092315674
4	1200	0.9527027010917664	0.9884169697761536	0.9845559895038605
4	1201	0.9705598503351212	0.9860038608312607	0.980694979429245
4	1202	0.9657335728406905	0.9908301085233688	0.9749034941196442
4	1203	0.976833999156952	0.9922780096530914	0.984555959701538
4	1204	0.9681467264890672	0.9888996183872222	0.9787644743919371
4	1205	0.9435328394174577	0.9903474748134613	0.9720077216625214
4	1206	0.9715250879526139	0.9874517172574997	0.976833999156952
4	1207	0.9469111710786818	0.9860038608312607	0.9749034941196442
4	1208	0.9541505873203276	0.9869690984487534	0.9806950092315674
4	1209	0.9584942162036896	0.9840733408927917	0.9749034643173218
4	1210	0.9633204638957977	0.9922780096530914	0.9816602170467376
4	1211	0.9517374336719513	0.9821428656578065	0.9749034941196442
4	1212	0.951254814863205	0.9893822520971297	0.9720077216625214
4	1213	0.9560810923576355	0.984555959701538	0.9749034941196442
4	1214	0.9531853348016738	0.9879343509674072	0.9835907220840454
4	1215	0.9580115824937819	0.9797297269105912	0.968146711587906
4	1216	0.9555984586477279	0.9826254844665528	0.9739382266998291
4	1217	0.9498069733381271	0.9826254844665528	0.9777992367744446
4	1218	0.976833999156952	0.9840733408927917	0.9797297418117523
4	1219	0.9531853348016738	0.9821428656578065	0.9777992367744446
4	1220	0.9609073251485825	0.9816602319478989	0.9758687317371368
4	1221	0.953667938709259	0.9773166030645369	0.9710424840450287
4	1222	0.969111979007721	0.9860038459300995	0.9749034643173218
4	1223	0.9638030827045441	0.9831080883741378	0.9749034941196442
4	1224	0.9666988402605058	0.9806950092315674	0.976833999156952
4	1225	0.976833999156952	0.9835907220840453	0.976833999156952
4	1226	0.976833999156952	0.9879343509674072	0.9835907220840454
4	1227	0.9700772315263748	0.9855212420225143	0.9797297418117523
4	1228	0.9488417208194733	0.9797297567129135	0.9758687317371368
4	1229	0.9710424840450287	0.9860038608312607	0.9806950092315674
4	1230	0.96138995885849	0.9864864945411682	0.9826254844665527
4	1231	0.9710424840450287	0.9802123755216599	0.9777992367744446
4	1232	0.9792471081018447	0.9855212420225143	0.9826254844665528
4	1233	0.9705598503351212	0.9874517172574997	0.980694979429245
4	1234	0.9739382416009903	0.9860038608312607	0.9826254844665528
4	1235	0.9773166179656982	0.9917953610420227	0.984555959701538
4	1236	0.9749034643173218	0.9908301085233688	0.9835907220840454
4	1237	0.9584942013025283	0.9893822520971297	0.980694979429245
4	1238	0.9705598503351212	0.9840733408927917	0.9787645041942596
4	1239	0.9777992516756059	0.9893822520971297	0.9826254844665528
4	1240	0.9777992516756059	0.9893822520971297	0.984555959701538
4	1241	0.9724903404712678	0.9840733408927917	0.9797297418117523
4	1242	0.9744208604097366	0.9860038608312607	0.9787644743919371
4	1243	0.9763513505458832	0.9932432621717453	0.9864864945411682
4	1244	0.9787644743919371	0.9888996183872222	0.9826254844665527
4	1245	0.9758687168359756	0.9884169697761536	0.9845559895038605
4	1246	0.9806950092315674	0.985038623213768	0.9806950092315674
4	1247	0.9758687168359756	0.9860038608312607	0.9826254844665528
4	1248	0.976833999156952	0.9903475046157836	0.9845559895038605
4	1249	0.9773166179656982	0.9879343509674072	0.9816602468490601
4	1250	0.9797297269105911	0.9879343509674072	0.9855212271213531
4	1251	0.9806950092315674	0.992277979850769	0.9864864945411682
4	1252	0.984555959701538	0.9917953610420227	0.9874517321586609
4	1253	0.9792471081018447	0.9913127273321152	0.9845559895038605
4	1254	0.9773166179656982	0.9913127273321152	0.9874517321586609
4	1255	0.984555959701538	0.9903475046157836	0.9855212271213531
4	1256	0.9792471081018447	0.9884169697761536	0.9855212271213531
4	1257	0.9831081032752991	0.9937258809804916	0.9874517321586609
4	1258	0.9806950092315674	0.9927606284618378	0.9864864647388458
4	1259	0.9864864945411682	0.9932432621717453	0.9884169697761536
4	1260	0.984555959701538	0.9903475046157836	0.9893822371959686
4	1261	0.9811776280403137	0.992277979850769	0.988416999578476
4	1262	0.9816602468490601	0.9903475046157836	0.9874517321586609
4	1263	0.9816602468490601	0.9937258809804916	0.9913127422332764
4	1264	0.9797297269105911	0.9917953610420227	0.9893822371959686
4	1265	0.9816602468490601	0.9937258809804916	0.9874517321586608
4	1266	0.9835907369852067	0.9937258809804916	0.988416999578476
4	1267	0.9850385934114455	0.9942085146903992	0.9903474748134613
4	1268	0.9869691133499146	0.9937258809804916	0.9913127422332764
4	1269	0.9864864647388457	0.9937258809804916	0.992277979850769
4	1270	0.9850385934114455	0.992277979850769	0.9893822371959686
4	1271	0.9831081032752991	0.9937258809804916	0.9884169697761536
4	1272	0.9831081032752991	0.992277979850769	0.9864864647388458
4	1273	0.984555959701538	0.9932432621717453	0.9903475046157836
4	1274	0.9869691133499146	0.9917953610420227	0.9893822371959686
4	1275	0.9826254844665528	0.9893822520971297	0.9855212271213531
4	1276	0.9821428805589676	0.9917953610420227	0.9884169697761536
4	1277	0.9806950092315674	0.9937258809804916	0.9893822371959686
4	1278	0.9806950092315674	0.992277979850769	0.9845559895038605
4	1279	0.9831081032752991	0.9917953610420227	0.988416999578476
4	1280	0.9850385934114455	0.992277979850769	0.9893822371959686
4	1281	0.9835907369852067	0.9942085146903992	0.9893822371959686
4	1282	0.9831081032752991	0.9937258809804916	0.9913127422332764
4	1283	0.9831081032752991	0.9937258809804916	0.9903474748134613
4	1284	0.9826254844665528	0.992277979850769	0.9864864647388458
4	1285	0.9855212122201918	0.9937258809804916	0.9903474748134613
4	1286	0.984555959701538	0.9937258809804916	0.9913127422332764
4	1287	0.9826254844665528	0.9937258809804916	0.9913127422332764
4	1288	0.9811776280403137	0.992277979850769	0.988416999578476
4	1289	0.9864864945411682	0.9917953610420227	0.9884169697761536
4	1290	0.984555959701538	0.992277979850769	0.9893822371959686
4	1291	0.9835907369852067	0.9932432621717453	0.9884169697761536
4	1292	0.984555959701538	0.9937258809804916	0.9874517321586608
4	1293	0.9831081032752991	0.9937258809804916	0.992277979850769
4	1294	0.984555959701538	0.9942085146903992	0.9884169697761536
4	1295	0.9831081032752991	0.992277979850769	0.9884169697761536
4	1296	0.9884169697761536	0.9942085146903992	0.992277979850769
4	1297	0.9821428805589676	0.9942085146903992	0.9913127422332764
4	1298	0.9811776280403137	0.9937258809804916	0.9884169697761536
4	1299	0.9869691133499146	0.9937258809804916	0.9903475046157836
4	1300	0.9850385934114455	0.9942085146903992	0.9932432472705841
4	1301	0.984555959701538	0.9942085146903992	0.9903475046157837
4	1302	0.9831081032752991	0.9951737374067305	0.9903474748134613
4	1303	0.9869691133499146	0.9937258809804916	0.9913127422332764
4	1304	0.9826254844665528	0.9937258809804916	0.988416999578476
4	1305	0.9831081032752991	0.9942085146903992	0.9903474748134613
4	1306	0.9835907369852067	0.9937258809804916	0.9903475046157836
4	1307	0.984555959701538	0.9942085146903992	0.9913127422332764
4	1308	0.9821428805589676	0.9937258809804916	0.992277979850769
4	1309	0.984555959701538	0.9942085146903992	0.9884169697761536
4	1310	0.9831081032752991	0.992277979850769	0.9893822371959686
4	1311	0.9826254993677139	0.9937258809804916	0.992277979850769
4	1312	0.9835907369852067	0.992277979850769	0.9893822371959686
4	1313	0.984073355793953	0.9937258809804916	0.992277979850769
4	1314	0.9826254844665528	0.9937258809804916	0.9864864647388458
4	1315	0.9850385934114455	0.9937258809804916	0.9913127422332764
4	1316	0.9835907369852067	0.9942085146903992	0.9903475046157837
4	1317	0.984555959701538	0.992277979850769	0.9893822371959686
4	1318	0.984555959701538	0.9937258809804916	0.9874517321586609
4	1319	0.9811776280403137	0.9956563711166381	0.9903475046157837
4	1320	0.9855212122201918	0.9937258809804916	0.9913127422332764
4	1321	0.9802123457193374	0.9942085146903992	0.9913127422332764
4	1322	0.9758687168359756	0.9937258809804916	0.9884169697761536
4	1323	0.9835907369852067	0.992277979850769	0.9893822371959686
4	1324	0.9850385934114455	0.9937258809804916	0.9913127422332764
4	1325	0.9826254844665528	0.9937258809804916	0.9903474748134613
4	1326	0.9507721960544586	0.9937258809804916	0.9903474748134613
4	1327	0.9835907369852067	0.9917953610420227	0.9884169697761536
4	1328	0.9850385934114455	0.9942085146903992	0.992277979850769
4	1329	0.9594594687223434	0.9942085146903992	0.9903474748134613
4	1330	0.9811776280403137	0.9942085146903992	0.9913127422332764
4	1331	0.9541505873203276	0.992277979850769	0.9845559895038605
4	1332	0.984555959701538	0.9956563711166381	0.9884169697761536
4	1333	0.9594594538211823	0.9913127273321152	0.9864864945411682
4	1334	0.9691119492053986	0.9917953610420227	0.9835907518863678
4	1335	0.9744208604097366	0.9932432621717453	0.9835907220840454
4	1336	0.9806950092315674	0.9917953610420227	0.9864864647388458
4	1337	0.9777992516756059	0.9956563711166381	0.9893822371959686
4	1338	0.9826254844665528	0.992277979850769	0.9893822371959686
4	1339	0.9826254844665528	0.9937258809804916	0.984555959701538
4	1340	0.9855212122201918	0.9937258809804916	0.9893822371959686
4	1341	0.9753860980272293	0.9917953610420227	0.984555959701538
4	1342	0.9652509838342667	0.9942085146903992	0.9855212271213531
4	1343	0.9797297269105911	0.9927606284618378	0.9845559895038605
4	1344	0.9488416910171509	0.9942085146903992	0.9797297120094299
4	1345	0.9753860980272293	0.9937258809804916	0.9864864945411682
4	1346	0.976833999156952	0.9932432621717453	0.9797297418117523
4	1347	0.9763513505458832	0.9927606284618378	0.9855212271213531
4	1348	0.9758687168359756	0.9932432621717453	0.9806950092315674
4	1349	0.9724903404712678	0.9922780096530914	0.9816602468490601
4	1350	0.9831081032752991	0.9864864945411682	0.984555959701538
4	1351	0.972972959280014	0.9879343509674072	0.9806950092315674
4	1352	0.9633204340934752	0.9869690984487534	0.9768339693546296
4	1353	0.9691119790077211	0.984555959701538	0.9816602468490601
4	1354	0.9676640927791597	0.9913127273321152	0.9806950092315674
4	1355	0.90444016456604	0.9888996183872222	0.980694979429245
4	1356	0.9498069584369659	0.9893822520971297	0.9864864945411682
4	1357	0.9652509838342667	0.9917953610420227	0.9845559895038605
4	1358	0.9541505575180054	0.9913127273321152	0.9845559895038605
4	1359	0.9483590871095657	0.989864870905876	0.9864864945411682
4	1360	0.9744208604097366	0.992277979850769	0.980694979429245
4	1361	0.9826254844665528	0.9908301085233688	0.9855212271213531
4	1362	0.9695945978164673	0.9917953610420227	0.9826254844665527
4	1363	0.9792471081018447	0.9917953610420227	0.9845559895038605
4	1364	0.972972959280014	0.9879343509674072	0.9806950092315674
4	1365	0.9739382416009903	0.9908301085233688	0.9816602170467376
4	1366	0.9806950092315674	0.9913127273321152	0.9826254844665527
4	1367	0.9734555929899217	0.9879343509674072	0.9816602468490601
4	1368	0.9744208604097366	0.9855212420225143	0.9826254844665528
4	1369	0.9816602468490601	0.9884169697761536	0.9864864647388458
4	1370	0.9811776280403137	0.9913127273321152	0.9864864647388458
4	1371	0.9821428805589676	0.992277979850769	0.9893822371959686
4	1372	0.9797297269105911	0.9903475046157836	0.9845559895038605
4	1373	0.9831081032752991	0.992277979850769	0.9864864945411682
4	1374	0.9831081032752991	0.9922780096530914	0.9855212271213531
4	1375	0.984555959701538	0.9917953610420227	0.9874517321586609
4	1376	0.9806950092315674	0.992277979850769	0.9835907220840454
4	1377	0.9773165881633759	0.9913127273321152	0.9855212271213531
4	1378	0.9806949794292449	0.9932432621717453	0.9884169697761536
4	1379	0.9826254844665528	0.9917953610420227	0.9855212271213531
4	1380	0.9753860980272293	0.9908301085233688	0.980694979429245
4	1381	0.984555959701538	0.9937258809804916	0.9913127422332764
4	1382	0.9811776280403137	0.9942085146903992	0.9884169697761536
4	1383	0.9811776280403137	0.9917953610420227	0.9826254844665528
4	1384	0.9850385934114455	0.9942085146903992	0.9893822371959686
4	1385	0.9831081032752991	0.9937258809804916	0.9864864945411682
4	1386	0.9787644743919371	0.9908301085233688	0.9845559895038605
4	1387	0.9811776280403137	0.9937258809804916	0.9864864945411682
4	1388	0.9850385934114455	0.9942085146903992	0.9884169697761536
4	1389	0.9864864945411682	0.992277979850769	0.9903474748134613
4	1390	0.9831081032752991	0.9937258809804916	0.9893822371959686
4	1391	0.9831081032752991	0.992277979850769	0.9893822371959686
4	1392	0.9811776280403137	0.9942085146903992	0.9864864647388458
4	1393	0.9869691133499146	0.9932432621717453	0.9903475046157836
4	1394	0.9864864945411682	0.9903475046157836	0.9893822371959686
4	1395	0.9850385934114455	0.9913127273321152	0.9874517321586609
4	1396	0.9831081032752991	0.9937258809804916	0.9884169697761536
4	1397	0.984555959701538	0.992277979850769	0.9903474748134613
4	1398	0.984555959701538	0.9942085146903992	0.9893822371959686
4	1399	0.9850385934114455	0.9937258809804916	0.9893822371959686
4	1400	0.9835907369852067	0.9937258809804916	0.9903474748134613
4	1401	0.9884169697761536	0.9942085146903992	0.9922780096530914
4	1402	0.9821428805589676	0.9942085146903992	0.9903474748134613
4	1403	0.9850385934114455	0.9937258809804916	0.9864864945411682
4	1404	0.9826254844665528	0.9942085146903992	0.9884169697761536
4	1405	0.9869691133499146	0.9937258809804916	0.9903475046157836
4	1406	0.984555959701538	0.9937258809804916	0.9884169697761536
4	1407	0.9855212122201918	0.9942085146903992	0.9932432472705841
4	1408	0.9874517470598221	0.9937258809804916	0.9913127422332764
4	1409	0.984555959701538	0.992277979850769	0.9903475046157836
4	1410	0.9850385934114455	0.9937258809804916	0.9893822371959686
4	1411	0.9884169697761536	0.9942085146903992	0.9884169697761536
4	1412	0.9816602468490601	0.992277979850769	0.9874517321586609
4	1413	0.9850385934114455	0.9942085146903992	0.988416999578476
4	1414	0.9816602468490601	0.9942085146903992	0.9903474748134613
4	1415	0.9864864945411682	0.9942085146903992	0.9893822371959686
4	1416	0.9811776280403137	0.9942085146903992	0.9864864647388458
4	1417	0.9816602468490601	0.9937258809804916	0.9874517321586608
4	1418	0.9826254844665528	0.9932432621717453	0.9893822371959686
4	1419	0.9855212122201918	0.9932432621717453	0.9893822371959686
4	1420	0.9811776280403137	0.9917953610420227	0.9874517321586609
4	1421	0.9821428805589676	0.9937258809804916	0.9893822371959686
4	1422	0.9884169697761536	0.9937258809804916	0.9903475046157836
4	1423	0.9773165881633759	0.9917953610420227	0.9864864647388458
4	1424	0.9831081032752991	0.9937258809804916	0.9874517321586609
4	1425	0.9850385934114455	0.9937258809804916	0.9913127422332764
4	1426	0.9835907369852067	0.9917953610420227	0.9893822371959686
4	1427	0.9787644892930984	0.9937258809804916	0.9864864945411682
4	1428	0.9686293154954909	0.9942085146903992	0.9932432472705841
4	1429	0.9749034941196442	0.9932432621717453	0.9845559895038605
4	1430	0.9792471081018447	0.9927606284618378	0.9855212271213531
4	1431	0.9777992516756059	0.9942085146903992	0.9893822371959686
4	1432	0.9710424840450287	0.9908301085233688	0.9816602170467376
4	1433	0.984555959701538	0.989864870905876	0.9864864945411682
4	1434	0.965733602643013	0.9937258809804916	0.984555959701538
4	1435	0.9710424542427063	0.9917953610420227	0.9874517321586609
4	1436	0.9777992516756059	0.9927606284618378	0.9845559895038605
4	1437	0.9831081032752991	0.9917953610420227	0.9874517321586609
4	1438	0.9594594687223434	0.9937258809804916	0.9874517321586608
4	1439	0.9618726074695587	0.9942085146903992	0.9913127422332764
4	1440	0.9835907369852067	0.9937258809804916	0.9864864945411682
4	1441	0.9724903553724289	0.992277979850769	0.9874517321586608
4	1442	0.9700772166252136	0.9927606284618378	0.9855212271213531
4	1443	0.9806950092315674	0.9927606284618378	0.9835907220840454
4	1444	0.9806950092315674	0.9922780096530914	0.9845559895038605
4	1445	0.9671814441680907	0.9927606284618378	0.9835907220840454
4	1446	0.9831081032752991	0.9937258809804916	0.988416999578476
4	1447	0.9826254844665528	0.9951737374067305	0.988416999578476
4	1448	0.9773166179656982	0.9922780096530914	0.9816602468490601
4	1449	0.9831081032752991	0.9937258809804916	0.9913127422332764
4	1450	0.9806950092315674	0.9917953610420227	0.9855212271213531
4	1451	0.973938211798668	0.989864870905876	0.9855212271213531
4	1452	0.9773165881633759	0.9942085146903992	0.9874517321586608
4	1453	0.9710424840450287	0.9917953610420227	0.9864864945411682
4	1454	0.976833999156952	0.9942085146903992	0.9835907220840454
4	1455	0.9850385934114455	0.9942085146903992	0.9893822371959686
4	1456	0.9850385934114455	0.9942085146903992	0.9893822371959686
4	1457	0.9811776280403137	0.9937258809804916	0.9864864945411682
4	1458	0.9831081032752991	0.9932432621717453	0.9855212271213531
4	1459	0.9792471081018447	0.9913127273321152	0.9835907220840454
4	1460	0.9806950092315674	0.9942085146903992	0.9855212271213531
4	1461	0.9826254844665528	0.992277979850769	0.9855212271213531
4	1462	0.9850385934114455	0.9942085146903992	0.9874517321586609
4	1463	0.9816602468490601	0.9937258809804916	0.9913127422332764
4	1464	0.9855212122201918	0.9932432621717453	0.9893822371959686
4	1465	0.9826254993677139	0.9917953610420227	0.9903475046157836
4	1466	0.984555959701538	0.9946911185979842	0.9884169697761536
4	1467	0.988416999578476	0.9942085146903992	0.9942085146903992
4	1468	0.9850385934114455	0.9942085146903992	0.992277979850769
4	1469	0.9802123457193374	0.992277979850769	0.9864864945411682
4	1470	0.9831081032752991	0.9937258809804916	0.9903474748134613
4	1471	0.984555959701538	0.9942085146903992	0.9922780096530914
4	1472	0.9831081032752991	0.9932432621717453	0.9855212271213531
4	1473	0.9835907369852067	0.9942085146903992	0.9932432472705841
4	1474	0.9884169697761536	0.9942085146903992	0.992277979850769
4	1475	0.9831081032752991	0.9942085146903992	0.9913127422332764
4	1476	0.984555959701538	0.9942085146903992	0.9874517321586608
4	1477	0.9831081032752991	0.9942085146903992	0.9913127422332764
4	1478	0.9850385934114455	0.9937258809804916	0.9913127422332764
4	1479	0.9835907369852067	0.9937258809804916	0.992277979850769
4	1480	0.9850386083126069	0.9942085146903992	0.9932432472705841
4	1481	0.9888996034860611	0.9937258809804916	0.992277979850769
4	1482	0.9869691133499146	0.9942085146903992	0.9932432472705841
4	1483	0.9855212122201918	0.9942085146903992	0.9922780096530914
4	1484	0.9884169697761536	0.9956563711166381	0.9932432472705841
4	1485	0.9821428805589676	0.9956563711166381	0.9903475046157837
4	1486	0.9893822222948074	0.9942085146903992	0.9942085146903992
4	1487	0.9869691133499146	0.9942085146903992	0.9942085146903992
4	1488	0.9869691133499146	0.9942085146903992	0.992277979850769
4	1489	0.9860038459300994	0.9956563711166381	0.9913127422332764
4	1490	0.9864864945411682	0.9942085146903992	0.9913127422332764
4	1491	0.9869691133499146	0.9942085146903992	0.9932432472705841
4	1492	0.9850385934114455	0.9961389899253844	0.993243247270584
4	1493	0.9888996034860611	0.9942085146903992	0.9932432472705841
4	1494	0.9835907518863678	0.9942085146903992	0.9942085146903992
4	1495	0.9864864945411682	0.9956563711166381	0.9932432472705841
4	1496	0.9806949794292449	0.9942085146903992	0.9932432472705841
4	1497	0.9893822222948074	0.9942085146903992	0.9932432472705841
4	1498	0.9869691133499146	0.9942085146903992	0.9942085146903992
4	1499	0.9903475046157836	0.9956563711166381	0.9932432472705841
