target_set	iteration	accuracy_q1	accuracy_q3	accuracy_median
3	0	0.0699300691485405	0.0699300691485405	0.0699300691485405
3	1	0.05769230797886847	0.0839160829782486	0.0699300691485405
3	2	0.06468531675636766	0.08216783218085764	0.0769230797886848
3	3	0.08566433563828467	0.0979020968079567	0.09440559521317479
3	4	0.07342657260596752	0.0909090936183929	0.0839160829782486
3	5	0.09965034946799277	0.1188811212778091	0.1118881106376648
3	6	0.104895107448101	0.11538461782038208	0.104895107448101
3	7	0.09965034946799277	0.1258741319179535	0.1118881106376648
3	8	0.08741258643567562	0.11013985984027384	0.104895107448101
3	9	0.10839161090552803	0.1381118856370449	0.12237762659788129
3	10	0.12762238085269928	0.159090906381607	0.14335664361715314
3	11	0.10139860212802883	0.15034965425729752	0.1328671276569366
3	12	0.1188811212778091	0.159090906381607	0.12937062978744504
3	13	0.1206293739378452	0.15034965425729752	0.12937062978744504
3	14	0.13461538031697268	0.17132867127656934	0.15384615212678904
3	15	0.13811188563704485	0.159090906381607	0.1538461595773697
3	16	0.1538461595773697	0.1678321659564972	0.1608391553163528
3	17	0.15909091383218765	0.1940559409558773	0.18531468510627744
3	18	0.14860140159726137	0.1800699345767498	0.1538461595773697
3	19	0.14510489255189896	0.1800699345767498	0.16783216595649714
3	20	0.1748251765966415	0.2132867090404033	0.17832168191671371
3	21	0.1678321659564972	0.1818181872367859	0.17132867127656937
3	22	0.15559440851211548	0.19930069893598554	0.17132867127656934
3	23	0.16258740797638888	0.2150349617004394	0.19580419361591334
3	24	0.1765734292566776	0.2220279686152935	0.2062937095761299
3	25	0.1958041936159134	0.2150349617004394	0.2062937095761299
3	26	0.1765734292566776	0.20104895159602162	0.1923076882958412
3	27	0.2027972042560577	0.22902097925543782	0.2202797159552574
3	28	0.2027972042560577	0.23601398244500157	0.2097902148962021
3	29	0.19580418989062304	0.2377622425556183	0.2237762212753296
3	30	0.21853146329522127	0.27797202020883555	0.23776223510503766
3	31	0.21503496915102005	0.2569930106401443	0.24475525319576263
3	32	0.21853146329522127	0.2622377574443817	0.2482517510652542
3	33	0.22552447393536568	0.2779720276594162	0.24125874042510986
3	34	0.23776223883032796	0.2762237712740898	0.2657342553138733
3	35	0.2097902148962021	0.2902097925543785	0.24825175106525418
3	36	0.23951049149036407	0.2779720276594162	0.25874125957489014
3	37	0.2587412595748901	0.2849650233983993	0.2727272808551788
3	38	0.2727272808551788	0.3076923191547394	0.30069930851459503
3	39	0.26223776489496226	0.3006992936134338	0.2867132723331451
3	40	0.279720276594162	0.3146853148937225	0.29370628297328943
3	41	0.27797203510999674	0.3269230797886848	0.30069930851459503
3	42	0.27447552978992457	0.3129370659589767	0.2937062978744507
3	43	0.2709790244698524	0.3286713361740112	0.3146853148937225
3	44	0.27447552978992457	0.3356643319129944	0.3216783255338669
3	45	0.28846152871847147	0.35489511489868164	0.3216783106327057
3	46	0.3076923191547394	0.3339160829782486	0.3146853148937225
3	47	0.30944056808948517	0.3531468510627746	0.3321678340435028
3	48	0.33041958510875696	0.3863636329770088	0.3566433489322662
3	49	0.28846152871847147	0.33916085213422775	0.3286713361740112
3	50	0.33916083723306656	0.3916083872318268	0.38111887872219086
3	51	0.3479021117091179	0.4003496542572975	0.37062937021255493
3	52	0.3444056063890457	0.4178321734070778	0.360139861702919
3	53	0.36188810318708414	0.42307691276073456	0.3846153914928436
3	54	0.37412587553262705	0.4265734255313873	0.40909092128276825
3	55	0.4195804297924042	0.444055937230587	0.42307692766189575
3	56	0.38811189681291575	0.45454545319080353	0.4160839170217514
3	57	0.39685314148664474	0.4300699234008789	0.4160839170217514
3	58	0.40909091383218765	0.4737762287259102	0.4300699234008789
3	59	0.4265734255313873	0.5017482712864876	0.4580419510602951
3	60	0.4195804148912429	0.4737762287259102	0.4545454680919647
3	61	0.42482518404722214	0.5192307680845261	0.4895104914903641
3	62	0.46503496915102005	0.5174825191497803	0.4965035021305084
3	63	0.49125873297452927	0.5297203063964844	0.5000000149011612
3	64	0.5069930255413055	0.559440553188324	0.5384615659713745
3	65	0.4895104765892029	0.5244755148887634	0.5174825191497803
3	66	0.49125873297452927	0.5419580489397049	0.5034965127706528
3	67	0.5139860212802887	0.5524475574493408	0.5419580638408661
3	68	0.47027971595525736	0.559440553188324	0.5139860063791275
3	69	0.5227272808551788	0.5856643468141556	0.5629370808601379
3	70	0.5192307829856873	0.5576923042535782	0.5454545617103577
3	71	0.5034965053200722	0.580419585108757	0.5419580638408661
3	72	0.5419580638408661	0.6013985872268677	0.5629370510578156
3	73	0.5227272808551788	0.5681817978620529	0.5454545617103577
3	74	0.5262237638235092	0.5926573425531387	0.5664335489273071
3	75	0.5594405680894852	0.6171328723430634	0.5874125957489014
3	76	0.5437063127756119	0.606643334031105	0.5804196000099182
3	77	0.5559440553188324	0.5996503233909607	0.5734265446662903
3	78	0.576923057436943	0.638111874461174	0.6083916127681732
3	79	0.5944055914878845	0.6276223808526993	0.6048950850963593
3	80	0.5804195553064346	0.667832151055336	0.6223776340484619
3	81	0.576923057436943	0.6643356531858444	0.6013986170291901
3	82	0.6101398468017578	0.6538461595773697	0.6258741319179535
3	83	0.6153845936059952	0.6940559446811676	0.6573426723480225
3	84	0.6468531340360641	0.6853147000074387	0.660839170217514
3	85	0.6171328872442245	0.6835664510726929	0.6713286638259888
3	86	0.639860138297081	0.6783216595649719	0.6643356680870056
3	87	0.6346153914928436	0.7202796936035156	0.6888112127780914
3	88	0.6660839170217514	0.7132866978645325	0.6958042085170746
3	89	0.6538461744785309	0.7237762361764908	0.6853146851062775
3	90	0.6608391851186752	0.6993007063865662	0.6993007063865662
3	91	0.67132867872715	0.7272727489471436	0.7027972042560577
3	92	0.6503496319055557	0.7534964829683304	0.7237762212753296
3	93	0.6643356680870056	0.7482517659664154	0.6958042085170746
3	94	0.6625874191522598	0.7430069893598557	0.7167832255363464
3	95	0.7080419510602951	0.7272727489471436	0.716783195734024
3	96	0.6905594617128372	0.7832167744636536	0.7552447617053986
3	97	0.718531459569931	0.7814685255289078	0.7622377574443817
3	98	0.7307692468166351	0.7954545617103577	0.748251736164093
3	99	0.7290209531784058	0.7762237787246704	0.7622377872467041
3	100	0.7360139936208725	0.7832167744636536	0.7692307829856873
3	101	0.7534964978694916	0.7937063127756119	0.7762237787246704
3	102	0.718531459569931	0.8304196000099182	0.7552447617053986
3	103	0.7272727191448212	0.8129370659589767	0.7762237787246704
3	104	0.7465035021305084	0.8094405680894852	0.7902098000049591
3	105	0.7569929957389832	0.811188817024231	0.8006992936134338
3	106	0.7167832106351852	0.8216783106327057	0.7937062978744507
3	107	0.770979031920433	0.802447572350502	0.7832167744636536
3	108	0.7552447319030762	0.8321678042411804	0.8006992936134338
3	109	0.7622377872467041	0.8286713510751724	0.779720276594162
3	110	0.7779720276594162	0.8531468510627747	0.8181818127632141
3	111	0.7919580340385437	0.8444056063890457	0.8181818127632141
3	112	0.7552447319030762	0.8181818127632141	0.8076923191547394
3	113	0.7779720276594162	0.8304195553064346	0.8076923191547394
3	114	0.7832167744636536	0.8374125957489014	0.8041958212852478
3	115	0.7849650233983994	0.8531468361616135	0.811188817024231
3	116	0.7989510744810104	0.858391597867012	0.8286713361740112
3	117	0.7744755297899246	0.8374125957489014	0.8251748085021973
3	118	0.7989510297775269	0.858391597867012	0.8321678042411804
3	119	0.8216783106327057	0.8566433489322662	0.8356643319129944
3	120	0.7972027808427811	0.8374125957489014	0.8286713063716888
3	121	0.7989510744810104	0.8601398468017578	0.839160829782486
3	122	0.8409091085195541	0.867132842540741	0.8566433489322662
3	123	0.8234265744686127	0.8741258829832077	0.8461538553237915
3	124	0.8409091085195541	0.8706293851137161	0.8531468510627747
3	125	0.8391608595848083	0.8723776340484619	0.8531468510627747
3	126	0.8496503531932831	0.8741258978843689	0.867132842540741
3	127	0.8339160680770874	0.8776223808526993	0.8636363446712494
3	128	0.8409091085195541	0.8723776340484619	0.8601398468017578
3	129	0.8339160680770874	0.8793706446886063	0.8601398468017578
3	130	0.8461538553237915	0.8741258978843689	0.8706293702125549
3	131	0.8391608148813248	0.9020978808403016	0.8671328723430634
3	132	0.82867132127285	0.8846153914928436	0.8671328723430634
3	133	0.8513986021280289	0.8933566361665726	0.8881118893623352
3	134	0.837412565946579	0.867132842540741	0.8566433489322662
3	135	0.8618880957365036	0.8916083872318268	0.8776223957538605
3	136	0.8479021191596985	0.910839170217514	0.8916083872318268
3	137	0.8828671425580978	0.8933566361665726	0.8881118893623352
3	138	0.881118893623352	0.9003496319055558	0.8916083872318268
3	139	0.8706293553113937	0.9073426723480225	0.8986013829708099
3	140	0.8881118893623352	0.9073426723480225	0.8881118893623352
3	141	0.8776223957538605	0.9055944234132767	0.8881118893623352
3	142	0.889860138297081	0.92132867872715	0.9020979106426239
3	143	0.8828671425580978	0.910839170217514	0.8916083872318268
3	144	0.8968531340360641	0.9090909361839294	0.9090909361839294
3	145	0.868881106376648	0.9090909212827682	0.8881118893623352
3	146	0.8863636404275894	0.9265734255313872	0.912587434053421
3	147	0.881118893623352	0.9265734255313872	0.8986014127731323
3	148	0.8968531340360641	0.9230769276618958	0.9090909063816071
3	149	0.8986013978719711	0.92132867872715	0.912587434053421
3	150	0.889860138297081	0.9300699234008788	0.9125874042510986
3	151	0.8951048851013184	0.92132867872715	0.912587434053421
3	152	0.8916083872318268	0.9265734255313872	0.9160839319229126
3	153	0.889860138297081	0.9318181723356246	0.9020978808403016
3	154	0.9020978808403016	0.9265734255313872	0.912587434053421
3	155	0.8828671425580978	0.9405594170093536	0.9125874042510986
3	156	0.889860138297081	0.92132867872715	0.9160839319229126
3	157	0.889860138297081	0.92132867872715	0.9090909063816071
3	158	0.9108391851186752	0.9300699234008788	0.9195804297924042
3	159	0.9038461446762086	0.9318181723356246	0.9090909361839294
3	160	0.8846154063940048	0.9440559148788452	0.9300699234008789
3	161	0.9143356829881668	0.9423076659440994	0.9335664212703704
3	162	0.9230769276618958	0.9423076659440994	0.9265734255313873
3	163	0.9090909361839294	0.9353146702051162	0.9265734255313873
3	164	0.9230769276618958	0.937062919139862	0.9335664212703704
3	165	0.8968531340360641	0.9423076659440994	0.9335664212703704
3	166	0.9248251765966415	0.9440559148788452	0.9370629191398621
3	167	0.912587434053421	0.9475524574518204	0.9335664212703704
3	168	0.9108391851186752	0.9300699234008788	0.9265734255313873
3	169	0.8968531340360641	0.9265734255313872	0.9160839319229126
3	170	0.9160839319229126	0.937062919139862	0.9300699234008788
3	171	0.912587434053421	0.9423076659440994	0.9300699234008788
3	172	0.9160839319229126	0.9353146702051162	0.9265734255313873
3	173	0.8986013978719711	0.9440559148788452	0.9335664212703704
3	174	0.9143356829881668	0.937062919139862	0.9335664212703704
3	175	0.9038461446762086	0.9493007063865662	0.9335664212703704
3	176	0.9230769276618958	0.9510489702224731	0.937062919139862
3	177	0.8881118893623352	0.937062919139862	0.9125874042510986
3	178	0.9178321808576584	0.9405594170093536	0.9265734255313873
3	179	0.9073426425457002	0.937062919139862	0.9265734255313873
3	180	0.9195804297924042	0.9405594170093536	0.9300699234008788
3	181	0.9160839319229126	0.9580419510602951	0.9300699234008789
3	182	0.9160839319229126	0.9423076659440994	0.9265734255313873
3	183	0.9248251765966415	0.9493007063865662	0.9405594170093536
3	184	0.9178321808576584	0.9405594170093536	0.9300699234008788
3	185	0.9108391851186752	0.9493007063865662	0.9300699234008789
3	186	0.9248251765966415	0.9510489702224731	0.9405594170093536
3	187	0.9248251765966415	0.9545454531908036	0.9335664212703704
3	188	0.92132867872715	0.9580419659614564	0.9440559446811676
3	189	0.9335664212703704	0.9493007063865662	0.9440559148788452
3	190	0.9178321808576584	0.9440559148788452	0.9335664212703705
3	191	0.9108391851186752	0.9405594170093536	0.9230769276618958
3	192	0.9318181723356246	0.9562937170267106	0.9510489702224731
3	193	0.9318181723356246	0.9562937170267106	0.937062919139862
3	194	0.9300699234008788	0.961538463830948	0.9335664212703704
3	195	0.9055943936109543	0.9510489702224731	0.9475524425506592
3	196	0.9318181723356246	0.9580419659614564	0.9510489702224731
3	197	0.9335664212703704	0.9562937170267106	0.9510489702224731
3	198	0.9440559148788452	0.9510489702224731	0.9475524425506592
3	199	0.9440559148788452	0.9632867127656938	0.9475524425506592
3	200	0.9335664212703704	0.9632867127656938	0.9580419659614564
3	201	0.9248251765966415	0.9632867127656938	0.9475524425506592
3	202	0.937062919139862	0.9510489702224731	0.9440559148788452
3	203	0.9318181723356246	0.9580419659614564	0.9510489702224731
3	204	0.9388111680746077	0.9580419659614564	0.9510489702224731
3	205	0.9318181723356246	0.9650349617004396	0.9545454680919647
3	206	0.9318181723356246	0.968531459569931	0.9510489404201508
3	207	0.9248251765966415	0.9580419659614564	0.9335664212703704
3	208	0.9248251765966415	0.959790199995041	0.937062919139862
3	209	0.9440559148788452	0.9580419659614564	0.9510489702224731
3	210	0.9440559148788452	0.961538463830948	0.9475524425506592
3	211	0.9318181723356246	0.961538463830948	0.9440559446811676
3	212	0.9388111680746077	0.9580419659614564	0.9510489404201508
3	213	0.9318181723356246	0.9632867127656938	0.9475524425506592
3	214	0.937062919139862	0.9545454531908036	0.9440559148788452
3	215	0.9318181723356246	0.9510489702224731	0.9440559148788452
3	216	0.9265734255313873	0.9650349617004396	0.9510489404201508
3	217	0.9318181723356246	0.9632867127656938	0.9440559148788452
3	218	0.9283216744661331	0.9650349617004396	0.9545454680919647
3	219	0.9265734255313873	0.9632867127656938	0.9510489702224731
3	220	0.9388111680746077	0.97727270424366	0.9510489404201508
3	221	0.9423076808452606	0.9720279574394226	0.9650349617004396
3	222	0.9335664212703704	0.97727270424366	0.9475524425506592
3	223	0.9405594319105147	0.9632867127656938	0.9580419659614564
3	224	0.9248251765966415	0.959790199995041	0.9335664212703704
3	225	0.937062919139862	0.9772727489471434	0.9405594170093536
3	226	0.9318181723356246	0.9720279574394226	0.9510489404201508
3	227	0.9458041787147522	0.97727270424366	0.9580419659614563
3	228	0.9440559148788452	0.9650349617004396	0.9545454680919647
3	229	0.9318181723356246	0.9720279574394226	0.9475524425506592
3	230	0.9440559148788452	0.9702797085046768	0.9580419659614563
3	231	0.9388111680746077	0.9790209531784058	0.9545454680919647
3	232	0.9510489702224731	0.9825174957513808	0.9545454680919647
3	233	0.947552427649498	0.9755244553089142	0.9580419659614564
3	234	0.9318181723356246	0.9720279574394226	0.9650349617004396
3	235	0.9580419659614564	0.9755244553089142	0.9580419659614564
3	236	0.9527972191572189	0.9720279574394226	0.9650349617004396
3	237	0.9353146851062774	0.9912587553262711	0.968531459569931
3	238	0.9545454680919647	0.9895104914903641	0.968531459569931
3	239	0.9545454680919647	0.9842657446861266	0.9650349617004396
3	240	0.9510489702224731	0.9755244553089142	0.9650349617004396
3	241	0.9440559148788452	0.9807692468166351	0.961538463830948
3	242	0.9405594319105147	0.9720279574394226	0.9580419659614564
3	243	0.9405594319105147	0.9755244553089142	0.9545454680919647
3	244	0.9440559297800064	0.9860140085220336	0.9825174808502197
3	245	0.9440559297800064	0.9877622425556183	0.968531459569931
3	246	0.9440559148788452	0.97727270424366	0.9510489702224731
3	247	0.947552427649498	0.9842657446861266	0.9720279574394226
3	248	0.9440559148788452	0.9842657446861266	0.9790209531784058
3	249	0.9545454680919647	0.9720279574394226	0.9720279574394226
3	250	0.9580419659614564	0.9912587553262711	0.972027987241745
3	251	0.9458041787147522	0.9895104914903641	0.9650349617004395
3	252	0.9493006765842438	0.9895104914903641	0.968531459569931
3	253	0.9318181723356246	0.9860140085220336	0.9615384340286255
3	254	0.961538463830948	0.9912587553262711	0.9790209829807281
3	255	0.9527972191572189	0.9912587553262711	0.9755244553089142
3	256	0.9510489702224731	0.9860140085220336	0.9790209531784058
3	257	0.9527972191572189	0.9842657446861266	0.9755244553089142
3	258	0.9667832106351854	0.9912587553262711	0.9860140085220336
3	259	0.9458041787147522	0.9965035021305084	0.9755244851112366
3	260	0.947552427649498	0.9930070042610168	0.9720279574394226
3	261	0.9545454680919647	0.9877622425556183	0.9720279574394226
3	262	0.9790209531784058	0.9965035021305084	0.9860140085220336
3	263	0.9545454680919647	0.9912587553262711	0.9790209829807281
3	264	0.9650349617004396	1.0	0.9790209829807281
3	265	0.9667832106351854	0.9965035021305084	0.9825174808502197
3	266	0.9667832106351854	0.9912587553262711	0.9790209829807281
3	267	0.9493006765842438	0.9860140085220336	0.9755244553089142
3	268	0.9580419659614564	0.9982517510652542	0.9755244851112366
3	269	0.9597902148962022	0.9912587553262711	0.9825174808502197
3	270	0.9597902148962022	0.9912587553262711	0.9755244553089142
3	271	0.9423076808452606	0.9982517510652542	0.9755244851112366
3	272	0.9562937170267105	0.9982517510652542	0.9790209829807281
3	273	0.9527972191572189	0.9930070042610168	0.9825174808502197
3	274	0.9458041787147522	1.0	0.9860139787197113
3	275	0.9755244702100754	0.9930070042610168	0.9860140085220336
3	276	0.9667832106351854	0.9912587553262711	0.9860140085220336
3	277	0.9580419659614564	0.9912587553262711	0.9825174808502197
3	278	0.961538463830948	0.9912587553262711	0.9790209531784058
3	279	0.9737762063741684	0.9930070042610168	0.9860139787197113
3	280	0.9737762063741684	0.9982517510652542	0.9860140085220336
3	281	0.9807692170143127	0.9912587553262711	0.9860140085220336
3	282	0.9632867127656938	0.9982517510652542	0.9930070042610168
3	283	0.9720279574394226	1.0	0.9895105063915253
3	284	0.9667832106351854	0.9982517510652542	0.9895105063915253
3	285	0.9790209531784058	1.0	0.9895105063915253
3	286	0.9667832106351854	0.9930070042610168	0.9790209829807281
3	287	0.9650349617004396	0.9982517510652542	0.9825174808502197
3	288	0.961538463830948	0.9982517510652542	0.9790209531784058
3	289	0.9650349617004396	0.9982517510652542	0.9755244553089142
3	290	0.9807692170143127	0.9982517510652542	0.9930070042610168
3	291	0.9790209531784058	0.9965035021305084	0.9860140085220336
3	292	0.9580419659614564	0.9930070042610168	0.9860139787197113
3	293	0.9720279574394226	0.9982517510652542	0.9825174808502197
3	294	0.9580419659614563	0.9982517510652542	0.9930070042610168
3	295	0.9545454680919647	1.0	0.9895105063915253
3	296	0.9790209531784058	0.9982517510652542	0.9895105063915253
3	297	0.9807692170143127	0.9982517510652542	0.9895105063915253
3	298	0.9877622574567794	1.0	0.9965035021305084
3	299	0.9667832106351854	0.9982517510652542	0.9930070042610168
3	300	0.9807692170143127	1.0	0.9965035021305084
3	301	0.9790209531784058	1.0	0.9825174808502197
3	302	0.9755244702100754	0.9930070042610168	0.9860140085220336
3	303	0.9807692170143127	0.9982517510652542	0.9930070042610168
3	304	0.9790209531784058	1.0	0.9930070042610168
3	305	0.9737762063741684	1.0	0.9790209531784058
3	306	0.9807692170143127	1.0	0.9895105063915253
3	307	0.9737762063741684	0.9982517510652542	0.9895105063915253
3	308	0.9790209531784058	1.0	0.9930070042610168
3	309	0.9667832106351854	0.9965035021305084	0.9825174808502197
3	310	0.9807692170143127	1.0	0.9895105063915253
3	311	0.9737762063741684	0.9982517510652542	0.9895105063915253
3	312	0.9737762063741684	0.9982517510652542	0.9860140085220336
3	313	0.9860140085220336	1.0	0.9965035021305084
3	314	0.9877622574567794	1.0	0.9930070042610168
3	315	0.9772727191448212	1.0	0.9965035021305084
3	316	0.9737762063741684	1.0	0.9930070042610168
3	317	0.9807692170143127	1.0	0.9965035021305084
3	318	0.9755244702100754	1.0	0.9930070042610168
3	319	0.9807692170143127	0.9930070042610168	0.9930070042610168
3	320	0.9930070042610168	1.0	1.0
3	321	0.9860140085220336	1.0	1.0
3	322	0.9755244702100754	1.0	0.9930070042610168
3	323	0.9685314595699311	1.0	0.9930070042610168
3	324	0.9825174659490585	1.0	0.9930070042610168
3	325	0.9877622574567794	0.9982517510652542	0.9930070042610168
3	326	0.9807692170143127	1.0	0.9965035021305084
3	327	0.9930070042610168	1.0	0.9965035021305084
3	328	0.9860140085220336	1.0	1.0
3	329	0.9825174659490585	1.0	0.9930070042610168
3	330	0.9930070042610168	1.0	0.9965035021305084
3	331	0.9877622574567794	1.0	0.9965035021305084
3	332	0.9947552531957626	1.0	1.0
3	333	0.9877622574567794	1.0	1.0
3	334	0.9930070042610168	1.0	0.9930070042610168
3	335	0.9930070042610168	1.0	1.0
3	336	0.9877622574567794	1.0	1.0
3	337	0.9895105063915252	1.0	1.0
3	338	0.9947552531957626	1.0	1.0
3	339	0.9825174659490585	1.0	0.9930070042610168
3	340	0.9930070042610168	1.0	0.9930070042610168
3	341	0.9825174659490585	1.0	0.9965035021305084
3	342	1.0	1.0	1.0
3	343	0.9947552531957626	1.0	1.0
3	344	0.9930070042610168	1.0	1.0
3	345	0.9947552531957626	1.0	1.0
3	346	0.9947552531957626	1.0	1.0
3	347	0.9947552531957626	1.0	1.0
3	348	0.9947552531957626	1.0	1.0
3	349	1.0	1.0	1.0
3	350	0.9930070042610168	1.0	1.0
3	351	1.0	1.0	1.0
3	352	0.9930070042610168	1.0	1.0
3	353	1.0	1.0	1.0
3	354	0.9947552531957626	1.0	1.0
3	355	1.0	1.0	1.0
3	356	0.9930070042610168	1.0	1.0
3	357	1.0	1.0	1.0
3	358	1.0	1.0	1.0
3	359	1.0	1.0	1.0
3	360	0.9930070042610168	1.0	1.0
3	361	1.0	1.0	1.0
3	362	0.9947552531957626	1.0	1.0
3	363	0.9947552531957626	1.0	1.0
3	364	1.0	1.0	1.0
3	365	0.9947552531957626	1.0	1.0
3	366	1.0	1.0	1.0
3	367	1.0	1.0	1.0
3	368	1.0	1.0	1.0
3	369	1.0	1.0	1.0
3	370	1.0	1.0	1.0
3	371	1.0	1.0	1.0
3	372	1.0	1.0	1.0
3	373	1.0	1.0	1.0
3	374	1.0	1.0	1.0
3	375	1.0	1.0	1.0
3	376	1.0	1.0	1.0
3	377	1.0	1.0	1.0
3	378	1.0	1.0	1.0
3	379	1.0	1.0	1.0
3	380	1.0	1.0	1.0
3	381	1.0	1.0	1.0
3	382	1.0	1.0	1.0
3	383	1.0	1.0	1.0
3	384	1.0	1.0	1.0
3	385	1.0	1.0	1.0
3	386	1.0	1.0	1.0
3	387	1.0	1.0	1.0
3	388	1.0	1.0	1.0
3	389	1.0	1.0	1.0
3	390	1.0	1.0	1.0
3	391	1.0	1.0	1.0
3	392	1.0	1.0	1.0
3	393	1.0	1.0	1.0
3	394	1.0	1.0	1.0
3	395	1.0	1.0	1.0
3	396	1.0	1.0	1.0
3	397	1.0	1.0	1.0
3	398	1.0	1.0	1.0
3	399	1.0	1.0	1.0
3	400	1.0	1.0	1.0
3	401	1.0	1.0	1.0
3	402	1.0	1.0	1.0
3	403	1.0	1.0	1.0
3	404	1.0	1.0	1.0
3	405	1.0	1.0	1.0
3	406	1.0	1.0	1.0
3	407	1.0	1.0	1.0
3	408	1.0	1.0	1.0
3	409	1.0	1.0	1.0
3	410	1.0	1.0	1.0
3	411	1.0	1.0	1.0
3	412	1.0	1.0	1.0
3	413	1.0	1.0	1.0
3	414	1.0	1.0	1.0
3	415	1.0	1.0	1.0
3	416	1.0	1.0	1.0
3	417	1.0	1.0	1.0
3	418	1.0	1.0	1.0
3	419	1.0	1.0	1.0
3	420	1.0	1.0	1.0
3	421	1.0	1.0	1.0
3	422	1.0	1.0	1.0
3	423	1.0	1.0	1.0
3	424	1.0	1.0	1.0
3	425	1.0	1.0	1.0
3	426	1.0	1.0	1.0
3	427	1.0	1.0	1.0
3	428	1.0	1.0	1.0
3	429	1.0	1.0	1.0
3	430	1.0	1.0	1.0
3	431	1.0	1.0	1.0
3	432	1.0	1.0	1.0
3	433	1.0	1.0	1.0
3	434	1.0	1.0	1.0
3	435	1.0	1.0	1.0
3	436	1.0	1.0	1.0
3	437	1.0	1.0	1.0
3	438	1.0	1.0	1.0
3	439	1.0	1.0	1.0
3	440	1.0	1.0	1.0
3	441	1.0	1.0	1.0
3	442	1.0	1.0	1.0
3	443	1.0	1.0	1.0
3	444	1.0	1.0	1.0
3	445	1.0	1.0	1.0
3	446	1.0	1.0	1.0
3	447	1.0	1.0	1.0
3	448	1.0	1.0	1.0
3	449	1.0	1.0	1.0
3	450	1.0	1.0	1.0
3	451	1.0	1.0	1.0
3	452	1.0	1.0	1.0
3	453	1.0	1.0	1.0
3	454	1.0	1.0	1.0
3	455	1.0	1.0	1.0
3	456	1.0	1.0	1.0
3	457	1.0	1.0	1.0
3	458	1.0	1.0	1.0
3	459	1.0	1.0	1.0
3	460	1.0	1.0	1.0
3	461	1.0	1.0	1.0
3	462	1.0	1.0	1.0
3	463	1.0	1.0	1.0
3	464	1.0	1.0	1.0
3	465	1.0	1.0	1.0
3	466	1.0	1.0	1.0
3	467	1.0	1.0	1.0
3	468	1.0	1.0	1.0
3	469	1.0	1.0	1.0
3	470	1.0	1.0	1.0
3	471	1.0	1.0	1.0
3	472	1.0	1.0	1.0
3	473	1.0	1.0	1.0
3	474	1.0	1.0	1.0
3	475	1.0	1.0	1.0
3	476	1.0	1.0	1.0
3	477	1.0	1.0	1.0
3	478	1.0	1.0	1.0
3	479	1.0	1.0	1.0
3	480	1.0	1.0	1.0
3	481	1.0	1.0	1.0
3	482	1.0	1.0	1.0
3	483	1.0	1.0	1.0
3	484	1.0	1.0	1.0
3	485	1.0	1.0	1.0
3	486	1.0	1.0	1.0
3	487	1.0	1.0	1.0
3	488	1.0	1.0	1.0
3	489	1.0	1.0	1.0
3	490	1.0	1.0	1.0
3	491	1.0	1.0	1.0
3	492	1.0	1.0	1.0
3	493	1.0	1.0	1.0
3	494	1.0	1.0	1.0
3	495	1.0	1.0	1.0
3	496	1.0	1.0	1.0
3	497	1.0	1.0	1.0
3	498	1.0	1.0	1.0
3	499	1.0	1.0	1.0
3	500	1.0	1.0	1.0
3	501	1.0	1.0	1.0
3	502	1.0	1.0	1.0
3	503	1.0	1.0	1.0
3	504	1.0	1.0	1.0
3	505	1.0	1.0	1.0
3	506	1.0	1.0	1.0
3	507	1.0	1.0	1.0
3	508	1.0	1.0	1.0
3	509	1.0	1.0	1.0
3	510	1.0	1.0	1.0
3	511	1.0	1.0	1.0
3	512	1.0	1.0	1.0
3	513	1.0	1.0	1.0
3	514	1.0	1.0	1.0
3	515	1.0	1.0	1.0
3	516	1.0	1.0	1.0
3	517	1.0	1.0	1.0
3	518	1.0	1.0	1.0
3	519	1.0	1.0	1.0
3	520	1.0	1.0	1.0
3	521	1.0	1.0	1.0
3	522	1.0	1.0	1.0
3	523	1.0	1.0	1.0
3	524	1.0	1.0	1.0
3	525	1.0	1.0	1.0
3	526	1.0	1.0	1.0
3	527	1.0	1.0	1.0
3	528	1.0	1.0	1.0
3	529	1.0	1.0	1.0
3	530	1.0	1.0	1.0
3	531	1.0	1.0	1.0
3	532	1.0	1.0	1.0
3	533	1.0	1.0	1.0
3	534	1.0	1.0	1.0
3	535	1.0	1.0	1.0
3	536	1.0	1.0	1.0
3	537	1.0	1.0	1.0
3	538	1.0	1.0	1.0
3	539	1.0	1.0	1.0
3	540	1.0	1.0	1.0
3	541	1.0	1.0	1.0
3	542	1.0	1.0	1.0
3	543	1.0	1.0	1.0
3	544	1.0	1.0	1.0
3	545	1.0	1.0	1.0
3	546	1.0	1.0	1.0
3	547	1.0	1.0	1.0
3	548	1.0	1.0	1.0
3	549	1.0	1.0	1.0
3	550	1.0	1.0	1.0
3	551	1.0	1.0	1.0
3	552	1.0	1.0	1.0
3	553	1.0	1.0	1.0
3	554	1.0	1.0	1.0
3	555	1.0	1.0	1.0
3	556	1.0	1.0	1.0
3	557	1.0	1.0	1.0
3	558	1.0	1.0	1.0
3	559	1.0	1.0	1.0
3	560	1.0	1.0	1.0
3	561	1.0	1.0	1.0
3	562	1.0	1.0	1.0
3	563	1.0	1.0	1.0
3	564	1.0	1.0	1.0
3	565	1.0	1.0	1.0
3	566	1.0	1.0	1.0
3	567	1.0	1.0	1.0
3	568	1.0	1.0	1.0
3	569	1.0	1.0	1.0
3	570	1.0	1.0	1.0
3	571	1.0	1.0	1.0
3	572	1.0	1.0	1.0
3	573	1.0	1.0	1.0
3	574	1.0	1.0	1.0
3	575	1.0	1.0	1.0
3	576	1.0	1.0	1.0
3	577	1.0	1.0	1.0
3	578	1.0	1.0	1.0
3	579	1.0	1.0	1.0
3	580	1.0	1.0	1.0
3	581	1.0	1.0	1.0
3	582	1.0	1.0	1.0
3	583	1.0	1.0	1.0
3	584	1.0	1.0	1.0
3	585	1.0	1.0	1.0
3	586	1.0	1.0	1.0
3	587	1.0	1.0	1.0
3	588	1.0	1.0	1.0
3	589	1.0	1.0	1.0
3	590	1.0	1.0	1.0
3	591	1.0	1.0	1.0
3	592	1.0	1.0	1.0
3	593	1.0	1.0	1.0
3	594	1.0	1.0	1.0
3	595	1.0	1.0	1.0
3	596	1.0	1.0	1.0
3	597	1.0	1.0	1.0
3	598	1.0	1.0	1.0
3	599	1.0	1.0	1.0
3	600	1.0	1.0	1.0
3	601	1.0	1.0	1.0
3	602	1.0	1.0	1.0
3	603	1.0	1.0	1.0
3	604	1.0	1.0	1.0
3	605	1.0	1.0	1.0
3	606	1.0	1.0	1.0
3	607	1.0	1.0	1.0
3	608	1.0	1.0	1.0
3	609	1.0	1.0	1.0
3	610	1.0	1.0	1.0
3	611	1.0	1.0	1.0
3	612	1.0	1.0	1.0
3	613	1.0	1.0	1.0
3	614	1.0	1.0	1.0
3	615	1.0	1.0	1.0
3	616	1.0	1.0	1.0
3	617	1.0	1.0	1.0
3	618	1.0	1.0	1.0
3	619	1.0	1.0	1.0
3	620	1.0	1.0	1.0
3	621	1.0	1.0	1.0
3	622	1.0	1.0	1.0
3	623	1.0	1.0	1.0
3	624	1.0	1.0	1.0
3	625	1.0	1.0	1.0
3	626	1.0	1.0	1.0
3	627	1.0	1.0	1.0
3	628	1.0	1.0	1.0
3	629	1.0	1.0	1.0
3	630	1.0	1.0	1.0
3	631	1.0	1.0	1.0
3	632	1.0	1.0	1.0
3	633	1.0	1.0	1.0
3	634	1.0	1.0	1.0
3	635	1.0	1.0	1.0
3	636	1.0	1.0	1.0
3	637	1.0	1.0	1.0
3	638	1.0	1.0	1.0
3	639	1.0	1.0	1.0
3	640	1.0	1.0	1.0
3	641	1.0	1.0	1.0
3	642	1.0	1.0	1.0
3	643	1.0	1.0	1.0
3	644	1.0	1.0	1.0
3	645	1.0	1.0	1.0
3	646	1.0	1.0	1.0
3	647	1.0	1.0	1.0
3	648	1.0	1.0	1.0
3	649	1.0	1.0	1.0
3	650	1.0	1.0	1.0
3	651	1.0	1.0	1.0
3	652	1.0	1.0	1.0
3	653	1.0	1.0	1.0
3	654	1.0	1.0	1.0
3	655	1.0	1.0	1.0
3	656	1.0	1.0	1.0
3	657	1.0	1.0	1.0
3	658	1.0	1.0	1.0
3	659	1.0	1.0	1.0
3	660	1.0	1.0	1.0
3	661	1.0	1.0	1.0
3	662	1.0	1.0	1.0
3	663	1.0	1.0	1.0
3	664	1.0	1.0	1.0
3	665	1.0	1.0	1.0
3	666	1.0	1.0	1.0
3	667	1.0	1.0	1.0
3	668	1.0	1.0	1.0
3	669	1.0	1.0	1.0
3	670	1.0	1.0	1.0
3	671	1.0	1.0	1.0
3	672	1.0	1.0	1.0
3	673	1.0	1.0	1.0
3	674	1.0	1.0	1.0
3	675	1.0	1.0	1.0
3	676	1.0	1.0	1.0
3	677	1.0	1.0	1.0
3	678	1.0	1.0	1.0
3	679	1.0	1.0	1.0
3	680	1.0	1.0	1.0
3	681	1.0	1.0	1.0
3	682	1.0	1.0	1.0
3	683	1.0	1.0	1.0
3	684	1.0	1.0	1.0
3	685	1.0	1.0	1.0
3	686	1.0	1.0	1.0
3	687	1.0	1.0	1.0
3	688	1.0	1.0	1.0
3	689	1.0	1.0	1.0
3	690	1.0	1.0	1.0
3	691	1.0	1.0	1.0
3	692	1.0	1.0	1.0
3	693	1.0	1.0	1.0
3	694	1.0	1.0	1.0
3	695	1.0	1.0	1.0
3	696	1.0	1.0	1.0
3	697	1.0	1.0	1.0
3	698	1.0	1.0	1.0
3	699	1.0	1.0	1.0
3	700	1.0	1.0	1.0
3	701	1.0	1.0	1.0
3	702	1.0	1.0	1.0
3	703	1.0	1.0	1.0
3	704	1.0	1.0	1.0
3	705	1.0	1.0	1.0
3	706	1.0	1.0	1.0
3	707	1.0	1.0	1.0
3	708	1.0	1.0	1.0
3	709	1.0	1.0	1.0
3	710	1.0	1.0	1.0
3	711	1.0	1.0	1.0
3	712	1.0	1.0	1.0
3	713	1.0	1.0	1.0
3	714	1.0	1.0	1.0
3	715	1.0	1.0	1.0
3	716	1.0	1.0	1.0
3	717	1.0	1.0	1.0
3	718	1.0	1.0	1.0
3	719	1.0	1.0	1.0
3	720	1.0	1.0	1.0
3	721	1.0	1.0	1.0
3	722	1.0	1.0	1.0
3	723	1.0	1.0	1.0
3	724	1.0	1.0	1.0
3	725	1.0	1.0	1.0
3	726	1.0	1.0	1.0
3	727	1.0	1.0	1.0
3	728	1.0	1.0	1.0
3	729	1.0	1.0	1.0
3	730	1.0	1.0	1.0
3	731	1.0	1.0	1.0
3	732	1.0	1.0	1.0
3	733	1.0	1.0	1.0
3	734	1.0	1.0	1.0
3	735	1.0	1.0	1.0
3	736	1.0	1.0	1.0
3	737	1.0	1.0	1.0
3	738	1.0	1.0	1.0
3	739	1.0	1.0	1.0
3	740	1.0	1.0	1.0
3	741	1.0	1.0	1.0
3	742	1.0	1.0	1.0
3	743	1.0	1.0	1.0
3	744	1.0	1.0	1.0
3	745	1.0	1.0	1.0
3	746	1.0	1.0	1.0
3	747	1.0	1.0	1.0
3	748	1.0	1.0	1.0
3	749	1.0	1.0	1.0
3	750	1.0	1.0	1.0
3	751	1.0	1.0	1.0
3	752	1.0	1.0	1.0
3	753	1.0	1.0	1.0
3	754	1.0	1.0	1.0
3	755	1.0	1.0	1.0
3	756	1.0	1.0	1.0
3	757	1.0	1.0	1.0
3	758	1.0	1.0	1.0
3	759	1.0	1.0	1.0
3	760	1.0	1.0	1.0
3	761	1.0	1.0	1.0
3	762	1.0	1.0	1.0
3	763	1.0	1.0	1.0
3	764	1.0	1.0	1.0
3	765	1.0	1.0	1.0
3	766	1.0	1.0	1.0
3	767	1.0	1.0	1.0
3	768	1.0	1.0	1.0
3	769	1.0	1.0	1.0
3	770	1.0	1.0	1.0
3	771	1.0	1.0	1.0
3	772	1.0	1.0	1.0
3	773	1.0	1.0	1.0
3	774	1.0	1.0	1.0
3	775	1.0	1.0	1.0
3	776	1.0	1.0	1.0
3	777	1.0	1.0	1.0
3	778	1.0	1.0	1.0
3	779	1.0	1.0	1.0
3	780	1.0	1.0	1.0
3	781	1.0	1.0	1.0
3	782	1.0	1.0	1.0
3	783	1.0	1.0	1.0
3	784	1.0	1.0	1.0
3	785	1.0	1.0	1.0
3	786	1.0	1.0	1.0
3	787	1.0	1.0	1.0
3	788	1.0	1.0	1.0
3	789	1.0	1.0	1.0
3	790	1.0	1.0	1.0
3	791	1.0	1.0	1.0
3	792	1.0	1.0	1.0
3	793	1.0	1.0	1.0
3	794	1.0	1.0	1.0
3	795	1.0	1.0	1.0
3	796	1.0	1.0	1.0
3	797	1.0	1.0	1.0
3	798	1.0	1.0	1.0
3	799	1.0	1.0	1.0
3	800	1.0	1.0	1.0
3	801	1.0	1.0	1.0
3	802	1.0	1.0	1.0
3	803	1.0	1.0	1.0
3	804	1.0	1.0	1.0
3	805	1.0	1.0	1.0
3	806	1.0	1.0	1.0
3	807	1.0	1.0	1.0
3	808	1.0	1.0	1.0
3	809	1.0	1.0	1.0
3	810	1.0	1.0	1.0
3	811	1.0	1.0	1.0
3	812	1.0	1.0	1.0
3	813	1.0	1.0	1.0
3	814	1.0	1.0	1.0
3	815	1.0	1.0	1.0
3	816	1.0	1.0	1.0
3	817	1.0	1.0	1.0
3	818	1.0	1.0	1.0
3	819	1.0	1.0	1.0
3	820	1.0	1.0	1.0
3	821	1.0	1.0	1.0
3	822	1.0	1.0	1.0
3	823	1.0	1.0	1.0
3	824	1.0	1.0	1.0
3	825	1.0	1.0	1.0
3	826	1.0	1.0	1.0
3	827	1.0	1.0	1.0
3	828	1.0	1.0	1.0
3	829	1.0	1.0	1.0
3	830	1.0	1.0	1.0
3	831	1.0	1.0	1.0
3	832	1.0	1.0	1.0
3	833	1.0	1.0	1.0
3	834	1.0	1.0	1.0
3	835	1.0	1.0	1.0
3	836	1.0	1.0	1.0
3	837	1.0	1.0	1.0
3	838	1.0	1.0	1.0
3	839	1.0	1.0	1.0
3	840	1.0	1.0	1.0
3	841	1.0	1.0	1.0
3	842	1.0	1.0	1.0
3	843	1.0	1.0	1.0
3	844	1.0	1.0	1.0
3	845	1.0	1.0	1.0
3	846	1.0	1.0	1.0
3	847	1.0	1.0	1.0
3	848	1.0	1.0	1.0
3	849	1.0	1.0	1.0
3	850	1.0	1.0	1.0
3	851	1.0	1.0	1.0
3	852	1.0	1.0	1.0
3	853	1.0	1.0	1.0
3	854	1.0	1.0	1.0
3	855	1.0	1.0	1.0
3	856	1.0	1.0	1.0
3	857	1.0	1.0	1.0
3	858	1.0	1.0	1.0
3	859	1.0	1.0	1.0
3	860	1.0	1.0	1.0
3	861	1.0	1.0	1.0
3	862	1.0	1.0	1.0
3	863	1.0	1.0	1.0
3	864	1.0	1.0	1.0
3	865	1.0	1.0	1.0
3	866	1.0	1.0	1.0
3	867	1.0	1.0	1.0
3	868	1.0	1.0	1.0
3	869	1.0	1.0	1.0
3	870	1.0	1.0	1.0
3	871	1.0	1.0	1.0
3	872	1.0	1.0	1.0
3	873	1.0	1.0	1.0
3	874	1.0	1.0	1.0
3	875	1.0	1.0	1.0
3	876	1.0	1.0	1.0
3	877	1.0	1.0	1.0
3	878	1.0	1.0	1.0
3	879	1.0	1.0	1.0
3	880	1.0	1.0	1.0
3	881	1.0	1.0	1.0
3	882	1.0	1.0	1.0
3	883	1.0	1.0	1.0
3	884	1.0	1.0	1.0
3	885	1.0	1.0	1.0
3	886	1.0	1.0	1.0
3	887	1.0	1.0	1.0
3	888	1.0	1.0	1.0
3	889	1.0	1.0	1.0
3	890	1.0	1.0	1.0
3	891	1.0	1.0	1.0
3	892	1.0	1.0	1.0
3	893	1.0	1.0	1.0
3	894	1.0	1.0	1.0
3	895	1.0	1.0	1.0
3	896	1.0	1.0	1.0
3	897	1.0	1.0	1.0
3	898	1.0	1.0	1.0
3	899	1.0	1.0	1.0
3	900	1.0	1.0	1.0
3	901	1.0	1.0	1.0
3	902	1.0	1.0	1.0
3	903	1.0	1.0	1.0
3	904	1.0	1.0	1.0
3	905	1.0	1.0	1.0
3	906	1.0	1.0	1.0
3	907	1.0	1.0	1.0
3	908	1.0	1.0	1.0
3	909	1.0	1.0	1.0
3	910	1.0	1.0	1.0
3	911	1.0	1.0	1.0
3	912	1.0	1.0	1.0
3	913	1.0	1.0	1.0
3	914	1.0	1.0	1.0
3	915	1.0	1.0	1.0
3	916	1.0	1.0	1.0
3	917	1.0	1.0	1.0
3	918	1.0	1.0	1.0
3	919	1.0	1.0	1.0
3	920	1.0	1.0	1.0
3	921	1.0	1.0	1.0
3	922	1.0	1.0	1.0
3	923	1.0	1.0	1.0
3	924	1.0	1.0	1.0
3	925	1.0	1.0	1.0
3	926	1.0	1.0	1.0
3	927	1.0	1.0	1.0
3	928	1.0	1.0	1.0
3	929	1.0	1.0	1.0
3	930	1.0	1.0	1.0
3	931	1.0	1.0	1.0
3	932	1.0	1.0	1.0
3	933	1.0	1.0	1.0
3	934	1.0	1.0	1.0
3	935	1.0	1.0	1.0
3	936	1.0	1.0	1.0
3	937	1.0	1.0	1.0
3	938	1.0	1.0	1.0
3	939	1.0	1.0	1.0
3	940	1.0	1.0	1.0
3	941	1.0	1.0	1.0
3	942	1.0	1.0	1.0
3	943	1.0	1.0	1.0
3	944	1.0	1.0	1.0
3	945	1.0	1.0	1.0
3	946	1.0	1.0	1.0
3	947	1.0	1.0	1.0
3	948	1.0	1.0	1.0
3	949	1.0	1.0	1.0
3	950	1.0	1.0	1.0
3	951	1.0	1.0	1.0
3	952	1.0	1.0	1.0
3	953	1.0	1.0	1.0
3	954	1.0	1.0	1.0
3	955	1.0	1.0	1.0
3	956	1.0	1.0	1.0
3	957	1.0	1.0	1.0
3	958	1.0	1.0	1.0
3	959	1.0	1.0	1.0
3	960	1.0	1.0	1.0
3	961	1.0	1.0	1.0
3	962	1.0	1.0	1.0
3	963	1.0	1.0	1.0
3	964	1.0	1.0	1.0
3	965	1.0	1.0	1.0
3	966	1.0	1.0	1.0
3	967	1.0	1.0	1.0
3	968	1.0	1.0	1.0
3	969	1.0	1.0	1.0
3	970	1.0	1.0	1.0
3	971	1.0	1.0	1.0
3	972	1.0	1.0	1.0
3	973	1.0	1.0	1.0
3	974	1.0	1.0	1.0
3	975	1.0	1.0	1.0
3	976	1.0	1.0	1.0
3	977	1.0	1.0	1.0
3	978	1.0	1.0	1.0
3	979	1.0	1.0	1.0
3	980	1.0	1.0	1.0
3	981	1.0	1.0	1.0
3	982	1.0	1.0	1.0
3	983	1.0	1.0	1.0
3	984	1.0	1.0	1.0
3	985	1.0	1.0	1.0
3	986	1.0	1.0	1.0
3	987	1.0	1.0	1.0
3	988	1.0	1.0	1.0
3	989	1.0	1.0	1.0
3	990	1.0	1.0	1.0
3	991	1.0	1.0	1.0
3	992	1.0	1.0	1.0
3	993	1.0	1.0	1.0
3	994	1.0	1.0	1.0
3	995	1.0	1.0	1.0
3	996	1.0	1.0	1.0
3	997	1.0	1.0	1.0
3	998	1.0	1.0	1.0
3	999	1.0	1.0	1.0
3	1000	1.0	1.0	1.0
3	1001	1.0	1.0	1.0
3	1002	1.0	1.0	1.0
3	1003	1.0	1.0	1.0
3	1004	1.0	1.0	1.0
3	1005	1.0	1.0	1.0
3	1006	1.0	1.0	1.0
3	1007	1.0	1.0	1.0
3	1008	1.0	1.0	1.0
3	1009	1.0	1.0	1.0
3	1010	1.0	1.0	1.0
3	1011	1.0	1.0	1.0
3	1012	1.0	1.0	1.0
3	1013	1.0	1.0	1.0
3	1014	1.0	1.0	1.0
3	1015	1.0	1.0	1.0
3	1016	1.0	1.0	1.0
3	1017	1.0	1.0	1.0
3	1018	1.0	1.0	1.0
3	1019	1.0	1.0	1.0
3	1020	1.0	1.0	1.0
3	1021	1.0	1.0	1.0
3	1022	1.0	1.0	1.0
3	1023	1.0	1.0	1.0
3	1024	1.0	1.0	1.0
3	1025	1.0	1.0	1.0
3	1026	1.0	1.0	1.0
3	1027	1.0	1.0	1.0
3	1028	1.0	1.0	1.0
3	1029	1.0	1.0	1.0
3	1030	1.0	1.0	1.0
3	1031	1.0	1.0	1.0
3	1032	1.0	1.0	1.0
3	1033	1.0	1.0	1.0
3	1034	1.0	1.0	1.0
3	1035	1.0	1.0	1.0
3	1036	1.0	1.0	1.0
3	1037	1.0	1.0	1.0
3	1038	1.0	1.0	1.0
3	1039	1.0	1.0	1.0
3	1040	1.0	1.0	1.0
3	1041	1.0	1.0	1.0
3	1042	1.0	1.0	1.0
3	1043	1.0	1.0	1.0
3	1044	1.0	1.0	1.0
3	1045	1.0	1.0	1.0
3	1046	1.0	1.0	1.0
3	1047	1.0	1.0	1.0
3	1048	1.0	1.0	1.0
3	1049	1.0	1.0	1.0
3	1050	1.0	1.0	1.0
3	1051	1.0	1.0	1.0
3	1052	1.0	1.0	1.0
3	1053	1.0	1.0	1.0
3	1054	1.0	1.0	1.0
3	1055	1.0	1.0	1.0
3	1056	1.0	1.0	1.0
3	1057	1.0	1.0	1.0
3	1058	1.0	1.0	1.0
3	1059	1.0	1.0	1.0
3	1060	1.0	1.0	1.0
3	1061	1.0	1.0	1.0
3	1062	1.0	1.0	1.0
3	1063	1.0	1.0	1.0
3	1064	1.0	1.0	1.0
3	1065	1.0	1.0	1.0
3	1066	1.0	1.0	1.0
3	1067	1.0	1.0	1.0
3	1068	1.0	1.0	1.0
3	1069	1.0	1.0	1.0
3	1070	1.0	1.0	1.0
3	1071	1.0	1.0	1.0
3	1072	1.0	1.0	1.0
3	1073	1.0	1.0	1.0
3	1074	1.0	1.0	1.0
3	1075	1.0	1.0	1.0
3	1076	1.0	1.0	1.0
3	1077	1.0	1.0	1.0
3	1078	1.0	1.0	1.0
3	1079	1.0	1.0	1.0
3	1080	1.0	1.0	1.0
3	1081	1.0	1.0	1.0
3	1082	1.0	1.0	1.0
3	1083	1.0	1.0	1.0
3	1084	1.0	1.0	1.0
3	1085	1.0	1.0	1.0
3	1086	1.0	1.0	1.0
3	1087	1.0	1.0	1.0
3	1088	1.0	1.0	1.0
3	1089	1.0	1.0	1.0
3	1090	1.0	1.0	1.0
3	1091	1.0	1.0	1.0
3	1092	1.0	1.0	1.0
3	1093	1.0	1.0	1.0
3	1094	1.0	1.0	1.0
3	1095	1.0	1.0	1.0
3	1096	1.0	1.0	1.0
3	1097	1.0	1.0	1.0
3	1098	1.0	1.0	1.0
3	1099	1.0	1.0	1.0
3	1100	1.0	1.0	1.0
3	1101	1.0	1.0	1.0
3	1102	1.0	1.0	1.0
3	1103	1.0	1.0	1.0
3	1104	1.0	1.0	1.0
3	1105	1.0	1.0	1.0
3	1106	1.0	1.0	1.0
3	1107	1.0	1.0	1.0
3	1108	1.0	1.0	1.0
3	1109	1.0	1.0	1.0
3	1110	1.0	1.0	1.0
3	1111	1.0	1.0	1.0
3	1112	1.0	1.0	1.0
3	1113	1.0	1.0	1.0
3	1114	1.0	1.0	1.0
3	1115	1.0	1.0	1.0
3	1116	1.0	1.0	1.0
3	1117	1.0	1.0	1.0
3	1118	1.0	1.0	1.0
3	1119	1.0	1.0	1.0
3	1120	1.0	1.0	1.0
3	1121	1.0	1.0	1.0
3	1122	1.0	1.0	1.0
3	1123	1.0	1.0	1.0
3	1124	1.0	1.0	1.0
3	1125	1.0	1.0	1.0
3	1126	1.0	1.0	1.0
3	1127	1.0	1.0	1.0
3	1128	1.0	1.0	1.0
3	1129	1.0	1.0	1.0
3	1130	1.0	1.0	1.0
3	1131	1.0	1.0	1.0
3	1132	1.0	1.0	1.0
3	1133	1.0	1.0	1.0
3	1134	1.0	1.0	1.0
3	1135	1.0	1.0	1.0
3	1136	1.0	1.0	1.0
3	1137	1.0	1.0	1.0
3	1138	1.0	1.0	1.0
3	1139	1.0	1.0	1.0
3	1140	1.0	1.0	1.0
3	1141	1.0	1.0	1.0
3	1142	1.0	1.0	1.0
3	1143	1.0	1.0	1.0
3	1144	1.0	1.0	1.0
3	1145	1.0	1.0	1.0
3	1146	1.0	1.0	1.0
3	1147	1.0	1.0	1.0
3	1148	1.0	1.0	1.0
3	1149	1.0	1.0	1.0
3	1150	1.0	1.0	1.0
3	1151	1.0	1.0	1.0
3	1152	1.0	1.0	1.0
3	1153	1.0	1.0	1.0
3	1154	1.0	1.0	1.0
3	1155	1.0	1.0	1.0
3	1156	1.0	1.0	1.0
3	1157	1.0	1.0	1.0
3	1158	1.0	1.0	1.0
3	1159	1.0	1.0	1.0
3	1160	1.0	1.0	1.0
3	1161	1.0	1.0	1.0
3	1162	1.0	1.0	1.0
3	1163	1.0	1.0	1.0
3	1164	1.0	1.0	1.0
3	1165	1.0	1.0	1.0
3	1166	1.0	1.0	1.0
3	1167	1.0	1.0	1.0
3	1168	1.0	1.0	1.0
3	1169	1.0	1.0	1.0
3	1170	1.0	1.0	1.0
3	1171	1.0	1.0	1.0
3	1172	1.0	1.0	1.0
3	1173	1.0	1.0	1.0
3	1174	1.0	1.0	1.0
3	1175	1.0	1.0	1.0
3	1176	1.0	1.0	1.0
3	1177	1.0	1.0	1.0
3	1178	1.0	1.0	1.0
3	1179	1.0	1.0	1.0
3	1180	1.0	1.0	1.0
3	1181	1.0	1.0	1.0
3	1182	1.0	1.0	1.0
3	1183	1.0	1.0	1.0
3	1184	1.0	1.0	1.0
3	1185	1.0	1.0	1.0
3	1186	1.0	1.0	1.0
3	1187	1.0	1.0	1.0
3	1188	1.0	1.0	1.0
3	1189	1.0	1.0	1.0
3	1190	1.0	1.0	1.0
3	1191	1.0	1.0	1.0
3	1192	1.0	1.0	1.0
3	1193	1.0	1.0	1.0
3	1194	1.0	1.0	1.0
3	1195	1.0	1.0	1.0
3	1196	1.0	1.0	1.0
3	1197	1.0	1.0	1.0
3	1198	1.0	1.0	1.0
3	1199	1.0	1.0	1.0
3	1200	1.0	1.0	1.0
3	1201	1.0	1.0	1.0
3	1202	1.0	1.0	1.0
3	1203	1.0	1.0	1.0
3	1204	1.0	1.0	1.0
3	1205	1.0	1.0	1.0
3	1206	1.0	1.0	1.0
3	1207	1.0	1.0	1.0
3	1208	1.0	1.0	1.0
3	1209	1.0	1.0	1.0
3	1210	1.0	1.0	1.0
3	1211	1.0	1.0	1.0
3	1212	1.0	1.0	1.0
3	1213	1.0	1.0	1.0
3	1214	1.0	1.0	1.0
3	1215	1.0	1.0	1.0
3	1216	1.0	1.0	1.0
3	1217	1.0	1.0	1.0
3	1218	1.0	1.0	1.0
3	1219	1.0	1.0	1.0
3	1220	1.0	1.0	1.0
3	1221	1.0	1.0	1.0
3	1222	1.0	1.0	1.0
3	1223	1.0	1.0	1.0
3	1224	1.0	1.0	1.0
3	1225	1.0	1.0	1.0
3	1226	1.0	1.0	1.0
3	1227	1.0	1.0	1.0
3	1228	1.0	1.0	1.0
3	1229	1.0	1.0	1.0
3	1230	1.0	1.0	1.0
3	1231	1.0	1.0	1.0
3	1232	1.0	1.0	1.0
3	1233	1.0	1.0	1.0
3	1234	1.0	1.0	1.0
3	1235	1.0	1.0	1.0
3	1236	1.0	1.0	1.0
3	1237	1.0	1.0	1.0
3	1238	1.0	1.0	1.0
3	1239	1.0	1.0	1.0
3	1240	1.0	1.0	1.0
3	1241	1.0	1.0	1.0
3	1242	1.0	1.0	1.0
3	1243	1.0	1.0	1.0
3	1244	1.0	1.0	1.0
3	1245	1.0	1.0	1.0
3	1246	1.0	1.0	1.0
3	1247	1.0	1.0	1.0
3	1248	1.0	1.0	1.0
3	1249	1.0	1.0	1.0
3	1250	1.0	1.0	1.0
3	1251	1.0	1.0	1.0
3	1252	1.0	1.0	1.0
3	1253	1.0	1.0	1.0
3	1254	1.0	1.0	1.0
3	1255	1.0	1.0	1.0
3	1256	1.0	1.0	1.0
3	1257	1.0	1.0	1.0
3	1258	1.0	1.0	1.0
3	1259	1.0	1.0	1.0
3	1260	1.0	1.0	1.0
3	1261	1.0	1.0	1.0
3	1262	1.0	1.0	1.0
3	1263	1.0	1.0	1.0
3	1264	1.0	1.0	1.0
3	1265	1.0	1.0	1.0
3	1266	1.0	1.0	1.0
3	1267	1.0	1.0	1.0
3	1268	1.0	1.0	1.0
3	1269	1.0	1.0	1.0
3	1270	1.0	1.0	1.0
3	1271	1.0	1.0	1.0
3	1272	1.0	1.0	1.0
3	1273	1.0	1.0	1.0
3	1274	1.0	1.0	1.0
3	1275	1.0	1.0	1.0
3	1276	1.0	1.0	1.0
3	1277	1.0	1.0	1.0
3	1278	1.0	1.0	1.0
3	1279	1.0	1.0	1.0
3	1280	1.0	1.0	1.0
3	1281	1.0	1.0	1.0
3	1282	1.0	1.0	1.0
3	1283	1.0	1.0	1.0
3	1284	1.0	1.0	1.0
3	1285	1.0	1.0	1.0
3	1286	1.0	1.0	1.0
3	1287	1.0	1.0	1.0
3	1288	1.0	1.0	1.0
3	1289	1.0	1.0	1.0
3	1290	1.0	1.0	1.0
3	1291	1.0	1.0	1.0
3	1292	1.0	1.0	1.0
3	1293	1.0	1.0	1.0
3	1294	1.0	1.0	1.0
3	1295	1.0	1.0	1.0
3	1296	1.0	1.0	1.0
3	1297	1.0	1.0	1.0
3	1298	1.0	1.0	1.0
3	1299	1.0	1.0	1.0
3	1300	1.0	1.0	1.0
3	1301	1.0	1.0	1.0
3	1302	1.0	1.0	1.0
3	1303	1.0	1.0	1.0
3	1304	1.0	1.0	1.0
3	1305	1.0	1.0	1.0
3	1306	1.0	1.0	1.0
3	1307	1.0	1.0	1.0
3	1308	1.0	1.0	1.0
3	1309	1.0	1.0	1.0
3	1310	1.0	1.0	1.0
3	1311	1.0	1.0	1.0
3	1312	1.0	1.0	1.0
3	1313	1.0	1.0	1.0
3	1314	1.0	1.0	1.0
3	1315	1.0	1.0	1.0
3	1316	1.0	1.0	1.0
3	1317	1.0	1.0	1.0
3	1318	1.0	1.0	1.0
3	1319	1.0	1.0	1.0
3	1320	1.0	1.0	1.0
3	1321	1.0	1.0	1.0
3	1322	1.0	1.0	1.0
3	1323	1.0	1.0	1.0
3	1324	1.0	1.0	1.0
3	1325	1.0	1.0	1.0
3	1326	1.0	1.0	1.0
3	1327	1.0	1.0	1.0
3	1328	1.0	1.0	1.0
3	1329	1.0	1.0	1.0
3	1330	1.0	1.0	1.0
3	1331	1.0	1.0	1.0
3	1332	1.0	1.0	1.0
3	1333	1.0	1.0	1.0
3	1334	1.0	1.0	1.0
3	1335	1.0	1.0	1.0
3	1336	1.0	1.0	1.0
3	1337	1.0	1.0	1.0
3	1338	1.0	1.0	1.0
3	1339	1.0	1.0	1.0
3	1340	1.0	1.0	1.0
3	1341	1.0	1.0	1.0
3	1342	1.0	1.0	1.0
3	1343	1.0	1.0	1.0
3	1344	1.0	1.0	1.0
3	1345	1.0	1.0	1.0
3	1346	1.0	1.0	1.0
3	1347	1.0	1.0	1.0
3	1348	1.0	1.0	1.0
3	1349	1.0	1.0	1.0
3	1350	1.0	1.0	1.0
3	1351	1.0	1.0	1.0
3	1352	1.0	1.0	1.0
3	1353	1.0	1.0	1.0
3	1354	1.0	1.0	1.0
3	1355	1.0	1.0	1.0
3	1356	1.0	1.0	1.0
3	1357	1.0	1.0	1.0
3	1358	1.0	1.0	1.0
3	1359	1.0	1.0	1.0
3	1360	1.0	1.0	1.0
3	1361	1.0	1.0	1.0
3	1362	1.0	1.0	1.0
3	1363	1.0	1.0	1.0
3	1364	1.0	1.0	1.0
3	1365	1.0	1.0	1.0
3	1366	1.0	1.0	1.0
3	1367	1.0	1.0	1.0
3	1368	1.0	1.0	1.0
3	1369	1.0	1.0	1.0
3	1370	1.0	1.0	1.0
3	1371	1.0	1.0	1.0
3	1372	1.0	1.0	1.0
3	1373	1.0	1.0	1.0
3	1374	1.0	1.0	1.0
3	1375	1.0	1.0	1.0
3	1376	1.0	1.0	1.0
3	1377	1.0	1.0	1.0
3	1378	1.0	1.0	1.0
3	1379	1.0	1.0	1.0
3	1380	1.0	1.0	1.0
3	1381	1.0	1.0	1.0
3	1382	1.0	1.0	1.0
3	1383	1.0	1.0	1.0
3	1384	1.0	1.0	1.0
3	1385	1.0	1.0	1.0
3	1386	1.0	1.0	1.0
3	1387	1.0	1.0	1.0
3	1388	1.0	1.0	1.0
3	1389	1.0	1.0	1.0
3	1390	1.0	1.0	1.0
3	1391	1.0	1.0	1.0
3	1392	1.0	1.0	1.0
3	1393	1.0	1.0	1.0
3	1394	1.0	1.0	1.0
3	1395	1.0	1.0	1.0
3	1396	1.0	1.0	1.0
3	1397	1.0	1.0	1.0
3	1398	1.0	1.0	1.0
3	1399	1.0	1.0	1.0
3	1400	1.0	1.0	1.0
3	1401	1.0	1.0	1.0
3	1402	1.0	1.0	1.0
3	1403	1.0	1.0	1.0
3	1404	1.0	1.0	1.0
3	1405	1.0	1.0	1.0
3	1406	1.0	1.0	1.0
3	1407	1.0	1.0	1.0
3	1408	1.0	1.0	1.0
3	1409	1.0	1.0	1.0
3	1410	1.0	1.0	1.0
3	1411	1.0	1.0	1.0
3	1412	1.0	1.0	1.0
3	1413	1.0	1.0	1.0
3	1414	1.0	1.0	1.0
3	1415	1.0	1.0	1.0
3	1416	1.0	1.0	1.0
3	1417	1.0	1.0	1.0
3	1418	1.0	1.0	1.0
3	1419	1.0	1.0	1.0
3	1420	1.0	1.0	1.0
3	1421	1.0	1.0	1.0
3	1422	1.0	1.0	1.0
3	1423	1.0	1.0	1.0
3	1424	1.0	1.0	1.0
3	1425	1.0	1.0	1.0
3	1426	1.0	1.0	1.0
3	1427	1.0	1.0	1.0
3	1428	1.0	1.0	1.0
3	1429	1.0	1.0	1.0
3	1430	1.0	1.0	1.0
3	1431	1.0	1.0	1.0
3	1432	1.0	1.0	1.0
3	1433	1.0	1.0	1.0
3	1434	1.0	1.0	1.0
3	1435	1.0	1.0	1.0
3	1436	1.0	1.0	1.0
3	1437	1.0	1.0	1.0
3	1438	1.0	1.0	1.0
3	1439	1.0	1.0	1.0
3	1440	1.0	1.0	1.0
3	1441	1.0	1.0	1.0
3	1442	1.0	1.0	1.0
3	1443	1.0	1.0	1.0
3	1444	1.0	1.0	1.0
3	1445	1.0	1.0	1.0
3	1446	1.0	1.0	1.0
3	1447	1.0	1.0	1.0
3	1448	1.0	1.0	1.0
3	1449	1.0	1.0	1.0
3	1450	1.0	1.0	1.0
3	1451	1.0	1.0	1.0
3	1452	1.0	1.0	1.0
3	1453	1.0	1.0	1.0
3	1454	1.0	1.0	1.0
3	1455	1.0	1.0	1.0
3	1456	1.0	1.0	1.0
3	1457	1.0	1.0	1.0
3	1458	1.0	1.0	1.0
3	1459	1.0	1.0	1.0
3	1460	1.0	1.0	1.0
3	1461	1.0	1.0	1.0
3	1462	1.0	1.0	1.0
3	1463	1.0	1.0	1.0
3	1464	1.0	1.0	1.0
3	1465	1.0	1.0	1.0
3	1466	1.0	1.0	1.0
3	1467	1.0	1.0	1.0
3	1468	1.0	1.0	1.0
3	1469	1.0	1.0	1.0
3	1470	1.0	1.0	1.0
3	1471	1.0	1.0	1.0
3	1472	1.0	1.0	1.0
3	1473	1.0	1.0	1.0
3	1474	1.0	1.0	1.0
3	1475	1.0	1.0	1.0
3	1476	1.0	1.0	1.0
3	1477	1.0	1.0	1.0
3	1478	1.0	1.0	1.0
3	1479	1.0	1.0	1.0
3	1480	1.0	1.0	1.0
3	1481	1.0	1.0	1.0
3	1482	1.0	1.0	1.0
3	1483	1.0	1.0	1.0
3	1484	1.0	1.0	1.0
3	1485	1.0	1.0	1.0
3	1486	1.0	1.0	1.0
3	1487	1.0	1.0	1.0
3	1488	1.0	1.0	1.0
3	1489	1.0	1.0	1.0
3	1490	1.0	1.0	1.0
3	1491	1.0	1.0	1.0
3	1492	1.0	1.0	1.0
3	1493	1.0	1.0	1.0
3	1494	1.0	1.0	1.0
3	1495	1.0	1.0	1.0
3	1496	1.0	1.0	1.0
3	1497	1.0	1.0	1.0
3	1498	1.0	1.0	1.0
3	1499	1.0	1.0	1.0
