target_set	iteration	accuracy_q1	accuracy_q3	accuracy_median
2	0	0.0862068980932235	0.0862068980932235	0.0862068980932235
2	1	0.09913793019950383	0.12715516798198218	0.11637930944561956
2	2	0.1637931019067764	0.17887930572032923	0.1637931019067764
2	3	0.16163792461156845	0.20474138483405113	0.1982758641242981
2	4	0.16810344532132146	0.24137930944561958	0.19827586412429804
2	5	0.1831896491348743	0.2586206793785095	0.19827586412429804
2	6	0.1982758641242981	0.23922413587570182	0.224137932062149
2	7	0.22629310563206667	0.2478448264300823	0.2327586263418197
2	8	0.20474138110876083	0.2413793057203292	0.22844827920198435
2	9	0.21767241135239598	0.26077586784958834	0.2327586188912391
2	10	0.224137932062149	0.2650862112641334	0.24137931317090985
2	11	0.2435344792902469	0.2844827473163605	0.2629310339689255
2	12	0.2521551698446274	0.2995689660310745	0.2629310339689255
2	13	0.2521551698446274	0.28663793951272964	0.2629310339689255
2	14	0.2672413885593414	0.30818964540958405	0.2801724076271057
2	15	0.30603448301553726	0.3448275923728943	0.32327586412429804
2	16	0.32112069427967066	0.3362068831920624	0.3318965435028076
2	17	0.33836206048727036	0.3663793131709098	0.34913793206214905
2	18	0.33836206048727036	0.3599137812852859	0.34913793206214905
2	19	0.3448275923728943	0.3771551698446273	0.35775862634181976
2	20	0.34051723033189774	0.4051724076271057	0.3965517282485962
2	21	0.3814655169844627	0.4137931168079376	0.3965517282485962
2	22	0.3706896603107452	0.45258621871471405	0.3879310488700866
2	23	0.3922413885593414	0.45258620381355286	0.4224137961864471
2	24	0.39870689809322357	0.4870689660310745	0.41379310190677643
2	25	0.4482758641242981	0.47844827175140375	0.46120689809322357
2	26	0.4288793131709098	0.5064655095338821	0.47844827175140375
2	27	0.4504310414195061	0.5215517431497574	0.49568964540958405
2	28	0.5107758492231369	0.5646551549434662	0.5215517282485962
2	29	0.5431034564971924	0.5646551549434662	0.5474137961864471
2	30	0.5538793057203293	0.6034482717514038	0.5732758641242981
2	31	0.5431034564971924	0.5754310488700867	0.5517241358757019
2	32	0.5711206793785095	0.6250000149011612	0.58189657330513
2	33	0.5775862336158752	0.6357758641242981	0.5905172526836395
2	34	0.5603448301553726	0.6077586114406586	0.5948275923728943
2	35	0.6034482717514038	0.6357758790254593	0.625
2	36	0.6056034415960312	0.6443965584039688	0.625
2	37	0.6185344755649567	0.66810342669487	0.650862067937851
2	38	0.6637930870056152	0.6788793206214905	0.66810342669487
2	39	0.6379310488700867	0.6767241507768631	0.6551724076271057
2	40	0.6551724076271057	0.681034505367279	0.6724137961864471
2	41	0.6573275774717331	0.7068965435028076	0.6853448450565338
2	42	0.6573275774717331	0.6875000149011612	0.66810342669487
2	43	0.6745689511299133	0.7219827324151993	0.7025862038135529
2	44	0.6745689511299133	0.732758641242981	0.7112068831920624
2	45	0.7004310339689255	0.732758641242981	0.7198275923728943
2	46	0.7262930870056152	0.7478448301553726	0.7370689809322357
2	47	0.691810354590416	0.7392241507768631	0.7068965435028076
2	48	0.7241379022598267	0.7478448301553726	0.7370689809322357
2	49	0.7198275774717331	0.7586206793785095	0.75
2	50	0.7349138110876083	0.75	0.7456896603107452
2	51	0.7413793206214905	0.7650861889123917	0.75
2	52	0.732758641242981	0.7737069129943848	0.7586206793785095
2	53	0.7521551698446274	0.767241358757019	0.7586206793785095
2	54	0.7370689809322357	0.7737069129943848	0.7629310190677643
2	55	0.7262930870056152	0.7737069129943848	0.7586206793785095
2	56	0.7521551698446274	0.767241358757019	0.767241358757019
2	57	0.75	0.7650861889123917	0.7586206793785095
2	58	0.7435344904661179	0.7758620977401733	0.7586206793785095
2	59	0.7607758492231369	0.7823276072740555	0.7715517282485962
2	60	0.7586206793785095	0.7844827771186829	0.7715517282485962
2	61	0.7521551698446274	0.790948286652565	0.767241358757019
2	62	0.767241358757019	0.7995689660310745	0.775862067937851
2	63	0.7586206793785095	0.7887931168079376	0.7715517282485962
2	64	0.7586206793785095	0.7931034564971924	0.7801724374294281
2	65	0.7521551698446274	0.7995689660310745	0.7801724076271057
2	66	0.767241358757019	0.7931034564971924	0.7801724374294281
2	67	0.7607758492231369	0.7931034564971924	0.7801724374294281
2	68	0.767241358757019	0.790948286652565	0.7844827771186829
2	69	0.7844827771186829	0.7995689660310745	0.7931034564971924
2	70	0.7844827771186829	0.8017241358757019	0.7931034564971924
2	71	0.7844827771186829	0.8060344755649567	0.7887931168079376
2	72	0.7801724374294281	0.7995689660310745	0.7931034564971924
2	73	0.7931034564971924	0.8017241358757019	0.7974137961864471
2	74	0.7780172675848007	0.7995689660310745	0.7887931168079376
2	75	0.7866379469633102	0.8168103247880936	0.7974137961864471
2	76	0.7931034564971924	0.8017241358757019	0.8017241358757019
2	77	0.7952586263418198	0.8103448152542114	0.8103448152542114
2	78	0.8017241358757019	0.8103448152542114	0.8103448152542114
2	79	0.7952586263418198	0.8275862336158752	0.8189655244350433
2	80	0.7887931168079376	0.818965494632721	0.8103448152542114
2	81	0.7931034564971924	0.8426724225282669	0.8146551549434662
2	82	0.8038793057203293	0.8254310488700867	0.8103448152542114
2	83	0.7887931168079376	0.838362067937851	0.8146551549434662
2	84	0.818965494632721	0.8362069129943848	0.8232758641242981
2	85	0.818965494632721	0.8448275923728943	0.8232758641242981
2	86	0.8103448152542114	0.8405172526836395	0.8275862336158752
2	87	0.8124999850988388	0.8340517431497574	0.8275862336158752
2	88	0.7952586263418198	0.8469827622175217	0.8103448152542114
2	89	0.8124999850988388	0.849137932062149	0.8275862336158752
2	90	0.8146551698446274	0.8448275923728943	0.8275862336158752
2	91	0.8297414034605026	0.8685344606637955	0.849137932062149
2	92	0.8060344755649567	0.8771551847457886	0.8362069129943848
2	93	0.8383620828390121	0.8448275923728943	0.8448275923728943
2	94	0.8297414034605026	0.8685344606637955	0.849137932062149
2	95	0.8297414034605026	0.8685344606637955	0.8448275923728943
2	96	0.8362069129943848	0.8793103694915771	0.8577586114406586
2	97	0.8383620828390121	0.8771551847457886	0.8663792908191681
2	98	0.8620689511299133	0.8836206942796707	0.8706896305084229
2	99	0.8383620828390121	0.8879310488700867	0.8534482717514038
2	100	0.8383620828390121	0.8771551847457886	0.8706896305084229
2	101	0.83189657330513	0.8857758790254593	0.8620689511299133
2	102	0.849137932062149	0.8771551847457886	0.8663792908191681
2	103	0.8620689511299133	0.8793103694915771	0.8706896305084229
2	104	0.8642241209745407	0.8965517282485962	0.875
2	105	0.8728448152542114	0.8943965584039688	0.8879310488700867
2	106	0.8556034415960312	0.8943965584039688	0.8793103396892548
2	107	0.8793103694915771	0.8965517282485962	0.8879310488700867
2	108	0.8642241209745407	0.8879310488700867	0.8836207091808319
2	109	0.8685344755649567	0.9030172377824782	0.8922413885593414
2	110	0.8685344755649567	0.9073275774717331	0.8879310488700867
2	111	0.8793103694915771	0.8943965584039688	0.8879310488700867
2	112	0.8728448152542114	0.9051724076271056	0.8922413885593414
2	113	0.890086218714714	0.9137930870056152	0.9051724076271056
2	114	0.8793103694915771	0.9030172377824782	0.8922413885593414
2	115	0.8793103694915771	0.9137930870056152	0.8879310488700867
2	116	0.8879310488700867	0.9116379171609879	0.8965517282485962
2	117	0.8814655393362045	0.9030172377824782	0.8965517282485962
2	118	0.8879310488700867	0.9137930870056152	0.9051724076271057
2	119	0.890086218714714	0.9224137663841248	0.9051724076271056
2	120	0.890086218714714	0.9137930870056152	0.900862067937851
2	121	0.8922413885593414	0.9288793206214905	0.91810342669487
2	122	0.8857758790254593	0.9137930870056152	0.9051724076271056
2	123	0.8922413885593414	0.9137930870056152	0.9051724076271056
2	124	0.8836207091808319	0.9202585965394974	0.9051724076271056
2	125	0.9051724076271056	0.9202585965394974	0.9137930870056152
2	126	0.8879310488700867	0.9202585965394974	0.9094827473163605
2	127	0.8879310488700867	0.9137930870056152	0.8965517282485962
2	128	0.8965517282485962	0.9224137663841248	0.9094827473163605
2	129	0.907327577471733	0.9288793206214905	0.91810342669487
2	130	0.8836207091808319	0.9224137663841248	0.9051724076271056
2	131	0.8987068980932236	0.9267241507768631	0.9094827473163605
2	132	0.9051724076271056	0.9202585965394974	0.9137930870056152
2	133	0.900862067937851	0.931034505367279	0.9137930870056152
2	134	0.907327577471733	0.9288793206214905	0.9224137663841248
2	135	0.890086218714714	0.9224137663841248	0.9051724076271056
2	136	0.9137930870056152	0.9288793206214905	0.9137930870056152
2	137	0.900862067937851	0.9202585965394974	0.9137930870056152
2	138	0.8857758790254593	0.9224137663841248	0.9137930870056152
2	139	0.9051724076271056	0.9224137663841248	0.91810342669487
2	140	0.907327577471733	0.9202585965394974	0.9137930870056152
2	141	0.9051724076271056	0.9288793206214905	0.91810342669487
2	142	0.907327577471733	0.9137930870056152	0.9137930870056152
2	143	0.907327577471733	0.931034505367279	0.9224137663841248
2	144	0.900862067937851	0.9224137663841248	0.9137930870056152
2	145	0.9094827473163604	0.9288793206214905	0.9224137663841248
2	146	0.9159482568502426	0.9288793206214905	0.9224137663841248
2	147	0.9224137663841248	0.931034505367279	0.9267241358757019
2	148	0.9030172377824783	0.931034505367279	0.931034505367279
2	149	0.9137930870056152	0.931034505367279	0.9267241358757019
2	150	0.9137930870056152	0.931034505367279	0.9224137663841248
2	151	0.907327577471733	0.931034505367279	0.9267241358757019
2	152	0.9137930870056152	0.931034505367279	0.9267241358757019
2	153	0.9051724076271056	0.931034505367279	0.9267241358757019
2	154	0.9137930870056152	0.9288793206214905	0.9224137663841248
2	155	0.9224137663841248	0.9288793206214905	0.9224137663841248
2	156	0.907327577471733	0.931034505367279	0.9224137663841248
2	157	0.9159482568502426	0.931034505367279	0.9224137663841248
2	158	0.9159482568502426	0.931034505367279	0.9224137663841248
2	159	0.9137930870056152	0.931034505367279	0.9224137961864471
2	160	0.9137930870056152	0.931034505367279	0.9267241358757019
2	161	0.9159482568502426	0.931034505367279	0.9267241358757019
2	162	0.9159482568502426	0.931034505367279	0.9224137663841248
2	163	0.9137930870056152	0.931034505367279	0.9267241358757019
2	164	0.9137930870056152	0.931034505367279	0.9267241358757019
2	165	0.9224137663841248	0.9396551847457886	0.931034505367279
2	166	0.9224137663841248	0.931034505367279	0.9267241358757019
2	167	0.9181034415960312	0.9439655244350432	0.931034505367279
2	168	0.9224137663841248	0.931034505367279	0.931034505367279
2	169	0.931034505367279	0.931034505367279	0.931034505367279
2	170	0.9245689511299133	0.931034505367279	0.931034505367279
2	171	0.931034505367279	0.931034505367279	0.931034505367279
2	172	0.9224137663841248	0.931034505367279	0.931034505367279
2	173	0.9245689511299133	0.931034505367279	0.931034505367279
2	174	0.931034505367279	0.931034505367279	0.931034505367279
2	175	0.9224137663841248	0.931034505367279	0.9267241358757019
2	176	0.9245689511299133	0.9396551847457886	0.931034505367279
2	177	0.9224137663841248	0.931034505367279	0.9267241358757019
2	178	0.9224137663841248	0.9288793206214905	0.9224137663841248
2	179	0.9245689511299133	0.931034505367279	0.931034505367279
2	180	0.9224137663841248	0.9396551847457886	0.9267241358757019
2	181	0.9245689511299133	0.931034505367279	0.931034505367279
2	182	0.9245689511299133	0.931034505367279	0.931034505367279
2	183	0.9245689511299133	0.931034505367279	0.931034505367279
2	184	0.931034505367279	0.931034505367279	0.931034505367279
2	185	0.9224137663841248	0.931034505367279	0.9224137663841248
2	186	0.9224137663841248	0.931034505367279	0.9267241358757019
2	187	0.931034505367279	0.931034505367279	0.931034505367279
2	188	0.931034505367279	0.9396551847457886	0.931034505367279
2	189	0.9159482568502426	0.9396551847457886	0.931034505367279
2	190	0.9245689511299133	0.931034505367279	0.931034505367279
2	191	0.9224137663841248	0.931034505367279	0.931034505367279
2	192	0.9224137663841248	0.931034505367279	0.9224137663841248
2	193	0.9224137663841248	0.931034505367279	0.931034505367279
2	194	0.9245689511299133	0.931034505367279	0.931034505367279
2	195	0.931034505367279	0.931034505367279	0.931034505367279
2	196	0.931034505367279	0.931034505367279	0.931034505367279
2	197	0.9224137663841248	0.931034505367279	0.9267241358757019
2	198	0.931034505367279	0.931034505367279	0.931034505367279
2	199	0.9224137663841248	0.931034505367279	0.9224137663841248
2	200	0.931034505367279	0.9461206942796706	0.931034505367279
2	201	0.9224137663841248	0.931034505367279	0.9267241358757019
2	202	0.931034505367279	0.9396551847457886	0.9353448450565338
2	203	0.931034505367279	0.9375000149011612	0.931034505367279
2	204	0.9224137663841248	0.931034505367279	0.931034505367279
2	205	0.9245689511299133	0.9396551847457886	0.9353448450565338
2	206	0.931034505367279	0.9375000149011612	0.931034505367279
2	207	0.931034505367279	0.931034505367279	0.931034505367279
2	208	0.9181034415960312	0.931034505367279	0.931034505367279
2	209	0.931034505367279	0.931034505367279	0.931034505367279
2	210	0.931034505367279	0.9375000149011612	0.931034505367279
2	211	0.931034505367279	0.9396551847457886	0.931034505367279
2	212	0.9224137663841248	0.9375000149011612	0.931034505367279
2	213	0.931034505367279	0.931034505367279	0.931034505367279
2	214	0.931034505367279	0.9396551847457886	0.9353448450565338
2	215	0.9245689511299133	0.9396551847457886	0.931034505367279
2	216	0.9245689511299133	0.9375000149011612	0.931034505367279
2	217	0.9224137663841248	0.931034505367279	0.931034505367279
2	218	0.9245689511299133	0.9375000149011612	0.931034505367279
2	219	0.9224137663841248	0.9396551847457886	0.9353448450565338
2	220	0.9224137663841248	0.931034505367279	0.931034505367279
2	221	0.9224137663841248	0.931034505367279	0.9224137663841248
2	222	0.9224137663841248	0.931034505367279	0.931034505367279
2	223	0.931034505367279	0.9375000149011612	0.931034505367279
2	224	0.9224137663841248	0.931034505367279	0.9267241358757019
2	225	0.9224137663841248	0.931034505367279	0.931034505367279
2	226	0.931034505367279	0.9396551847457886	0.931034505367279
2	227	0.931034505367279	0.931034505367279	0.931034505367279
2	228	0.9245689511299133	0.931034505367279	0.931034505367279
2	229	0.931034505367279	0.931034505367279	0.931034505367279
2	230	0.9224137663841248	0.931034505367279	0.931034505367279
2	231	0.931034505367279	0.931034505367279	0.931034505367279
2	232	0.931034505367279	0.931034505367279	0.931034505367279
2	233	0.9224137663841248	0.931034505367279	0.931034505367279
2	234	0.931034505367279	0.931034505367279	0.931034505367279
2	235	0.9224137663841248	0.931034505367279	0.9267241358757019
2	236	0.931034505367279	0.9396551847457886	0.931034505367279
2	237	0.931034505367279	0.9396551847457886	0.9353448450565338
2	238	0.9224137663841248	0.931034505367279	0.9224137663841248
2	239	0.9245689511299133	0.931034505367279	0.931034505367279
2	240	0.9245689511299133	0.931034505367279	0.931034505367279
2	241	0.9224137663841248	0.931034505367279	0.9267241358757019
2	242	0.9245689511299133	0.931034505367279	0.931034505367279
2	243	0.9224137663841248	0.931034505367279	0.9224137663841248
2	244	0.9245689511299133	0.9375000149011612	0.931034505367279
2	245	0.931034505367279	0.9375000149011612	0.931034505367279
2	246	0.9224137663841248	0.931034505367279	0.931034505367279
2	247	0.931034505367279	0.9375000149011612	0.931034505367279
2	248	0.9224137663841248	0.931034505367279	0.931034505367279
2	249	0.9245689511299133	0.9396551847457886	0.931034505367279
2	250	0.9245689511299133	0.9375000149011612	0.931034505367279
2	251	0.9245689511299133	0.931034505367279	0.931034505367279
2	252	0.931034505367279	0.9396551847457886	0.931034505367279
2	253	0.9245689511299133	0.931034505367279	0.931034505367279
2	254	0.9245689511299133	0.9396551847457886	0.9353448450565338
2	255	0.9137930870056152	0.931034505367279	0.9224137663841248
2	256	0.9224137663841248	0.931034505367279	0.931034505367279
2	257	0.9224137663841248	0.931034505367279	0.9267241358757019
2	258	0.9159482568502426	0.9375000149011612	0.9267241358757019
2	259	0.931034505367279	0.9375000149011612	0.931034505367279
2	260	0.9159482568502426	0.931034505367279	0.931034505367279
2	261	0.9224137663841248	0.9375000149011612	0.9267241358757019
2	262	0.9224137663841248	0.931034505367279	0.931034505367279
2	263	0.9245689511299133	0.9396551847457886	0.9353448450565338
2	264	0.9224137663841248	0.931034505367279	0.9224137663841248
2	265	0.9245689511299133	0.9396551847457886	0.931034505367279
2	266	0.9224137663841248	0.9375000149011612	0.931034505367279
2	267	0.9224137663841248	0.9375000149011612	0.931034505367279
2	268	0.9224137663841248	0.9288793206214905	0.9224137663841248
2	269	0.9245689511299133	0.9396551847457886	0.9353448450565338
2	270	0.931034505367279	0.9439655244350432	0.931034505367279
2	271	0.9224137663841248	0.9375000149011612	0.931034505367279
2	272	0.9224137663841248	0.9375000149011612	0.931034505367279
2	273	0.9224137663841248	0.9396551847457886	0.931034505367279
2	274	0.9224137663841248	0.931034505367279	0.931034505367279
2	275	0.931034505367279	0.9375000149011612	0.931034505367279
2	276	0.9224137663841248	0.931034505367279	0.9267241358757019
2	277	0.9245689511299133	0.9375000149011612	0.931034505367279
2	278	0.9224137663841248	0.9375000149011612	0.931034505367279
2	279	0.9224137663841248	0.931034505367279	0.931034505367279
2	280	0.9245689511299133	0.931034505367279	0.931034505367279
2	281	0.9245689511299133	0.9375000149011612	0.931034505367279
2	282	0.9159482568502426	0.9375000149011612	0.931034505367279
2	283	0.9245689511299133	0.931034505367279	0.931034505367279
2	284	0.9224137663841248	0.931034505367279	0.9267241358757019
2	285	0.931034505367279	0.931034505367279	0.931034505367279
2	286	0.9159482568502426	0.9375000149011612	0.9267241358757019
2	287	0.9224137663841248	0.9375000149011612	0.931034505367279
2	288	0.9245689511299133	0.931034505367279	0.931034505367279
2	289	0.9224137663841248	0.9375000149011612	0.931034505367279
2	290	0.931034505367279	0.931034505367279	0.931034505367279
2	291	0.9224137663841248	0.9375000149011612	0.931034505367279
2	292	0.9245689511299133	0.9375000149011612	0.931034505367279
2	293	0.9224137663841248	0.9396551847457886	0.931034505367279
2	294	0.9224137663841248	0.931034505367279	0.9267241358757019
2	295	0.9224137663841248	0.931034505367279	0.9267241358757019
2	296	0.931034505367279	0.9396551847457886	0.931034505367279
2	297	0.9245689511299133	0.9375000149011612	0.931034505367279
2	298	0.9224137663841248	0.9375000149011612	0.931034505367279
2	299	0.9224137663841248	0.9375000149011612	0.931034505367279
2	300	0.9224137663841248	0.9396551847457886	0.931034505367279
2	301	0.931034505367279	0.9375000149011612	0.931034505367279
2	302	0.9224137663841248	0.9375000149011612	0.931034505367279
2	303	0.931034505367279	0.9396551847457886	0.9353448450565338
2	304	0.931034505367279	0.9375000149011612	0.931034505367279
2	305	0.9245689511299133	0.9461206942796706	0.931034505367279
2	306	0.9224137663841248	0.931034505367279	0.931034505367279
2	307	0.9245689511299133	0.931034505367279	0.931034505367279
2	308	0.9224137663841248	0.9396551847457886	0.931034505367279
2	309	0.9245689511299133	0.931034505367279	0.931034505367279
2	310	0.9245689511299133	0.931034505367279	0.931034505367279
2	311	0.931034505367279	0.931034505367279	0.931034505367279
2	312	0.931034505367279	0.9375000149011612	0.931034505367279
2	313	0.9224137663841248	0.931034505367279	0.9224137663841248
2	314	0.931034505367279	0.931034505367279	0.931034505367279
2	315	0.9159482568502426	0.931034505367279	0.9224137663841248
2	316	0.9224137663841248	0.9375000149011612	0.931034505367279
2	317	0.931034505367279	0.9396551847457886	0.9396551847457886
2	318	0.931034505367279	0.931034505367279	0.931034505367279
2	319	0.931034505367279	0.9375000149011612	0.931034505367279
2	320	0.9224137663841248	0.931034505367279	0.931034505367279
2	321	0.931034505367279	0.931034505367279	0.931034505367279
2	322	0.9224137663841248	0.931034505367279	0.9224137663841248
2	323	0.9224137663841248	0.931034505367279	0.9224137663841248
2	324	0.9224137663841248	0.9375000149011612	0.9267241358757019
2	325	0.9245689511299133	0.9396551847457886	0.931034505367279
2	326	0.9224137663841248	0.9461206942796706	0.931034505367279
2	327	0.9224137663841248	0.931034505367279	0.9224137663841248
2	328	0.9159482568502426	0.931034505367279	0.931034505367279
2	329	0.931034505367279	0.9375000149011612	0.931034505367279
2	330	0.9224137663841248	0.931034505367279	0.9224137663841248
2	331	0.9224137663841248	0.931034505367279	0.931034505367279
2	332	0.9181034415960312	0.931034505367279	0.931034505367279
2	333	0.9245689511299133	0.9375000149011612	0.931034505367279
2	334	0.9245689511299133	0.931034505367279	0.931034505367279
2	335	0.9224137663841248	0.931034505367279	0.9267241358757019
2	336	0.9245689511299133	0.9396551847457886	0.931034505367279
2	337	0.9245689511299133	0.931034505367279	0.931034505367279
2	338	0.931034505367279	0.9396551847457886	0.931034505367279
2	339	0.931034505367279	0.9375000149011612	0.931034505367279
2	340	0.9245689511299133	0.9396551847457886	0.931034505367279
2	341	0.9245689511299133	0.9396551847457886	0.9353448450565338
2	342	0.931034505367279	0.931034505367279	0.931034505367279
2	343	0.9224137663841248	0.931034505367279	0.9267241358757019
2	344	0.9245689511299133	0.931034505367279	0.931034505367279
2	345	0.9245689511299133	0.931034505367279	0.931034505367279
2	346	0.9224137663841248	0.931034505367279	0.9267241358757019
2	347	0.9245689511299133	0.9375000149011612	0.931034505367279
2	348	0.9224137663841248	0.9375000149011612	0.931034505367279
2	349	0.9245689511299133	0.9396551847457886	0.9353448450565338
2	350	0.931034505367279	0.9396551847457886	0.931034505367279
2	351	0.9224137663841248	0.931034505367279	0.931034505367279
2	352	0.9224137663841248	0.931034505367279	0.9267241358757019
2	353	0.9224137663841248	0.9375000149011612	0.9267241358757019
2	354	0.9245689511299133	0.9396551847457886	0.931034505367279
2	355	0.931034505367279	0.9375000149011612	0.931034505367279
2	356	0.9224137663841248	0.931034505367279	0.931034505367279
2	357	0.9224137663841248	0.9375000149011612	0.931034505367279
2	358	0.931034505367279	0.931034505367279	0.931034505367279
2	359	0.931034505367279	0.9396551847457886	0.9353448450565338
2	360	0.9159482568502426	0.9375000149011612	0.9267241358757019
2	361	0.931034505367279	0.9396551847457886	0.931034505367279
2	362	0.9224137663841248	0.931034505367279	0.931034505367279
2	363	0.9159482568502426	0.931034505367279	0.9224137663841248
2	364	0.9224137663841248	0.931034505367279	0.9224137663841248
2	365	0.9159482568502426	0.9375000149011612	0.931034505367279
2	366	0.931034505367279	0.9396551847457886	0.931034505367279
2	367	0.9224137663841248	0.931034505367279	0.9267241358757019
2	368	0.9245689511299133	0.931034505367279	0.931034505367279
2	369	0.931034505367279	0.9396551847457886	0.931034505367279
2	370	0.9159482568502426	0.9375000149011612	0.931034505367279
2	371	0.9159482568502426	0.9288793206214905	0.9224137663841248
2	372	0.9224137663841248	0.931034505367279	0.9267241358757019
2	373	0.9245689511299133	0.9375000149011612	0.931034505367279
2	374	0.9224137663841248	0.931034505367279	0.9267241358757019
2	375	0.9224137663841248	0.931034505367279	0.931034505367279
2	376	0.9224137663841248	0.931034505367279	0.931034505367279
2	377	0.9181034415960312	0.9375000149011612	0.931034505367279
2	378	0.9224137663841248	0.931034505367279	0.931034505367279
2	379	0.9224137663841248	0.9375000149011612	0.9267241358757019
2	380	0.9224137663841248	0.931034505367279	0.9224137663841248
2	381	0.9224137663841248	0.931034505367279	0.9267241358757019
2	382	0.9224137663841248	0.931034505367279	0.931034505367279
2	383	0.9224137663841248	0.931034505367279	0.931034505367279
2	384	0.9224137663841248	0.9375000149011612	0.9267241358757019
2	385	0.9245689511299133	0.9375000149011612	0.931034505367279
2	386	0.931034505367279	0.931034505367279	0.931034505367279
2	387	0.9245689511299133	0.9396551847457886	0.931034505367279
2	388	0.9224137663841248	0.9375000149011612	0.931034505367279
2	389	0.9224137663841248	0.931034505367279	0.931034505367279
2	390	0.9245689511299133	0.931034505367279	0.931034505367279
2	391	0.931034505367279	0.948275864124298	0.9396551847457886
2	392	0.9181034415960312	0.9396551847457886	0.9353448450565338
2	393	0.9159482568502426	0.931034505367279	0.9224137663841248
2	394	0.9245689511299133	0.9396551847457886	0.931034505367279
2	395	0.9245689511299133	0.9396551847457886	0.931034505367279
2	396	0.931034505367279	0.9375000149011612	0.931034505367279
2	397	0.931034505367279	0.9396551847457886	0.9353448450565338
2	398	0.9245689511299133	0.931034505367279	0.931034505367279
2	399	0.9245689511299133	0.931034505367279	0.931034505367279
2	400	0.9245689511299133	0.9396551847457886	0.9353448450565338
2	401	0.9245689511299133	0.9396551847457886	0.9353448450565338
2	402	0.9224137663841248	0.931034505367279	0.931034505367279
2	403	0.9224137663841248	0.931034505367279	0.931034505367279
2	404	0.9224137663841248	0.9288793206214905	0.9224137663841248
2	405	0.9245689511299133	0.9396551847457886	0.931034505367279
2	406	0.9245689511299133	0.9396551847457886	0.931034505367279
2	407	0.9224137663841248	0.9396551847457886	0.9353448450565338
2	408	0.9159482568502426	0.9375000149011612	0.9224137663841248
2	409	0.931034505367279	0.9375000149011612	0.931034505367279
2	410	0.931034505367279	0.9375000149011612	0.931034505367279
2	411	0.931034505367279	0.9396551847457886	0.9353448450565338
2	412	0.9331896752119064	0.948275864124298	0.9396551847457886
2	413	0.931034505367279	0.9396551847457886	0.9353448450565338
2	414	0.9245689511299133	0.9461206942796706	0.931034505367279
2	415	0.9159482568502426	0.9396551847457886	0.9353448450565338
2	416	0.931034505367279	0.9461206942796706	0.931034505367279
2	417	0.9224137663841248	0.931034505367279	0.9224137663841248
2	418	0.931034505367279	0.9396551847457886	0.9353448450565338
2	419	0.9159482568502426	0.931034505367279	0.9267241358757019
2	420	0.9245689511299133	0.931034505367279	0.931034505367279
2	421	0.9224137663841248	0.9375000149011612	0.931034505367279
2	422	0.9245689511299133	0.9375000149011612	0.931034505367279
2	423	0.9224137663841248	0.931034505367279	0.931034505367279
2	424	0.931034505367279	0.9396551847457886	0.931034505367279
2	425	0.9224137663841248	0.9375000149011612	0.9267241358757019
2	426	0.931034505367279	0.9396551847457886	0.9353448450565338
2	427	0.9224137663841248	0.931034505367279	0.931034505367279
2	428	0.9245689511299133	0.9396551847457886	0.931034505367279
2	429	0.931034505367279	0.9396551847457886	0.9396551847457886
2	430	0.931034505367279	0.9396551847457886	0.9353448450565338
2	431	0.9245689511299133	0.9375000149011612	0.931034505367279
2	432	0.9245689511299133	0.931034505367279	0.931034505367279
2	433	0.9224137663841248	0.931034505367279	0.931034505367279
2	434	0.9224137663841248	0.9396551847457886	0.931034505367279
2	435	0.931034505367279	0.931034505367279	0.931034505367279
2	436	0.9224137663841248	0.9375000149011612	0.9267241358757019
2	437	0.9245689511299133	0.9375000149011612	0.931034505367279
2	438	0.9224137663841248	0.931034505367279	0.931034505367279
2	439	0.9224137663841248	0.9396551847457886	0.931034505367279
2	440	0.931034505367279	0.9375000149011612	0.931034505367279
2	441	0.9224137663841248	0.931034505367279	0.9224137663841248
2	442	0.9159482568502426	0.931034505367279	0.9224137663841248
2	443	0.931034505367279	0.9375000149011612	0.931034505367279
2	444	0.931034505367279	0.9396551847457886	0.931034505367279
2	445	0.931034505367279	0.9396551847457886	0.931034505367279
2	446	0.9181034415960312	0.9375000149011612	0.931034505367279
2	447	0.9159482568502426	0.9375000149011612	0.931034505367279
2	448	0.931034505367279	0.9396551847457886	0.9353448450565338
2	449	0.9245689511299133	0.9375000149011612	0.931034505367279
2	450	0.9245689511299133	0.9375000149011612	0.931034505367279
2	451	0.9245689511299133	0.9375000149011612	0.931034505367279
2	452	0.931034505367279	0.9375000149011612	0.931034505367279
2	453	0.9224137663841248	0.931034505367279	0.9267241358757019
2	454	0.9224137663841248	0.9396551847457886	0.9267241358757019
2	455	0.9245689511299133	0.9396551847457886	0.931034505367279
2	456	0.9224137663841248	0.9375000149011612	0.931034505367279
2	457	0.9224137663841248	0.9375000149011612	0.9267241358757019
2	458	0.9224137663841248	0.9461206942796706	0.9267241358757019
2	459	0.931034505367279	0.948275864124298	0.9396551847457886
2	460	0.9224137663841248	0.931034505367279	0.9267241358757019
2	461	0.9245689511299133	0.9461206942796706	0.9353448450565338
2	462	0.9245689511299133	0.9396551847457886	0.9353448450565338
2	463	0.9137930870056152	0.931034505367279	0.9267241358757019
2	464	0.9245689511299133	0.931034505367279	0.931034505367279
2	465	0.9245689511299133	0.931034505367279	0.931034505367279
2	466	0.931034505367279	0.9396551847457886	0.931034505367279
2	467	0.9245689511299133	0.9461206942796706	0.9353448450565338
2	468	0.9245689511299133	0.9375000149011612	0.931034505367279
2	469	0.931034505367279	0.9375000149011612	0.931034505367279
2	470	0.9224137663841248	0.948275864124298	0.9267241358757019
2	471	0.9181034415960312	0.948275864124298	0.9396551847457886
2	472	0.9224137663841248	0.9396551847457886	0.931034505367279
2	473	0.931034505367279	0.9396551847457886	0.931034505367279
2	474	0.931034505367279	0.9396551847457886	0.9396551847457886
2	475	0.9224137663841248	0.9439655244350432	0.9224137663841248
2	476	0.931034505367279	0.9396551847457886	0.9396551847457886
2	477	0.9245689511299133	0.9396551847457886	0.9353448450565338
2	478	0.9224137663841248	0.9375000149011612	0.9267241358757019
2	479	0.931034505367279	0.9396551847457886	0.931034505367279
2	480	0.9245689511299133	0.931034505367279	0.931034505367279
2	481	0.9245689511299133	0.931034505367279	0.931034505367279
2	482	0.9224137663841248	0.9375000149011612	0.931034505367279
2	483	0.9224137663841248	0.9461206942796706	0.931034505367279
2	484	0.9159482568502426	0.931034505367279	0.9224137663841248
2	485	0.9245689511299133	0.9461206942796706	0.9353448450565338
2	486	0.9224137663841248	0.931034505367279	0.9267241358757019
2	487	0.931034505367279	0.9375000149011612	0.931034505367279
2	488	0.9224137663841248	0.9288793206214905	0.9224137663841248
2	489	0.9245689511299133	0.931034505367279	0.931034505367279
2	490	0.9224137663841248	0.931034505367279	0.9267241358757019
2	491	0.9245689511299133	0.9439655244350432	0.931034505367279
2	492	0.9181034415960312	0.9396551847457886	0.931034505367279
2	493	0.931034505367279	0.9396551847457886	0.9353448450565338
2	494	0.931034505367279	0.9396551847457886	0.931034505367279
2	495	0.9224137663841248	0.9375000149011612	0.931034505367279
2	496	0.9245689511299133	0.9375000149011612	0.931034505367279
2	497	0.9224137663841248	0.9396551847457886	0.931034505367279
2	498	0.9245689511299133	0.9375000149011612	0.931034505367279
2	499	0.931034505367279	0.9375000149011612	0.931034505367279
2	500	0.9137930870056152	0.931034505367279	0.9224137663841248
2	501	0.9159482568502426	0.9396551847457886	0.931034505367279
2	502	0.9224137663841248	0.9375000149011612	0.9267241358757019
2	503	0.9331896752119064	0.9461206942796706	0.9396551847457886
2	504	0.9224137663841248	0.931034505367279	0.9267241358757019
2	505	0.931034505367279	0.9396551847457886	0.9353448450565338
2	506	0.9137930870056152	0.9288793206214905	0.9224137663841248
2	507	0.9245689511299133	0.9375000149011612	0.931034505367279
2	508	0.931034505367279	0.9461206942796706	0.9396551847457886
2	509	0.9331896752119064	0.9461206942796706	0.9396551847457886
2	510	0.9159482568502426	0.931034505367279	0.9224137663841248
2	511	0.9224137663841248	0.9375000149011612	0.931034505367279
2	512	0.931034505367279	0.9396551847457886	0.931034505367279
2	513	0.9159482568502426	0.9375000149011612	0.9267241358757019
2	514	0.9224137663841248	0.931034505367279	0.931034505367279
2	515	0.9159482568502426	0.9375000149011612	0.931034505367279
2	516	0.9224137663841248	0.931034505367279	0.931034505367279
2	517	0.9245689511299133	0.9461206942796706	0.931034505367279
2	518	0.9224137663841248	0.9375000149011612	0.9267241358757019
2	519	0.9159482568502426	0.931034505367279	0.9267241358757019
2	520	0.9116379320621489	0.9396551847457886	0.9353448450565338
2	521	0.9224137663841248	0.931034505367279	0.9267241358757019
2	522	0.9224137663841248	0.9375000149011612	0.931034505367279
2	523	0.9159482568502426	0.9375000149011612	0.9224137663841248
2	524	0.9224137663841248	0.931034505367279	0.9224137663841248
2	525	0.9224137663841248	0.9375000149011612	0.931034505367279
2	526	0.9224137663841248	0.931034505367279	0.931034505367279
2	527	0.9224137663841248	0.9396551847457886	0.9267241358757019
2	528	0.931034505367279	0.9396551847457886	0.931034505367279
2	529	0.9159482568502426	0.9375000149011612	0.931034505367279
2	530	0.9245689511299133	0.9461206942796706	0.9396551847457886
2	531	0.9224137663841248	0.931034505367279	0.9224137663841248
2	532	0.9224137663841248	0.9396551847457886	0.9267241358757019
2	533	0.9245689511299133	0.9461206942796706	0.931034505367279
2	534	0.9224137663841248	0.9396551847457886	0.9396551847457886
2	535	0.9224137663841248	0.931034505367279	0.9224137663841248
2	536	0.9224137663841248	0.948275864124298	0.931034505367279
2	537	0.9331896752119064	0.948275864124298	0.9396551847457886
2	538	0.9224137663841248	0.931034505367279	0.9267241358757019
2	539	0.9159482568502426	0.9375000149011612	0.9267241358757019
2	540	0.9224137663841248	0.948275864124298	0.9353448450565338
2	541	0.931034505367279	0.9461206942796706	0.9396551847457886
2	542	0.9181034415960312	0.9396551847457886	0.9353448450565338
2	543	0.9224137663841248	0.931034505367279	0.9224137663841248
2	544	0.9245689511299133	0.9375000149011612	0.931034505367279
2	545	0.9159482568502426	0.9396551847457886	0.9267241358757019
2	546	0.9331896752119064	0.948275864124298	0.9396551847457886
2	547	0.931034505367279	0.948275864124298	0.931034505367279
2	548	0.9224137663841248	0.931034505367279	0.931034505367279
2	549	0.9224137663841248	0.931034505367279	0.9267241358757019
2	550	0.931034505367279	0.9375000149011612	0.931034505367279
2	551	0.931034505367279	0.9375000149011612	0.931034505367279
2	552	0.9245689511299133	0.9396551847457886	0.931034505367279
2	553	0.9245689511299133	0.9461206942796706	0.931034505367279
2	554	0.9331896752119064	0.9396551847457886	0.9396551847457886
2	555	0.9181034415960312	0.9439655244350432	0.931034505367279
2	556	0.931034505367279	0.9396551847457886	0.931034505367279
2	557	0.9245689511299133	0.9396551847457886	0.931034505367279
2	558	0.931034505367279	0.948275864124298	0.9396551847457886
2	559	0.9224137663841248	0.9396551847457886	0.931034505367279
2	560	0.9137930870056152	0.948275864124298	0.931034505367279
2	561	0.9224137663841248	0.9375000149011612	0.9267241358757019
2	562	0.9224137663841248	0.948275864124298	0.9267241358757019
2	563	0.9224137663841248	0.9461206942796706	0.931034505367279
2	564	0.9245689511299133	0.9396551847457886	0.931034505367279
2	565	0.9245689511299133	0.9461206942796706	0.931034505367279
2	566	0.9331896752119064	0.948275864124298	0.9439655244350433
2	567	0.9224137663841248	0.9396551847457886	0.931034505367279
2	568	0.931034505367279	0.9461206942796706	0.9396551847457886
2	569	0.9245689511299133	0.9396551847457886	0.931034505367279
2	570	0.9224137663841248	0.948275864124298	0.9396551847457886
2	571	0.9245689511299133	0.9461206942796706	0.931034505367279
2	572	0.9331896752119064	0.948275864124298	0.9396551847457886
2	573	0.9331896752119064	0.948275864124298	0.9439655244350433
2	574	0.931034505367279	0.9461206942796706	0.931034505367279
2	575	0.9245689511299133	0.948275864124298	0.9396551847457886
2	576	0.931034505367279	0.9461206942796706	0.9396551847457886
2	577	0.931034505367279	0.948275864124298	0.9439655244350433
2	578	0.9224137663841248	0.931034505367279	0.931034505367279
2	579	0.9245689511299133	0.9396551847457886	0.931034505367279
2	580	0.9224137663841248	0.9439655244350432	0.9267241358757019
2	581	0.931034505367279	0.9612068831920624	0.9396551847457886
2	582	0.9245689511299133	0.948275864124298	0.9353448450565338
2	583	0.9396551847457886	0.948275864124298	0.948275864124298
2	584	0.9245689511299133	0.9525862038135529	0.9353448450565338
2	585	0.9245689511299133	0.9396551847457886	0.9353448450565338
2	586	0.9159482568502426	0.9375000149011612	0.931034505367279
2	587	0.931034505367279	0.9568965435028076	0.9482758641242981
2	588	0.931034505367279	0.9396551847457886	0.9396551847457886
2	589	0.9224137663841248	0.9461206942796706	0.931034505367279
2	590	0.931034505367279	0.9568965435028076	0.9353448450565338
2	591	0.9224137663841248	0.9461206942796706	0.9310344755649567
2	592	0.931034505367279	0.9396551847457886	0.931034505367279
2	593	0.931034505367279	0.9396551847457886	0.9396551847457886
2	594	0.931034505367279	0.9396551847457886	0.931034505367279
2	595	0.9224137663841248	0.9612068831920624	0.9267241358757019
2	596	0.9224137663841248	0.9461206942796706	0.9353448450565338
2	597	0.9245689511299133	0.9375000149011612	0.931034505367279
2	598	0.9159482568502426	0.9375000149011612	0.9267241358757019
2	599	0.931034505367279	0.9396551847457886	0.9396551847457886
2	600	0.9159482568502426	0.9396551847457886	0.931034505367279
2	601	0.9159482568502426	0.9375000149011612	0.9224137663841248
2	602	0.931034505367279	0.9547413736581802	0.931034505367279
2	603	0.9245689511299133	0.9396551847457886	0.931034505367279
2	604	0.9331896752119064	0.9396551847457886	0.9396551847457886
2	605	0.9159482568502426	0.9461206942796706	0.9353448450565338
2	606	0.9159482568502426	0.948275864124298	0.9310344755649567
2	607	0.9396551847457886	0.9461206942796706	0.9396551847457886
2	608	0.9245689511299133	0.948275864124298	0.9396551847457886
2	609	0.9181034415960312	0.9396551847457886	0.9353448450565338
2	610	0.931034505367279	0.9396551847457886	0.9353448450565338
2	611	0.9245689511299133	0.9461206942796706	0.9353448450565338
2	612	0.9267241209745407	0.9547413736581802	0.9439655244350433
2	613	0.931034505367279	0.9461206942796706	0.9353448450565338
2	614	0.9224137663841248	0.9547413736581802	0.9439655244350433
2	615	0.9245689511299133	0.9461206942796706	0.9353448450565338
2	616	0.9245689511299133	0.9655172228813172	0.9353448450565338
2	617	0.931034505367279	0.969827562570572	0.9482758641242981
2	618	0.931034505367279	0.9396551847457886	0.9396551847457886
2	619	0.9224137663841248	0.9375000149011612	0.931034505367279
2	620	0.9224137663841248	0.9396551847457886	0.9267241358757019
2	621	0.931034505367279	0.9547413736581802	0.9353448450565338
2	622	0.931034505367279	0.9568965435028076	0.9439655244350433
2	623	0.9159482568502426	0.9396551847457886	0.9353448450565338
2	624	0.9224137663841248	0.9525862038135529	0.931034505367279
2	625	0.9396551847457886	0.9612068831920624	0.9396551847457886
2	626	0.9267241209745407	0.9612068831920624	0.9439655244350433
2	627	0.9224137663841248	0.9375000149011612	0.931034505367279
2	628	0.9202586114406586	0.9547413736581802	0.9396551847457886
2	629	0.9396551847457886	0.948275864124298	0.9439655244350433
2	630	0.9267241209745407	0.9719827324151994	0.9482758641242981
2	631	0.9267241209745407	0.9676723927259445	0.9396551847457886
2	632	0.9245689511299133	0.9719827324151994	0.931034505367279
2	633	0.931034505367279	0.9676723927259445	0.9439655244350433
2	634	0.9224137663841248	0.9504310339689255	0.9267241358757019
2	635	0.931034505367279	0.9461206942796706	0.9396551847457886
2	636	0.9094827473163604	0.9612068831920624	0.9396551847457886
2	637	0.931034505367279	0.9633620530366899	0.9482758641242981
2	638	0.9159482568502426	0.9375000149011612	0.9267241358757019
2	639	0.931034505367279	0.948275864124298	0.948275864124298
2	640	0.931034505367279	0.9461206942796706	0.931034505367279
2	641	0.9245689511299133	0.948275864124298	0.9396551847457886
2	642	0.9181034415960312	0.9719827771186829	0.9353448450565338
2	643	0.9202586114406586	0.969827562570572	0.948275864124298
2	644	0.9224137663841248	0.9439655244350432	0.931034505367279
2	645	0.9137930870056152	0.9461206942796706	0.9267241358757019
2	646	0.8943965584039688	0.9612068831920624	0.9396551847457886
2	647	0.9094827473163604	0.9396551847457886	0.9267241358757019
2	648	0.881465494632721	0.9633620530366899	0.9482758641242981
2	649	0.9030172377824783	0.9525862038135529	0.931034505367279
2	650	0.9008620828390121	0.9568965435028076	0.9439655244350433
2	651	0.9159482568502426	0.9633620530366899	0.9267241358757019
2	652	0.9094827473163604	0.9633620530366899	0.9525862038135529
2	653	0.9137930870056152	0.9461206942796706	0.91810342669487
2	654	0.9159482568502426	0.9612068831920624	0.9353448450565338
2	655	0.9137931019067763	0.9633620530366899	0.948275864124298
2	656	0.9224137663841248	0.9612068831920624	0.931034505367279
2	657	0.9267241209745407	0.969827562570572	0.9439655244350433
2	658	0.9245689511299133	0.9741379469633102	0.9439655244350433
2	659	0.931034505367279	0.9633620530366899	0.948275864124298
2	660	0.9159482568502426	0.9547413736581802	0.931034505367279
2	661	0.9353448450565338	0.982758641242981	0.9525862038135529
2	662	0.9181034415960312	0.9741379469633102	0.9396551847457886
2	663	0.9181034415960312	0.9655172228813172	0.9353448450565338
2	664	0.890086218714714	0.9633620530366899	0.9482758641242981
2	665	0.907327577471733	0.9741379022598268	0.9396551847457886
2	666	0.9396551847457886	0.978448286652565	0.9439655244350433
2	667	0.9137931019067763	0.9870689660310745	0.9525862038135529
2	668	0.9094827473163604	0.9762931168079375	0.9267241358757019
2	669	0.9245689511299133	0.978448286652565	0.9396551847457886
2	670	0.9331896752119064	0.9956896603107452	0.948275864124298
2	671	0.9073275923728943	0.989224150776863	0.9525862038135529
2	672	0.9331896752119064	0.982758641242981	0.9525862038135529
2	673	0.931034505367279	0.948275864124298	0.9439655244350433
2	674	0.9224137663841248	0.9396551847457886	0.931034505367279
2	675	0.8922413885593414	0.9439655244350432	0.9267241358757019
2	676	0.9094827473163604	0.9762931168079376	0.9267241358757019
2	677	0.9224137663841248	0.9612068831920624	0.931034505367279
2	678	0.9224137663841248	0.9439655244350432	0.9267241358757019
2	679	0.9181034415960312	0.9612068831920624	0.948275864124298
2	680	0.931034505367279	0.948275864124298	0.9353448450565338
2	681	0.8836206644773483	0.9719827771186829	0.931034505367279
2	682	0.8879310190677643	0.9568965435028076	0.9525862038135529
2	683	0.9094827473163604	0.9568965435028076	0.9353448450565338
2	684	0.9267241209745407	0.9676723927259445	0.9396551847457886
2	685	0.9396551847457886	0.9806034564971924	0.9568965435028076
2	686	0.9245689511299133	0.982758641242981	0.9525862038135529
2	687	0.9181034415960312	0.9806034564971924	0.9396551847457886
2	688	0.9224137663841248	0.9762931168079376	0.9396551847457886
2	689	0.9245689511299133	0.982758641242981	0.9525862038135529
2	690	0.9245689511299133	0.9849137961864471	0.9396551847457886
2	691	0.9331896752119064	0.969827562570572	0.9396551847457886
2	692	0.9331896752119064	0.969827562570572	0.9482758641242981
2	693	0.9267241209745407	0.978448286652565	0.9525862038135529
2	694	0.931034505367279	0.9762931168079376	0.9396551847457886
2	695	0.9224137663841248	0.989224150776863	0.9439655244350433
2	696	0.9331896752119064	0.9892241358757019	0.9439655244350433
2	697	0.9224137663841248	0.989224150776863	0.9439655244350433
2	698	0.931034505367279	0.9978448301553726	0.9439655244350433
2	699	0.9310344606637955	0.9849137961864471	0.9568965435028076
2	700	0.9396551847457886	0.978448286652565	0.948275864124298
2	701	0.931034505367279	1.0	0.948275864124298
2	702	0.9137930870056152	0.9741379469633102	0.9353448450565338
2	703	0.9245689511299133	0.9956896603107452	0.9353448450565338
2	704	0.9331896752119064	0.9762931168079376	0.9525862038135529
2	705	0.931034505367279	0.9827586263418197	0.948275864124298
2	706	0.9224137663841248	0.9806034564971924	0.9353448450565338
2	707	0.9439655244350433	0.9978448301553726	0.974137932062149
2	708	0.948275864124298	0.9870689660310745	0.9568965435028076
2	709	0.948275864124298	0.9849137961864471	0.9612068831920624
2	710	0.9331896752119064	0.989224150776863	0.9612068831920624
2	711	0.9353448450565338	0.9655172228813172	0.9525862038135529
2	712	0.9331896752119064	0.9913793057203293	0.9482758641242981
2	713	0.9331896752119064	0.9913793206214904	0.9698275923728942
2	714	0.9181034415960312	0.9719827324151994	0.9353448450565338
2	715	0.9181034415960312	0.9849137961864471	0.9353448450565338
2	716	0.9073275923728943	0.9741379022598268	0.9568965435028076
2	717	0.9181034415960312	0.9849137961864471	0.9525862038135529
2	718	0.9245689511299133	0.9913793057203293	0.9568965435028076
2	719	0.9331896752119064	0.9978448301553726	0.9655172228813172
2	720	0.9181034415960312	0.9849137961864471	0.9482758641242981
2	721	0.9202586114406586	0.9913793206214904	0.9698275923728943
2	722	0.9331896752119064	0.989224150776863	0.9525862038135529
2	723	0.9116379320621489	1.0	0.9525862038135529
2	724	0.8943965584039688	0.9870689660310745	0.9482758641242981
2	725	0.900862067937851	0.9806034564971924	0.948275864124298
2	726	0.9159482568502426	0.9978448301553726	0.9612068831920624
2	727	0.9245689511299133	0.989224150776863	0.9525862038135529
2	728	0.9159482568502426	0.9956896603107452	0.943965494632721
2	729	0.9245689511299133	0.989224150776863	0.9439655244350433
2	730	0.9202586114406586	0.9849137961864471	0.9525862038135529
2	731	0.9094827473163604	0.9719827771186829	0.931034505367279
2	732	0.9181034415960312	0.9547413736581802	0.9439655244350433
2	733	0.9159482568502426	0.9547413736581802	0.9353448450565338
2	734	0.907327577471733	0.978448286652565	0.9396551847457886
2	735	0.907327577471733	0.9396551847457886	0.9267241358757019
2	736	0.9051724076271056	0.9504310339689255	0.9137930870056152
2	737	0.8987068980932236	0.9676723927259445	0.9224137663841248
2	738	0.907327577471733	0.931034505367279	0.91810342669487
2	739	0.8987069129943848	0.9504310339689255	0.931034505367279
2	740	0.9137930870056152	0.9396551847457886	0.931034505367279
2	741	0.9245689511299133	0.9396551847457886	0.931034505367279
2	742	0.9137930870056152	0.9525862038135529	0.931034505367279
2	743	0.9224137663841248	0.9375000149011612	0.931034505367279
2	744	0.9245689511299133	0.9612068831920624	0.9353448450565338
2	745	0.9245689511299133	0.9547413736581802	0.9396551847457886
2	746	0.9137930870056152	0.9568965435028076	0.9310344755649567
2	747	0.9159482568502426	0.9396551847457886	0.931034505367279
2	748	0.9137930870056152	0.931034505367279	0.91810342669487
2	749	0.9181034415960312	0.9439655244350432	0.931034505367279
2	750	0.9224137663841248	0.9375000149011612	0.9267241358757019
2	751	0.931034505367279	0.9633620530366899	0.9353448450565338
2	752	0.931034505367279	0.9461206942796706	0.9353448450565338
2	753	0.9245689511299133	0.9590517133474351	0.9353448450565338
2	754	0.931034505367279	0.948275864124298	0.9396551847457886
2	755	0.9331896752119064	0.9612068831920624	0.9439655244350433
2	756	0.9331896752119064	0.9590517133474351	0.9396551847457886
2	757	0.931034505367279	0.9590517133474351	0.9396551847457886
2	758	0.9245689511299133	0.9568965435028077	0.931034505367279
2	759	0.9245689511299133	0.9525862038135529	0.9396551847457886
2	760	0.9224137663841248	0.9719827771186829	0.9224137663841248
2	761	0.9353448450565338	0.9633620530366899	0.948275864124298
2	762	0.9224137663841248	0.9375000149011612	0.931034505367279
2	763	0.9224137663841248	0.9461206942796706	0.9353448450565338
2	764	0.931034505367279	0.9612068831920624	0.9353448450565338
2	765	0.9245689511299133	0.9547413736581802	0.9353448450565338
2	766	0.9224137663841248	0.9676723927259445	0.931034505367279
2	767	0.9245689511299133	0.9935344755649567	0.9396551847457886
2	768	0.931034505367279	0.9612068831920624	0.9396551847457886
2	769	0.931034505367279	0.9396551847457886	0.9353448450565338
2	770	0.9267241209745407	0.9741379022598268	0.9439655244350433
2	771	0.941810354590416	0.982758641242981	0.9612068831920624
2	772	0.931034505367279	0.9655172228813172	0.9482758641242981
2	773	0.931034505367279	0.9719827324151994	0.948275864124298
2	774	0.9353448450565338	0.989224150776863	0.9655172228813171
2	775	0.9353448450565338	0.9956896603107452	0.9568965435028076
2	776	0.9245689511299133	0.9849137961864471	0.948275864124298
2	777	0.9331896752119064	0.9870689660310745	0.948275864124298
2	778	0.9331896752119064	0.9913793206214904	0.982758641242981
2	779	0.931034505367279	0.9913793057203293	0.9439655244350433
2	780	0.9396551847457886	0.9935344755649567	0.9612068831920624
2	781	0.9267241209745407	0.9913793057203293	0.9439655244350433
2	782	0.9331896752119064	0.9956896603107452	0.9655172526836395
2	783	0.9439655244350433	0.9956896603107452	0.969827562570572
2	784	0.9396551847457886	0.9978448301553726	0.9568965435028076
2	785	0.9525862038135529	1.0	0.9741379022598268
2	786	0.9396551847457886	0.9956896603107452	0.948275864124298
2	787	0.931034505367279	0.9913793057203293	0.9568965435028076
2	788	0.931034505367279	0.9956896603107452	0.974137932062149
2	789	0.9396551847457886	0.9978448301553726	0.982758641242981
2	790	0.9267241209745407	1.0	0.948275864124298
2	791	0.941810354590416	0.9956896603107452	0.9568965435028076
2	792	0.9331896752119064	0.9956896603107452	0.9525862038135529
2	793	0.9245689511299133	0.9913793057203293	0.9439655244350433
2	794	0.9396551847457886	0.978448286652565	0.9568965435028076
2	795	0.9396551847457886	0.9935344755649567	0.9612068831920624
2	796	0.9331896752119064	0.9978448301553726	0.9612068831920624
2	797	0.9396551847457886	1.0	0.9612068831920624
2	798	0.931034505367279	0.9978448301553726	0.974137932062149
2	799	0.9353448450565338	0.9956896603107452	0.9655172228813171
2	800	0.9331896752119064	0.9913793206214904	0.9612068831920624
2	801	0.9353448450565338	0.9956896603107452	0.9741379022598268
2	802	0.948275864124298	1.0	0.9698275923728943
2	803	0.941810354590416	1.0	0.9568965435028076
2	804	0.9439655244350433	0.9978448301553726	0.9568965435028076
2	805	0.9504310339689254	0.9978448301553726	0.9784482717514038
2	806	0.9331896752119064	1.0	0.9784482717514038
2	807	0.931034505367279	0.9978448301553726	0.9698275923728942
2	808	0.9331896752119064	0.9892241358757019	0.948275864124298
2	809	0.931034505367279	1.0	0.974137932062149
2	810	0.9396551847457886	0.9978448301553726	0.9784482717514038
2	811	0.9396551847457886	0.9935344755649567	0.9439655244350433
2	812	0.9439655244350433	0.9913793057203293	0.9655172228813172
2	813	0.9439655244350433	0.9978448301553726	0.982758641242981
2	814	0.9396551847457886	0.9978448301553726	0.9655172228813171
2	815	0.941810354590416	0.9956896603107452	0.9612068831920624
2	816	0.9331896752119064	0.9978448301553726	0.9568965435028076
2	817	0.931034505367279	1.0	0.9655172526836395
2	818	0.9331896752119064	0.9978448301553726	0.9612068831920624
2	819	0.931034505367279	0.9978448301553726	0.9439655244350433
2	820	0.931034505367279	0.9978448301553726	0.9913793206214904
2	821	0.9331896752119064	1.0	0.9913793206214905
2	822	0.941810354590416	0.9978448301553726	0.9784482717514038
2	823	0.9396551847457886	0.9978448301553726	0.9655172526836395
2	824	0.931034505367279	0.9978448301553726	0.9396551847457886
2	825	0.9353448450565338	1.0	0.9870689511299133
2	826	0.9331896752119064	1.0	0.9956896603107452
2	827	0.9375000149011612	1.0	0.9913793206214905
2	828	0.9331896752119064	1.0	1.0
2	829	0.9267241209745407	1.0	1.0
2	830	0.9396551847457886	1.0	0.9870689809322357
2	831	0.9331896752119064	1.0	1.0
2	832	0.9396551847457886	1.0	0.9568965435028076
2	833	0.9396551847457886	1.0	0.9655172526836395
2	834	0.9224137663841248	1.0	0.9698275923728943
2	835	0.9245689511299133	1.0	0.9525862038135529
2	836	0.9331896752119064	1.0	0.9698275923728943
2	837	0.9224137663841248	1.0	0.9482758343219757
2	838	0.931034505367279	1.0	0.9827586114406586
2	839	0.9267241209745407	1.0	0.9655172526836395
2	840	0.9331896752119064	1.0	0.9655172526836395
2	841	0.9267241209745407	1.0	0.9827586114406586
2	842	0.9245689511299133	1.0	0.974137932062149
2	843	0.9245689511299133	1.0	0.9698275923728943
2	844	0.931034505367279	1.0	0.9525862038135529
2	845	0.9245689511299133	1.0	0.9612069129943848
2	846	0.9245689511299133	1.0	0.9655172526836395
2	847	0.9224137663841248	0.9892241358757019	0.9396551847457886
2	848	0.9396551847457886	0.9978448301553726	0.9396551847457886
2	849	0.931034505367279	0.9956896603107452	0.9439655244350433
2	850	0.9224137663841248	1.0	0.9612069129943848
2	851	0.9245689511299133	1.0	0.9482758641242981
2	852	0.9224137663841248	0.9978448301553726	0.9353448450565338
2	853	0.9224137663841248	1.0	0.931034505367279
2	854	0.931034505367279	1.0	0.9482758641242981
2	855	0.9331896752119064	1.0	0.9439655244350433
2	856	0.9224137663841248	1.0	0.9655172526836395
2	857	0.9396551847457886	1.0	0.9698275923728943
2	858	0.931034505367279	1.0	0.9698275923728943
2	859	0.9331896752119064	1.0	0.974137932062149
2	860	0.9331896752119064	1.0	0.9698275923728943
2	861	0.9181034415960312	1.0	0.9353448450565338
2	862	0.941810354590416	1.0	0.974137932062149
2	863	0.9331896752119064	1.0	0.948275864124298
2	864	0.931034505367279	1.0	0.95689657330513
2	865	0.9375000149011612	1.0	0.9870689511299133
2	866	0.9245689511299133	1.0	0.9568965435028076
2	867	0.9439655244350433	1.0	0.9827586114406586
2	868	0.9353448450565338	1.0	0.9784482717514038
2	869	0.931034505367279	1.0	0.9827586114406586
2	870	0.9375000149011612	1.0	0.974137932062149
2	871	0.9331896752119064	1.0	0.974137932062149
2	872	0.9353448450565338	1.0	0.9913793206214905
2	873	0.9396551847457886	1.0	1.0
2	874	0.9396551847457886	1.0	0.9956896603107452
2	875	0.9353448450565338	1.0	0.9956896603107452
2	876	0.931034505367279	1.0	0.9870689511299133
2	877	0.9439655244350433	1.0	1.0
2	878	0.941810354590416	1.0	1.0
2	879	0.9353448450565338	1.0	1.0
2	880	0.9396551847457886	1.0	1.0
2	881	0.941810354590416	1.0	1.0
2	882	0.9439655244350433	1.0	1.0
2	883	0.931034505367279	1.0	1.0
2	884	0.941810354590416	1.0	0.9956896603107452
2	885	0.9461206942796707	1.0	1.0
2	886	0.9612068831920624	1.0	1.0
2	887	0.9439655244350433	1.0	1.0
2	888	0.9504310339689254	1.0	1.0
2	889	0.9461206942796707	1.0	1.0
2	890	0.948275864124298	1.0	1.0
2	891	0.941810354590416	1.0	1.0
2	892	0.948275864124298	1.0	1.0
2	893	0.941810354590416	1.0	1.0
2	894	0.9504310339689254	1.0	1.0
2	895	0.9482758641242981	1.0	1.0
2	896	0.9375000149011612	1.0	1.0
2	897	0.9439655244350433	1.0	1.0
2	898	0.9504310339689254	1.0	1.0
2	899	0.9655172228813172	1.0	1.0
2	900	0.941810354590416	1.0	0.974137932062149
2	901	0.931034505367279	1.0	0.9698275923728943
2	902	0.9396551847457886	1.0	0.9396551847457886
2	903	0.9439655244350433	1.0	0.9870689511299133
2	904	0.9267241209745407	1.0	0.9568965435028076
2	905	0.941810354590416	1.0	0.9827586114406586
2	906	0.9396551847457886	1.0	0.9913793206214905
2	907	0.9353448450565338	1.0	0.9612068831920624
2	908	0.9439655244350433	1.0	0.974137932062149
2	909	0.9482758641242981	1.0	1.0
2	910	0.9547413736581802	1.0	0.9956896603107452
2	911	0.9353448450565338	1.0	0.9913793206214905
2	912	0.9396551847457886	1.0	0.9741379022598268
2	913	0.9482758641242981	1.0	0.9913793206214905
2	914	0.9331896752119064	1.0	0.9956896603107452
2	915	0.963362067937851	1.0	1.0
2	916	0.9504310339689254	1.0	1.0
2	917	0.9331896752119064	0.9956896603107452	0.9655172526836395
2	918	0.9353448450565338	1.0	0.9784482717514038
2	919	0.9396551847457886	0.9956896603107452	0.9655172228813171
2	920	0.931034505367279	1.0	0.95689657330513
2	921	0.9224137663841248	1.0	0.9439655244350433
2	922	0.9331896752119064	1.0	0.9698275923728943
2	923	0.9245689511299133	0.9978448301553726	0.9568965435028076
2	924	0.9396551847457886	1.0	0.9612069129943848
2	925	0.9159482568502426	1.0	0.9396551847457886
2	926	0.931034505367279	1.0	0.9698275923728943
2	927	0.9331896752119064	0.9978448301553726	0.9655172526836395
2	928	0.9245689511299133	1.0	0.9439655244350433
2	929	0.9396551847457886	0.9978448301553726	0.9525862038135529
2	930	0.941810354590416	1.0	0.9655172228813171
2	931	0.941810354590416	1.0	0.9827586114406586
2	932	0.9525862038135529	1.0	0.9913793206214905
2	933	0.9396551847457886	1.0	0.969827562570572
2	934	0.9525862038135529	1.0	0.9956896603107452
2	935	0.931034505367279	1.0	0.9870689511299133
2	936	0.9504310339689254	1.0	0.974137932062149
2	937	0.941810354590416	1.0	0.9956896603107452
2	938	0.9331896752119064	1.0	0.9784482717514038
2	939	0.9396551847457886	1.0	0.9913793206214905
2	940	0.9461206942796707	1.0	1.0
2	941	0.941810354590416	1.0	0.9913793206214905
2	942	0.941810354590416	1.0	0.9784482717514038
2	943	0.9461206942796707	1.0	1.0
2	944	0.9331896305084229	1.0	0.9870689511299133
2	945	0.9504310339689254	1.0	0.9870689511299133
2	946	0.948275864124298	1.0	1.0
2	947	0.9439655393362045	1.0	0.9913793206214905
2	948	0.9396551847457886	1.0	0.9698275923728943
2	949	0.9525862038135529	1.0	1.0
2	950	0.9331896752119064	1.0	0.9870689809322357
2	951	0.9396551847457886	1.0	0.9913793206214905
2	952	0.9504310339689254	1.0	0.9956896603107452
2	953	0.9331896752119064	1.0	0.9698275923728943
2	954	0.9439655244350433	1.0	0.974137932062149
2	955	0.9439655244350433	1.0	0.9870689809322357
2	956	0.9331896752119064	1.0	0.9612069129943848
2	957	0.931034505367279	1.0	0.9482758641242981
2	958	0.9396551847457886	1.0	0.9698275923728942
2	959	0.9396551847457886	1.0	0.9784482717514038
2	960	0.9245689511299133	1.0	0.9827586114406586
2	961	0.9353448450565338	1.0	0.9784482717514038
2	962	0.9331896752119064	1.0	0.9655172526836395
2	963	0.9267241209745407	1.0	0.9784482717514038
2	964	0.9245689511299133	1.0	0.974137932062149
2	965	0.9331896752119064	1.0	0.974137932062149
2	966	0.9439655244350433	1.0	0.9956896603107452
2	967	0.9396551847457886	1.0	0.9784482717514038
2	968	0.9439655244350433	1.0	0.9827586114406586
2	969	0.9331896752119064	1.0	0.982758641242981
2	970	0.9353448450565338	1.0	0.9784482717514038
2	971	0.931034505367279	1.0	0.9612068831920624
2	972	0.9439655244350433	0.9913793206214904	0.974137932062149
2	973	0.9396551847457886	0.9978448301553726	0.982758641242981
2	974	0.9568965435028076	1.0	0.9827586114406586
2	975	0.9353448450565338	1.0	0.9913793206214905
2	976	0.9331896752119064	0.9935344755649567	0.9439655244350433
2	977	0.948275864124298	1.0	0.9827586114406586
2	978	0.9655172228813172	1.0	0.9913793206214905
2	979	0.9331896752119064	1.0	0.9784482717514038
2	980	0.963362067937851	1.0	0.9870689809322357
2	981	0.9568965584039687	1.0	0.9913793206214904
2	982	0.9655172228813172	1.0	0.9913793206214905
2	983	0.9676723927259446	1.0	1.0
2	984	0.9655172377824783	1.0	1.0
2	985	0.9870689809322357	1.0	1.0
2	986	0.9849138110876083	1.0	1.0
2	987	0.9676724076271057	1.0	1.0
2	988	0.9762930870056153	1.0	1.0
2	989	0.9935344904661177	1.0	1.0
2	990	0.9935344904661177	1.0	1.0
2	991	0.9806034266948701	1.0	1.0
2	992	1.0	1.0	1.0
2	993	0.9461206942796707	1.0	0.9956896603107452
2	994	0.9935344904661177	1.0	1.0
2	995	0.982758641242981	1.0	1.0
2	996	0.9676724076271057	1.0	1.0
2	997	1.0	1.0	1.0
2	998	0.9331896752119064	1.0	1.0
2	999	0.9741379022598268	1.0	1.0
2	1000	0.9870689809322357	1.0	1.0
2	1001	0.9396551847457886	1.0	0.9870689511299133
2	1002	0.9935344904661177	1.0	1.0
2	1003	0.9547413885593414	1.0	1.0
2	1004	0.9331896752119064	1.0	1.0
2	1005	0.9504310488700867	1.0	1.0
2	1006	0.9612068980932235	1.0	1.0
2	1007	0.9396551847457886	1.0	1.0
2	1008	0.9461207091808319	1.0	1.0
2	1009	0.9439655244350433	1.0	1.0
2	1010	0.9547413885593414	1.0	1.0
2	1011	0.9547413885593414	1.0	1.0
2	1012	0.9568965584039687	1.0	1.0
2	1013	0.9547413885593414	1.0	1.0
2	1014	0.9612068980932235	1.0	1.0
2	1015	0.9568965584039687	1.0	1.0
2	1016	0.9461206942796707	1.0	1.0
2	1017	0.9676724076271057	1.0	1.0
2	1018	0.9439655393362045	1.0	1.0
2	1019	0.9482758790254593	1.0	1.0
2	1020	0.9870689809322357	1.0	1.0
2	1021	0.9612068980932235	1.0	1.0
2	1022	0.952586218714714	1.0	1.0
2	1023	0.9547413885593414	1.0	1.0
2	1024	0.9547413885593414	1.0	1.0
2	1025	0.9676724076271057	1.0	1.0
2	1026	0.9375000149011612	1.0	1.0
2	1027	0.9375000149011612	1.0	1.0
2	1028	0.931034505367279	1.0	1.0
2	1029	0.9331896752119064	1.0	1.0
2	1030	0.9504310339689254	1.0	1.0
2	1031	0.9396551847457886	1.0	0.9956896603107452
2	1032	0.9396551847457886	1.0	1.0
2	1033	0.941810354590416	1.0	1.0
2	1034	0.9396551847457886	1.0	1.0
2	1035	0.9331896752119064	1.0	1.0
2	1036	0.9331896752119064	1.0	1.0
2	1037	0.9849138110876083	1.0	1.0
2	1038	0.9504310339689254	1.0	1.0
2	1039	0.9806034266948701	1.0	1.0
2	1040	0.9870689809322357	1.0	1.0
2	1041	0.9525862038135529	1.0	1.0
2	1042	0.974137917160988	1.0	1.0
2	1043	0.9806034266948701	1.0	1.0
2	1044	0.9806034266948701	1.0	1.0
2	1045	0.9439655244350433	1.0	1.0
2	1046	0.9806034266948701	1.0	1.0
2	1047	0.9870689809322357	1.0	1.0
2	1048	0.9612068980932235	1.0	1.0
2	1049	0.9870689809322357	1.0	1.0
2	1050	0.9806034266948701	1.0	1.0
2	1051	0.9913793206214904	1.0	1.0
2	1052	0.9849138110876083	1.0	1.0
2	1053	1.0	1.0	1.0
2	1054	0.9870689809322357	1.0	1.0
2	1055	1.0	1.0	1.0
2	1056	1.0	1.0	1.0
2	1057	1.0	1.0	1.0
2	1058	0.9935344904661177	1.0	1.0
2	1059	0.9935344904661177	1.0	1.0
2	1060	0.982758641242981	1.0	1.0
2	1061	1.0	1.0	1.0
2	1062	0.9935344904661177	1.0	1.0
2	1063	1.0	1.0	1.0
2	1064	0.9935344904661177	1.0	1.0
2	1065	1.0	1.0	1.0
2	1066	1.0	1.0	1.0
2	1067	1.0	1.0	1.0
2	1068	1.0	1.0	1.0
2	1069	1.0	1.0	1.0
2	1070	1.0	1.0	1.0
2	1071	1.0	1.0	1.0
2	1072	1.0	1.0	1.0
2	1073	1.0	1.0	1.0
2	1074	1.0	1.0	1.0
2	1075	1.0	1.0	1.0
2	1076	1.0	1.0	1.0
2	1077	1.0	1.0	1.0
2	1078	1.0	1.0	1.0
2	1079	1.0	1.0	1.0
2	1080	1.0	1.0	1.0
2	1081	1.0	1.0	1.0
2	1082	0.9935344904661177	1.0	1.0
2	1083	1.0	1.0	1.0
2	1084	1.0	1.0	1.0
2	1085	1.0	1.0	1.0
2	1086	1.0	1.0	1.0
2	1087	0.974137917160988	1.0	1.0
2	1088	0.9418103247880936	1.0	1.0
2	1089	0.9482758790254593	1.0	1.0
2	1090	0.9547413885593414	1.0	1.0
2	1091	0.9806034266948701	1.0	1.0
2	1092	0.9676724076271057	1.0	1.0
2	1093	0.9676724076271057	1.0	1.0
2	1094	0.9418103247880936	1.0	1.0
2	1095	0.9806034266948701	1.0	1.0
2	1096	0.9482758790254593	1.0	1.0
2	1097	0.9482758790254593	1.0	1.0
2	1098	0.9612068980932235	1.0	1.0
2	1099	0.9482758790254593	1.0	1.0
2	1100	0.9547413885593414	1.0	1.0
2	1101	0.9547413885593414	1.0	1.0
2	1102	0.9676724076271057	1.0	1.0
2	1103	0.9935344904661177	1.0	1.0
2	1104	0.974137917160988	1.0	1.0
2	1105	0.9418103247880936	1.0	1.0
2	1106	0.9353448152542114	1.0	1.0
2	1107	0.9482758790254593	1.0	1.0
2	1108	0.9353448152542114	1.0	1.0
2	1109	0.9288793057203292	1.0	1.0
2	1110	0.9612068980932235	1.0	1.0
2	1111	0.9482758790254593	1.0	1.0
2	1112	0.9482758790254593	1.0	1.0
2	1113	0.9547413885593414	1.0	1.0
2	1114	0.9612068980932235	1.0	1.0
2	1115	0.9612068980932235	1.0	1.0
2	1116	0.9547413885593414	1.0	1.0
2	1117	0.9482758790254593	1.0	1.0
2	1118	0.9547413885593414	1.0	1.0
2	1119	0.9612068980932235	1.0	1.0
2	1120	0.9482758790254593	1.0	1.0
2	1121	0.9482758790254593	1.0	1.0
2	1122	0.9547413885593414	1.0	1.0
2	1123	0.974137917160988	1.0	1.0
2	1124	0.9612068980932235	1.0	1.0
2	1125	0.9547413885593414	1.0	1.0
2	1126	0.9612068980932235	1.0	1.0
2	1127	0.9676724076271057	1.0	1.0
2	1128	0.9482758790254593	1.0	1.0
2	1129	0.9612068980932235	1.0	1.0
2	1130	0.9612068980932235	1.0	1.0
2	1131	0.9612068980932235	1.0	1.0
2	1132	0.9870689809322357	1.0	1.0
2	1133	0.9806034266948701	1.0	1.0
2	1134	0.9806034266948701	1.0	1.0
2	1135	0.9870689809322357	1.0	1.0
2	1136	0.974137917160988	1.0	1.0
2	1137	0.9482758790254593	1.0	1.0
2	1138	0.9935344904661177	1.0	1.0
2	1139	0.9935344904661177	1.0	1.0
2	1140	0.9870689809322357	1.0	1.0
2	1141	0.974137917160988	1.0	1.0
2	1142	0.9612068980932235	1.0	1.0
2	1143	0.9870689809322357	1.0	1.0
2	1144	0.9870689809322357	1.0	1.0
2	1145	0.9870689809322357	1.0	1.0
2	1146	0.9935344904661177	1.0	1.0
2	1147	0.974137917160988	1.0	1.0
2	1148	0.9547413885593414	1.0	1.0
2	1149	0.9935344904661177	1.0	1.0
2	1150	0.9482758790254593	1.0	1.0
2	1151	0.9806034266948701	1.0	1.0
2	1152	0.9676724076271057	1.0	1.0
2	1153	0.9849138110876083	1.0	1.0
2	1154	0.9612068980932235	1.0	1.0
2	1155	0.9935344904661177	1.0	1.0
2	1156	0.9547413885593414	1.0	1.0
2	1157	0.9612068980932235	1.0	1.0
2	1158	0.9806034266948701	1.0	1.0
2	1159	0.974137917160988	1.0	1.0
2	1160	0.974137917160988	1.0	1.0
2	1161	0.9612068980932235	1.0	1.0
2	1162	0.9547413885593414	1.0	1.0
2	1163	0.9806034266948701	1.0	1.0
2	1164	0.9784482568502426	1.0	1.0
2	1165	0.9806034266948701	1.0	1.0
2	1166	0.9719827473163605	1.0	1.0
2	1167	0.9935344904661177	1.0	1.0
2	1168	0.9935344904661177	1.0	1.0
2	1169	0.9870689809322357	1.0	1.0
2	1170	1.0	1.0	1.0
2	1171	0.9482758790254593	1.0	1.0
2	1172	1.0	1.0	1.0
2	1173	0.9870689809322357	1.0	1.0
2	1174	1.0	1.0	1.0
2	1175	0.9870689809322357	1.0	1.0
2	1176	0.9870689809322357	1.0	1.0
2	1177	1.0	1.0	1.0
2	1178	1.0	1.0	1.0
2	1179	1.0	1.0	1.0
2	1180	1.0	1.0	1.0
2	1181	1.0	1.0	1.0
2	1182	1.0	1.0	1.0
2	1183	1.0	1.0	1.0
2	1184	1.0	1.0	1.0
2	1185	1.0	1.0	1.0
2	1186	1.0	1.0	1.0
2	1187	1.0	1.0	1.0
2	1188	0.9870689809322357	1.0	1.0
2	1189	0.9806034266948701	1.0	1.0
2	1190	0.9547413885593414	1.0	1.0
2	1191	0.9870689809322357	1.0	1.0
2	1192	0.9935344904661177	1.0	1.0
2	1193	0.9935344904661177	1.0	1.0
2	1194	0.9935344904661177	1.0	1.0
2	1195	0.9676724076271057	1.0	1.0
2	1196	0.9612068980932235	1.0	1.0
2	1197	0.9870689809322357	1.0	1.0
2	1198	0.9935344904661177	1.0	1.0
2	1199	1.0	1.0	1.0
2	1200	1.0	1.0	1.0
2	1201	1.0	1.0	1.0
2	1202	1.0	1.0	1.0
2	1203	1.0	1.0	1.0
2	1204	1.0	1.0	1.0
2	1205	1.0	1.0	1.0
2	1206	1.0	1.0	1.0
2	1207	1.0	1.0	1.0
2	1208	1.0	1.0	1.0
2	1209	1.0	1.0	1.0
2	1210	1.0	1.0	1.0
2	1211	1.0	1.0	1.0
2	1212	1.0	1.0	1.0
2	1213	1.0	1.0	1.0
2	1214	1.0	1.0	1.0
2	1215	1.0	1.0	1.0
2	1216	1.0	1.0	1.0
2	1217	1.0	1.0	1.0
2	1218	1.0	1.0	1.0
2	1219	1.0	1.0	1.0
2	1220	1.0	1.0	1.0
2	1221	1.0	1.0	1.0
2	1222	1.0	1.0	1.0
2	1223	1.0	1.0	1.0
2	1224	1.0	1.0	1.0
2	1225	1.0	1.0	1.0
2	1226	1.0	1.0	1.0
2	1227	1.0	1.0	1.0
2	1228	1.0	1.0	1.0
2	1229	1.0	1.0	1.0
2	1230	1.0	1.0	1.0
2	1231	1.0	1.0	1.0
2	1232	1.0	1.0	1.0
2	1233	1.0	1.0	1.0
2	1234	1.0	1.0	1.0
2	1235	1.0	1.0	1.0
2	1236	1.0	1.0	1.0
2	1237	1.0	1.0	1.0
2	1238	1.0	1.0	1.0
2	1239	1.0	1.0	1.0
2	1240	1.0	1.0	1.0
2	1241	1.0	1.0	1.0
2	1242	1.0	1.0	1.0
2	1243	1.0	1.0	1.0
2	1244	1.0	1.0	1.0
2	1245	1.0	1.0	1.0
2	1246	1.0	1.0	1.0
2	1247	1.0	1.0	1.0
2	1248	1.0	1.0	1.0
2	1249	1.0	1.0	1.0
2	1250	1.0	1.0	1.0
2	1251	1.0	1.0	1.0
2	1252	1.0	1.0	1.0
2	1253	1.0	1.0	1.0
2	1254	0.9870689809322357	1.0	1.0
2	1255	1.0	1.0	1.0
2	1256	1.0	1.0	1.0
2	1257	1.0	1.0	1.0
2	1258	1.0	1.0	1.0
2	1259	1.0	1.0	1.0
2	1260	1.0	1.0	1.0
2	1261	1.0	1.0	1.0
2	1262	1.0	1.0	1.0
2	1263	0.9935344904661177	1.0	1.0
2	1264	1.0	1.0	1.0
2	1265	1.0	1.0	1.0
2	1266	1.0	1.0	1.0
2	1267	1.0	1.0	1.0
2	1268	1.0	1.0	1.0
2	1269	1.0	1.0	1.0
2	1270	1.0	1.0	1.0
2	1271	1.0	1.0	1.0
2	1272	1.0	1.0	1.0
2	1273	1.0	1.0	1.0
2	1274	1.0	1.0	1.0
2	1275	1.0	1.0	1.0
2	1276	1.0	1.0	1.0
2	1277	1.0	1.0	1.0
2	1278	1.0	1.0	1.0
2	1279	1.0	1.0	1.0
2	1280	1.0	1.0	1.0
2	1281	1.0	1.0	1.0
2	1282	1.0	1.0	1.0
2	1283	1.0	1.0	1.0
2	1284	1.0	1.0	1.0
2	1285	1.0	1.0	1.0
2	1286	1.0	1.0	1.0
2	1287	1.0	1.0	1.0
2	1288	1.0	1.0	1.0
2	1289	1.0	1.0	1.0
2	1290	1.0	1.0	1.0
2	1291	1.0	1.0	1.0
2	1292	1.0	1.0	1.0
2	1293	0.9547413885593414	1.0	1.0
2	1294	1.0	1.0	1.0
2	1295	1.0	1.0	1.0
2	1296	1.0	1.0	1.0
2	1297	1.0	1.0	1.0
2	1298	1.0	1.0	1.0
2	1299	1.0	1.0	1.0
2	1300	1.0	1.0	1.0
2	1301	1.0	1.0	1.0
2	1302	1.0	1.0	1.0
2	1303	1.0	1.0	1.0
2	1304	1.0	1.0	1.0
2	1305	1.0	1.0	1.0
2	1306	1.0	1.0	1.0
2	1307	1.0	1.0	1.0
2	1308	1.0	1.0	1.0
2	1309	1.0	1.0	1.0
2	1310	1.0	1.0	1.0
2	1311	1.0	1.0	1.0
2	1312	1.0	1.0	1.0
2	1313	1.0	1.0	1.0
2	1314	1.0	1.0	1.0
2	1315	1.0	1.0	1.0
2	1316	1.0	1.0	1.0
2	1317	1.0	1.0	1.0
2	1318	1.0	1.0	1.0
2	1319	1.0	1.0	1.0
2	1320	1.0	1.0	1.0
2	1321	1.0	1.0	1.0
2	1322	1.0	1.0	1.0
2	1323	1.0	1.0	1.0
2	1324	1.0	1.0	1.0
2	1325	1.0	1.0	1.0
2	1326	1.0	1.0	1.0
2	1327	1.0	1.0	1.0
2	1328	1.0	1.0	1.0
2	1329	1.0	1.0	1.0
2	1330	1.0	1.0	1.0
2	1331	1.0	1.0	1.0
2	1332	1.0	1.0	1.0
2	1333	1.0	1.0	1.0
2	1334	1.0	1.0	1.0
2	1335	1.0	1.0	1.0
2	1336	1.0	1.0	1.0
2	1337	1.0	1.0	1.0
2	1338	1.0	1.0	1.0
2	1339	1.0	1.0	1.0
2	1340	1.0	1.0	1.0
2	1341	1.0	1.0	1.0
2	1342	1.0	1.0	1.0
2	1343	1.0	1.0	1.0
2	1344	1.0	1.0	1.0
2	1345	1.0	1.0	1.0
2	1346	1.0	1.0	1.0
2	1347	1.0	1.0	1.0
2	1348	1.0	1.0	1.0
2	1349	1.0	1.0	1.0
2	1350	1.0	1.0	1.0
2	1351	1.0	1.0	1.0
2	1352	1.0	1.0	1.0
2	1353	1.0	1.0	1.0
2	1354	1.0	1.0	1.0
2	1355	1.0	1.0	1.0
2	1356	1.0	1.0	1.0
2	1357	1.0	1.0	1.0
2	1358	1.0	1.0	1.0
2	1359	1.0	1.0	1.0
2	1360	1.0	1.0	1.0
2	1361	1.0	1.0	1.0
2	1362	1.0	1.0	1.0
2	1363	1.0	1.0	1.0
2	1364	1.0	1.0	1.0
2	1365	1.0	1.0	1.0
2	1366	1.0	1.0	1.0
2	1367	1.0	1.0	1.0
2	1368	1.0	1.0	1.0
2	1369	1.0	1.0	1.0
2	1370	1.0	1.0	1.0
2	1371	1.0	1.0	1.0
2	1372	1.0	1.0	1.0
2	1373	1.0	1.0	1.0
2	1374	1.0	1.0	1.0
2	1375	1.0	1.0	1.0
2	1376	1.0	1.0	1.0
2	1377	1.0	1.0	1.0
2	1378	1.0	1.0	1.0
2	1379	1.0	1.0	1.0
2	1380	1.0	1.0	1.0
2	1381	1.0	1.0	1.0
2	1382	1.0	1.0	1.0
2	1383	1.0	1.0	1.0
2	1384	1.0	1.0	1.0
2	1385	1.0	1.0	1.0
2	1386	1.0	1.0	1.0
2	1387	1.0	1.0	1.0
2	1388	1.0	1.0	1.0
2	1389	1.0	1.0	1.0
2	1390	1.0	1.0	1.0
2	1391	1.0	1.0	1.0
2	1392	1.0	1.0	1.0
2	1393	1.0	1.0	1.0
2	1394	1.0	1.0	1.0
2	1395	1.0	1.0	1.0
2	1396	1.0	1.0	1.0
2	1397	1.0	1.0	1.0
2	1398	1.0	1.0	1.0
2	1399	1.0	1.0	1.0
2	1400	1.0	1.0	1.0
2	1401	1.0	1.0	1.0
2	1402	1.0	1.0	1.0
2	1403	1.0	1.0	1.0
2	1404	1.0	1.0	1.0
2	1405	1.0	1.0	1.0
2	1406	1.0	1.0	1.0
2	1407	1.0	1.0	1.0
2	1408	1.0	1.0	1.0
2	1409	1.0	1.0	1.0
2	1410	1.0	1.0	1.0
2	1411	1.0	1.0	1.0
2	1412	1.0	1.0	1.0
2	1413	1.0	1.0	1.0
2	1414	1.0	1.0	1.0
2	1415	1.0	1.0	1.0
2	1416	1.0	1.0	1.0
2	1417	1.0	1.0	1.0
2	1418	1.0	1.0	1.0
2	1419	1.0	1.0	1.0
2	1420	1.0	1.0	1.0
2	1421	1.0	1.0	1.0
2	1422	1.0	1.0	1.0
2	1423	1.0	1.0	1.0
2	1424	1.0	1.0	1.0
2	1425	1.0	1.0	1.0
2	1426	1.0	1.0	1.0
2	1427	1.0	1.0	1.0
2	1428	1.0	1.0	1.0
2	1429	1.0	1.0	1.0
2	1430	1.0	1.0	1.0
2	1431	1.0	1.0	1.0
2	1432	1.0	1.0	1.0
2	1433	1.0	1.0	1.0
2	1434	1.0	1.0	1.0
2	1435	1.0	1.0	1.0
2	1436	1.0	1.0	1.0
2	1437	1.0	1.0	1.0
2	1438	1.0	1.0	1.0
2	1439	1.0	1.0	1.0
2	1440	1.0	1.0	1.0
2	1441	1.0	1.0	1.0
2	1442	1.0	1.0	1.0
2	1443	1.0	1.0	1.0
2	1444	1.0	1.0	1.0
2	1445	1.0	1.0	1.0
2	1446	1.0	1.0	1.0
2	1447	1.0	1.0	1.0
2	1448	1.0	1.0	1.0
2	1449	1.0	1.0	1.0
2	1450	1.0	1.0	1.0
2	1451	1.0	1.0	1.0
2	1452	1.0	1.0	1.0
2	1453	1.0	1.0	1.0
2	1454	1.0	1.0	1.0
2	1455	1.0	1.0	1.0
2	1456	1.0	1.0	1.0
2	1457	1.0	1.0	1.0
2	1458	1.0	1.0	1.0
2	1459	1.0	1.0	1.0
2	1460	1.0	1.0	1.0
2	1461	1.0	1.0	1.0
2	1462	1.0	1.0	1.0
2	1463	1.0	1.0	1.0
2	1464	1.0	1.0	1.0
2	1465	1.0	1.0	1.0
2	1466	1.0	1.0	1.0
2	1467	1.0	1.0	1.0
2	1468	1.0	1.0	1.0
2	1469	1.0	1.0	1.0
2	1470	1.0	1.0	1.0
2	1471	1.0	1.0	1.0
2	1472	1.0	1.0	1.0
2	1473	1.0	1.0	1.0
2	1474	1.0	1.0	1.0
2	1475	1.0	1.0	1.0
2	1476	1.0	1.0	1.0
2	1477	1.0	1.0	1.0
2	1478	1.0	1.0	1.0
2	1479	1.0	1.0	1.0
2	1480	1.0	1.0	1.0
2	1481	1.0	1.0	1.0
2	1482	1.0	1.0	1.0
2	1483	1.0	1.0	1.0
2	1484	1.0	1.0	1.0
2	1485	1.0	1.0	1.0
2	1486	1.0	1.0	1.0
2	1487	1.0	1.0	1.0
2	1488	1.0	1.0	1.0
2	1489	1.0	1.0	1.0
2	1490	1.0	1.0	1.0
2	1491	1.0	1.0	1.0
2	1492	1.0	1.0	1.0
2	1493	1.0	1.0	1.0
2	1494	1.0	1.0	1.0
2	1495	1.0	1.0	1.0
2	1496	1.0	1.0	1.0
2	1497	1.0	1.0	1.0
2	1498	1.0	1.0	1.0
2	1499	1.0	1.0	1.0
