iteration;loss;accuracy
0;0.03978051245212555;0.08620689809322357
1;0.036387838423252106;0.16379310190677643
2;0.03506641089916229;0.16379310190677643
3;0.03454981744289398;0.2068965584039688
4;0.03432992473244667;0.17241379618644714
5;0.03383871912956238;0.18103447556495667
6;0.03358327969908714;0.24137930572032928
7;0.033776916563510895;0.22413793206214905
8;0.033438682556152344;0.25
9;0.03301452100276947;0.24137930572032928
10;0.03321553394198418;0.2586206793785095
11;0.03291262313723564;0.2931034564971924
12;0.03218870982527733;0.2844827473163605
13;0.032042719423770905;0.26724138855934143
14;0.03184540197253227;0.31896552443504333
15;0.03105688840150833;0.3362068831920624
16;0.030951621010899544;0.3017241358757019
17;0.03071548417210579;0.3534482717514038
18;0.030466463416814804;0.3448275923728943
19;0.030074670910835266;0.37931033968925476
20;0.030360525473952293;0.4137931168079376
21;0.029699569568037987;0.4482758641242981
22;0.029225287958979607;0.42241379618644714
23;0.029242662712931633;0.4568965435028076
24;0.028981100767850876;0.4913793206214905
25;0.028688237071037292;0.5086206793785095
26;0.027792388573288918;0.5603448152542114
27;0.0275059025734663;0.4913793206214905
28;0.0273954626172781;0.6120689511299133
29;0.026752207428216934;0.517241358757019
30;0.02645091712474823;0.5948275923728943
31;0.02556511014699936;0.6379310488700867
32;0.025109002366662025;0.6206896305084229
33;0.024640239775180817;0.6896551847457886
34;0.024601083248853683;0.6293103694915771
35;0.023842256516218185;0.6551724076271057
36;0.02307070977985859;0.6896551847457886
37;0.023179149255156517;0.6982758641242981
38;0.02208188734948635;0.75
39;0.022435273975133896;0.6982758641242981
40;0.02082931064069271;0.732758641242981
41;0.021182723343372345;0.7068965435028076
42;0.020386140793561935;0.75
43;0.02001979760825634;0.75
44;0.018865536898374557;0.75
45;0.019473452121019363;0.7413793206214905
46;0.018914002925157547;0.732758641242981
47;0.01795252040028572;0.7586206793785095
48;0.017982326447963715;0.732758641242981
49;0.017929745838046074;0.7586206793785095
50;0.01812414824962616;0.75
51;0.01691291108727455;0.7586206793785095
52;0.01656954549252987;0.7586206793785095
53;0.016430623829364777;0.767241358757019
54;0.016144052147865295;0.75
55;0.01611103117465973;0.75
56;0.015589796006679535;0.7758620977401733
57;0.015075326897203922;0.767241358757019
58;0.015450894832611084;0.7586206793785095
59;0.014665773138403893;0.7758620977401733
60;0.014897136949002743;0.7758620977401733
61;0.014880780130624771;0.767241358757019
62;0.014783374033868313;0.7758620977401733
63;0.014030128717422485;0.8017241358757019
64;0.013959771022200584;0.767241358757019
65;0.015002625063061714;0.7844827771186829
66;0.014591562561690807;0.7931034564971924
67;0.014205968007445335;0.7931034564971924
68;0.015921156853437424;0.7844827771186829
69;0.013375738635659218;0.8103448152542114
70;0.015170462429523468;0.8017241358757019
71;0.013758828863501549;0.7931034564971924
72;0.0138933714479208;0.8362069129943848
73;0.01447786670178175;0.8017241358757019
74;0.012632160447537899;0.8448275923728943
75;0.014557009562849998;0.7931034564971924
76;0.013027110137045383;0.7931034564971924
77;0.013072747737169266;0.818965494632721
78;0.012760477140545845;0.8534482717514038
79;0.011964058503508568;0.8362069129943848
80;0.01262812502682209;0.8103448152542114
81;0.012422284111380577;0.8534482717514038
82;0.011859607882797718;0.8448275923728943
83;0.012114371173083782;0.8620689511299133
84;0.012575916945934296;0.8103448152542114
85;0.011581442318856716;0.8448275923728943
86;0.011967305094003677;0.8448275923728943
87;0.011764531955122948;0.8448275923728943
88;0.010981280356645584;0.8620689511299133
89;0.010872531682252884;0.8620689511299133
90;0.011725394986569881;0.8362069129943848
91;0.010454323142766953;0.8706896305084229
92;0.011000634171068668;0.8793103694915771
93;0.010950985364615917;0.8448275923728943
94;0.011411173269152641;0.8534482717514038
95;0.010814500041306019;0.8879310488700867
96;0.011045165359973907;0.8620689511299133
97;0.011548622511327267;0.8448275923728943
98;0.01023302786052227;0.8706896305084229
99;0.011935130693018436;0.8362069129943848
100;0.010231244377791882;0.8706896305084229
101;0.011491233482956886;0.7931034564971924
102;0.0108015863224864;0.8879310488700867
103;0.010167739354074001;0.8620689511299133
104;0.011051838286221027;0.8620689511299133
105;0.009830969385802746;0.9051724076271057
106;0.009567293338477612;0.8965517282485962
107;0.010999580845236778;0.8275862336158752
108;0.00909341499209404;0.9137930870056152
109;0.00968501903116703;0.8879310488700867
110;0.009364020079374313;0.8965517282485962
111;0.009973594918847084;0.9051724076271057
112;0.010282570496201515;0.8620689511299133
113;0.008983384817838669;0.8965517282485962
114;0.009529013186693192;0.8879310488700867
115;0.009607020765542984;0.8879310488700867
116;0.009331702254712582;0.8879310488700867
117;0.008575743064284325;0.8965517282485962
118;0.009141853079199791;0.8879310488700867
119;0.009022301062941551;0.9051724076271057
120;0.008449873887002468;0.9224137663841248
121;0.008437423966825008;0.9051724076271057
122;0.008189136162400246;0.9137930870056152
123;0.008055011741816998;0.9051724076271057
124;0.008188428357243538;0.8706896305084229
125;0.008139041252434254;0.9137930870056152
126;0.008107476867735386;0.9051724076271057
127;0.007963954471051693;0.931034505367279
128;0.008310843259096146;0.9137930870056152
129;0.007910731248557568;0.9137930870056152
130;0.008317871950566769;0.9051724076271057
131;0.007443567737936974;0.9051724076271057
132;0.007714367937296629;0.9137930870056152
133;0.0076042283326387405;0.9137930870056152
134;0.007286929991096258;0.931034505367279
135;0.0075592221692204475;0.931034505367279
136;0.007592462468892336;0.9224137663841248
137;0.007086543366312981;0.931034505367279
138;0.007003307342529297;0.9396551847457886
139;0.007888907566666603;0.9051724076271057
140;0.006837896071374416;0.931034505367279
141;0.0067592221312224865;0.9396551847457886
142;0.0074656750075519085;0.9051724076271057
143;0.006626003887504339;0.931034505367279
144;0.007156524807214737;0.931034505367279
145;0.006870587356388569;0.931034505367279
146;0.006904624868184328;0.9224137663841248
147;0.007333329878747463;0.9224137663841248
148;0.006563774310052395;0.931034505367279
149;0.006168534979224205;0.9396551847457886
150;0.006301526445895433;0.9396551847457886
151;0.00659234169870615;0.9224137663841248
152;0.0061827427707612514;0.931034505367279
153;0.006244733463972807;0.931034505367279
154;0.006206440273672342;0.931034505367279
155;0.0058929044753313065;0.931034505367279
156;0.0063066561706364155;0.931034505367279
157;0.00617177551612258;0.9396551847457886
158;0.006079737562686205;0.9396551847457886
159;0.0061147091910243034;0.9396551847457886
160;0.005353859625756741;0.9396551847457886
161;0.006252050865441561;0.931034505367279
162;0.005728196352720261;0.9396551847457886
163;0.005832542199641466;0.9396551847457886
164;0.006288251839578152;0.931034505367279
165;0.006292922422289848;0.931034505367279
166;0.005905435886234045;0.9396551847457886
167;0.005876192823052406;0.9482758641242981
168;0.0065915207378566265;0.9224137663841248
169;0.005676341243088245;0.9224137663841248
170;0.006703692022711039;0.9396551847457886
171;0.00580544164404273;0.931034505367279
172;0.006213674321770668;0.9137930870056152
173;0.005825938191264868;0.9224137663841248
174;0.00630204239860177;0.931034505367279
175;0.0058216811157763;0.9224137663841248
176;0.006406477652490139;0.931034505367279
177;0.006348329596221447;0.931034505367279
178;0.006180790718644857;0.9137930870056152
179;0.005826513282954693;0.9396551847457886
180;0.006300774402916431;0.931034505367279
181;0.00584274111315608;0.9137930870056152
182;0.006263013929128647;0.9137930870056152
183;0.006525395438075066;0.9224137663841248
184;0.005603201221674681;0.931034505367279
185;0.00606047548353672;0.931034505367279
186;0.006530329119414091;0.9137930870056152
187;0.005700652487576008;0.9396551847457886
188;0.006863879971206188;0.9224137663841248
189;0.006195391993969679;0.9224137663841248
190;0.005638583097606897;0.9396551847457886
191;0.005851654335856438;0.9396551847457886
192;0.005810287781059742;0.9224137663841248
193;0.006033127196133137;0.931034505367279
194;0.006058087572455406;0.931034505367279
195;0.00564641784876585;0.931034505367279
196;0.005991125479340553;0.931034505367279
197;0.005687388591468334;0.9137930870056152
198;0.00575656583532691;0.9224137663841248
199;0.005365150514990091;0.931034505367279
200;0.0057070134207606316;0.931034505367279
201;0.006159833166748285;0.9224137663841248
202;0.005334094632416964;0.931034505367279
203;0.005314698908478022;0.931034505367279
204;0.005276124458760023;0.931034505367279
205;0.0051020123064517975;0.931034505367279
206;0.005466341972351074;0.9137930870056152
207;0.0052747661247849464;0.9396551847457886
208;0.00560834351927042;0.9224137663841248
209;0.00580593291670084;0.9224137663841248
210;0.005564181599766016;0.931034505367279
211;0.005842277780175209;0.9137930870056152
212;0.005449517164379358;0.9396551847457886
213;0.005097318906337023;0.931034505367279
214;0.005403132643550634;0.931034505367279
215;0.005466146394610405;0.9224137663841248
216;0.0054509639739990234;0.931034505367279
217;0.005019494332373142;0.9396551847457886
218;0.005341653246432543;0.931034505367279
219;0.0052716429345309734;0.931034505367279
220;0.005023805424571037;0.931034505367279
221;0.004834365099668503;0.931034505367279
222;0.005401809699833393;0.931034505367279
223;0.005094321444630623;0.9396551847457886
224;0.005095558241009712;0.9396551847457886
225;0.005019025411456823;0.9137930870056152
226;0.0054718018509447575;0.931034505367279
227;0.005321017932146788;0.931034505367279
228;0.004982250742614269;0.9396551847457886
229;0.005564684048295021;0.931034505367279
230;0.004883446265012026;0.9482758641242981
231;0.005100945942103863;0.931034505367279
232;0.005319657269865274;0.9396551847457886
233;0.004831374157220125;0.9137930870056152
234;0.005147099029272795;0.9137930870056152
235;0.00517642218619585;0.931034505367279
236;0.005349814426153898;0.931034505367279
237;0.004853704012930393;0.931034505367279
238;0.005202129017561674;0.9224137663841248
239;0.005382013972848654;0.931034505367279
240;0.0050932918675243855;0.931034505367279
241;0.004746603313833475;0.9224137663841248
242;0.0049084993079304695;0.931034505367279
243;0.005165759939700365;0.9137930870056152
244;0.0052003683522343636;0.931034505367279
245;0.004720168188214302;0.9396551847457886
246;0.004883943125605583;0.931034505367279
247;0.005039871204644442;0.9396551847457886
248;0.0050959805957973;0.931034505367279
249;0.005221092142164707;0.9396551847457886
250;0.00486771622672677;0.931034505367279
251;0.004954718519002199;0.9137930870056152
252;0.0046821702271699905;0.931034505367279
253;0.005323386751115322;0.9224137663841248
254;0.004858260042965412;0.931034505367279
255;0.005075101274996996;0.9224137663841248
256;0.004482288844883442;0.9396551847457886
257;0.004389301408082247;0.931034505367279
258;0.004938925616443157;0.931034505367279
259;0.004906211979687214;0.931034505367279
260;0.004954109899699688;0.931034505367279
261;0.004747415892779827;0.931034505367279
262;0.004891877993941307;0.931034505367279
263;0.004973547998815775;0.9224137663841248
264;0.005033438093960285;0.9224137663841248
265;0.004679784644395113;0.9224137663841248
266;0.004799830727279186;0.931034505367279
267;0.004922098014503717;0.9396551847457886
268;0.004683481529355049;0.931034505367279
269;0.004955152049660683;0.931034505367279
270;0.004653085954487324;0.9482758641242981
271;0.005558811593800783;0.9224137663841248
272;0.004715038929134607;0.9396551847457886
273;0.004834161605685949;0.9137930870056152
274;0.005136579740792513;0.9396551847457886
275;0.0074484823271632195;0.8620689511299133
276;0.02207626774907112;0.6293103694915771
277;0.018658440560102463;0.681034505367279
278;0.010578482411801815;0.8965517282485962
279;0.013624791987240314;0.7413793206214905
280;0.015357263386249542;0.6724137663841248
281;0.01491111796349287;0.6379310488700867
282;0.012298139743506908;0.75
283;0.011208679527044296;0.8362069129943848
284;0.012453969568014145;0.8362069129943848
285;0.012385237962007523;0.8017241358757019
286;0.01048603281378746;0.8965517282485962
287;0.00980956107378006;0.931034505367279
288;0.010062352754175663;0.9137930870056152
289;0.007659129332751036;0.931034505367279
290;0.0073803989216685295;0.931034505367279
291;0.007875138893723488;0.9396551847457886
292;0.00732945604249835;0.9224137663841248
293;0.007371949031949043;0.9224137663841248
294;0.006920126266777515;0.9137930870056152
295;0.00620893994346261;0.931034505367279
296;0.006180377211421728;0.931034505367279
297;0.006138411350548267;0.9224137663841248
298;0.006237955763936043;0.9396551847457886
299;0.0059396312572062016;0.9396551847457886
300;0.005500640720129013;0.9396551847457886
301;0.005899135489016771;0.931034505367279
302;0.005929752718657255;0.9224137663841248
303;0.00571796577423811;0.9224137663841248
304;0.005613421089947224;0.931034505367279
305;0.005450492724776268;0.931034505367279
306;0.005378817208111286;0.931034505367279
307;0.0052940803579986095;0.931034505367279
308;0.005550361704081297;0.9224137663841248
309;0.005178526509553194;0.9396551847457886
310;0.0051628476940095425;0.931034505367279
311;0.005241837352514267;0.9396551847457886
312;0.004901994485408068;0.9396551847457886
313;0.004933852702379227;0.931034505367279
314;0.0053589968010783195;0.9224137663841248
315;0.0047258674167096615;0.931034505367279
316;0.004972039256244898;0.931034505367279
317;0.0050722830928862095;0.9224137663841248
318;0.0047026569955050945;0.931034505367279
319;0.0049873641692101955;0.9396551847457886
320;0.004614454694092274;0.931034505367279
321;0.004888842813670635;0.9224137663841248
322;0.004783506505191326;0.9396551847457886
323;0.004559098742902279;0.9224137663841248
324;0.004709167405962944;0.931034505367279
325;0.004551198333501816;0.931034505367279
326;0.004940916784107685;0.9224137663841248
327;0.00472403084859252;0.9396551847457886
328;0.005121876485645771;0.931034505367279
329;0.0045476630330085754;0.9396551847457886
330;0.004699020180851221;0.9224137663841248
331;0.004643455613404512;0.931034505367279
332;0.004799674265086651;0.931034505367279
333;0.00464977603405714;0.931034505367279
334;0.004462959710508585;0.9224137663841248
335;0.004736577160656452;0.931034505367279
336;0.00461443979293108;0.931034505367279
337;0.0047096083872020245;0.9224137663841248
338;0.004769939463585615;0.931034505367279
339;0.004977041389793158;0.931034505367279
340;0.004746879450976849;0.931034505367279
341;0.004695963580161333;0.9224137663841248
342;0.004628627095371485;0.931034505367279
343;0.00462980754673481;0.931034505367279
344;0.004584093578159809;0.9396551847457886
345;0.004282497335225344;0.931034505367279
346;0.0047796014696359634;0.9396551847457886
347;0.0044992463663220406;0.931034505367279
348;0.00462741544470191;0.931034505367279
349;0.004705781117081642;0.9224137663841248
350;0.004869842901825905;0.9224137663841248
351;0.00452191848307848;0.9396551847457886
352;0.004571337252855301;0.931034505367279
353;0.004546773619949818;0.931034505367279
354;0.004356603138148785;0.931034505367279
355;0.004851182922720909;0.9224137663841248
356;0.004358166363090277;0.931034505367279
357;0.0046291653998196125;0.9224137663841248
358;0.004485360812395811;0.9224137663841248
359;0.0046381703577935696;0.931034505367279
360;0.004291656892746687;0.9482758641242981
361;0.004248961340636015;0.9396551847457886
362;0.004436662886291742;0.931034505367279
363;0.004652171861380339;0.931034505367279
364;0.004671857226639986;0.931034505367279
365;0.0046677300706505775;0.931034505367279
366;0.004667139146476984;0.9396551847457886
367;0.004501065239310265;0.931034505367279
368;0.004578084219247103;0.9224137663841248
369;0.004856902174651623;0.9137930870056152
370;0.004066235851496458;0.931034505367279
371;0.00468339491635561;0.9137930870056152
372;0.004496749956160784;0.931034505367279
373;0.004633763339370489;0.9224137663841248
374;0.004101444035768509;0.9396551847457886
375;0.004289645701646805;0.9482758641242981
376;0.004126771353185177;0.931034505367279
377;0.004256110172718763;0.931034505367279
378;0.004358851816505194;0.9396551847457886
379;0.0044494569301605225;0.9224137663841248
380;0.004213711246848106;0.9224137663841248
381;0.004327984061092138;0.931034505367279
382;0.004511153791099787;0.9224137663841248
383;0.004335345234721899;0.931034505367279
384;0.004595976788550615;0.931034505367279
385;0.004474570043385029;0.9224137663841248
386;0.004227759782224894;0.9224137663841248
387;0.003999535460025072;0.9482758641242981
388;0.004380922764539719;0.9396551847457886
389;0.004316115286201239;0.9396551847457886
390;0.004355743061751127;0.931034505367279
391;0.004234623163938522;0.931034505367279
392;0.004295316059142351;0.9224137663841248
393;0.004431260284036398;0.9396551847457886
394;0.004529906436800957;0.931034505367279
395;0.004485106095671654;0.9137930870056152
396;0.00475091440603137;0.931034505367279
397;0.004414656665176153;0.9051724076271057
398;0.004517729394137859;0.9224137663841248
399;0.004663192201405764;0.9224137663841248
400;0.00432127108797431;0.9396551847457886
401;0.004199125804007053;0.931034505367279
402;0.004310260992497206;0.9396551847457886
403;0.004197772592306137;0.931034505367279
404;0.004614533390849829;0.931034505367279
405;0.0045650615356862545;0.9137930870056152
406;0.003921853378415108;0.9482758641242981
407;0.004233549349009991;0.9396551847457886
408;0.004218122456222773;0.9396551847457886
409;0.004272142890840769;0.9224137663841248
410;0.004368330352008343;0.9137930870056152
411;0.003974183462560177;0.9482758641242981
412;0.0041240062564611435;0.931034505367279
413;0.004421022720634937;0.9224137663841248
414;0.004064615815877914;0.9396551847457886
415;0.003869479289278388;0.9396551847457886
416;0.004296875558793545;0.9224137663841248
417;0.0042320434004068375;0.931034505367279
418;0.004331949166953564;0.9224137663841248
419;0.004300921224057674;0.9482758641242981
420;0.003923945594578981;0.9396551847457886
421;0.00453026732429862;0.931034505367279
422;0.0039616175927221775;0.931034505367279
423;0.004079471342265606;0.9396551847457886
424;0.00434661703184247;0.9224137663841248
425;0.004313336219638586;0.9051724076271057
426;0.004153051413595676;0.9396551847457886
427;0.004252340644598007;0.931034505367279
428;0.00473629729822278;0.931034505367279
429;0.004086886532604694;0.9224137663841248
430;0.0038331530522555113;0.931034505367279
431;0.004096996039152145;0.931034505367279
432;0.004322864580899477;0.9224137663841248
433;0.004284993279725313;0.9396551847457886
434;0.004211029503494501;0.9224137663841248
435;0.0041893478482961655;0.9224137663841248
436;0.0038268568459898233;0.931034505367279
437;0.0041753631085157394;0.9396551847457886
438;0.004050223622471094;0.931034505367279
439;0.004325280897319317;0.9224137663841248
440;0.004593743477016687;0.9137930870056152
441;0.003924292977899313;0.931034505367279
442;0.004530611913651228;0.931034505367279
443;0.004357203375548124;0.9137930870056152
444;0.004346666391938925;0.9224137663841248
445;0.004566713701933622;0.931034505367279
446;0.004251215606927872;0.9396551847457886
447;0.004140028730034828;0.931034505367279
448;0.004319795873016119;0.931034505367279
449;0.004517797380685806;0.9224137663841248
450;0.004058066289871931;0.9396551847457886
451;0.004123281687498093;0.9224137663841248
452;0.004142184276133776;0.931034505367279
453;0.003907075617462397;0.931034505367279
454;0.004302396439015865;0.931034505367279
455;0.0041276682168245316;0.931034505367279
456;0.0043207453563809395;0.931034505367279
457;0.0040445406921207905;0.9482758641242981
458;0.004360707011073828;0.931034505367279
459;0.0038426020182669163;0.9396551847457886
460;0.0038405463565140963;0.9224137663841248
461;0.00395269226282835;0.931034505367279
462;0.004012160934507847;0.9224137663841248
463;0.00409297039732337;0.931034505367279
464;0.0040201167576014996;0.931034505367279
465;0.004085130989551544;0.9224137663841248
466;0.004285723436623812;0.9224137663841248
467;0.003970500081777573;0.9137930870056152
468;0.004110059235244989;0.9224137663841248
469;0.004020414315164089;0.9482758641242981
470;0.0041360496543347836;0.9396551847457886
471;0.004130990710109472;0.931034505367279
472;0.00419770460575819;0.9224137663841248
473;0.004065265413373709;0.9482758641242981
474;0.0040347399190068245;0.931034505367279
475;0.004058784805238247;0.9224137663841248
476;0.0037149381823837757;0.9482758641242981
477;0.004301644861698151;0.9224137663841248
478;0.004007836803793907;0.931034505367279
479;0.003933286294341087;0.9224137663841248
480;0.003996147774159908;0.9396551847457886
481;0.003971387166529894;0.9396551847457886
482;0.004021937493234873;0.9482758641242981
483;0.004109081346541643;0.931034505367279
484;0.004318975377827883;0.9051724076271057
485;0.004100900609046221;0.9396551847457886
486;0.003990547265857458;0.9396551847457886
487;0.00411249790340662;0.9396551847457886
488;0.0037041238974779844;0.931034505367279
489;0.0039031878113746643;0.931034505367279
490;0.0040283408015966415;0.931034505367279
491;0.0043007684871554375;0.9396551847457886
492;0.004008124582469463;0.9224137663841248
493;0.004435794427990913;0.9137930870056152
494;0.003990140277892351;0.9396551847457886
495;0.004022541455924511;0.9396551847457886
496;0.004024137742817402;0.931034505367279
497;0.004132185131311417;0.9396551847457886
498;0.003924001008272171;0.931034505367279
499;0.004140942823141813;0.9482758641242981
500;0.003906100057065487;0.931034505367279
501;0.0041132476180791855;0.9224137663841248
502;0.004148775711655617;0.9224137663841248
503;0.004072890151292086;0.9396551847457886
504;0.004240865353494883;0.931034505367279
505;0.004174612462520599;0.9051724076271057
506;0.0039138044230639935;0.9396551847457886
507;0.003949243575334549;0.9396551847457886
508;0.004096082877367735;0.931034505367279
509;0.0040807705372571945;0.931034505367279
510;0.003751994576305151;0.9396551847457886
511;0.0037618158385157585;0.9224137663841248
512;0.003995888866484165;0.931034505367279
513;0.003832598915323615;0.9396551847457886
514;0.004017723724246025;0.931034505367279
515;0.0038908112328499556;0.931034505367279
516;0.0037432778626680374;0.931034505367279
517;0.00416537094861269;0.9224137663841248
518;0.003940637223422527;0.931034505367279
519;0.004092198796570301;0.9137930870056152
520;0.0038384590297937393;0.931034505367279
521;0.003616201924160123;0.931034505367279
522;0.003530925139784813;0.931034505367279
523;0.0038005702663213015;0.9224137663841248
524;0.0038505345582962036;0.9396551847457886
525;0.003608575090765953;0.9396551847457886
526;0.004092044662684202;0.931034505367279
527;0.0039024814032018185;0.9137930870056152
528;0.004086637869477272;0.9137930870056152
529;0.0038524868432432413;0.931034505367279
530;0.003663507755845785;0.931034505367279
531;0.0037441570311784744;0.9224137663841248
532;0.003963243681937456;0.931034505367279
533;0.003899878356605768;0.9137930870056152
534;0.004041827749460936;0.9137930870056152
535;0.003888170700520277;0.9224137663841248
536;0.003999677021056414;0.9137930870056152
537;0.003734444733709097;0.9396551847457886
538;0.003827219596132636;0.931034505367279
539;0.0038587022572755814;0.9396551847457886
540;0.003978867083787918;0.9224137663841248
541;0.0037582749500870705;0.931034505367279
542;0.003680095775052905;0.931034505367279
543;0.003949411679059267;0.9396551847457886
544;0.003944485913962126;0.9482758641242981
545;0.0036708808038383722;0.931034505367279
546;0.003936086315661669;0.9224137663841248
547;0.003803935833275318;0.9137930870056152
548;0.0037816818803548813;0.931034505367279
549;0.0037849845830351114;0.9396551847457886
550;0.00384260481223464;0.9396551847457886
551;0.004044976085424423;0.931034505367279
552;0.0036950064823031425;0.9482758641242981
553;0.003834737930446863;0.931034505367279
554;0.003941844683140516;0.931034505367279
555;0.0040037487633526325;0.9224137663841248
556;0.004089030437171459;0.931034505367279
557;0.0037490061949938536;0.9396551847457886
558;0.0040107895620167255;0.9224137663841248
559;0.004287928808480501;0.931034505367279
560;0.0037309592589735985;0.9396551847457886
561;0.003875328227877617;0.9396551847457886
562;0.0040034400299191475;0.9396551847457886
563;0.00407533161342144;0.9224137663841248
564;0.003951910883188248;0.9396551847457886
565;0.004156386945396662;0.9224137663841248
566;0.0035880221985280514;0.931034505367279
567;0.003806506050750613;0.9137930870056152
568;0.0034388008061796427;0.9482758641242981
569;0.004029606003314257;0.9396551847457886
570;0.0038176297675818205;0.931034505367279
571;0.0034844251349568367;0.9396551847457886
572;0.003642688738182187;0.931034505367279
573;0.0038851439021527767;0.9137930870056152
574;0.00394417205825448;0.9396551847457886
575;0.0038130648899823427;0.9396551847457886
576;0.003624059958383441;0.9396551847457886
577;0.0035315314307808876;0.931034505367279
578;0.0036867354065179825;0.9224137663841248
579;0.0038140893448144197;0.9482758641242981
580;0.003641287097707391;0.9224137663841248
581;0.0034215257037431;0.9482758641242981
582;0.0034885844215750694;0.9396551847457886
583;0.0036572536919265985;0.9396551847457886
584;0.0033616377040743828;0.931034505367279
585;0.0034624820109456778;0.9568965435028076
586;0.004059115890413523;0.931034505367279
587;0.003683118149638176;0.9482758641242981
588;0.0036279431078583;0.931034505367279
589;0.003760295920073986;0.9568965435028076
590;0.0037326354067772627;0.9396551847457886
591;0.003531556110829115;0.9655172228813171
592;0.0036293535958975554;0.9482758641242981
593;0.003992945421487093;0.9137930870056152
594;0.004099713638424873;0.9396551847457886
595;0.0038548291195183992;0.9224137663841248
596;0.004479454830288887;0.9051724076271057
597;0.004267809446901083;0.931034505367279
598;0.0037924316711723804;0.9568965435028076
599;0.004132382106035948;0.931034505367279
600;0.0042248619720339775;0.9396551847457886
601;0.003733835183084011;0.9396551847457886
602;0.003777593607082963;0.9396551847457886
603;0.004091965034604073;0.9482758641242981
604;0.00387547817081213;0.9396551847457886
605;0.0036094479728490114;0.9396551847457886
606;0.0036691161803901196;0.931034505367279
607;0.003769987029954791;0.9396551847457886
608;0.0036988181527704;0.931034505367279
609;0.003441443433985114;0.9482758641242981
610;0.0035486856941133738;0.9396551847457886
611;0.003926904872059822;0.9137930870056152
612;0.003487197682261467;0.931034505367279
613;0.0036823635455220938;0.9568965435028076
614;0.003489985829219222;0.9396551847457886
615;0.003417111001908779;0.9396551847457886
616;0.003731616772711277;0.931034505367279
617;0.0032960432581603527;0.9482758641242981
618;0.0034679602831602097;0.931034505367279
619;0.003595575923100114;0.9396551847457886
620;0.0033222078345716;0.9655172228813171
621;0.003108629258349538;0.9568965435028076
622;0.003591767279431224;0.931034505367279
623;0.003956859931349754;0.9224137663841248
624;0.0036493840161710978;0.9224137663841248
625;0.003154063830152154;0.9568965435028076
626;0.00373604753986001;0.9568965435028076
627;0.003404079470783472;0.9396551847457886
628;0.003664459800347686;0.9482758641242981
629;0.002837994135916233;0.982758641242981
630;0.0030755153857171535;0.9913793206214905
631;0.003208490088582039;0.9655172228813171
632;0.0029314712155610323;0.9741379022598267
633;0.002960015321150422;0.9741379022598267
634;0.002983438316732645;0.9741379022598267
635;0.0031768090557307005;0.9741379022598267
636;0.004097106400877237;0.931034505367279
637;0.005157579202204943;0.931034505367279
638;0.0030513894744217396;0.9655172228813171
639;0.003386842552572489;0.9568965435028076
640;0.003544636070728302;0.9482758641242981
641;0.0035706025082618;0.9396551847457886
642;0.0031752153299748898;0.9396551847457886
643;0.0033559242729097605;0.9568965435028076
644;0.0029328572563827038;0.9655172228813171
645;0.0031363344751298428;0.9482758641242981
646;0.002976316027343273;0.9655172228813171
647;0.002919495105743408;0.9913793206214905
648;0.004036352038383484;0.9482758641242981
649;0.004128996282815933;0.931034505367279
650;0.005211777053773403;0.931034505367279
651;0.004249998833984137;0.9137930870056152
652;0.003890569554641843;0.9568965435028076
653;0.004615056328475475;0.9224137663841248
654;0.003940897528082132;0.9482758641242981
655;0.0037740422412753105;0.9224137663841248
656;0.004064910113811493;0.9224137663841248
657;0.0035640927962958813;0.931034505367279
658;0.0044077318161726;0.9224137663841248
659;0.003234448842704296;0.9655172228813171
660;0.0034181270748376846;0.982758641242981
661;0.0036934036761522293;0.9568965435028076
662;0.003312265034765005;0.9655172228813171
663;0.0036293519660830498;0.9568965435028076
664;0.003088649595156312;0.9741379022598267
665;0.0030161442700773478;0.982758641242981
666;0.003573983209207654;0.9224137663841248
667;0.002808748744428158;0.982758641242981
668;0.002921813167631626;0.982758641242981
669;0.002600531093776226;0.9741379022598267
670;0.0028465723153203726;0.9741379022598267
671;0.0027278708294034004;0.982758641242981
672;0.0026885326951742172;0.982758641242981
673;0.0027294112369418144;0.9741379022598267
674;0.0023403363302350044;0.9741379022598267
675;0.002550065517425537;1.0
676;0.00207696040160954;1.0
677;0.002876752056181431;0.9655172228813171
678;0.002480439841747284;0.982758641242981
679;0.0026321413461118937;0.982758641242981
680;0.002484594937413931;0.982758641242981
681;0.002037062542513013;1.0
682;0.0024232452269643545;1.0
683;0.002552059246227145;0.9913793206214905
684;0.002257140353322029;1.0
685;0.003807033644989133;0.9482758641242981
686;0.002624162705615163;0.9568965435028076
687;0.004002307541668415;0.931034505367279
688;0.0024248315021395683;1.0
689;0.0024264270905405283;0.982758641242981
690;0.0028002483304589987;0.982758641242981
691;0.001945605268701911;0.9913793206214905
692;0.003650035010650754;0.9396551847457886
693;0.0021087289787828922;1.0
694;0.0026153468061238527;0.9741379022598267
695;0.0019086047541350126;1.0
696;0.0024184330832213163;1.0
697;0.0035688059870153666;0.931034505367279
698;0.005330023821443319;0.9051724076271057
699;0.002482576761394739;0.982758641242981
700;0.0020411768928170204;1.0
701;0.002511743688955903;0.982758641242981
702;0.0025477386079728603;0.982758641242981
703;0.0025391140952706337;0.982758641242981
704;0.0019952463917434216;1.0
705;0.0021065769251435995;0.9913793206214905
706;0.0021799311507493258;0.9913793206214905
707;0.0019796169362962246;1.0
708;0.002053252188488841;1.0
709;0.0017297528684139252;1.0
710;0.0020089116878807545;1.0
711;0.0018053293460980058;1.0
712;0.0017847775015980005;1.0
713;0.0017664723563939333;1.0
714;0.0019865408539772034;1.0
715;0.0014967385213822126;1.0
716;0.00135395722463727;1.0
717;0.001968944910913706;1.0
718;0.0013175687054172158;1.0
719;0.001818778458982706;1.0
720;0.0018072134116664529;1.0
721;0.0016768565401434898;1.0
722;0.0016318720299750566;0.9913793206214905
723;0.0016625472344458103;1.0
724;0.0013632304035127163;1.0
725;0.001329640275798738;1.0
726;0.0012312546605244279;1.0
727;0.0012854770757257938;1.0
728;0.0014292316045612097;1.0
729;0.0012994087301194668;1.0
730;0.0013246574671939015;1.0
731;0.0011674255365505815;1.0
732;0.001217407756485045;1.0
733;0.0013620555400848389;1.0
734;0.0012420638231560588;1.0
735;0.0012503766920417547;1.0
736;0.0011172073427587748;1.0
737;0.0011959890834987164;1.0
738;0.0012726421700790524;1.0
739;0.0014291141415014863;1.0
740;0.0009376513189636171;1.0
741;0.00150884164031595;1.0
742;0.0011380156502127647;1.0
743;0.0011917843949049711;1.0
744;0.0009333908674307168;1.0
745;0.0011182485613971949;1.0
746;0.0011095450026914477;1.0
747;0.0027936967089772224;0.9568965435028076
748;0.010094531811773777;0.8620689511299133
749;0.008052137680351734;0.8879310488700867
750;0.010961613617837429;0.7931034564971924
751;0.011979162693023682;0.818965494632721
752;0.014201175421476364;0.8103448152542114
753;0.0137989092618227;0.7586206793785095
754;0.012011207640171051;0.8275862336158752
755;0.011870015412569046;0.8448275923728943
756;0.011963971890509129;0.8534482717514038
757;0.013623879291117191;0.7844827771186829
758;0.011639868840575218;0.8448275923728943
759;0.013546489179134369;0.8103448152542114
760;0.010385563597083092;0.8448275923728943
761;0.010430685244500637;0.8275862336158752
762;0.023749016225337982;0.6637930870056152
763;0.011044042184948921;0.8275862336158752
764;0.009864864870905876;0.8965517282485962
765;0.017654530704021454;0.818965494632721
766;0.011701789684593678;0.8448275923728943
767;0.009446901269257069;0.8793103694915771
768;0.008959945291280746;0.9051724076271057
769;0.008966916240751743;0.8879310488700867
770;0.009456947445869446;0.8879310488700867
771;0.008836628869175911;0.9137930870056152
772;0.007364396937191486;0.9224137663841248
773;0.0067847371101379395;0.931034505367279
774;0.006483909673988819;0.931034505367279
775;0.007261632476001978;0.9224137663841248
776;0.006685623899102211;0.9482758641242981
777;0.006699119694530964;0.931034505367279
778;0.006154118105769157;0.931034505367279
779;0.0060669369995594025;0.9137930870056152
780;0.005489536561071873;0.9482758641242981
781;0.005192433018237352;0.931034505367279
782;0.005032720044255257;0.931034505367279
783;0.005213510245084763;0.931034505367279
784;0.005553354509174824;0.9051724076271057
785;0.005233025643974543;0.9396551847457886
786;0.004964094143360853;0.9482758641242981
787;0.004880546126514673;0.931034505367279
788;0.004930838476866484;0.9224137663841248
789;0.00444051343947649;0.9396551847457886
790;0.004811662249267101;0.9396551847457886
791;0.004468230996280909;0.9396551847457886
792;0.004372087772935629;0.9482758641242981
793;0.004743813071399927;0.9482758641242981
794;0.0045036147348582745;0.9482758641242981
795;0.00428992323577404;0.931034505367279
796;0.004213216248899698;0.931034505367279
797;0.004079460632055998;0.9655172228813171
798;0.0038455615285784006;0.9568965435028076
799;0.004107330460101366;0.9396551847457886
800;0.00396809121593833;0.931034505367279
801;0.0039336890913546085;0.9568965435028076
802;0.0037050920072942972;0.9568965435028076
803;0.003920815885066986;0.931034505367279
804;0.0037882565520703793;0.9396551847457886
805;0.003568667685613036;0.9568965435028076
806;0.003835644107311964;0.931034505367279
807;0.004039721563458443;0.9224137663841248
808;0.003625462995842099;0.9396551847457886
809;0.0033982740715146065;0.9568965435028076
810;0.0035159208346158266;0.9396551847457886
811;0.0037278817035257816;0.9482758641242981
812;0.0033803931437432766;0.9655172228813171
813;0.003099883208051324;0.9482758641242981
814;0.0031248233281075954;0.982758641242981
815;0.0031101321801543236;0.9568965435028076
816;0.0031307293102145195;0.9913793206214905
817;0.003844523336738348;0.9482758641242981
818;0.0034540200140327215;0.9482758641242981
819;0.002796304877847433;0.9913793206214905
820;0.0028481795452535152;0.982758641242981
821;0.002693298738449812;0.9741379022598267
822;0.0023868975695222616;1.0
823;0.002350046532228589;1.0
824;0.0030712997540831566;0.9655172228813171
825;0.002867218805477023;0.9913793206214905
826;0.003390308702364564;0.931034505367279
827;0.0029272972606122494;0.9913793206214905
828;0.002825226401910186;0.982758641242981
829;0.0022244371939450502;1.0
830;0.0021934316027909517;1.0
831;0.00283637223765254;0.9913793206214905
832;0.0018246063264086843;1.0
833;0.00218952470459044;1.0
834;0.002058144425973296;1.0
835;0.0019743212033063173;1.0
836;0.00181158899795264;1.0
837;0.0018008315237239003;1.0
838;0.002198392990976572;1.0
839;0.0018477323465049267;0.9913793206214905
840;0.001704840688034892;1.0
841;0.0019365623593330383;1.0
842;0.0015942261088639498;1.0
843;0.0013095408212393522;1.0
844;0.001604510354809463;1.0
845;0.0016346974298357964;1.0
846;0.001707142568193376;1.0
847;0.0013588054571300745;1.0
848;0.002370557514950633;0.9913793206214905
849;0.0015154348220676184;1.0
850;0.0012063863687217236;1.0
851;0.0014921912224963307;1.0
852;0.002004342619329691;1.0
853;0.0016025577206164598;1.0
854;0.0021052327938377857;0.9913793206214905
855;0.001351301558315754;1.0
856;0.0015360132092610002;1.0
857;0.0018538974691182375;1.0
858;0.001201654551550746;1.0
859;0.001224673935212195;1.0
860;0.0010806568898260593;1.0
861;0.0011703126365318894;1.0
862;0.0012079812586307526;1.0
863;0.0014617644483223557;1.0
864;0.0012264199322089553;1.0
865;0.0010869440156966448;1.0
866;0.0012370767071843147;1.0
867;0.0013233189238235354;1.0
868;0.0012527976650744677;1.0
869;0.000974048743955791;1.0
870;0.001124903210438788;1.0
871;0.001944696414284408;1.0
872;0.0014986448222771287;1.0
873;0.007966533303260803;0.9051724076271057
874;0.002172186505049467;0.982758641242981
875;0.0011953922221437097;1.0
876;0.0016533674206584692;0.9913793206214905
877;0.00394807243719697;0.931034505367279
878;0.0022079115733504295;0.9741379022598267
879;0.001544582424685359;1.0
880;0.001619954127818346;1.0
881;0.0025477693416178226;0.982758641242981
882;0.0030410292092710733;0.931034505367279
883;0.0013978412607684731;1.0
884;0.002311661373823881;0.982758641242981
885;0.0018662348156794906;1.0
886;0.001916889101266861;1.0
887;0.001503796549513936;1.0
888;0.0015944790793582797;1.0
889;0.0016936847241595387;1.0
890;0.0013082986697554588;1.0
891;0.0015164118958637118;1.0
892;0.0015146567020565271;1.0
893;0.0014378742780536413;1.0
894;0.0014728668611496687;1.0
895;0.0011767168762162328;1.0
896;0.0011974780354648829;1.0
897;0.0011231079697608948;1.0
898;0.0012564269127324224;1.0
899;0.0012486622435972095;1.0
900;0.0010145700071007013;1.0
901;0.0011412808671593666;1.0
902;0.0010027356911450624;1.0
903;0.0010547095444053411;1.0
904;0.001004134537652135;1.0
905;0.0008886986179277301;1.0
906;0.0010873329592868686;1.0
907;0.0008796865004114807;1.0
908;0.000884921639226377;1.0
909;0.00103097187820822;1.0
910;0.0009919723961502314;1.0
911;0.0008922275737859309;1.0
912;0.0009417739347554743;1.0
913;0.0009535893332213163;1.0
914;0.0009482704335823655;1.0
915;0.0007388544618152082;1.0
916;0.0007611675537191331;1.0
917;0.0008545551681891084;1.0
918;0.0008224411285482347;1.0
919;0.0009053008398041129;1.0
920;0.0007946353289298713;1.0
921;0.0009075056295841932;1.0
922;0.0007590217865072191;1.0
923;0.0007763567846268415;1.0
924;0.0009441974107176065;1.0
925;0.0008112564100883901;1.0
926;0.0008702554041519761;1.0
927;0.0006935008568689227;1.0
928;0.0007892425637692213;1.0
929;0.0007097835768945515;1.0
930;0.0008714944124221802;1.0
931;0.0007710037170909345;1.0
932;0.0007521032821387053;1.0
933;0.0006874116370454431;1.0
934;0.0008242513285949826;1.0
935;0.0008279412868432701;1.0
936;0.0007890020497143269;1.0
937;0.0006702247192151845;1.0
938;0.0006858749547973275;1.0
939;0.0007936105830594897;1.0
940;0.0007278109551407397;1.0
941;0.0008771572029218078;1.0
942;0.0006510313833132386;1.0
943;0.0007099988870322704;1.0
944;0.0006981753394939005;1.0
945;0.0008031760808080435;1.0
946;0.0007939311326481402;1.0
947;0.0006465725018642843;1.0
948;0.0007947629783302546;1.0
949;0.0008662495529279113;1.0
950;0.0006867247866466641;1.0
951;0.000730147585272789;1.0
952;0.0008275844738818705;1.0
953;0.0007775722187943757;1.0
954;0.000578979728743434;1.0
955;0.0006936141289770603;1.0
956;0.0006071996176615357;1.0
957;0.0007403723429888487;1.0
958;0.0007576678181067109;1.0
959;0.0006696252385154366;1.0
960;0.0005226979847066104;1.0
961;0.0006148520624265075;1.0
962;0.0006490775267593563;1.0
963;0.0007031427812762558;1.0
964;0.001005573314614594;1.0
965;0.0007187809096649289;1.0
966;0.0006367358728311956;1.0
967;0.0006464700563810766;1.0
968;0.0007696451502852142;1.0
969;0.0006425715400837362;1.0
970;0.0006756589282304049;1.0
971;0.0007494565797969699;1.0
972;0.0006249903817661107;1.0
973;0.0006520579918287694;1.0
974;0.0006949022645130754;1.0
975;0.000651525508146733;1.0
976;0.0006467393832281232;1.0
977;0.0006300543318502605;1.0
978;0.000644370389636606;1.0
979;0.0005689685349352658;1.0
980;0.0006171996355988085;1.0
981;0.0005927569582127035;1.0
982;0.0005500796833075583;1.0
983;0.0005525202141143382;1.0
984;0.0005928812315687537;1.0
985;0.0006750496686436236;1.0
986;0.000734628876671195;1.0
987;0.0006872538360767066;1.0
988;0.0005452267359942198;1.0
989;0.0006012321100570261;1.0
990;0.0005815727054141462;1.0
991;0.0006834216183051467;1.0
992;0.000649894354864955;1.0
993;0.0006702420650981367;1.0
994;0.0006299409433268011;1.0
995;0.0005216723657213151;1.0
996;0.0007652219501323998;1.0
997;0.000647806329652667;1.0
998;0.0005249868263490498;1.0
999;0.0005425941199064255;1.0
1000;0.0005170742515474558;1.0
1001;0.000715375121217221;1.0
1002;0.0006455513648688793;1.0
1003;0.0006777673261240125;1.0
1004;0.0006060764426365495;1.0
1005;0.0006223453674465418;1.0
1006;0.0006551500991918147;1.0
1007;0.0006418473785743117;1.0
1008;0.0005600967560894787;1.0
1009;0.0005332641885615885;1.0
1010;0.0005425925482995808;1.0
1011;0.0006830279598943889;1.0
1012;0.000587170768994838;1.0
1013;0.000533524202182889;1.0
1014;0.0005862411926500499;1.0
1015;0.0005955476080998778;1.0
1016;0.0006791649502702057;1.0
1017;0.0005486158770509064;1.0
1018;0.0006140968762338161;1.0
1019;0.0006604822119697928;1.0
1020;0.000529878365341574;1.0
1021;0.0005156828556209803;1.0
1022;0.0005213597323745489;1.0
1023;0.0005627733189612627;1.0
1024;0.0005657270085066557;1.0
1025;0.0006399258854798973;1.0
1026;0.0005885678110644221;1.0
1027;0.000685255799908191;1.0
1028;0.0005473454366438091;1.0
1029;0.0006078803562559187;1.0
1030;0.0005259551689960063;1.0
1031;0.0005649849772453308;1.0
1032;0.0005800254875794053;1.0
1033;0.0005711055709980428;1.0
1034;0.0005387201672419906;1.0
1035;0.0005405506235547364;1.0
1036;0.0006647633272223175;1.0
1037;0.0005545957246795297;1.0
1038;0.0005766196409240365;1.0
1039;0.0004545162373688072;1.0
1040;0.000540189619641751;1.0
1041;0.0004839089815504849;1.0
1042;0.0005304362857714295;1.0
1043;0.0005360173527151346;1.0
1044;0.0005522395949810743;1.0
1045;0.0005076623056083918;1.0
1046;0.0005582744488492608;1.0
1047;0.0005593474488705397;1.0
1048;0.0005446873838081956;1.0
1049;0.0005112828221172094;1.0
1050;0.0005739563493989408;1.0
1051;0.000609694398008287;1.0
1052;0.0004673271323554218;1.0
1053;0.0006373567157424986;1.0
1054;0.0004895325400866568;1.0
1055;0.0005578950513154268;1.0
1056;0.000503211107570678;1.0
1057;0.0006459981086663902;1.0
1058;0.0005638631992042065;1.0
1059;0.0004513872554525733;1.0
1060;0.0005083551513962448;1.0
1061;0.0005370688159018755;1.0
1062;0.0006140798795968294;1.0
1063;0.0005863522528670728;1.0
1064;0.000553273712284863;1.0
1065;0.0005672400584444404;1.0
1066;0.0005833765608258545;1.0
1067;0.0005194910918362439;1.0
1068;0.00047599681420251727;1.0
1069;0.0005893470370210707;1.0
1070;0.0005550449131987989;1.0
1071;0.0005964532028883696;1.0
1072;0.0004230394260957837;1.0
1073;0.0005153677775524557;1.0
1074;0.0004920597421005368;1.0
1075;0.0005077089881524444;1.0
1076;0.0004640833649318665;1.0
1077;0.0005237201112322509;1.0
1078;0.0004491459112614393;1.0
1079;0.0005125132738612592;1.0
1080;0.0005185499903745949;1.0
1081;0.0004954300238750875;1.0
1082;0.0005109470221213996;1.0
1083;0.0006018899148330092;1.0
1084;0.0005104001611471176;1.0
1085;0.0005135019309818745;1.0
1086;0.000479027716210112;1.0
1087;0.0004642142739612609;1.0
1088;0.0005844284314662218;1.0
1089;0.0005250315880402923;1.0
1090;0.0004440781776793301;1.0
1091;0.00046989729162305593;1.0
1092;0.00044008067925460637;1.0
1093;0.0005226368666626513;1.0
1094;0.0004769916704390198;1.0
1095;0.00040095378062687814;1.0
1096;0.000517973443493247;1.0
1097;0.00044858790352009237;1.0
1098;0.0005047179292887449;1.0
1099;0.00041392576531507075;1.0
1100;0.00041227933252230287;1.0
1101;0.0005930236075073481;1.0
1102;0.00043480235035531223;1.0
1103;0.0005165106849744916;1.0
1104;0.0004927358822897077;1.0
1105;0.00046894766273908317;1.0
1106;0.0005602057790383697;1.0
1107;0.0005389717989601195;1.0
1108;0.000552831741515547;1.0
1109;0.0004644692235160619;1.0
1110;0.0004743523895740509;1.0
1111;0.0004919383209198713;1.0
1112;0.0005134763196110725;1.0
1113;0.00043232637108303607;1.0
1114;0.0005157399573363364;1.0
1115;0.0004748447972815484;1.0
1116;0.0004208468017168343;1.0
1117;0.0005089391488581896;1.0
1118;0.0004199898976366967;1.0
1119;0.000442345452029258;1.0
1120;0.0005504174623638391;1.0
1121;0.0005736902821809053;1.0
1122;0.00045635472633875906;1.0
1123;0.0004481658397708088;1.0
1124;0.0005093349027447402;1.0
1125;0.0004933924064971507;1.0
1126;0.0004741953744087368;1.0
1127;0.00047263046144507825;1.0
1128;0.00048568827332928777;1.0
1129;0.0004486198304221034;1.0
1130;0.0004884742083959281;1.0
1131;0.0004779993323609233;1.0
1132;0.00046882766764611006;1.0
1133;0.0004763970209751278;1.0
1134;0.00045463891001418233;1.0
1135;0.00037604867247864604;1.0
1136;0.0004045128880534321;1.0
1137;0.00042899828986264765;1.0
1138;0.00042166627827100456;1.0
1139;0.000423773773945868;1.0
1140;0.00041719843284226954;1.0
1141;0.0005263981875032187;1.0
1142;0.0004484509991016239;1.0
1143;0.00044680351857095957;1.0
1144;0.0004734423418994993;1.0
1145;0.0004903879598714411;1.0
1146;0.00040125957457348704;1.0
1147;0.0003954240819439292;1.0
1148;0.000430209853220731;1.0
1149;0.00040705205174162984;1.0
1150;0.00047165766591206193;1.0
1151;0.00044273288222029805;1.0
1152;0.00048264925135299563;1.0
1153;0.00041429459815844893;1.0
1154;0.0004783899348694831;1.0
1155;0.0004593968333210796;1.0
1156;0.000380394805688411;1.0
1157;0.0004403835628181696;1.0
1158;0.00039771321462467313;1.0
1159;0.00048329855781048536;1.0
1160;0.0005768779083155096;1.0
1161;0.000428948289481923;1.0
1162;0.00043466477654874325;1.0
1163;0.0003240463265683502;1.0
1164;0.0005054717767052352;1.0
1165;0.00048148733912967145;1.0
1166;0.00039734161691740155;1.0
1167;0.00045183009933680296;1.0
1168;0.00041962892282754183;1.0
1169;0.00039097576518543065;1.0
1170;0.00046742611448280513;1.0
1171;0.00043785443995147943;1.0
1172;0.0005148889613337815;1.0
1173;0.00043551248381845653;1.0
1174;0.00038207281613722444;1.0
1175;0.0004451161948964;1.0
1176;0.00040541074122302234;1.0
1177;0.0003979332104790956;1.0
1178;0.0003849819768220186;1.0
1179;0.000492728897370398;1.0
1180;0.00045582803431898355;1.0
1181;0.0004325737536419183;1.0
1182;0.00044150621397420764;1.0
1183;0.00048552657244727015;1.0
1184;0.0004798510344699025;1.0
1185;0.0005320216296240687;1.0
1186;0.00040398084092885256;1.0
1187;0.0004489240818656981;1.0
1188;0.0004140386008657515;1.0
1189;0.00037743497523479164;1.0
1190;0.00047512640594504774;1.0
1191;0.0004375559510663152;1.0
1192;0.0004443329817149788;1.0
1193;0.00044968241127207875;1.0
1194;0.000376269657863304;1.0
1195;0.0004755077534355223;1.0
1196;0.00035611234488897026;1.0
1197;0.0003682246315293014;1.0
1198;0.00038963707629591227;1.0
1199;0.00045020823017694056;1.0
1200;0.0004025154048576951;1.0
1201;0.0004219776310492307;1.0
1202;0.0005365035030990839;1.0
1203;0.00044951614108867943;1.0
1204;0.0003631618164945394;1.0
1205;0.0004243325092829764;1.0
1206;0.0004531187587417662;1.0
1207;0.00035620745620690286;1.0
1208;0.0004568742879200727;1.0
1209;0.00042326131369918585;1.0
1210;0.000378339464077726;1.0
1211;0.0004774681874550879;1.0
1212;0.0005079798283986747;1.0
1213;0.0003241420490667224;1.0
1214;0.0004171872860752046;1.0
1215;0.00042063326691277325;1.0
1216;0.00036627892404794693;1.0
1217;0.00047239274135790765;1.0
1218;0.00039731882861815393;1.0
1219;0.00047646864550188184;1.0
1220;0.00046376307727769017;1.0
1221;0.0003829752968158573;1.0
1222;0.0003292587643954903;1.0
1223;0.0004855150473304093;1.0
1224;0.0003858090203721076;1.0
1225;0.00040904339402914047;1.0
1226;0.0004441161872819066;1.0
1227;0.0003791828057728708;1.0
1228;0.000376958807464689;1.0
1229;0.00039616759750060737;1.0
1230;0.00033999775769189;1.0
1231;0.0003728362498804927;1.0
1232;0.00028518890030682087;1.0
1233;0.0005454519996419549;1.0
1234;0.0003595774178393185;1.0
1235;0.0004841472546104342;1.0
1236;0.0004126111452933401;1.0
1237;0.0004102002421859652;1.0
1238;0.0005535432137548923;1.0
1239;0.0003603128425311297;1.0
1240;0.0003930287202820182;1.0
1241;0.0004021048080176115;1.0
1242;0.00040487729711458087;1.0
1243;0.0003641992516350001;1.0
1244;0.0003531248075887561;1.0
1245;0.00039565571933053434;1.0
1246;0.00030867577879689634;1.0
1247;0.00040234331390820444;1.0
1248;0.00038686394691467285;1.0
1249;0.00043786727474071085;1.0
1250;0.00039836246287450194;1.0
1251;0.00047381516196765006;1.0
1252;0.00035398066393099725;1.0
1253;0.00044118668301962316;1.0
1254;0.00029935117345303297;1.0
1255;0.0003786828019656241;1.0
1256;0.0004414543218445033;1.0
1257;0.0003486060304567218;1.0
1258;0.00031322267022915184;1.0
1259;0.0003030212828889489;1.0
1260;0.0003965322976000607;1.0
1261;0.00037999398773536086;1.0
1262;0.00035202052094973624;1.0
1263;0.00030812653130851686;1.0
1264;0.00040595117025077343;1.0
1265;0.00034002866595983505;1.0
1266;0.0003642759402282536;1.0
1267;0.0003693542967084795;1.0
1268;0.0004083507810719311;1.0
1269;0.0003792392381001264;1.0
1270;0.0003087505465373397;1.0
1271;0.0003726704162545502;1.0
1272;0.000303664623061195;1.0
1273;0.00033438822720199823;1.0
1274;0.0003556923184078187;1.0
1275;0.0003073627594858408;1.0
1276;0.00036619792808778584;1.0
1277;0.0003573583089746535;1.0
1278;0.0003485710476525128;1.0
1279;0.00035849507548846304;1.0
1280;0.00035929569276049733;1.0
1281;0.0004197141097392887;1.0
1282;0.00033481992431916296;1.0
1283;0.0003144799266010523;1.0
1284;0.00041838083416223526;1.0
1285;0.0003782388521358371;1.0
1286;0.00035316788125783205;1.0
1287;0.00030251467251218855;1.0
1288;0.0003303953562863171;1.0
1289;0.0003701578825712204;1.0
1290;0.00036544338217936456;1.0
1291;0.00029368462855927646;1.0
1292;0.0003271559253334999;1.0
1293;0.00043850429938174784;1.0
1294;0.0003766659356188029;1.0
1295;0.0003515800344757736;1.0
1296;0.00031081377528607845;1.0
1297;0.000353711424395442;1.0
1298;0.00038365376531146467;1.0
1299;0.00033725996036082506;1.0
1300;0.00036455481313169;1.0
1301;0.00032342527993023396;1.0
1302;0.00038276254781521857;1.0
1303;0.00031389982905238867;1.0
1304;0.0002797128399834037;1.0
1305;0.00035198937985114753;1.0
1306;0.000367037981050089;1.0
1307;0.00035313787520863116;1.0
1308;0.00040872179670259356;1.0
1309;0.00036707535036839545;1.0
1310;0.0003375888627488166;1.0
1311;0.00035404536174610257;1.0
1312;0.00031302060233429074;1.0
1313;0.0003332539927214384;1.0
1314;0.00033872746280394495;1.0
1315;0.0003962854389101267;1.0
1316;0.0003632832958828658;1.0
1317;0.00032693202956579626;1.0
1318;0.000319414131809026;1.0
1319;0.0003424410242587328;1.0
1320;0.0003782720013987273;1.0
1321;0.00036247808020561934;1.0
1322;0.00039662650669924915;1.0
1323;0.0003913015825673938;1.0
1324;0.00038945305277593434;1.0
1325;0.0003687635180540383;1.0
1326;0.0003203422820661217;1.0
1327;0.0003192606964148581;1.0
1328;0.0003864263417199254;1.0
1329;0.0003314328205306083;1.0
1330;0.00030900962883606553;1.0
1331;0.00030542697641067207;1.0
1332;0.0003646815603133291;1.0
1333;0.00035918407957069576;1.0
1334;0.00041420795605517924;1.0
1335;0.00040806439938023686;1.0
1336;0.00035216810647398233;1.0
1337;0.0003343412245158106;1.0
1338;0.00034597079502418637;1.0
1339;0.00043178387568332255;1.0
1340;0.0003274406772106886;1.0
1341;0.00035227209446020424;1.0
1342;0.0003680875524878502;1.0
1343;0.00039530673529952765;1.0
1344;0.00032779359025880694;1.0
1345;0.0003899241564795375;1.0
1346;0.0003396551765035838;1.0
1347;0.00031612213933840394;1.0
1348;0.00034111057175323367;1.0
1349;0.00034452092950232327;1.0
1350;0.0003227795532438904;1.0
1351;0.00034285313449800014;1.0
1352;0.0003380875277798623;1.0
1353;0.0003486869391053915;1.0
1354;0.0002978001721203327;1.0
1355;0.0003655724576674402;1.0
1356;0.0003317120426800102;1.0
1357;0.000398733391193673;1.0
1358;0.0003171657444909215;1.0
1359;0.0003583123907446861;1.0
1360;0.00029188429471105337;1.0
1361;0.0003298001829534769;1.0
1362;0.00033565788180567324;1.0
1363;0.0003316188231110573;1.0
1364;0.00030361340031959116;1.0
1365;0.0003209094575140625;1.0
1366;0.00040876975981518626;1.0
1367;0.0003233693423680961;1.0
1368;0.0002847235882654786;1.0
1369;0.00031940016197040677;1.0
1370;0.0003083037445321679;1.0
1371;0.00033230616827495396;1.0
1372;0.00032813154393807054;1.0
1373;0.000280070467852056;1.0
1374;0.00032830366399139166;1.0
1375;0.0003076651191804558;1.0
1376;0.000323198240948841;1.0
1377;0.0003694675397127867;1.0
1378;0.00031782768201082945;1.0
1379;0.0004302983288653195;1.0
1380;0.00035460598883219063;1.0
1381;0.0003246312844567001;1.0
1382;0.000336615601554513;1.0
1383;0.0002930107875727117;1.0
1384;0.00034895294811576605;1.0
1385;0.00033580002491362393;1.0
1386;0.0003259739023633301;1.0
1387;0.0003799506521318108;1.0
1388;0.0002806842385325581;1.0
1389;0.0002941775892395526;1.0
1390;0.0003263935795985162;1.0
1391;0.00031283183488994837;1.0
1392;0.00034773413790389895;1.0
1393;0.00027845497243106365;1.0
1394;0.00033394541242159903;1.0
1395;0.0003302520781289786;1.0
1396;0.0003144444490317255;1.0
1397;0.0003118590102531016;1.0
1398;0.0003045173070859164;1.0
1399;0.00030570512171834707;1.0
1400;0.0003061403695028275;1.0
1401;0.00033479559351690114;1.0
1402;0.0003447904309723526;1.0
1403;0.0002816733904182911;1.0
1404;0.0003655885811895132;1.0
1405;0.0002999073767568916;1.0
1406;0.0003451104857958853;1.0
1407;0.00033724334207363427;1.0
1408;0.00031623095856048167;1.0
1409;0.00024479292915202677;1.0
1410;0.00037522579077631235;1.0
1411;0.0003017142880707979;1.0
1412;0.0003096810542047024;1.0
1413;0.0003096497093793005;1.0
1414;0.0003684263792820275;1.0
1415;0.00028058947646059096;1.0
1416;0.00028886939981020987;1.0
1417;0.00034000127925537527;1.0
1418;0.0003066265198867768;1.0
1419;0.0003524540225043893;1.0
1420;0.00029758617165498435;1.0
1421;0.0003377377288416028;1.0
1422;0.00033205069485120475;1.0
1423;0.00038113881601020694;1.0
1424;0.0002867087023332715;1.0
1425;0.00036221527261659503;1.0
1426;0.0003446339105721563;1.0
1427;0.00031292130006477237;1.0
1428;0.000412753812270239;1.0
1429;0.00034371926449239254;1.0
1430;0.0003284693229943514;1.0
1431;0.00026553761563263834;1.0
1432;0.00031510944245383143;1.0
1433;0.00036121412995271385;1.0
1434;0.0003121785703115165;1.0
1435;0.0003777757228817791;1.0
1436;0.0004503627133090049;1.0
1437;0.0002952527138404548;1.0
1438;0.0003105383657384664;1.0
1439;0.00029987789457663894;1.0
1440;0.00035419021151028574;1.0
1441;0.00037445558700710535;1.0
1442;0.0003337861271575093;1.0
1443;0.0002864600101020187;1.0
1444;0.00031453956034965813;1.0
1445;0.0003659904468804598;1.0
1446;0.000328936759615317;1.0
1447;0.00032482214737683535;1.0
1448;0.000364981300663203;1.0
1449;0.00031894590938463807;1.0
1450;0.0002753789012786001;1.0
1451;0.00032576717785559595;1.0
1452;0.0002811178273987025;1.0
1453;0.0003563700884114951;1.0
1454;0.0003962440532632172;1.0
1455;0.00037254259223118424;1.0
1456;0.0003352276107762009;1.0
1457;0.000497767177876085;1.0
1458;0.00031760268029756844;1.0
1459;0.0003700992092490196;1.0
1460;0.00032594267395325005;1.0
1461;0.0002547002804931253;1.0
1462;0.0003157444589305669;1.0
1463;0.0003308531013317406;1.0
1464;0.0003264091210439801;1.0
1465;0.0005029851454310119;1.0
1466;0.00033293335582129657;1.0
1467;0.00028623442631214857;1.0
1468;0.000432339875260368;1.0
1469;0.0003518566081766039;1.0
1470;0.0003831787034869194;1.0
1471;0.0003431446384638548;1.0
1472;0.0002740965283010155;1.0
1473;0.00033658320899121463;1.0
1474;0.00035095104249194264;1.0
1475;0.0003416955878492445;1.0
1476;0.0003438854473643005;1.0
1477;0.00029281715978868306;1.0
1478;0.00037052217521704733;1.0
1479;0.0002736323804128915;1.0
1480;0.0003716832143254578;1.0
1481;0.00038520488305948675;1.0
1482;0.000344582658726722;1.0
1483;0.00031592859886586666;1.0
1484;0.0003422629088163376;1.0
1485;0.0003760971885640174;1.0
1486;0.0002714721777010709;1.0
1487;0.0003440252039581537;1.0
1488;0.0002870425523724407;1.0
1489;0.0003130143159069121;1.0
1490;0.0003399633278604597;1.0
1491;0.0003142862697131932;1.0
1492;0.00033343941322527826;1.0
1493;0.00028198229847475886;1.0
1494;0.00029903792892582715;1.0
1495;0.0003129902179352939;1.0
1496;0.0003196961188223213;1.0
1497;0.00027816201327368617;1.0
1498;0.00026170173077844083;1.0
1499;0.00024060570285655558;1.0
