iteration;loss;accuracy
0;0.01765432208776474;0.0699300691485405
1;0.016626223921775818;0.03496503457427025
2;0.016973596066236496;0.09090909361839294
3;0.016823379322886467;0.09090909361839294
4;0.01651599258184433;0.1258741319179535
5;0.016430651769042015;0.09090909361839294
6;0.01643425039947033;0.06293706595897675
7;0.016450747847557068;0.0979020968079567
8;0.016335219144821167;0.1538461595773697
9;0.0162743479013443;0.10489510744810104
10;0.016174841672182083;0.09090909361839294
11;0.016053421422839165;0.1118881106376648
12;0.01598167233169079;0.139860138297081
13;0.015917666256427765;0.11888112127780914
14;0.015892887488007545;0.1258741319179535
15;0.015736090019345284;0.2097902148962021
16;0.01567794382572174;0.1818181872367859
17;0.01569158397614956;0.17482517659664154
18;0.015622148290276527;0.13286712765693665
19;0.015560321509838104;0.139860138297081
20;0.015548603609204292;0.13286712765693665
21;0.015464004129171371;0.1678321659564972
22;0.015424025245010853;0.1818181872367859
23;0.01534633431583643;0.14685314893722534
24;0.015396867878735065;0.1538461595773697
25;0.015351601876318455;0.2237762212753296
26;0.015398276038467884;0.1818181872367859
27;0.015267081558704376;0.21678321063518524
28;0.015233861282467842;0.1958041936159134
29;0.015052009373903275;0.27272728085517883
30;0.015054413117468357;0.18881118297576904
31;0.015045014210045338;0.20279720425605774
32;0.015129421837627888;0.1818181872367859
33;0.014972005970776081;0.1818181872367859
34;0.014998486265540123;0.2377622425556183
35;0.014976742677390575;0.2377622425556183
36;0.014910021796822548;0.2097902148962021
37;0.014888666570186615;0.2377622425556183
38;0.014740602113306522;0.25874125957489014
39;0.014730182476341724;0.24475523829460144
40;0.014834433794021606;0.2237762212753296
41;0.014693472534418106;0.25874125957489014
42;0.014637262560427189;0.24475523829460144
43;0.01456464547663927;0.28671327233314514
44;0.014516489580273628;0.25874125957489014
45;0.01462092436850071;0.27272728085517883
46;0.014511710032820702;0.25874125957489014
47;0.014642175287008286;0.2657342553138733
48;0.014352190308272839;0.31468531489372253
49;0.014468809589743614;0.2657342553138733
50;0.014309922233223915;0.2937062978744507
51;0.014201176352798939;0.3426573574542999
52;0.014095288701355457;0.3426573574542999
53;0.014147941023111343;0.2937062978744507
54;0.013975254260003567;0.32867133617401123
55;0.014182154089212418;0.37062937021255493
56;0.013965829275548458;0.3636363744735718
57;0.01400731224566698;0.4055944085121155
58;0.013885864987969398;0.3636363744735718
59;0.01391342282295227;0.3636363744735718
60;0.013814584352076054;0.3986014127731323
61;0.013675771653652191;0.440559446811676
62;0.013761329464614391;0.38461539149284363
63;0.013397341594099998;0.41258740425109863
64;0.01372266560792923;0.3776223659515381
65;0.013478534296154976;0.4825174808502197
66;0.013366925530135632;0.46853145956993103
67;0.013099690899252892;0.503496527671814
68;0.01333971694111824;0.4755244851112366
69;0.013219719752669334;0.41258740425109863
70;0.012892285361886024;0.5314685106277466
71;0.012739661149680614;0.5384615659713745
72;0.012787370942533016;0.559440553188324
73;0.012597314082086086;0.5104895234107971
74;0.012514756992459297;0.5804196000099182
75;0.012649119831621647;0.503496527671814
76;0.012446887791156769;0.5874125957489014
77;0.012462146580219269;0.5524475574493408
78;0.012302357703447342;0.6013985872268677
79;0.012310611084103584;0.5734265446662903
80;0.012214547023177147;0.5454545617103577
81;0.011799018830060959;0.6643356680870056
82;0.011912543326616287;0.5874125957489014
83;0.01142642181366682;0.6713286638259888
84;0.011587469838559628;0.692307710647583
85;0.011415758170187473;0.6643356680870056
86;0.01117517426609993;0.6713286638259888
87;0.011373382061719894;0.6853147149085999
88;0.011057887226343155;0.6503496766090393
89;0.011333070695400238;0.6503496766090393
90;0.013145740143954754;0.4965035021305084
91;0.010859966278076172;0.7272727489471436
92;0.012724600732326508;0.4965035021305084
93;0.011180941015481949;0.6573426723480225
94;0.011144690215587616;0.6573426723480225
95;0.012010379694402218;0.5524475574493408
96;0.011622905731201172;0.5664335489273071
97;0.010813775472342968;0.7272727489471436
98;0.01080416887998581;0.692307710647583
99;0.010999679565429688;0.6503496766090393
100;0.010655374266207218;0.7272727489471436
101;0.010502653196454048;0.7692307829856873
102;0.010379046201705933;0.7412587404251099
103;0.010548045858740807;0.692307710647583
104;0.010322974063456059;0.7552447319030762
105;0.009807937778532505;0.8041958212852478
106;0.009934253990650177;0.7692307829856873
107;0.009732959792017937;0.7412587404251099
108;0.009861220605671406;0.7622377872467041
109;0.009856213815510273;0.811188817024231
110;0.009482810273766518;0.7832167744636536
111;0.009493027813732624;0.748251736164093
112;0.009441091679036617;0.748251736164093
113;0.009542176499962807;0.7132866978645325
114;0.009117303416132927;0.7622377872467041
115;0.00903807021677494;0.7692307829856873
116;0.008800669573247433;0.7622377872467041
117;0.008862445130944252;0.7902097702026367
118;0.00850705150514841;0.8321678042411804
119;0.008266872726380825;0.8391608595848083
120;0.008292034268379211;0.8391608595848083
121;0.008550465106964111;0.8461538553237915
122;0.008121593855321407;0.881118893623352
123;0.008091368712484837;0.8601398468017578
124;0.008200057782232761;0.8251748085021973
125;0.00766743766143918;0.867132842540741
126;0.007932321168482304;0.8321678042411804
127;0.007765495218336582;0.8531468510627747
128;0.007642036769539118;0.8881118893623352
129;0.007561932783573866;0.811188817024231
130;0.007822789251804352;0.8181818127632141
131;0.007726738229393959;0.8881118893623352
132;0.007406128570437431;0.8461538553237915
133;0.0072059016674757;0.8881118893623352
134;0.007245520129799843;0.9230769276618958
135;0.007498094812035561;0.8461538553237915
136;0.007021621335297823;0.8391608595848083
137;0.007727716583758593;0.7972028255462646
138;0.006978850346058607;0.9020978808403015
139;0.006826329044997692;0.9020978808403015
140;0.007312677334994078;0.9160839319229126
141;0.006516554858535528;0.8951048851013184
142;0.006936677265912294;0.8741258978843689
143;0.006637899670749903;0.881118893623352
144;0.006399547681212425;0.867132842540741
145;0.006319806445389986;0.9020978808403015
146;0.00655160378664732;0.9090909361839294
147;0.006385777145624161;0.8741258978843689
148;0.006320275831967592;0.9020978808403015
149;0.006307826843112707;0.9090909361839294
150;0.00614540558308363;0.9300699234008789
151;0.0062367902137339115;0.9230769276618958
152;0.006054757162928581;0.9020978808403015
153;0.0063972086645662785;0.9090909361839294
154;0.005604084115475416;0.9440559148788452
155;0.006817304063588381;0.881118893623352
156;0.006170263979583979;0.9090909361839294
157;0.006153242662549019;0.881118893623352
158;0.00608300743624568;0.867132842540741
159;0.005970430560410023;0.9160839319229126
160;0.005747735500335693;0.9300699234008789
161;0.0061105964705348015;0.8951048851013184
162;0.005527636967599392;0.9440559148788452
163;0.005696566309779882;0.9090909361839294
164;0.005338608752936125;0.9440559148788452
165;0.0056587266735732555;0.9160839319229126
166;0.005103372968733311;0.9510489702224731
167;0.005455209407955408;0.8881118893623352
168;0.005260071251541376;0.9230769276618958
169;0.005011491943150759;0.9510489702224731
170;0.005283728241920471;0.9020978808403015
171;0.004920571111142635;0.9370629191398621
172;0.005188030190765858;0.9090909361839294
173;0.004878477193415165;0.9790209531784058
174;0.004988272674381733;0.9790209531784058
175;0.005064938683062792;0.9370629191398621
176;0.004854555241763592;0.9790209531784058
177;0.004688505083322525;0.9510489702224731
178;0.0047475192695856094;0.9300699234008789
179;0.005027295555919409;0.9580419659614563
180;0.004445062018930912;0.9720279574394226
181;0.00472704041749239;0.9440559148788452
182;0.004596408922225237;0.9580419659614563
183;0.004671077243983746;0.9720279574394226
184;0.0046287463046610355;0.9510489702224731
185;0.004754993598908186;0.9020978808403015
186;0.0049095661379396915;0.9300699234008789
187;0.004867236129939556;0.9370629191398621
188;0.004735853057354689;0.9580419659614563
189;0.005111604928970337;0.9020978808403015
190;0.0047915480099618435;0.9510489702224731
191;0.004925810731947422;0.9510489702224731
192;0.004613981116563082;0.9300699234008789
193;0.004465365782380104;0.9720279574394226
194;0.004835011437535286;0.9300699234008789
195;0.004024623427540064;0.9930070042610168
196;0.004578809719532728;0.9440559148788452
197;0.0043695284985005856;0.9510489702224731
198;0.004258024971932173;0.9510489702224731
199;0.0042966012842953205;0.9510489702224731
200;0.004276925232261419;0.9510489702224731
201;0.003947718534618616;0.9720279574394226
202;0.004078908823430538;0.9860140085220337
203;0.004053922835737467;0.9790209531784058
204;0.004023188725113869;0.9720279574394226
205;0.004050515126436949;0.9650349617004395
206;0.004104249645024538;0.9650349617004395
207;0.0038192428182810545;0.9720279574394226
208;0.0037838537245988846;0.9860140085220337
209;0.0036863794084638357;0.9930070042610168
210;0.003800509497523308;0.9650349617004395
211;0.0038090962916612625;0.9720279574394226
212;0.0037009736988693476;0.9720279574394226
213;0.0037053085397928953;0.9720279574394226
214;0.004048479720950127;0.9580419659614563
215;0.0040145935490727425;0.9580419659614563
216;0.0035166433081030846;0.9860140085220337
217;0.004269876051694155;0.9300699234008789
218;0.003529598470777273;0.9720279574394226
219;0.0035134456120431423;0.9790209531784058
220;0.0038092127069830894;0.9300699234008789
221;0.0037952489219605923;0.9790209531784058
222;0.003469281829893589;0.9720279574394226
223;0.0037722704000771046;0.9720279574394226
224;0.0033780273515731096;0.9790209531784058
225;0.003545221406966448;0.9860140085220337
226;0.0032074160408228636;0.9860140085220337
227;0.0031929791439324617;1.0
228;0.0033697665203362703;0.9930070042610168
229;0.0033632712438702583;0.9860140085220337
230;0.0033593515399843454;0.9650349617004395
231;0.0033110901713371277;0.9860140085220337
232;0.0031956275925040245;0.9930070042610168
233;0.0030069316271692514;1.0
234;0.0032157390378415585;0.9860140085220337
235;0.0030138911679387093;0.9860140085220337
236;0.003119705244898796;0.9930070042610168
237;0.0029156547971069813;1.0
238;0.002729550004005432;1.0
239;0.002573364181444049;1.0
240;0.0026577257085591555;0.9930070042610168
241;0.00288162799552083;0.9930070042610168
242;0.002783786039799452;1.0
243;0.0026791312266141176;1.0
244;0.002683906815946102;1.0
245;0.0026728978846222162;1.0
246;0.002705412218347192;0.9930070042610168
247;0.002656250959262252;1.0
248;0.00255635567009449;0.9930070042610168
249;0.002641447586938739;0.9930070042610168
250;0.0029982964042574167;0.9930070042610168
251;0.0026397930923849344;1.0
252;0.0026933124754577875;0.9790209531784058
253;0.0025117776822298765;1.0
254;0.0026744466740638018;1.0
255;0.0024693263694643974;1.0
256;0.0024248964618891478;1.0
257;0.002645632950589061;0.9860140085220337
258;0.0023791915737092495;1.0
259;0.0026935311034321785;0.9930070042610168
260;0.002386655891314149;1.0
261;0.0027647262904793024;1.0
262;0.0024864848237484694;1.0
263;0.0027529788203537464;0.9930070042610168
264;0.002537934808060527;1.0
265;0.002509011887013912;1.0
266;0.0024621631018817425;0.9930070042610168
267;0.00239593256264925;1.0
268;0.0030441759154200554;0.9510489702224731
269;0.0025452834088355303;1.0
270;0.002614518627524376;1.0
271;0.003076788503676653;0.9650349617004395
272;0.0025263845454901457;1.0
273;0.0025589095894247293;1.0
274;0.002450683619827032;1.0
275;0.0023359395563602448;1.0
276;0.0023562880232930183;1.0
277;0.002478084759786725;1.0
278;0.0023292198311537504;1.0
279;0.0026111456099897623;1.0
280;0.002262970432639122;1.0
281;0.002305602189153433;1.0
282;0.002433791058138013;1.0
283;0.0022509440314024687;1.0
284;0.0021535714622586966;1.0
285;0.002615060191601515;1.0
286;0.0020922753028571606;1.0
287;0.0022970838472247124;1.0
288;0.0020177126862108707;1.0
289;0.002030689734965563;1.0
290;0.0022633634507656097;1.0
291;0.001909522688947618;1.0
292;0.0020478414371609688;1.0
293;0.001957311062142253;1.0
294;0.002078562742099166;1.0
295;0.0020596554968506098;1.0
296;0.0020947246812283993;1.0
297;0.0021379697136580944;1.0
298;0.0019927960820496082;1.0
299;0.0017909136367961764;1.0
300;0.0017843672540038824;1.0
301;0.002059753518551588;1.0
302;0.0019546286202967167;1.0
303;0.0019453109707683325;1.0
304;0.0017642187885940075;1.0
305;0.0019877508748322725;1.0
306;0.0018067116616293788;1.0
307;0.001752217998728156;1.0
308;0.0019054753938689828;1.0
309;0.0018183643696829677;1.0
310;0.0016628603916615248;1.0
311;0.0017590582137927413;1.0
312;0.0016296113608404994;1.0
313;0.001792632625438273;1.0
314;0.00197832053527236;1.0
315;0.0018534783739596605;1.0
316;0.0020834424067288637;1.0
317;0.0017995316302403808;1.0
318;0.0021530285011976957;0.9930070042610168
319;0.0018804147839546204;1.0
320;0.0019491373095661402;1.0
321;0.0020552275236696005;1.0
322;0.0019740830175578594;1.0
323;0.0019569576252251863;1.0
324;0.0019166192505508661;1.0
325;0.0018537159776315093;1.0
326;0.0019675700459629297;1.0
327;0.0019379380391910672;1.0
328;0.0017387168481945992;1.0
329;0.0017560491105541587;1.0
330;0.0018127777148038149;1.0
331;0.001935296691954136;1.0
332;0.001815703115426004;1.0
333;0.002191790845245123;0.9860140085220337
334;0.0019166566198691726;1.0
335;0.0019250474870204926;1.0
336;0.0016739050624892116;1.0
337;0.001837547984905541;1.0
338;0.0019790988881140947;1.0
339;0.0016756498953327537;1.0
340;0.0016197951044887304;1.0
341;0.0019593467004597187;1.0
342;0.0017541049746796489;1.0
343;0.0016753033269196749;1.0
344;0.0017489443998783827;1.0
345;0.0018974787089973688;1.0
346;0.0016265073791146278;1.0
347;0.001584371435455978;1.0
348;0.001535473857074976;1.0
349;0.0016752192750573158;1.0
350;0.0018143369816243649;1.0
351;0.0016972166486084461;1.0
352;0.001827981323003769;1.0
353;0.00151111651211977;1.0
354;0.001559460419230163;1.0
355;0.0016121519729495049;1.0
356;0.0016028356039896607;1.0
357;0.001571150729432702;1.0
358;0.0015765142161399126;1.0
359;0.0015518376603722572;1.0
360;0.0015557435108348727;1.0
361;0.0015695559559389949;1.0
362;0.001640773261897266;1.0
363;0.0014302474446594715;1.0
364;0.0014527110615745187;1.0
365;0.001640607020817697;1.0
366;0.0015319802332669497;1.0
367;0.001548272673971951;1.0
368;0.001612189575098455;1.0
369;0.0015080433804541826;1.0
370;0.0014124660519883037;1.0
371;0.0013302926672622561;1.0
372;0.0014877647627145052;1.0
373;0.0013878047466278076;1.0
374;0.001525892410427332;1.0
375;0.0013684640871360898;1.0
376;0.0014585460303351283;1.0
377;0.0014297551242634654;1.0
378;0.001529497210867703;1.0
379;0.0013287074398249388;1.0
380;0.0015824477886781096;1.0
381;0.0015818177489563823;1.0
382;0.0013634697534143925;1.0
383;0.0013717632973566651;1.0
384;0.0014281092444434762;1.0
385;0.0014241889584809542;1.0
386;0.0014641020679846406;1.0
387;0.0014085350558161736;1.0
388;0.0015119225718080997;1.0
389;0.0013363275211304426;1.0
390;0.0014332515420392156;1.0
391;0.001319242874160409;1.0
392;0.0012813698267564178;1.0
393;0.0013739713467657566;1.0
394;0.0012659929925575852;1.0
395;0.0013714665547013283;1.0
396;0.0014658814761787653;1.0
397;0.001334099331870675;1.0
398;0.001322055933997035;1.0
399;0.001241859165020287;1.0
400;0.0013318179408088326;1.0
401;0.00139198312535882;1.0
402;0.0013261601561680436;1.0
403;0.0013674849178642035;1.0
404;0.0012698855716735125;1.0
405;0.0012802137061953545;1.0
406;0.00127878924831748;1.0
407;0.0013613258488476276;1.0
408;0.0012491669040173292;1.0
409;0.0012882999144494534;1.0
410;0.0012960863532498479;1.0
411;0.0012338560773059726;1.0
412;0.001312554581090808;1.0
413;0.001212268485687673;1.0
414;0.001220783102326095;1.0
415;0.001317421905696392;1.0
416;0.0013017760356888175;1.0
417;0.0013504213420674205;1.0
418;0.001267721178010106;1.0
419;0.0012723382096737623;1.0
420;0.001266496372409165;1.0
421;0.0013106365222483873;1.0
422;0.0016070182900875807;1.0
423;0.0013404912315309048;1.0
424;0.0017621181905269623;0.9930070042610168
425;0.0014466802822425961;1.0
426;0.001290866988711059;1.0
427;0.001627751742489636;1.0
428;0.0015814393991604447;1.0
429;0.0013972437009215355;1.0
430;0.0014597353292629123;1.0
431;0.001346322475001216;1.0
432;0.001333496067672968;1.0
433;0.001401765737682581;1.0
434;0.0013607272412627935;1.0
435;0.001386814983561635;1.0
436;0.001246100408025086;1.0
437;0.0012720960658043623;1.0
438;0.0012739786179736257;1.0
439;0.0013475674204528332;1.0
440;0.0011780221248045564;1.0
441;0.0012864560121670365;1.0
442;0.0013700203271582723;1.0
443;0.001112364698201418;1.0
444;0.0012431696522980928;1.0
445;0.0011707060039043427;1.0
446;0.0011410977458581328;1.0
447;0.0012570213293656707;1.0
448;0.0011797609040513635;1.0
449;0.001228952081874013;1.0
450;0.0012425396125763655;1.0
451;0.0012862137518823147;1.0
452;0.001152218785136938;1.0
453;0.0011527648894116282;1.0
454;0.001079396577551961;1.0
455;0.0012981421314179897;1.0
456;0.001156037556938827;1.0
457;0.0011288204696029425;1.0
458;0.0011400270741432905;1.0
459;0.001253044349141419;1.0
460;0.0010850320104509592;1.0
461;0.001212455565109849;1.0
462;0.0010683612199500203;1.0
463;0.0011325199156999588;1.0
464;0.00109026615973562;1.0
465;0.001153824501670897;1.0
466;0.0012029636418446898;1.0
467;0.0010965995024889708;1.0
468;0.001181520870886743;1.0
469;0.0013866221997886896;1.0
470;0.0012395803350955248;1.0
471;0.0011019600788131356;1.0
472;0.0012578220339491963;1.0
473;0.0010633382480591536;1.0
474;0.0011171767255291343;1.0
475;0.0011627718340605497;1.0
476;0.0012416988611221313;1.0
477;0.0009940129239112139;1.0
478;0.0011180563597008586;1.0
479;0.001089862547814846;1.0
480;0.001079312525689602;1.0
481;0.0010513215092942119;1.0
482;0.0009986087679862976;1.0
483;0.0010451062116771936;1.0
484;0.001086996402591467;1.0
485;0.0011680959723889828;1.0
486;0.0009759882232174277;1.0
487;0.0010222942801192403;1.0
488;0.0010661100968718529;1.0
489;0.0009713132749311626;1.0
490;0.0010261326096951962;1.0
491;0.0011165407486259937;1.0
492;0.000980788143351674;1.0
493;0.0011826046975329518;1.0
494;0.001163938781246543;1.0
495;0.0010541072115302086;1.0
496;0.0010331489611417055;1.0
497;0.001156419049948454;1.0
498;0.0010475681629031897;1.0
499;0.0009671546285971999;1.0
500;0.001069393940269947;1.0
501;0.001150006428360939;1.0
502;0.0009612978901714087;1.0
503;0.0010486950632184744;1.0
504;0.0009975048014894128;1.0
505;0.0009857421973720193;1.0
506;0.0010461901547387242;1.0
507;0.0011411240557208657;1.0
508;0.0009709333535283804;1.0
509;0.001059862901456654;1.0
510;0.0010421823244541883;1.0
511;0.0009779304964467883;1.0
512;0.0009320364333689213;1.0
513;0.0010469942353665829;1.0
514;0.0009696942288428545;1.0
515;0.0009836426470428705;1.0
516;0.0010272478684782982;1.0
517;0.000981310848146677;1.0
518;0.0009846073808148503;1.0
519;0.000993215711787343;1.0
520;0.001076813437975943;1.0
521;0.0009876349940896034;1.0
522;0.0009746963623911142;1.0
523;0.0011585220927372575;1.0
524;0.0008556360844522715;1.0
525;0.0011461249087005854;1.0
526;0.0009768047602847219;1.0
527;0.0010388806695118546;1.0
528;0.0010580300586298108;1.0
529;0.0010288308840245008;1.0
530;0.0010920969070866704;1.0
531;0.0009975690627470613;1.0
532;0.0010225314181298018;1.0
533;0.001076995860785246;1.0
534;0.0009437829139642417;1.0
535;0.0009239236824214458;1.0
536;0.0009577838936820626;1.0
537;0.000920319405850023;1.0
538;0.0008878086227923632;1.0
539;0.0009865663014352322;1.0
540;0.0009464573231525719;1.0
541;0.000911264622118324;1.0
542;0.0009108029771596193;1.0
543;0.0009183570509776473;1.0
544;0.0010080859065055847;1.0
545;0.0009705593693070114;1.0
546;0.0011306983651593328;1.0
547;0.000991161447018385;1.0
548;0.000931106973439455;1.0
549;0.0008554660598747432;1.0
550;0.0009753432823345065;1.0
551;0.000899439852219075;1.0
552;0.000963894184678793;1.0
553;0.0009251022129319608;1.0
554;0.0008950145565904677;1.0
555;0.0009333353373222053;1.0
556;0.0009427981567569077;1.0
557;0.0010377478320151567;1.0
558;0.0009408002952113748;1.0
559;0.0009250943548977375;1.0
560;0.0008814284228719771;1.0
561;0.0010000281035900116;1.0
562;0.0008405035478062928;1.0
563;0.0008600918226875365;1.0
564;0.0009623739751987159;1.0
565;0.0008768329280428588;1.0
566;0.0008760229684412479;1.0
567;0.0009049656218849123;1.0
568;0.0009715514606796205;1.0
569;0.0008626644848845899;1.0
570;0.0009974070126190782;1.0
571;0.0009215259342454374;1.0
572;0.0008152087102644145;1.0
573;0.0008959828410297632;1.0
574;0.0008889524033293128;1.0
575;0.0008892997866496444;1.0
576;0.0008397631463594735;1.0
577;0.0009207443799823523;1.0
578;0.0008960568811744452;1.0
579;0.0007737230625934899;1.0
580;0.0007980013033375144;1.0
581;0.0008930231560952961;1.0
582;0.0009652533335611224;1.0
583;0.0008449632441624999;1.0
584;0.0008675953722558916;1.0
585;0.0009091602987609804;1.0
586;0.0008282982744276524;1.0
587;0.0007976139895617962;1.0
588;0.000939416466280818;1.0
589;0.0007651355699636042;1.0
590;0.0008191826054826379;1.0
591;0.0008333902806043625;1.0
592;0.0007597706280648708;1.0
593;0.0008157235570251942;1.0
594;0.0008514216751791537;1.0
595;0.0008904986316338181;1.0
596;0.0008855888736434281;1.0
597;0.0009383940487168729;1.0
598;0.0008268925012089312;1.0
599;0.0008920152322389185;1.0
600;0.0008239855524152517;1.0
601;0.0009050057851709425;1.0
602;0.0008803957607597113;1.0
603;0.0009671231382526457;1.0
604;0.0008608888019807637;1.0
605;0.0008785309619270265;1.0
606;0.0007935911417007446;1.0
607;0.0009546721703372896;1.0
608;0.0009186903480440378;1.0
609;0.000788586272392422;1.0
610;0.0009000106947496533;1.0
611;0.000852248864248395;1.0
612;0.0008507040329277515;1.0
613;0.00085190444951877;1.0
614;0.0008769125561229885;1.0
615;0.0007339425501413643;1.0
616;0.0008459703531116247;1.0
617;0.0008326285169459879;1.0
618;0.0008977525867521763;1.0
619;0.0008294779108837247;1.0
620;0.0008188128704205155;1.0
621;0.0007476559840142727;1.0
622;0.0008602243615314364;1.0
623;0.0007819101447239518;1.0
624;0.0007690014899708331;1.0
625;0.0007887863321229815;1.0
626;0.0007939048809930682;1.0
627;0.0009155020816251636;1.0
628;0.0008046255097724497;1.0
629;0.0008028792799450457;1.0
630;0.0007566910935565829;1.0
631;0.0007838304154574871;1.0
632;0.0008087113965302706;1.0
633;0.0008373782620765269;1.0
634;0.0008736708550713956;1.0
635;0.000736850081011653;1.0
636;0.0006810358026996255;1.0
637;0.0007876979652792215;1.0
638;0.0008954544900916517;1.0
639;0.000755305343773216;1.0
640;0.0007600442040711641;1.0
641;0.000835114624351263;1.0
642;0.0008635768317617476;1.0
643;0.0008489419706165791;1.0
644;0.0007861079066060483;1.0
645;0.0008475871873088181;1.0
646;0.0008091865456663072;1.0
647;0.0007858864264562726;1.0
648;0.0006982340710237622;1.0
649;0.0007615512004122138;1.0
650;0.0006898908177390695;1.0
651;0.0007475519669242203;1.0
652;0.0007799113518558443;1.0
653;0.00078709761146456;1.0
654;0.0007827045046724379;1.0
655;0.0008109068148769438;1.0
656;0.0007455279701389372;1.0
657;0.0008251843391917646;1.0
658;0.0007816392462700605;1.0
659;0.0007046621758490801;1.0
660;0.0007897161412984133;1.0
661;0.0007856443990021944;1.0
662;0.0007618452655151486;1.0
663;0.0007984116091392934;1.0
664;0.0007016882882453501;1.0
665;0.000762901094276458;1.0
666;0.0007623373530805111;1.0
667;0.0007165016140788794;1.0
668;0.0006303853006102145;1.0
669;0.0008301830384880304;1.0
670;0.0007403508643619716;1.0
671;0.0007157727377489209;1.0
672;0.0007371465326286852;1.0
673;0.0006976103177294135;1.0
674;0.0006801735726185143;1.0
675;0.0007856062147766352;1.0
676;0.0007056256290525198;1.0
677;0.0007902548532001674;1.0
678;0.0007075018947944045;1.0
679;0.000652081798762083;1.0
680;0.0007049511186778545;1.0
681;0.0007395163411274552;1.0
682;0.000758571841288358;1.0
683;0.0006878240965306759;1.0
684;0.0006402866565622389;1.0
685;0.0006744673009961843;1.0
686;0.000729445309843868;1.0
687;0.000681560835801065;1.0
688;0.0007109863799996674;1.0
689;0.0006848573102615774;1.0
690;0.0007280216086655855;1.0
691;0.0007163812988437712;1.0
692;0.0008604254107922316;1.0
693;0.0006871973746456206;1.0
694;0.0007757706334814429;1.0
695;0.0006462364108301699;1.0
696;0.0007142286049202085;1.0
697;0.0007158850785344839;1.0
698;0.0007275733514688909;1.0
699;0.0006764082354493439;1.0
700;0.0005955059314146638;1.0
701;0.0007385448552668095;1.0
702;0.0005795544129796326;1.0
703;0.0006748285959474742;1.0
704;0.0006359266699291766;1.0
705;0.0007065258105285466;1.0
706;0.0007907607359811664;1.0
707;0.0006010942743159831;1.0
708;0.0006799426628276706;1.0
709;0.0006964948261156678;1.0
710;0.0006699197110719979;1.0
711;0.0006550909020006657;1.0
712;0.0006825894815847278;1.0
713;0.000608950387686491;1.0
714;0.0007321220473386347;1.0
715;0.000640017562545836;1.0
716;0.0006979640456847847;1.0
717;0.0007572541362605989;1.0
718;0.0007097747875377536;1.0
719;0.0007082228548824787;1.0
720;0.0007042507641017437;1.0
721;0.0007845900254324079;1.0
722;0.0006812585052102804;1.0
723;0.000712751760147512;1.0
724;0.0007591804023832083;1.0
725;0.0006677997880615294;1.0
726;0.0006624622037634254;1.0
727;0.0006588174146600068;1.0
728;0.0007137589855119586;1.0
729;0.0006128098466433585;1.0
730;0.0006348695605993271;1.0
731;0.0006894879625178874;1.0
732;0.0007054747547954321;1.0
733;0.0006170927081257105;1.0
734;0.000630136055406183;1.0
735;0.0006622594664804637;1.0
736;0.0006391118513420224;1.0
737;0.0007419121102429926;1.0
738;0.0006590455886907876;1.0
739;0.0006496933638118207;1.0
740;0.0006136345909908414;1.0
741;0.0006239382782950997;1.0
742;0.0006685075350105762;1.0
743;0.0005729841650463641;1.0
744;0.0006511949468404055;1.0
745;0.0006818257970735431;1.0
746;0.0006334760109893978;1.0
747;0.0006888036150485277;1.0
748;0.0006443987949751318;1.0
749;0.0006977861630730331;1.0
750;0.000604294880758971;1.0
751;0.0006237190682440996;1.0
752;0.0006002834998071194;1.0
753;0.0006658275378867984;1.0
754;0.000655992713291198;1.0
755;0.0007295920513570309;1.0
756;0.0006299843662418425;1.0
757;0.000623427564278245;1.0
758;0.0006169984117150307;1.0
759;0.0005825529806315899;1.0
760;0.0006338334642350674;1.0
761;0.0006459025898948312;1.0
762;0.0006830835482105613;1.0
763;0.0006287710275501013;1.0
764;0.0006756770890206099;1.0
765;0.0006841899594292045;1.0
766;0.0006680821534246206;1.0
767;0.0006147692911326885;1.0
768;0.0005691832047887146;1.0
769;0.0005902228294871747;1.0
770;0.0005616279668174684;1.0
771;0.0005819292273372412;1.0
772;0.0007256674580276012;1.0
773;0.0006678010686300695;1.0
774;0.0006470310036092997;1.0
775;0.0007338395225815475;1.0
776;0.0006369623588398099;1.0
777;0.0006724147242493927;1.0
778;0.0006502718315459788;1.0
779;0.0005681687616743147;1.0
780;0.0005081088747829199;1.0
781;0.000604290864430368;1.0
782;0.0006035174592398107;1.0
783;0.0005501058185473084;1.0
784;0.0006419916171580553;1.0
785;0.0007830354734323919;1.0
786;0.0006271587335504591;1.0
787;0.000487128651002422;1.0
788;0.0005814404576085508;1.0
789;0.0005955154192633927;1.0
790;0.0005676508881151676;1.0
791;0.0006273266044445336;1.0
792;0.0005428081494756043;1.0
793;0.0005112970247864723;1.0
794;0.0006586348754353821;1.0
795;0.0005300460616126657;1.0
796;0.0005082238931208849;1.0
797;0.0005579931894317269;1.0
798;0.0005594157264567912;1.0
799;0.0006376762758009136;1.0
800;0.0006214778404682875;1.0
801;0.0005749845877289772;1.0
802;0.0005264541250653565;1.0
803;0.0005413526087068021;1.0
804;0.0005632988177239895;1.0
805;0.0006377406534738839;1.0
806;0.000458769645774737;1.0
807;0.0005477527738548815;1.0
808;0.000643569917883724;1.0
809;0.000581268803216517;1.0
810;0.0006252354942262173;1.0
811;0.0005828602006658912;1.0
812;0.0005448715528473258;1.0
813;0.0005128227057866752;1.0
814;0.0005117271794006228;1.0
815;0.0006185710662975907;1.0
816;0.0006033884710632265;1.0
817;0.0005550850764848292;1.0
818;0.0005992638762108982;1.0
819;0.0005197252030484378;1.0
820;0.0005106545286253095;1.0
821;0.0005528656183741987;1.0
822;0.0005542608560062945;1.0
823;0.0005275570438243449;1.0
824;0.0005013360641896725;1.0
825;0.0005419515655376017;1.0
826;0.000543793838005513;1.0
827;0.0005250031244941056;1.0
828;0.00051589630311355;1.0
829;0.0005275494768284261;1.0
830;0.0005393913597799838;1.0
831;0.0004891338758170605;1.0
832;0.0005467204609885812;1.0
833;0.0005259151221252978;1.0
834;0.000553743215277791;1.0
835;0.0005405409028753638;1.0
836;0.0004654737131204456;1.0
837;0.0005589444772340357;1.0
838;0.0005603736499324441;1.0
839;0.000534917984623462;1.0
840;0.0005593294044956565;1.0
841;0.0005494970246218145;1.0
842;0.0005664200289174914;1.0
843;0.0005176074919290841;1.0
844;0.000539453758392483;1.0
845;0.0005915580550208688;1.0
846;0.000549709249753505;1.0
847;0.0005061053670942783;1.0
848;0.0005225848872214556;1.0
849;0.0005569971399381757;1.0
850;0.0006009306525811553;1.0
851;0.0005259576719254255;1.0
852;0.0005065134027972817;1.0
853;0.0005190615192987025;1.0
854;0.000523728143889457;1.0
855;0.0005252243136055768;1.0
856;0.0004617893719114363;1.0
857;0.0006166585953906178;1.0
858;0.0005262347403913736;1.0
859;0.00058003916637972;1.0
860;0.0005452242912724614;1.0
861;0.0005436324863694608;1.0
862;0.0005537495599128306;1.0
863;0.0005240652826614678;1.0
864;0.0005181116866879165;1.0
865;0.0005710917175747454;1.0
866;0.0005662315525114536;1.0
867;0.0004746358608826995;1.0
868;0.0005695250001735985;1.0
869;0.0005022498080506921;1.0
870;0.0004896284081041813;1.0
871;0.00046042277244850993;1.0
872;0.0005511115305125713;1.0
873;0.0005162067245692015;1.0
874;0.0004647143941838294;1.0
875;0.0004903608351014555;1.0
876;0.0004939872305840254;1.0
877;0.0005248930538073182;1.0
878;0.00045157369459047914;1.0
879;0.0004580023523885757;1.0
880;0.0004893727600574493;1.0
881;0.0006173531874082983;1.0
882;0.0005081628914922476;1.0
883;0.0005302911740727723;1.0
884;0.0005277503514662385;1.0
885;0.0004603788547683507;1.0
886;0.0005126867908984423;1.0
887;0.0005267767119221389;1.0
888;0.0004828991659451276;1.0
889;0.0005267518572509289;1.0
890;0.00045591231901198626;1.0
891;0.000573129509575665;1.0
892;0.0004851626290474087;1.0
893;0.0005856147035956383;1.0
894;0.0004928987473249435;1.0
895;0.0004977142089046538;1.0
896;0.0005078953108750284;1.0
897;0.00048628755030222237;1.0
898;0.00046429448411799967;1.0
899;0.0007340682204812765;0.9930070042610168
900;0.0008160083671100438;1.0
901;0.0007133351755328476;1.0
902;0.00044297223212197423;1.0
903;0.0006095816497690976;1.0
904;0.0007385211647488177;1.0
905;0.000642881786916405;1.0
906;0.0005259213503450155;1.0
907;0.0005720513872802258;1.0
908;0.0005666000652126968;1.0
909;0.0005904157878831029;1.0
910;0.0005670856917276978;1.0
911;0.0005935647641308606;1.0
912;0.0005518303951248527;1.0
913;0.0005497530801221728;1.0
914;0.0005451929173432291;1.0
915;0.0004989206208847463;1.0
916;0.0005187366623431444;1.0
917;0.0004792913678102195;1.0
918;0.0004946434637531638;1.0
919;0.0005702274502255023;1.0
920;0.000552929297555238;1.0
921;0.00047025957610458136;1.0
922;0.00047798309242352843;1.0
923;0.0005292856367304921;1.0
924;0.000457338202977553;1.0
925;0.0005450546159408987;1.0
926;0.0005082199932076037;1.0
927;0.0004272118676453829;1.0
928;0.0004886670503765345;1.0
929;0.0005077469977550209;1.0
930;0.0004608741437550634;1.0
931;0.0004573767364490777;1.0
932;0.0005174927064217627;1.0
933;0.0004528497811406851;1.0
934;0.0004908951232209802;1.0
935;0.00043844906031154096;1.0
936;0.0005469212774187326;1.0
937;0.000442999298684299;1.0
938;0.000414599955547601;1.0
939;0.00048126382171176374;1.0
940;0.0004645424196496606;1.0
941;0.0003966237127315253;1.0
942;0.0004413347924128175;1.0
943;0.00046442102757282555;1.0
944;0.00045459094690158963;1.0
945;0.000448862265329808;1.0
946;0.00043268539593555033;1.0
947;0.0003980623441748321;1.0
948;0.00046746782027184963;1.0
949;0.0005649295635521412;1.0
950;0.00041110627353191376;1.0
951;0.00048749783309176564;1.0
952;0.0004802413168363273;1.0
953;0.00044586058356799185;1.0
954;0.0004763836332131177;1.0
955;0.0004297463165130466;1.0
956;0.0004636872617993504;1.0
957;0.000528525619301945;1.0
958;0.00046238486538641155;1.0
959;0.0004398980236146599;1.0
960;0.00047661829739809036;1.0
961;0.00048098803381435573;1.0
962;0.0004866378440055996;1.0
963;0.00047767936484888196;1.0
964;0.0004656028759200126;1.0
965;0.00047402980271726847;1.0
966;0.0004517664492595941;1.0
967;0.0004183257988188416;1.0
968;0.0004684290324803442;1.0
969;0.0004466456302907318;1.0
970;0.00042603511246852577;1.0
971;0.0004525107506196946;1.0
972;0.0004608033341355622;1.0
973;0.00047212865320034325;1.0
974;0.00041247025365009904;1.0
975;0.00039860515971668065;1.0
976;0.000527799129486084;1.0
977;0.000418598938267678;1.0
978;0.00047436426393687725;1.0
979;0.0004884742666035891;1.0
980;0.00044983968837186694;1.0
981;0.0004501726070884615;1.0
982;0.0005052814376540482;1.0
983;0.00043582238140515983;1.0
984;0.0004213191568851471;1.0
985;0.00046696956269443035;1.0
986;0.0004565501294564456;1.0
987;0.00044107361463829875;1.0
988;0.0004756795533467084;1.0
989;0.00046846779878251255;1.0
990;0.0004513222665991634;1.0
991;0.0004426737141329795;1.0
992;0.000426258600782603;1.0
993;0.00041881948709487915;1.0
994;0.00039534244569949806;1.0
995;0.00037083844654262066;1.0
996;0.0003951451217290014;1.0
997;0.00044436351163312793;1.0
998;0.00039368111174553633;1.0
999;0.00044071555021218956;1.0
1000;0.00043205227120779455;1.0
1001;0.0004238916444592178;1.0
1002;0.00045556132681667805;1.0
1003;0.0004189494939055294;1.0
1004;0.000415359711041674;1.0
1005;0.0004411477711983025;1.0
1006;0.00041519760270603;1.0
1007;0.00052067288197577;1.0
1008;0.0004081119841430336;1.0
1009;0.00043546565575525165;1.0
1010;0.00042560347355902195;1.0
1011;0.00042324562673456967;1.0
1012;0.0003781327686738223;1.0
1013;0.00044053723104298115;1.0
1014;0.00039678296889178455;1.0
1015;0.00042012683115899563;1.0
1016;0.00040076568257063627;1.0
1017;0.00038430391578003764;1.0
1018;0.00039041522541083395;1.0
1019;0.0004193260392639786;1.0
1020;0.0004093664756510407;1.0
1021;0.00035903233219869435;1.0
1022;0.0003495111013762653;1.0
1023;0.00036779657239094377;1.0
1024;0.00046731613110750914;1.0
1025;0.00037130003329366446;1.0
1026;0.00046869402285665274;1.0
1027;0.0003760577237699181;1.0
1028;0.0003875373222399503;1.0
1029;0.0003990721597801894;1.0
1030;0.0003806300228461623;1.0
1031;0.0003937136789318174;1.0
1032;0.0003709837328642607;1.0
1033;0.0003781961277127266;1.0
1034;0.00045438826782628894;1.0
1035;0.00036952554364688694;1.0
1036;0.00035589109756983817;1.0
1037;0.00042039420804940164;1.0
1038;0.00047884974628686905;1.0
1039;0.00035027312696911395;1.0
1040;0.0004446409875527024;1.0
1041;0.00044942591921426356;1.0
1042;0.00042482183198444545;1.0
1043;0.0004767674545291811;1.0
1044;0.0004257267282810062;1.0
1045;0.00041594781214371324;1.0
1046;0.00044365774374455214;1.0
1047;0.0003858989803120494;1.0
1048;0.0004143707046750933;1.0
1049;0.0004152237670496106;1.0
1050;0.0003990941622760147;1.0
1051;0.00044189553591422737;1.0
1052;0.0003568384563550353;1.0
1053;0.0004111604648642242;1.0
1054;0.0004032659053336829;1.0
1055;0.0003929905651602894;1.0
1056;0.0004004616930615157;1.0
1057;0.0004131901660002768;1.0
1058;0.00036384639679454267;1.0
1059;0.00044064081157557666;1.0
1060;0.00039259475306607783;1.0
1061;0.00035738389124162495;1.0
1062;0.00041344098281115294;1.0
1063;0.0003906546626240015;1.0
1064;0.000351913389749825;1.0
1065;0.0003775303193833679;1.0
1066;0.00035763680352829397;1.0
1067;0.0003549009852577001;1.0
1068;0.00035802446654997766;1.0
1069;0.000356601201929152;1.0
1070;0.000361586338840425;1.0
1071;0.00038288228097371757;1.0
1072;0.00034283052082173526;1.0
1073;0.00035606586607173085;1.0
1074;0.00037040968891233206;1.0
1075;0.00036498333793133497;1.0
1076;0.00038646894972771406;1.0
1077;0.000348047586157918;1.0
1078;0.000354288233211264;1.0
1079;0.0003875931433867663;1.0
1080;0.0003785648150369525;1.0
1081;0.0003531888360157609;1.0
1082;0.00038171399501152337;1.0
1083;0.0003813320363406092;1.0
1084;0.0003830239875242114;1.0
1085;0.00032822639332152903;1.0
1086;0.00039811956230551004;1.0
1087;0.0003621301439125091;1.0
1088;0.0003597763425204903;1.0
1089;0.0003617944894358516;1.0
1090;0.00039498525438830256;1.0
1091;0.0004138602234888822;1.0
1092;0.0003547632077243179;1.0
1093;0.00042863492853939533;1.0
1094;0.000354830059222877;1.0
1095;0.00032550067408010364;1.0
1096;0.0003604720113798976;1.0
1097;0.0003607922699302435;1.0
1098;0.0003393963852431625;1.0
1099;0.0003348246682435274;1.0
1100;0.0003953266132157296;1.0
1101;0.00036003958666697145;1.0
1102;0.0003790410701185465;1.0
1103;0.00037545524537563324;1.0
1104;0.00036713239387609065;1.0
1105;0.00031133953598327935;1.0
1106;0.00034474930725991726;1.0
1107;0.0003796373202931136;1.0
1108;0.00035551906330510974;1.0
1109;0.0003314341593068093;1.0
1110;0.0003672763705253601;1.0
1111;0.00042448946624062955;1.0
1112;0.00031326551106758416;1.0
1113;0.00034449767554178834;1.0
1114;0.00037852852256037295;1.0
1115;0.0003683721006382257;1.0
1116;0.00032551054027862847;1.0
1117;0.00035334081621840596;1.0
1118;0.0003320096293464303;1.0
1119;0.00030695705208927393;1.0
1120;0.0003789997426792979;1.0
1121;0.00035027676494792104;1.0
1122;0.00036328245187178254;1.0
1123;0.00038869664422236383;1.0
1124;0.0003837769909296185;1.0
1125;0.00036869265022687614;1.0
1126;0.00035116690560244024;1.0
1127;0.00036691612331196666;1.0
1128;0.00034495987347327173;1.0
1129;0.0003516399010550231;1.0
1130;0.0003959668392781168;1.0
1131;0.00035962453694082797;1.0
1132;0.00032704390469007194;1.0
1133;0.00035289092920720577;1.0
1134;0.0003311799082439393;1.0
1135;0.0003632287262007594;1.0
1136;0.00036056057433597744;1.0
1137;0.00034066912485286593;1.0
1138;0.0003286684222985059;1.0
1139;0.0003285694110672921;1.0
1140;0.0003384990559425205;1.0
1141;0.0003421513829380274;1.0
1142;0.00034424129989929497;1.0
1143;0.0003173809964209795;1.0
1144;0.00030544016044586897;1.0
1145;0.0003510287497192621;1.0
1146;0.00033339112997055054;1.0
1147;0.00028745507006533444;1.0
1148;0.0003635711327660829;1.0
1149;0.0003648582205642015;1.0
1150;0.00034389348002150655;1.0
1151;0.00027736241463571787;1.0
1152;0.00034357610275037587;1.0
1153;0.00035205474705435336;1.0
1154;0.00037226855056360364;1.0
1155;0.000340129598043859;1.0
1156;0.00038632750511169434;1.0
1157;0.00035508963628672063;1.0
1158;0.000385092047508806;1.0
1159;0.00029918577638454735;1.0
1160;0.0003412164805922657;1.0
1161;0.0003842974838335067;1.0
1162;0.00031627711723558605;1.0
1163;0.00035811233101412654;1.0
1164;0.0003418498963583261;1.0
1165;0.00031265607685782015;1.0
1166;0.0003361184208188206;1.0
1167;0.0003418007108848542;1.0
1168;0.0003289384476374835;1.0
1169;0.00031613220926374197;1.0
1170;0.00036922775325365365;1.0
1171;0.0002857462386600673;1.0
1172;0.000358548597432673;1.0
1173;0.00043304782593622804;1.0
1174;0.00036627851659432054;1.0
1175;0.00038818680332042277;1.0
1176;0.00034179099020548165;1.0
1177;0.0003365849843248725;1.0
1178;0.0003520123427733779;1.0
1179;0.0023555250372737646;0.9300699234008789
1180;0.0019642580300569534;0.9650349617004395
1181;0.0007230237824842334;1.0
1182;0.0027730530127882957;0.9230769276618958
1183;0.006905615795403719;0.7972028255462646
1184;0.0071264589205384254;0.8041958212852478
1185;0.008390658535063267;0.7202796936035156
1186;0.007731303106993437;0.6853147149085999
1187;0.010391621850430965;0.5944055914878845
1188;0.004429453983902931;0.867132842540741
1189;0.007305493578314781;0.7622377872467041
1190;0.007752986624836922;0.7692307829856873
1191;0.006278045009821653;0.8461538553237915
1192;0.005708858836442232;0.8741258978843689
1193;0.005036117509007454;0.867132842540741
1194;0.004802046809345484;0.8531468510627747
1195;0.004180650692433119;0.9090909361839294
1196;0.00381136080250144;0.9790209531784058
1197;0.003934514708817005;0.9790209531784058
1198;0.0033976382110267878;0.9790209531784058
1199;0.003015161957591772;0.9720279574394226
1200;0.0028208333533257246;0.9790209531784058
1201;0.002684078412130475;0.9930070042610168
1202;0.002555161714553833;1.0
1203;0.0021020069252699614;1.0
1204;0.0020684844348579645;0.9930070042610168
1205;0.0019458190072327852;1.0
1206;0.0017583747394382954;1.0
1207;0.0017668972723186016;1.0
1208;0.0017802048241719604;1.0
1209;0.0015202290378510952;1.0
1210;0.0015061525627970695;1.0
1211;0.0015727734426036477;1.0
1212;0.0013503804802894592;1.0
1213;0.001239023171365261;1.0
1214;0.001161648309789598;1.0
1215;0.0011118486290797591;1.0
1216;0.0011447116266936064;1.0
1217;0.0009837079560384154;1.0
1218;0.0010199644602835178;1.0
1219;0.0010167500004172325;1.0
1220;0.00096391566330567;1.0
1221;0.0009054115507751703;1.0
1222;0.0008686714572831988;1.0
1223;0.0008366968249902129;1.0
1224;0.0008822089293971658;1.0
1225;0.0007443198701366782;1.0
1226;0.0007098077330738306;1.0
1227;0.0007081704097799957;1.0
1228;0.0007582759717479348;1.0
1229;0.0006833343068137765;1.0
1230;0.0006096666911616921;1.0
1231;0.0006664347602054477;1.0
1232;0.0006720803212374449;1.0
1233;0.0006837999681010842;1.0
1234;0.0006027262425050139;1.0
1235;0.0005717214662581682;1.0
1236;0.0006238151108846068;1.0
1237;0.0005441725952550769;1.0
1238;0.0005648851511068642;1.0
1239;0.000494838401209563;1.0
1240;0.0005863810074515641;1.0
1241;0.0004807389050256461;1.0
1242;0.0005672849947586656;1.0
1243;0.0005475745419971645;1.0
1244;0.0006004706956446171;1.0
1245;0.0004763349425047636;1.0
1246;0.0005131101352162659;1.0
1247;0.00046359069528989494;1.0
1248;0.0005058948881924152;1.0
1249;0.000494015752337873;1.0
1250;0.0005208782386034727;1.0
1251;0.0005505516310222447;1.0
1252;0.00043665082193911076;1.0
1253;0.00047152183833532035;1.0
1254;0.0004522950912360102;1.0
1255;0.0005446253926493227;1.0
1256;0.00044771155808120966;1.0
1257;0.0004326417692936957;1.0
1258;0.0004205511650070548;1.0
1259;0.0004884283989667892;1.0
1260;0.0005002593388780951;1.0
1261;0.0004590662138070911;1.0
1262;0.0004537166387308389;1.0
1263;0.00045988141209818423;1.0
1264;0.00044704999891109765;1.0
1265;0.00043385595199652016;1.0
1266;0.00042862381087616086;1.0
1267;0.00038761450559832156;1.0
1268;0.00046734645729884505;1.0
1269;0.0004732612578663975;1.0
1270;0.0004350625677034259;1.0
1271;0.0004407712840475142;1.0
1272;0.0003816345997620374;1.0
1273;0.0004471111169550568;1.0
1274;0.00045435954234562814;1.0
1275;0.0004130959860049188;1.0
1276;0.0004400459583848715;1.0
1277;0.00035634037340059876;1.0
1278;0.00039522405131720006;1.0
1279;0.00042591404053382576;1.0
1280;0.00039032669155858457;1.0
1281;0.0003685899719130248;1.0
1282;0.0004421985649969429;1.0
1283;0.00041794247226789594;1.0
1284;0.00040400688885711133;1.0
1285;0.00040580143104307353;1.0
1286;0.0004305067996028811;1.0
1287;0.00038280163425952196;1.0
1288;0.0003642099036369473;1.0
1289;0.000374823110178113;1.0
1290;0.00036573459510691464;1.0
1291;0.00037718977546319366;1.0
1292;0.00035889356513507664;1.0
1293;0.00043512985575944185;1.0
1294;0.0004342178290244192;1.0
1295;0.0003815016825683415;1.0
1296;0.00039954931708052754;1.0
1297;0.0003657378547359258;1.0
1298;0.00042415037751197815;1.0
1299;0.0003401194990146905;1.0
1300;0.000363415660103783;1.0
1301;0.0003687951248139143;1.0
1302;0.00035704788751900196;1.0
1303;0.00044650930794887245;1.0
1304;0.00034537442843429744;1.0
1305;0.0003437224659137428;1.0
1306;0.00038657899131067097;1.0
1307;0.0003060498565901071;1.0
1308;0.00036304767127148807;1.0
1309;0.0003761286207009107;1.0
1310;0.00031401379965245724;1.0
1311;0.00036088639171794057;1.0
1312;0.0003244173130951822;1.0
1313;0.0003295298374723643;1.0
1314;0.0003882057499140501;1.0
1315;0.0003632972075138241;1.0
1316;0.00033118066494353116;1.0
1317;0.0003266273415647447;1.0
1318;0.0003429740318097174;1.0
1319;0.0003160199848935008;1.0
1320;0.000375552597688511;1.0
1321;0.00034905935171991587;1.0
1322;0.00035448194830678403;1.0
1323;0.0003159917250741273;1.0
1324;0.00034400858567096293;1.0
1325;0.0003518008452374488;1.0
1326;0.0003570057451725006;1.0
1327;0.0003320190298836678;1.0
1328;0.00035628091427497566;1.0
1329;0.0003646393888629973;1.0
1330;0.0003063803887926042;1.0
1331;0.0003311533073429018;1.0
1332;0.00034782898728735745;1.0
1333;0.0003126816009171307;1.0
1334;0.00033603078918531537;1.0
1335;0.00030464486917480826;1.0
1336;0.0003521445323713124;1.0
1337;0.00036319304490461946;1.0
1338;0.0003384427691344172;1.0
1339;0.00032344681676477194;1.0
1340;0.0003144692745991051;1.0
1341;0.00033843761775642633;1.0
1342;0.0003687655262183398;1.0
1343;0.0003309095627628267;1.0
1344;0.0003341279225423932;1.0
1345;0.00031245636637322605;1.0
1346;0.00030216891900636256;1.0
1347;0.0002891569456551224;1.0
1348;0.00030525849433615804;1.0
1349;0.00031624679104425013;1.0
1350;0.00033433325006626546;1.0
1351;0.00029167215689085424;1.0
1352;0.00033592499676160514;1.0
1353;0.0003569679975043982;1.0
1354;0.00032202049624174833;1.0
1355;0.000296297250315547;1.0
1356;0.000352525501511991;1.0
1357;0.0003171744174323976;1.0
1358;0.0003320287214592099;1.0
1359;0.00030822327244095504;1.0
1360;0.0003242519742343575;1.0
1361;0.00033338888897560537;1.0
1362;0.00033834081841632724;1.0
1363;0.0003235581098124385;1.0
1364;0.00034053580020554364;1.0
1365;0.0002827225544024259;1.0
1366;0.0003269405569881201;1.0
1367;0.00028181244852021337;1.0
1368;0.0002902930718846619;1.0
1369;0.0003058513393625617;1.0
1370;0.0003423085727263242;1.0
1371;0.00029691174859181046;1.0
1372;0.00033761878148652613;1.0
1373;0.0003007297345902771;1.0
1374;0.00032098102383315563;1.0
1375;0.0003190167190041393;1.0
1376;0.000303074048133567;1.0
1377;0.0003061243914999068;1.0
1378;0.0002975183306261897;1.0
1379;0.0002982298901770264;1.0
1380;0.0003356777015142143;1.0
1381;0.00031588360434398055;1.0
1382;0.00031033900449983776;1.0
1383;0.0003441139415372163;1.0
1384;0.0002842899120878428;1.0
1385;0.0003385447198525071;1.0
1386;0.0003081570321228355;1.0
1387;0.00036236605956219137;1.0
1388;0.0002604536130093038;1.0
1389;0.00027804545243270695;1.0
1390;0.0003171399002894759;1.0
1391;0.00028510158881545067;1.0
1392;0.0002926633751485497;1.0
1393;0.0002693890128284693;1.0
1394;0.00031238090014085174;1.0
1395;0.0003223912790417671;1.0
1396;0.0002913052449002862;1.0
1397;0.00029152585193514824;1.0
1398;0.00033163107582367957;1.0
1399;0.0002860374515876174;1.0
1400;0.00030070135835558176;1.0
1401;0.00032062793616205454;1.0
1402;0.00032315580756403506;1.0
1403;0.0003098831803072244;1.0
1404;0.00031755678355693817;1.0
1405;0.00027206866070628166;1.0
1406;0.00027125110500492156;1.0
1407;0.0003090584941674024;1.0
1408;0.0002740229538176209;1.0
1409;0.0003000063879881054;1.0
1410;0.00030907330801710486;1.0
1411;0.000283350091194734;1.0
1412;0.00026764889480546117;1.0
1413;0.00025900869513861835;1.0
1414;0.00024230238341260701;1.0
1415;0.0002864666748791933;1.0
1416;0.0002806922420859337;1.0
1417;0.00031966515234671533;1.0
1418;0.0002859690284822136;1.0
1419;0.00025232124608010054;1.0
1420;0.0002848576405085623;1.0
1421;0.00026538624661043286;1.0
1422;0.00025671377079561353;1.0
1423;0.0003379782720003277;1.0
1424;0.0002784542739391327;1.0
1425;0.0003029108338523656;1.0
1426;0.00031277682865038514;1.0
1427;0.0003299313539173454;1.0
1428;0.0002568376949056983;1.0
1429;0.0002898736565839499;1.0
1430;0.00027995940763503313;1.0
1431;0.0002542516740504652;1.0
1432;0.00028828560607507825;1.0
1433;0.0003015148395206779;1.0
1434;0.00028301883139647543;1.0
1435;0.0002817908825818449;1.0
1436;0.00027347722789272666;1.0
1437;0.0002753777662292123;1.0
1438;0.00027313316240906715;1.0
1439;0.0002686631341930479;1.0
1440;0.0002924101136159152;1.0
1441;0.0002832528844010085;1.0
1442;0.00029823597287759185;1.0
1443;0.0003098022425547242;1.0
1444;0.00027900972054339945;1.0
1445;0.0002867250004783273;1.0
1446;0.0002500015252735466;1.0
1447;0.000251038174610585;1.0
1448;0.0002752691216301173;1.0
1449;0.00023362461070064455;1.0
1450;0.0002830197918228805;1.0
1451;0.000281098997220397;1.0
1452;0.0002879194507841021;1.0
1453;0.00027602617046795785;1.0
1454;0.0002251884579891339;1.0
1455;0.0002955810632556677;1.0
1456;0.00026535592041909695;1.0
1457;0.00025859178276732564;1.0
1458;0.00027948501519858837;1.0
1459;0.00027808823506347835;1.0
1460;0.00027993362164124846;1.0
1461;0.00026373297441750765;1.0
1462;0.0002728235849644989;1.0
1463;0.0002461636031512171;1.0
1464;0.00026375832385383546;1.0
1465;0.0002616453275550157;1.0
1466;0.00028458659653551877;1.0
1467;0.00025699465186335146;1.0
1468;0.00026291870744898915;1.0
1469;0.0002606334164738655;1.0
1470;0.0002571864752098918;1.0
1471;0.00025810496299527586;1.0
1472;0.00029140725382603705;1.0
1473;0.0002644781197886914;1.0
1474;0.00029580199043266475;1.0
1475;0.00027789195883087814;1.0
1476;0.0002755929599516094;1.0
1477;0.0002627404173836112;1.0
1478;0.00027107924688607454;1.0
1479;0.0002659900055732578;1.0
1480;0.0002714757574722171;1.0
1481;0.00026510347379371524;1.0
1482;0.00028330666827969253;1.0
1483;0.00028124265372753143;1.0
1484;0.00027521795709617436;1.0
1485;0.0002637348370626569;1.0
1486;0.0002871953183785081;1.0
1487;0.00024071701045613736;1.0
1488;0.00025597630883567035;1.0
1489;0.00024973577819764614;1.0
1490;0.000252238183747977;1.0
1491;0.0002708517131395638;1.0
1492;0.0002709889377001673;1.0
1493;0.00024283632228616625;1.0
1494;0.00026001277728937566;1.0
1495;0.00023216659610625356;1.0
1496;0.00023808324476704001;1.0
1497;0.0002446483413223177;1.0
1498;0.0002496078086551279;1.0
1499;0.0002651297254487872;1.0
