iteration;loss;accuracy
0;0.009460150264203548;0.019305018708109856
1;0.00958994124084711;0.0308880303055048
2;0.009277531877160072;0.055984556674957275
3;0.009236139245331287;0.06563706696033478
4;0.009281949140131474;0.054054055362939835
5;0.009260529652237892;0.04633204638957977
6;0.009199020452797413;0.055984556674957275
7;0.009163022972643375;0.052123550325632095
8;0.009150885045528412;0.055984556674957275
9;0.009148147888481617;0.05984555929899216
10;0.009133133105933666;0.07528957724571228
11;0.009103084914386272;0.08880309015512466
12;0.009077921509742737;0.06756756454706192
13;0.009068691171705723;0.07528957724571228
14;0.009048575535416603;0.06756756454706192
15;0.009037832729518414;0.07722007483243942
16;0.009029068052768707;0.06370656192302704
17;0.009027226828038692;0.08301158249378204
18;0.009014053270220757;0.07335907220840454
19;0.008989897556602955;0.0810810774564743
20;0.008984003216028214;0.09459459781646729
21;0.00897759385406971;0.07915057986974716
22;0.00896967388689518;0.0714285746216774
23;0.00896440353244543;0.07915057986974716
24;0.00893403310328722;0.10231660306453705
25;0.008922839537262917;0.09459459781646729
26;0.00891212746500969;0.10424710065126419
27;0.008901177905499935;0.09266409277915955
28;0.008894789963960648;0.09652509540319443
29;0.00885967817157507;0.11776062101125717
30;0.00885748490691185;0.08880309015512466
31;0.008817313238978386;0.10231660306453705
32;0.00883012730628252;0.10810811072587967
33;0.00878475233912468;0.11003860831260681
34;0.008751521818339825;0.12934362888336182
35;0.008720017969608307;0.11583011597394943
36;0.008707393892109394;0.1332046389579773
37;0.00873524323105812;0.13513512909412384
38;0.008678662590682507;0.12162162363529205
39;0.008625359274446964;0.15444014966487885
40;0.008606097660958767;0.1660231649875641
41;0.008558335714042187;0.17953668534755707
42;0.008624287322163582;0.1428571492433548
43;0.008579131215810776;0.1428571492433548
44;0.008557955734431744;0.13513512909412384
45;0.008513644337654114;0.13899613916873932
46;0.00851520337164402;0.15057915449142456
47;0.008471966721117496;0.15830115973949432
48;0.008488732390105724;0.15637065470218658
49;0.008430804125964642;0.17374517023563385
50;0.008425656706094742;0.1853281855583191
51;0.008380711078643799;0.1756756752729416
52;0.008384965360164642;0.17953668534755707
53;0.008342805318534374;0.1660231649875641
54;0.008373098447918892;0.14092664420604706
55;0.008328180760145187;0.19691120088100433
56;0.008286606520414352;0.1949806958436966
57;0.008309835568070412;0.18725869059562683
58;0.00830257311463356;0.1756756752729416
59;0.008293905295431614;0.16988417506217957
60;0.008281773887574673;0.20270270109176636
61;0.008260184898972511;0.19691120088100433
62;0.008224032819271088;0.18918919563293457
63;0.008255723863840103;0.18339768052101135
64;0.008208236657083035;0.22007721662521362
65;0.008200155571103096;0.20077219605445862
66;0.008218440227210522;0.18918919563293457
67;0.008146444335579872;0.2239382266998291
68;0.00819395575672388;0.2432432472705841
69;0.008129319176077843;0.21042470633983612
70;0.008184709586203098;0.19305019080638885
71;0.008124182000756264;0.23166023194789886
72;0.008121859282255173;0.2046332061290741
73;0.008129318244755268;0.21814671158790588
74;0.008110513910651207;0.21042470633983612
75;0.00812014751136303;0.24517375230789185
76;0.008043439127504826;0.25482624769210815
77;0.008081497624516487;0.2432432472705841
78;0.0080564608797431;0.24131274223327637
79;0.008079388178884983;0.22972972691059113
80;0.008039833977818489;0.21235521137714386
81;0.007997559383511543;0.26061776280403137
82;0.008019259199500084;0.26061776280403137
83;0.008011207915842533;0.25868725776672363
84;0.00802304781973362;0.23552124202251434
85;0.007994286715984344;0.2664092779159546
86;0.00800008699297905;0.26061776280403137
87;0.008000957779586315;0.23166023194789886
88;0.007988965138792992;0.27799227833747864
89;0.007984071969985962;0.25482624769210815
90;0.007956641726195812;0.27413126826286316
91;0.007985643111169338;0.2277992218732834
92;0.00802101381123066;0.2432432472705841
93;0.00799260102212429;0.2818532884120941
94;0.00796397216618061;0.25482624769210815
95;0.007901174947619438;0.2818532884120941
96;0.007914763875305653;0.2799227833747864
97;0.007945910096168518;0.2818532884120941
98;0.007887079380452633;0.3243243098258972
99;0.007894071750342846;0.30308881402015686
100;0.007870187982916832;0.30308881402015686
101;0.007867465727031231;0.2992278039455414
102;0.00782395713031292;0.29729729890823364
103;0.007819590158760548;0.3281853199005127
104;0.007811079733073711;0.3513513505458832
105;0.007792636752128601;0.33590734004974365
106;0.007817527279257774;0.34169885516166687
107;0.007827413268387318;0.3474903404712677
108;0.00784043874591589;0.3436293303966522
109;0.007812367286533117;0.3146718144416809
110;0.007733656093478203;0.3378378450870514
111;0.0078069595620036125;0.3185328245162964
112;0.007766923867166042;0.3339768350124359
113;0.00773861538618803;0.35521236062049866
114;0.007750809658318758;0.3532818555831909
115;0.007707151118665934;0.3513513505458832
116;0.007736752741038799;0.35907337069511414
117;0.007677252870053053;0.34942084550857544
118;0.007660459727048874;0.38416987657546997
119;0.0076273768208920956;0.3610038757324219
120;0.007680900860577822;0.35521236062049866
121;0.007700108457356691;0.3474903404712677
122;0.007621396332979202;0.3764478862285614
123;0.007611176930367947;0.3803088665008545
124;0.007584029342979193;0.39768341183662415
125;0.007593872956931591;0.39768341183662415
126;0.0075665428303182125;0.3706563711166382
127;0.007546480745077133;0.42084941267967224
128;0.0076181828044354916;0.3861003816127777
129;0.00791160948574543;0.31660231947898865
130;0.008414899930357933;0.2857142984867096
131;0.007803597021847963;0.35907337069511414
132;0.007806286681443453;0.34555983543395996
133;0.007824885658919811;0.3532818555831909
134;0.007723191287368536;0.3571428656578064
135;0.007654449436813593;0.38803088665008545
136;0.007685723248869181;0.3667953610420227
137;0.007715345825999975;0.3474903404712677
138;0.007674049586057663;0.35521236062049866
139;0.007628668565303087;0.3513513505458832
140;0.007587414234876633;0.3861003816127777
141;0.007558135781437159;0.37451738119125366
142;0.007656988687813282;0.36872586607933044
143;0.007536245044320822;0.39768341183662415
144;0.007539099082350731;0.4324324429035187
145;0.007501001935452223;0.4150579273700714
146;0.007472112309187651;0.38223937153816223
147;0.00751476688310504;0.3899613916873932
148;0.007475229911506176;0.39768341183662415
149;0.0074724783189594746;0.3996138870716095
150;0.007459936197847128;0.40733590722084045
151;0.007413426414132118;0.42084941267967224
152;0.007425704970955849;0.3996138870716095
153;0.0075185722671449184;0.3764478862285614
154;0.007597694173455238;0.41698840260505676
155;0.007511956617236137;0.40154439210891724
156;0.007407494354993105;0.44594594836235046
157;0.007473422680050135;0.38803088665008545
158;0.00737757608294487;0.4150579273700714
159;0.007383022457361221;0.4285714328289032
160;0.007225068751722574;0.47876447439193726
161;0.007313824724406004;0.4324324429035187
162;0.007243660278618336;0.4575289487838745
163;0.007249290123581886;0.4343629479408264
164;0.007269301451742649;0.43050193786621094
165;0.007173098158091307;0.47297295928001404
166;0.007163764908909798;0.507722020149231
167;0.007221586536616087;0.47297295928001404
168;0.007280473131686449;0.4343629479408264
169;0.007275877520442009;0.44015443325042725
170;0.0070914532989263535;0.48262548446655273
171;0.007318274583667517;0.4343629479408264
172;0.007213720120489597;0.4555984437465668
173;0.007426738273352385;0.4555984437465668
174;0.007408465258777142;0.42664092779159546
175;0.007203273940831423;0.4864864945411682
176;0.007260532584041357;0.45945945382118225
177;0.007206348702311516;0.48841699957847595
178;0.00712490314617753;0.4749034643173218
179;0.00711010443046689;0.48262548446655273
180;0.00713316211476922;0.47297295928001404
181;0.0070625655353069305;0.5019304752349854
182;0.007039553485810757;0.47297295928001404
183;0.007037320174276829;0.507722020149231
184;0.0069503504782915115;0.5135135054588318
185;0.006918179802596569;0.5154440402984619
186;0.007002140861004591;0.48262548446655273
187;0.006919439882040024;0.48262548446655273
188;0.00682713370770216;0.5115830302238464
189;0.007006525527685881;0.5057914853096008
190;0.006951966788619757;0.5173745155334473
191;0.006933227647095919;0.507722020149231
192;0.006665491033345461;0.5714285969734192
193;0.006945618893951178;0.49806949496269226
194;0.006739795673638582;0.5598455667495728
195;0.006752920802682638;0.53861004114151
196;0.00673980638384819;0.5347490310668945
197;0.006736183073371649;0.5501930713653564
198;0.006737252697348595;0.5482625365257263
199;0.00658373162150383;0.5733590722084045
200;0.006639215163886547;0.5444015264511108
201;0.006758051924407482;0.5501930713653564
202;0.007356225047260523;0.46525096893310547
203;0.006999943871051073;0.5019304752349854
204;0.006814669352024794;0.5521235466003418
205;0.006828418467193842;0.5038610100746155
206;0.0068110632710158825;0.5328185558319092
207;0.006752425339072943;0.546332061290741
208;0.006839548237621784;0.5038610100746155
209;0.006687990389764309;0.53861004114151
210;0.006648380309343338;0.5424710512161255
211;0.00663496321067214;0.5444015264511108
212;0.006550258025527;0.5945945978164673
213;0.006536164786666632;0.5752895474433899
214;0.0065484126098454;0.5907335877418518
215;0.006484446581453085;0.6100386381149292
216;0.006446546874940395;0.5907335877418518
217;0.00661556888371706;0.530888020992279
218;0.006515304557979107;0.5521235466003418
219;0.0064651938155293465;0.5656370520591736
220;0.006586429663002491;0.5366795659065247
221;0.006347315385937691;0.6003860831260681
222;0.006471052300184965;0.5926640629768372
223;0.00627933582291007;0.6023166179656982
224;0.006452563218772411;0.5617760419845581
225;0.006424753461033106;0.5945945978164673
226;0.006288415752351284;0.6293436288833618
227;0.006294023245573044;0.6447876691818237
228;0.006249493453651667;0.5965250730514526
229;0.006146088242530823;0.6409266591072083
230;0.006173112895339727;0.6332046389579773
231;0.006049260962754488;0.6312741041183472
232;0.006054412107914686;0.6332046389579773
233;0.006141426507383585;0.6679536700248718
234;0.00601654127240181;0.65444016456604
235;0.006147857289761305;0.6196911334991455
236;0.006255629472434521;0.623552143573761
237;0.006366939749568701;0.6081081032752991
238;0.006029888987541199;0.6583011746406555
239;0.006100564729422331;0.6486486196517944
240;0.006082848180085421;0.6505791544914246
241;0.006118866614997387;0.6100386381149292
242;0.00598366791382432;0.6602316498756409
243;0.006217964459210634;0.6061776280403137
244;0.005926463752985001;0.6660231947898865
245;0.006114206276834011;0.6351351141929626
246;0.006003806367516518;0.6563706398010254
247;0.005969707854092121;0.6505791544914246
248;0.005911279935389757;0.6756756901741028
249;0.005856325849890709;0.6891891956329346
250;0.0058456785045564175;0.65444016456604
251;0.005894036497920752;0.6698841452598572
252;0.005898662842810154;0.65444016456604
253;0.005644211545586586;0.7162162065505981
254;0.005852005444467068;0.6602316498756409
255;0.005762411281466484;0.7104247212409973
256;0.0059136259369552135;0.6602316498756409
257;0.005767762660980225;0.6718146800994873
258;0.005694937892258167;0.700772225856781
259;0.005591026972979307;0.6737451553344727
260;0.005716012325137854;0.6679536700248718
261;0.0057871718890964985;0.6486486196517944
262;0.005941686686128378;0.6563706398010254
263;0.00566023588180542;0.7162162065505981
264;0.0056887115351855755;0.6756756901741028
265;0.005487171467393637;0.7104247212409973
266;0.005614706315100193;0.7258687019348145
267;0.005645449738949537;0.7142857313156128
268;0.005557918921113014;0.7471042275428772
269;0.005487540271133184;0.7200772166252136
270;0.005406643263995647;0.7258687019348145
271;0.005269617307931185;0.7548262476921082
272;0.005602086894214153;0.6988416910171509
273;0.005374831613153219;0.739382266998291
274;0.005374102387577295;0.7316602468490601
275;0.005402302835136652;0.7432432174682617
276;0.005360567942261696;0.7142857313156128
277;0.00529788713902235;0.7200772166252136
278;0.005359528586268425;0.6988416910171509
279;0.005358716938644648;0.7200772166252136
280;0.005262014921754599;0.7567567825317383
281;0.005252176895737648;0.7220077514648438
282;0.0051108840852975845;0.7625482678413391
283;0.005097937770187855;0.7972972989082336
284;0.005090923514217138;0.7490347623825073
285;0.004946146626025438;0.7915058135986328
286;0.005003669299185276;0.7664092779159546
287;0.00492203701287508;0.7857142686843872
288;0.004939743783324957;0.7837837934494019
289;0.004947301000356674;0.7895752787590027
290;0.004849790129810572;0.7683397531509399
291;0.0048735616728663445;0.7895752787590027
292;0.00492720166221261;0.7490347623825073
293;0.004848045762628317;0.799227774143219
294;0.0048496657982468605;0.7953668236732483
295;0.00546812079846859;0.6911196708679199
296;0.006164754740893841;0.6988416910171509
297;0.005857448559254408;0.7432432174682617
298;0.005345004145056009;0.7258687019348145
299;0.005629708990454674;0.6988416910171509
300;0.005570815410465002;0.6853281855583191
301;0.005383369978517294;0.7142857313156128
302;0.005284600425511599;0.7181467413902283
303;0.005263793282210827;0.7567567825317383
304;0.005489045288413763;0.7046331763267517
305;0.005570624023675919;0.6872586607933044
306;0.005248581990599632;0.7683397531509399
307;0.005047185812145472;0.7664092779159546
308;0.0051111322827637196;0.7625482678413391
309;0.005105162970721722;0.760617733001709
310;0.005011645145714283;0.7644787430763245
311;0.005058550741523504;0.7509652376174927
312;0.004978287033736706;0.7432432174682617
313;0.004768092650920153;0.7683397531509399
314;0.004780825227499008;0.8011583089828491
315;0.004626926966011524;0.8088803291320801
316;0.004814018961042166;0.7779922485351562
317;0.0045094480738043785;0.8185328245162964
318;0.0045942687429487705;0.8320463299751282
319;0.004533874336630106;0.8320463299751282
320;0.00458084000274539;0.8050193190574646
321;0.004480266477912664;0.8262548446655273
322;0.004487786442041397;0.8050193190574646
323;0.004414545837789774;0.8243243098258972
324;0.004385517910122871;0.84555983543396
325;0.0043667983263731;0.8243243098258972
326;0.004351978190243244;0.8127413392066956
327;0.0043605719693005085;0.837837815284729
328;0.004368224646896124;0.8011583089828491
329;0.004213481675833464;0.8204632997512817
330;0.004377111326903105;0.8166022896766663
331;0.00433102622628212;0.8320463299751282
332;0.004299383610486984;0.8108108043670654
333;0.0044111511670053005;0.8416988253593445
334;0.0042061940766870975;0.8359073400497437
335;0.0041899727657437325;0.8339768052101135
336;0.004216305445879698;0.8223938345909119
337;0.004193360451608896;0.8436293601989746
338;0.004716851282864809;0.7779922485351562
339;0.00540446350350976;0.7162162065505981
340;0.004647448193281889;0.8127413392066956
341;0.005253275856375694;0.7027027010917664
342;0.004755021538585424;0.7760617733001709
343;0.005036849528551102;0.7586872577667236
344;0.004473281092941761;0.80694979429245
345;0.004900017753243446;0.7972972989082336
346;0.004493908490985632;0.799227774143219
347;0.004492943175137043;0.7972972989082336
348;0.004521663766354322;0.7972972989082336
349;0.0043519409373402596;0.8146718144416809
350;0.004303527995944023;0.8185328245162964
351;0.00421519298106432;0.8185328245162964
352;0.004111471585929394;0.8552123308181763
353;0.0042176200076937675;0.8494208455085754
354;0.004209010396152735;0.8127413392066956
355;0.00405171187594533;0.8243243098258972
356;0.004269325640052557;0.8262548446655273
357;0.004107524175196886;0.8339768052101135
358;0.004143407102674246;0.8436293601989746
359;0.004161329474300146;0.8397683501243591
360;0.004187518730759621;0.8243243098258972
361;0.004194073379039764;0.8359073400497437
362;0.003963794559240341;0.8552123308181763
363;0.003936205059289932;0.8474903702735901
364;0.003992579411715269;0.8397683501243591
365;0.003936645574867725;0.8648648858070374
366;0.0038685656618326902;0.8552123308181763
367;0.003875436494126916;0.8725868463516235
368;0.004107899498194456;0.8262548446655273
369;0.004070434719324112;0.8532818555831909
370;0.004032774828374386;0.8359073400497437
371;0.003990261349827051;0.8262548446655273
372;0.004188967868685722;0.8223938345909119
373;0.0039012059569358826;0.8513513803482056
374;0.004068297334015369;0.8146718144416809
375;0.0038386103697121143;0.8610038757324219
376;0.0037467593792825937;0.8648648858070374
377;0.0036867051385343075;0.8783783912658691
378;0.0038667137268930674;0.8436293601989746
379;0.0036380747333168983;0.8745173811912537
380;0.0038124737329781055;0.8513513803482056
381;0.0036429520696401596;0.8899613618850708
382;0.0035945263225585222;0.8687258958816528
383;0.0037471801042556763;0.8532818555831909
384;0.0035557541996240616;0.9015443921089172
385;0.003708968870341778;0.8571428656578064
386;0.0036659417673945427;0.8706563711166382
387;0.003649449907243252;0.88416987657547
388;0.003581525757908821;0.8687258958816528
389;0.003563289064913988;0.8706563711166382
390;0.0035626559983938932;0.8610038757324219
391;0.003491921117529273;0.8783783912658691
392;0.0035555395297706127;0.8822394013404846
393;0.00333479605615139;0.8918918967247009
394;0.0036790999583899975;0.8590733408927917
395;0.003497697412967682;0.8938223719596863
396;0.0035459427163004875;0.876447856426239
397;0.0037587147671729326;0.8725868463516235
398;0.0034602952655404806;0.8803088665008545
399;0.003571087960153818;0.88416987657547
400;0.0034203166142106056;0.8996139168739319
401;0.003442642278969288;0.8667953610420227
402;0.003465750254690647;0.8899613618850708
403;0.00329591054469347;0.9015443921089172
404;0.003274648217484355;0.8938223719596863
405;0.003326802747324109;0.9073359370231628
406;0.003344403114169836;0.9092664122581482
407;0.003452098462730646;0.8880308866500854
408;0.003288705600425601;0.8996139168739319
409;0.003452709876000881;0.8803088665008545
410;0.0033701183274388313;0.8822394013404846
411;0.0032887801062315702;0.9092664122581482
412;0.0033823070116341114;0.8918918967247009
413;0.0032152223866432905;0.8880308866500854
414;0.0032769900280982256;0.8899613618850708
415;0.003193299286067486;0.9169884324073792
416;0.003195104654878378;0.9054054021835327
417;0.0031310305930674076;0.9131274223327637
418;0.003271103836596012;0.8938223719596863
419;0.0030527941416949034;0.9131274223327637
420;0.0033264807425439358;0.8996139168739319
421;0.00301575125195086;0.915057897567749
422;0.0034757298417389393;0.876447856426239
423;0.0031728458125144243;0.9169884324073792
424;0.003343466203659773;0.8803088665008545
425;0.0032314076088368893;0.8996139168739319
426;0.003170039039105177;0.9034749269485474
427;0.0032314443960785866;0.9054054021835327
428;0.003198628081008792;0.8880308866500854
429;0.003158676903694868;0.9111968874931335
430;0.0032070076558738947;0.9073359370231628
431;0.0032274737022817135;0.8918918967247009
432;0.003016805974766612;0.9092664122581482
433;0.0033226595260202885;0.8783783912658691
434;0.003334243083372712;0.8648648858070374
435;0.003270719898864627;0.88416987657547
436;0.0031508987303823233;0.9092664122581482
437;0.0030901310965418816;0.8938223719596863
438;0.003077535890042782;0.9073359370231628
439;0.0031665086280554533;0.915057897567749
440;0.0031915241852402687;0.876447856426239
441;0.0029649301432073116;0.9401544332504272
442;0.0032677114941179752;0.8629343509674072
443;0.002997679403051734;0.9247104525566101
444;0.0030933269299566746;0.8861004114151001
445;0.003191355848684907;0.9054054021835327
446;0.0029080500826239586;0.9324324131011963
447;0.0033055536914616823;0.8976833820343018
448;0.0029943259432911873;0.9208494424819946
449;0.0028719399124383926;0.915057897567749
450;0.0031256217043846846;0.8861004114151001
451;0.0029796564485877752;0.9208494424819946
452;0.003157976781949401;0.88416987657547
453;0.0028644753620028496;0.9092664122581482
454;0.002955653937533498;0.9169884324073792
455;0.002952167298644781;0.9015443921089172
456;0.0028492615092545748;0.915057897567749
457;0.0029612947255373;0.9092664122581482
458;0.003071668790653348;0.9111968874931335
459;0.0031304331496357918;0.9131274223327637
460;0.003343632910400629;0.8976833820343018
461;0.003196891862899065;0.9034749269485474
462;0.0029643988236784935;0.9073359370231628
463;0.003166387090459466;0.8976833820343018
464;0.002912644762545824;0.9131274223327637
465;0.0030568167567253113;0.8803088665008545
466;0.0029665851034224033;0.9034749269485474
467;0.0028587111737579107;0.9247104525566101
468;0.0028797793202102184;0.9362934231758118
469;0.002929405542090535;0.9247104525566101
470;0.002771178726106882;0.9208494424819946
471;0.002870673779398203;0.9169884324073792
472;0.0028011929243803024;0.9343629479408264
473;0.0030054240487515926;0.9324324131011963
474;0.002820448949933052;0.9208494424819946
475;0.0029341261833906174;0.9189189076423645
476;0.0029136603698134422;0.9111968874931335
477;0.0032093932386487722;0.8803088665008545
478;0.0027898522093892097;0.9324324131011963
479;0.003130689263343811;0.8880308866500854
480;0.003083063755184412;0.8880308866500854
481;0.0027776393108069897;0.9478764533996582
482;0.0030622922349721193;0.915057897567749
483;0.002767387079074979;0.915057897567749
484;0.0028351612854748964;0.9169884324073792
485;0.002766137011349201;0.9131274223327637
486;0.0026397020556032658;0.9247104525566101
487;0.0028563840314745903;0.92277991771698
488;0.0027102746535092592;0.9382239580154419
489;0.002609868999570608;0.9324324131011963
490;0.002736395224928856;0.9305019378662109
491;0.0025824361946433783;0.9247104525566101
492;0.002603176049888134;0.9401544332504272
493;0.0025979578495025635;0.9266409277915955
494;0.0026892167516052723;0.8957529067993164
495;0.002565508708357811;0.9169884324073792
496;0.0025540951173752546;0.9343629479408264
497;0.0026712457183748484;0.9401544332504272
498;0.0025128936395049095;0.9401544332504272
499;0.002625544322654605;0.9208494424819946
500;0.0024974176194518805;0.953667938709259
501;0.0024861569982022047;0.9420849680900574
502;0.0027614799328148365;0.8938223719596863
503;0.002650889800861478;0.9401544332504272
504;0.002689522225409746;0.9266409277915955
505;0.0025935876183211803;0.9401544332504272
506;0.0027660292107611895;0.9343629479408264
507;0.002629353664815426;0.9305019378662109
508;0.0025509290862828493;0.9343629479408264
509;0.0025743513833731413;0.92277991771698
510;0.0025066500529646873;0.953667938709259
511;0.002558705862611532;0.92277991771698
512;0.0026449086144566536;0.915057897567749
513;0.0026332212146371603;0.9324324131011963
514;0.002530099358409643;0.9343629479408264
515;0.0027040555141866207;0.9305019378662109
516;0.0025865784846246243;0.9247104525566101
517;0.0025231256149709225;0.9362934231758118
518;0.002518463646993041;0.9247104525566101
519;0.002403500722721219;0.9440154433250427
520;0.0024818871170282364;0.9362934231758118
521;0.0024893595837056637;0.9362934231758118
522;0.0024951680097728968;0.9362934231758118
523;0.002444840269163251;0.9498069286346436
524;0.002603943459689617;0.9382239580154419
525;0.0025680074468255043;0.9169884324073792
526;0.002500897040590644;0.9401544332504272
527;0.0026911741588264704;0.8938223719596863
528;0.00252210209146142;0.9420849680900574
529;0.0027127328794449568;0.9324324131011963
530;0.0031456511933356524;0.8706563711166382
531;0.0029323881026357412;0.8996139168739319
532;0.003043445758521557;0.9111968874931335
533;0.002983415499329567;0.9208494424819946
534;0.002843436086550355;0.9324324131011963
535;0.0031964313238859177;0.9208494424819946
536;0.0026933185290545225;0.9459459185600281
537;0.0029033245518803596;0.9382239580154419
538;0.002678310265764594;0.9440154433250427
539;0.0028282369021326303;0.9305019378662109
540;0.0031975891906768084;0.8976833820343018
541;0.002580486936494708;0.9324324131011963
542;0.0030770518351346254;0.9111968874931335
543;0.0027212121058255434;0.9382239580154419
544;0.0025922737549990416;0.9401544332504272
545;0.00268007954582572;0.9555984735488892
546;0.002703953767195344;0.9420849680900574
547;0.0025704919826239347;0.953667938709259
548;0.002369461115449667;0.9478764533996582
549;0.002566741080954671;0.9440154433250427
550;0.0025993662420660257;0.9420849680900574
551;0.00255450583063066;0.9517374634742737
552;0.0023635781835764647;0.9362934231758118
553;0.0024715473409742117;0.9324324131011963
554;0.002435816451907158;0.9420849680900574
555;0.00240307510830462;0.9478764533996582
556;0.002452293410897255;0.9382239580154419
557;0.002297252183780074;0.9555984735488892
558;0.002311576856300235;0.9575289487838745
559;0.002296932740136981;0.9498069286346436
560;0.002327950205653906;0.9498069286346436
561;0.0022637266665697098;0.9575289487838745
562;0.002274796599522233;0.9555984735488892
563;0.0023097617086023092;0.9594594836235046
564;0.0022125113755464554;0.96138995885849
565;0.002202644944190979;0.96138995885849
566;0.00230987137183547;0.9575289487838745
567;0.002259066328406334;0.9401544332504272
568;0.0023298158776015043;0.953667938709259
569;0.0022672058548778296;0.9440154433250427
570;0.0021790878381580114;0.9517374634742737
571;0.0021394749637693167;0.9729729890823364
572;0.0021472445223480463;0.9498069286346436
573;0.002121709519997239;0.9652509689331055
574;0.0022077057510614395;0.96138995885849
575;0.002138458425179124;0.9710424542427063
576;0.0021031165961176157;0.9633204340934753
577;0.00216654478572309;0.953667938709259
578;0.002182803815230727;0.9671814441680908
579;0.0021939307916909456;0.9633204340934753
580;0.002220009919255972;0.9633204340934753
581;0.0021912974771112204;0.9478764533996582
582;0.002557443454861641;0.8996139168739319
583;0.0022658107336610556;0.9633204340934753
584;0.00260562845505774;0.8918918967247009
585;0.0023979542311280966;0.9459459185600281
586;0.0021941429004073143;0.9555984735488892
587;0.002347491914406419;0.9208494424819946
588;0.00234992359764874;0.9401544332504272
589;0.0021961366292089224;0.9710424542427063
590;0.00225511915050447;0.9594594836235046
591;0.0023270994424819946;0.9420849680900574
592;0.002324541797861457;0.9401544332504272
593;0.002083873376250267;0.9575289487838745
594;0.0022602160461246967;0.9478764533996582
595;0.002232013503089547;0.9517374634742737
596;0.0021443162113428116;0.953667938709259
597;0.0021428940817713737;0.9440154433250427
598;0.0021865637972950935;0.9478764533996582
599;0.002148393541574478;0.96138995885849
600;0.002183246426284313;0.9420849680900574
601;0.002167978323996067;0.9594594836235046
602;0.0023609199561178684;0.9169884324073792
603;0.002072439994663;0.96138995885849
604;0.0020928732119500637;0.969111979007721
605;0.0021222231443971395;0.9575289487838745
606;0.002064263913780451;0.953667938709259
607;0.0020347803365439177;0.96138995885849
608;0.0021652497816830873;0.9633204340934753
609;0.0019967760890722275;0.9768339991569519
610;0.0021153807174414396;0.9633204340934753
611;0.002091896254569292;0.9459459185600281
612;0.002027694368734956;0.9652509689331055
613;0.002024790970608592;0.969111979007721
614;0.001983793918043375;0.9787644743919373
615;0.0020534468349069357;0.9633204340934753
616;0.001922650495544076;0.9787644743919373
617;0.001953858183696866;0.9671814441680908
618;0.0019660266116261482;0.9749034643173218
619;0.0020252198446542025;0.9652509689331055
620;0.0019349715439602733;0.9633204340934753
621;0.002024517161771655;0.9575289487838745
622;0.002002336084842682;0.9671814441680908
623;0.001908030011691153;0.9575289487838745
624;0.0019149971194565296;0.9729729890823364
625;0.002037621336057782;0.9594594836235046
626;0.0019680119585245848;0.9729729890823364
627;0.001942315953783691;0.9575289487838745
628;0.0019281611312180758;0.9768339991569519
629;0.0018954931292682886;0.9768339991569519
630;0.0019467995734885335;0.9749034643173218
631;0.0018983774352818727;0.969111979007721
632;0.002025031251832843;0.9555984735488892
633;0.0019449114333838224;0.9594594836235046
634;0.0019301270367577672;0.969111979007721
635;0.0018678175983950496;0.9729729890823364
636;0.0018796665826812387;0.969111979007721
637;0.0019358359277248383;0.9517374634742737
638;0.0019202720141038299;0.9555984735488892
639;0.0018874389352276921;0.9729729890823364
640;0.001914394786581397;0.9671814441680908
641;0.0018748709699139;0.969111979007721
642;0.0018149110255762935;0.9710424542427063
643;0.0018867985345423222;0.9749034643173218
644;0.0019083124352619052;0.9826254844665527
645;0.0017744319047778845;0.9710424542427063
646;0.0018543049227446318;0.9768339991569519
647;0.0018102440517395735;0.9787644743919373
648;0.0017392763402312994;0.9787644743919373
649;0.0018548429943621159;0.9787644743919373
650;0.0018330089515075088;0.9633204340934753
651;0.001911995466798544;0.9787644743919373
652;0.0018785642459988594;0.9652509689331055
653;0.0018801902187988162;0.96138995885849
654;0.0018038989510387182;0.96138995885849
655;0.0018753961194306612;0.9633204340934753
656;0.0017978885443881154;0.9787644743919373
657;0.0017849712166935205;0.9768339991569519
658;0.0017392230220139027;0.9826254844665527
659;0.001748163951560855;0.9768339991569519
660;0.001922207185998559;0.953667938709259
661;0.0017625554464757442;0.9768339991569519
662;0.0018108305521309376;0.9787644743919373
663;0.001817743293941021;0.9729729890823364
664;0.0017533566569909453;0.9826254844665527
665;0.0018858341500163078;0.969111979007721
666;0.0018384158611297607;0.9671814441680908
667;0.0018465020693838596;0.969111979007721
668;0.0019395019626244903;0.9729729890823364
669;0.0018138886662200093;0.9652509689331055
670;0.0018241866491734982;0.9633204340934753
671;0.0018028919585049152;0.96138995885849
672;0.001910966937430203;0.953667938709259
673;0.001775922137312591;0.9710424542427063
674;0.001841848250478506;0.9806950092315674
675;0.0019084924133494496;0.9787644743919373
676;0.001763629144988954;0.9671814441680908
677;0.0017987629398703575;0.9749034643173218
678;0.001836532959714532;0.9555984735488892
679;0.0017951675690710545;0.969111979007721
680;0.001837617252022028;0.9787644743919373
681;0.001812345813959837;0.9652509689331055
682;0.0017598065314814448;0.9806950092315674
683;0.001718811341561377;0.9787644743919373
684;0.0017308519454672933;0.9806950092315674
685;0.0018151156837120652;0.9749034643173218
686;0.0017176074907183647;0.9826254844665527
687;0.0016585409175604582;0.9729729890823364
688;0.001875413814559579;0.9710424542427063
689;0.0018695645267143846;0.969111979007721
690;0.002013320568948984;0.9382239580154419
691;0.0018104453338310122;0.9749034643173218
692;0.002197905210778117;0.9478764533996582
693;0.0017039881786331534;0.9787644743919373
694;0.0020301721524447203;0.969111979007721
695;0.0017801938811317086;0.9652509689331055
696;0.0018623932264745235;0.9768339991569519
697;0.0017141432035714388;0.9806950092315674
698;0.0017318464815616608;0.9903475046157837
699;0.0017653645481914282;0.9806950092315674
700;0.0020811459980905056;0.9575289487838745
701;0.0018871920183300972;0.9768339991569519
702;0.0018074295949190855;0.9729729890823364
703;0.0019100233912467957;0.9710424542427063
704;0.0019638030789792538;0.9652509689331055
705;0.0019646231085062027;0.9633204340934753
706;0.002048762980848551;0.9864864945411682
707;0.0018068946665152907;0.9845559597015381
708;0.0018140949541702867;0.969111979007721
709;0.002034921431913972;0.9768339991569519
710;0.001972490455955267;0.9710424542427063
711;0.002187273697927594;0.9324324131011963
712;0.002187535632401705;0.953667938709259
713;0.0023288370575755835;0.9324324131011963
714;0.0019892770797014236;0.9749034643173218
715;0.0024616054724901915;0.9285714030265808
716;0.0020627037156373262;0.9478764533996582
717;0.0017920153914019465;0.9787644743919373
718;0.002292108489200473;0.9555984735488892
719;0.0018766018329188228;0.9729729890823364
720;0.0018777442164719105;0.9671814441680908
721;0.0021193637512624264;0.9362934231758118
722;0.002098950557410717;0.9710424542427063
723;0.0023375670425593853;0.9440154433250427
724;0.0018970135133713484;0.9864864945411682
725;0.0021118635777384043;0.9845559597015381
726;0.0020012930035591125;0.9749034643173218
727;0.001990553457289934;0.9729729890823364
728;0.0018849113257601857;0.9710424542427063
729;0.0017858792562037706;0.9787644743919373
730;0.0018614290747791529;0.9729729890823364
731;0.001982502406463027;0.9806950092315674
732;0.0017430520383641124;0.9845559597015381
733;0.0017973323119804263;0.9787644743919373
734;0.0018322431715205312;0.969111979007721
735;0.0017779907211661339;0.9652509689331055
736;0.0017772233113646507;0.9749034643173218
737;0.0018015566747635603;0.9826254844665527
738;0.0017486311262473464;0.9826254844665527
739;0.0016222648555412889;0.9826254844665527
740;0.001690306467935443;0.9749034643173218
741;0.0017029898008331656;0.9671814441680908
742;0.0016727368347346783;0.9845559597015381
743;0.001610250910744071;0.9806950092315674
744;0.0017230395460501313;0.9884169697761536
745;0.0016295543173328042;0.9961389899253845
746;0.0016499944031238556;0.9884169697761536
747;0.0015781867550686002;0.9903475046157837
748;0.0015284782275557518;0.9903475046157837
749;0.0016099524218589067;0.9787644743919373
750;0.0015989075182005763;0.9826254844665527
751;0.001615398214198649;0.9845559597015381
752;0.00156686722766608;0.9884169697761536
753;0.0015448336489498615;0.9845559597015381
754;0.0015276068588718772;0.9787644743919373
755;0.0015350612811744213;0.9903475046157837
756;0.0015041307779029012;0.9942085146903992
757;0.001514202682301402;0.9864864945411682
758;0.001578205730766058;0.9942085146903992
759;0.0015405082376673818;0.9884169697761536
760;0.0015923300525173545;0.9826254844665527
761;0.0014920332469046116;0.9884169697761536
762;0.0017258712323382497;0.9710424542427063
763;0.00170448562130332;0.9710424542427063
764;0.001533371047116816;0.9826254844665527
765;0.001570723601616919;0.9806950092315674
766;0.0016444906359538436;0.9729729890823364
767;0.0015215183375403285;0.9942085146903992
768;0.0016821196768432856;0.9787644743919373
769;0.0015427726320922375;0.9942085146903992
770;0.0016228195745497942;0.9749034643173218
771;0.0015506718773394823;0.9787644743919373
772;0.001519837649539113;0.9942085146903992
773;0.0015476690605282784;0.9864864945411682
774;0.0022091157734394073;0.9517374634742737
775;0.0015727914869785309;0.9884169697761536
776;0.0021827835589647293;0.9517374634742737
777;0.00217995117418468;0.9459459185600281
778;0.0019594458863139153;0.9594594836235046
779;0.0017646107589825988;0.9768339991569519
780;0.0016542738303542137;0.9903475046157837
781;0.0019023537170141935;0.9787644743919373
782;0.0017285534413531423;0.9903475046157837
783;0.001849865890108049;0.9768339991569519
784;0.001928659388795495;0.9768339991569519
785;0.001693712081760168;0.9903475046157837
786;0.0017401070799678564;0.9845559597015381
787;0.0018727604765444994;0.9652509689331055
788;0.0017926410073414445;0.9961389899253845
789;0.0017018902581185102;0.9884169697761536
790;0.0017079380340874195;0.9864864945411682
791;0.001698012463748455;0.9787644743919373
792;0.0016339571448042989;0.9749034643173218
793;0.001553455600515008;0.9845559597015381
794;0.0016175236087292433;0.9903475046157837
795;0.0016241250559687614;0.9942085146903992
796;0.0015872401418164372;0.9903475046157837
797;0.0015171329723671079;0.9826254844665527
798;0.0016639919485896826;0.9749034643173218
799;0.0015140591422095895;0.9826254844665527
800;0.001612207037396729;0.9826254844665527
801;0.0015299892984330654;0.9903475046157837
802;0.0014895981876179576;0.9884169697761536
803;0.0015396832022815943;0.9710424542427063
804;0.001480049453675747;0.9942085146903992
805;0.001524291466921568;0.992277979850769
806;0.0015400272095575929;0.9864864945411682
807;0.0016458559548482299;0.9749034643173218
808;0.0015311886090785265;0.9826254844665527
809;0.0019997037015855312;0.9478764533996582
810;0.001466704998165369;0.992277979850769
811;0.0015350193716585636;0.9961389899253845
812;0.0015584900975227356;0.9864864945411682
813;0.0017328585963696241;0.96138995885849
814;0.001483335392549634;0.9903475046157837
815;0.001556547125801444;0.992277979850769
816;0.0016871723346412182;0.9864864945411682
817;0.0016062128124758601;0.9826254844665527
818;0.0014186144107952714;0.9942085146903992
819;0.0014367711264640093;0.9980695247650146
820;0.0015388689935207367;0.9884169697761536
821;0.0015427283942699432;0.9826254844665527
822;0.0014950679615139961;0.9961389899253845
823;0.001457485370337963;0.992277979850769
824;0.0014848465798422694;0.9826254844665527
825;0.0015874456148594618;0.9845559597015381
826;0.0015526498900726438;0.9826254844665527
827;0.001382047776132822;0.9961389899253845
828;0.0015588366659358144;0.9864864945411682
829;0.0014983834698796272;0.9942085146903992
830;0.0014243233017623425;0.992277979850769
831;0.0014959550462663174;0.9729729890823364
832;0.0014786035753786564;0.9806950092315674
833;0.0014708028174936771;0.9961389899253845
834;0.0015397524693980813;0.992277979850769
835;0.0014278467278927565;0.9942085146903992
836;0.0016565551050007343;0.969111979007721
837;0.0014000259106978774;0.9826254844665527
838;0.0014901035465300083;0.9826254844665527
839;0.0014701124746352434;0.9980695247650146
840;0.0013956907205283642;0.9864864945411682
841;0.0015715688932687044;0.9594594836235046
842;0.001416700193658471;0.9864864945411682
843;0.0014412507880479097;0.9980695247650146
844;0.0014016571221873164;0.9903475046157837
845;0.0013800626620650291;0.9942085146903992
846;0.0014453583862632513;0.9961389899253845
847;0.0014184975298121572;0.9884169697761536
848;0.001365616568364203;0.992277979850769
849;0.0013607358559966087;0.9826254844665527
850;0.0012837052345275879;0.9961389899253845
851;0.0013182763941586018;0.9942085146903992
852;0.0013761926675215364;0.9961389899253845
853;0.0013242397690191865;0.9961389899253845
854;0.001323355594649911;1.0
855;0.0013294331729412079;0.9961389899253845
856;0.0013488541590049863;0.992277979850769
857;0.001354800071567297;0.9942085146903992
858;0.0013115272158756852;0.992277979850769
859;0.0012836375972256064;0.9942085146903992
860;0.0012715308694168925;0.9884169697761536
861;0.0013411130057647824;0.9980695247650146
862;0.0012521212920546532;0.992277979850769
863;0.0012253111926838756;0.9961389899253845
864;0.0012274191249161959;0.9942085146903992
865;0.0013008384266868234;0.9942085146903992
866;0.0012603808427229524;0.9961389899253845
867;0.0012331196339800954;0.9942085146903992
868;0.001237085903994739;0.9980695247650146
869;0.0013157522771507502;0.9961389899253845
870;0.0012313559418544173;0.9961389899253845
871;0.0012249674182385206;0.9980695247650146
872;0.0012356704100966454;0.9903475046157837
873;0.001251472975127399;0.9884169697761536
874;0.0012713760370388627;0.9961389899253845
875;0.001253640977665782;0.9961389899253845
876;0.0012642476940527558;0.9942085146903992
877;0.0012264129472896457;0.9961389899253845
878;0.0012552636908367276;0.9961389899253845
879;0.0012377938255667686;0.9942085146903992
880;0.00124821113422513;0.992277979850769
881;0.0012582775671035051;0.9884169697761536
882;0.0012115868739783764;1.0
883;0.0012956175487488508;0.9884169697761536
884;0.0012011028593406081;0.9884169697761536
885;0.0012263092212378979;1.0
886;0.0011484803399071097;1.0
887;0.0012551393592730165;0.9980695247650146
888;0.0012485032202675939;0.9980695247650146
889;0.0011667032958939672;0.9903475046157837
890;0.001203147112391889;0.9980695247650146
891;0.0012089395895600319;0.9942085146903992
892;0.0012317263754084706;1.0
893;0.00122543191537261;0.992277979850769
894;0.001232137787155807;0.9942085146903992
895;0.0012805159203708172;0.9942085146903992
896;0.0012724787229672074;0.9961389899253845
897;0.001149063347838819;1.0
898;0.0012776824878528714;0.992277979850769
899;0.0012341110268607736;0.9903475046157837
900;0.0011887757573276758;0.9864864945411682
901;0.0011987739708274603;0.9980695247650146
902;0.0012650706339627504;0.992277979850769
903;0.001243424485437572;1.0
904;0.0012168034445494413;0.992277979850769
905;0.0012654076563194394;1.0
906;0.001217190525494516;0.9961389899253845
907;0.0012371897464618087;0.9884169697761536
908;0.0011283379280939698;0.9961389899253845
909;0.0012892767554149032;0.9942085146903992
910;0.0011380603536963463;1.0
911;0.001197883510030806;1.0
912;0.0012533165281638503;0.9942085146903992
913;0.0011603663442656398;1.0
914;0.0012483748141676188;0.9980695247650146
915;0.0011858762009069324;0.992277979850769
916;0.0011760361958295107;0.9961389899253845
917;0.001212892821058631;0.9980695247650146
918;0.0012860317947342992;0.9845559597015381
919;0.0011790093267336488;0.9961389899253845
920;0.0012383215362206101;0.9942085146903992
921;0.0011337746400386095;1.0
922;0.0011869886657223105;0.992277979850769
923;0.0012303268304094672;0.9845559597015381
924;0.0012128424132242799;0.9864864945411682
925;0.0013295435346662998;0.9749034643173218
926;0.001223882893100381;0.9942085146903992
927;0.0011541525600478053;0.9961389899253845
928;0.00123755750246346;0.9864864945411682
929;0.0011579492129385471;0.9980695247650146
930;0.001225508050993085;0.9980695247650146
931;0.0011474951170384884;0.9980695247650146
932;0.0011699800379574299;1.0
933;0.0012053208192810416;0.992277979850769
934;0.0011565758613869548;0.9903475046157837
935;0.0012455264804884791;1.0
936;0.001155430101789534;0.992277979850769
937;0.0011579273268580437;0.9961389899253845
938;0.0011548377806320786;1.0
939;0.0012133198324590921;0.9961389899253845
940;0.0011307619279250503;0.9980695247650146
941;0.001117019448429346;0.992277979850769
942;0.001157632446847856;0.992277979850769
943;0.0011440325761213899;0.9942085146903992
944;0.001122763380408287;0.9961389899253845
945;0.0011696950532495975;0.992277979850769
946;0.0012962531764060259;0.9961389899253845
947;0.0011330293491482735;0.9942085146903992
948;0.0011545672314241529;0.9942085146903992
949;0.0012941950699314475;0.9864864945411682
950;0.0011704243952408433;0.9961389899253845
951;0.0011559234699234366;0.9961389899253845
952;0.001161720254458487;0.9961389899253845
953;0.0012463782913982868;0.9961389899253845
954;0.0011295913718640804;0.9980695247650146
955;0.0011389341671019793;1.0
956;0.0011735213920474052;0.9980695247650146
957;0.0011263610795140266;0.9980695247650146
958;0.0012583904899656773;0.9884169697761536
959;0.001161476830020547;0.9961389899253845
960;0.0011520072584971786;0.9942085146903992
961;0.0012017748085781932;0.9903475046157837
962;0.0011374599998816848;0.9942085146903992
963;0.0010865874355658889;1.0
964;0.0011281885672360659;0.9942085146903992
965;0.0011061914265155792;1.0
966;0.001126875402405858;1.0
967;0.0011260889004915953;0.9961389899253845
968;0.001166236586868763;0.9961389899253845
969;0.0010832047555595636;0.9980695247650146
970;0.0011212682584300637;0.9961389899253845
971;0.0011139997513964772;0.9903475046157837
972;0.0011357951443642378;1.0
973;0.0010875201551243663;0.9942085146903992
974;0.001124381902627647;0.9942085146903992
975;0.0011427258141338825;0.9961389899253845
976;0.001183652668260038;0.9903475046157837
977;0.0011350702261552215;0.9980695247650146
978;0.001154365949332714;0.9961389899253845
979;0.0011469116434454918;0.9961389899253845
980;0.0012488429201766849;0.9903475046157837
981;0.0012955993879586458;0.992277979850769
982;0.0013623060658574104;0.9961389899253845
983;0.0016450895927846432;0.9652509689331055
984;0.0012728566071018577;0.9980695247650146
985;0.002425289247184992;0.9208494424819946
986;0.0027461641002446413;0.9169884324073792
987;0.003580893389880657;0.8513513803482056
988;0.0024607907980680466;0.9111968874931335
989;0.005196711514145136;0.7084941864013672
990;0.003100604983046651;0.8687258958816528
991;0.004764058161526918;0.7857142686843872
992;0.004974761046469212;0.7335907220840454
993;0.005446446593850851;0.7451737523078918
994;0.004243446979671717;0.8243243098258972
995;0.005614332389086485;0.7220077514648438
996;0.005927434656769037;0.7104247212409973
997;0.005541148595511913;0.7162162065505981
998;0.0045924377627670765;0.8108108043670654
999;0.0038275602273643017;0.8706563711166382
1000;0.004251394420862198;0.8513513803482056
1001;0.003335120389238;0.9266409277915955
1002;0.0032900578808039427;0.9266409277915955
1003;0.0030739319045096636;0.9498069286346436
1004;0.0032233523670583963;0.9362934231758118
1005;0.002746772253885865;0.9594594836235046
1006;0.002601810498163104;0.9671814441680908
1007;0.002453939290717244;0.992277979850769
1008;0.0023593164514750242;0.9845559597015381
1009;0.002608123468235135;0.9517374634742737
1010;0.0025219458620995283;0.9633204340934753
1011;0.0024721892550587654;0.9594594836235046
1012;0.002227773889899254;0.9787644743919373
1013;0.002291407436132431;0.9826254844665527
1014;0.0020438367500901222;0.992277979850769
1015;0.0022794613614678383;0.9710424542427063
1016;0.002202454721555114;0.9710424542427063
1017;0.0026533245109021664;0.9498069286346436
1018;0.0032700016163289547;0.8918918967247009
1019;0.0034121714998036623;0.8803088665008545
1020;0.00214596139267087;0.9787644743919373
1021;0.00336605217307806;0.8899613618850708
1022;0.003339703194797039;0.8899613618850708
1023;0.002559437183663249;0.9440154433250427
1024;0.004861325491219759;0.7374517321586609
1025;0.003746803617104888;0.8610038757324219
1026;0.0034686026629060507;0.8648648858070374
1027;0.003746830625459552;0.8513513803482056
1028;0.00430941442027688;0.8204632997512817
1029;0.003873671405017376;0.8571428656578064
1030;0.0035941144451498985;0.8706563711166382
1031;0.003019903786480427;0.8918918967247009
1032;0.0035989144816994667;0.8397683501243591
1033;0.0029002181254327297;0.9169884324073792
1034;0.002790573751553893;0.96138995885849
1035;0.002906079636886716;0.9459459185600281
1036;0.0027457093819975853;0.9382239580154419
1037;0.002558693988248706;0.9478764533996582
1038;0.0025760543067008257;0.9555984735488892
1039;0.002219483023509383;0.9787644743919373
1040;0.00199532532133162;0.9942085146903992
1041;0.0020015891641378403;0.9864864945411682
1042;0.001953901257365942;0.992277979850769
1043;0.0019175201887264848;0.9884169697761536
1044;0.0018847269238904119;0.9749034643173218
1045;0.0018495188560336828;0.9806950092315674
1046;0.0017642516177147627;0.9961389899253845
1047;0.0017637369455769658;0.9942085146903992
1048;0.0016250103944912553;0.992277979850769
1049;0.0015868715709075332;0.992277979850769
1050;0.001464313012547791;0.9961389899253845
1051;0.0015072040259838104;0.9942085146903992
1052;0.0014755065785720944;0.9961389899253845
1053;0.0014278166927397251;0.992277979850769
1054;0.001478654332458973;0.9864864945411682
1055;0.0014999205013737082;0.9787644743919373
1056;0.0014419310027733445;1.0
1057;0.0014208192005753517;1.0
1058;0.0013626926811411977;0.9961389899253845
1059;0.0013351677916944027;0.9942085146903992
1060;0.0014032546896487474;0.9942085146903992
1061;0.0013372031971812248;0.9942085146903992
1062;0.0013147059362381697;0.9961389899253845
1063;0.0013144762488082051;1.0
1064;0.0013176603242754936;0.9942085146903992
1065;0.0012648962438106537;0.9961389899253845
1066;0.0012764409184455872;0.9961389899253845
1067;0.0011852659517899156;0.9884169697761536
1068;0.001194707932882011;0.9942085146903992
1069;0.0011817887425422668;0.9980695247650146
1070;0.0011703424388542771;0.9980695247650146
1071;0.0011869414011016488;0.9980695247650146
1072;0.0011425642296671867;0.9980695247650146
1073;0.001111531862989068;0.9980695247650146
1074;0.001140319393016398;0.9980695247650146
1075;0.0011001208331435919;0.9980695247650146
1076;0.0011206138879060745;0.992277979850769
1077;0.0011006606509909034;0.9942085146903992
1078;0.0010409709066152573;1.0
1079;0.0010990513255819678;0.9980695247650146
1080;0.001119748456403613;0.992277979850769
1081;0.0010311569785699248;0.9961389899253845
1082;0.001008388353511691;0.9980695247650146
1083;0.0010740677826106548;0.9942085146903992
1084;0.0011166076874360442;0.9942085146903992
1085;0.0010172493057325482;1.0
1086;0.0010932980803772807;0.9942085146903992
1087;0.0010625225258991122;0.9942085146903992
1088;0.0010619056411087513;0.9961389899253845
1089;0.0010377161670476198;0.9980695247650146
1090;0.0010379782179370522;1.0
1091;0.0010554379550740123;0.9980695247650146
1092;0.0010689315386116505;0.992277979850769
1093;0.0010911719873547554;0.9980695247650146
1094;0.0010108810383826494;1.0
1095;0.0010686640162020922;0.9961389899253845
1096;0.0010897287866100669;0.992277979850769
1097;0.001134668942540884;0.9903475046157837
1098;0.0009918928844854236;0.9961389899253845
1099;0.0011064913123846054;0.9980695247650146
1100;0.0011614549439400434;0.992277979850769
1101;0.0010733027011156082;0.9961389899253845
1102;0.0009883930906653404;1.0
1103;0.0010863991919904947;0.9980695247650146
1104;0.0010717447148635983;0.9980695247650146
1105;0.0010212654015049338;1.0
1106;0.0009944562334567308;1.0
1107;0.0009971882682293653;0.9980695247650146
1108;0.0009925559861585498;0.9980695247650146
1109;0.0009692349121905863;0.9980695247650146
1110;0.0009607498068362474;1.0
1111;0.0009703576797619462;1.0
1112;0.0010129015427082777;1.0
1113;0.0009917032439261675;0.9980695247650146
1114;0.0009670723229646683;0.9980695247650146
1115;0.0009508250514045358;1.0
1116;0.0010406202636659145;0.9980695247650146
1117;0.001007462153211236;0.9942085146903992
1118;0.0009421476861461997;1.0
1119;0.0010022378992289305;1.0
1120;0.0009518305887468159;1.0
1121;0.0009393681539222598;0.9980695247650146
1122;0.0009685517870821059;0.9980695247650146
1123;0.0009499535663053393;0.9942085146903992
1124;0.0009164655930362642;0.9980695247650146
1125;0.0009537414298392832;1.0
1126;0.0009836266981437802;0.992277979850769
1127;0.0009210195275954902;0.9980695247650146
1128;0.000940017169341445;1.0
1129;0.0009335799259133637;1.0
1130;0.0009747905423864722;0.9942085146903992
1131;0.0009686445700936019;1.0
1132;0.0009196378523483872;1.0
1133;0.0009041467565111816;1.0
1134;0.000899844744708389;0.9961389899253845
1135;0.0009482927853241563;0.9980695247650146
1136;0.0009543161722831428;0.9980695247650146
1137;0.0008992481743916869;0.9961389899253845
1138;0.0008670213865116239;0.9961389899253845
1139;0.0009208887931890786;0.9980695247650146
1140;0.000948849250562489;0.9980695247650146
1141;0.0009343216079287231;1.0
1142;0.0009053829126060009;1.0
1143;0.0009076960850507021;0.9980695247650146
1144;0.0009379457915201783;0.9980695247650146
1145;0.0009174741571769118;1.0
1146;0.0009396810200996697;1.0
1147;0.0009193024015985429;0.9980695247650146
1148;0.0008816179470159113;0.9980695247650146
1149;0.0009456997504457831;1.0
1150;0.0009209837298840284;0.992277979850769
1151;0.0008964865701273084;0.9980695247650146
1152;0.0009075150592252612;1.0
1153;0.0009130176622420549;0.9980695247650146
1154;0.0009157359600067139;0.9961389899253845
1155;0.000900211394764483;1.0
1156;0.0009085974306799471;0.9961389899253845
1157;0.0008923914865590632;1.0
1158;0.0009016881231218576;0.9980695247650146
1159;0.0008785162935964763;0.9980695247650146
1160;0.000879015598911792;0.9961389899253845
1161;0.00088552973465994;1.0
1162;0.0009046223713085055;1.0
1163;0.0009249614086002111;0.9980695247650146
1164;0.0009022934245876968;1.0
1165;0.0008670887909829617;1.0
1166;0.0008988725603558123;1.0
1167;0.0008727865642867982;0.9961389899253845
1168;0.0008661397732794285;1.0
1169;0.0008931945776566863;0.9980695247650146
1170;0.0008887345320545137;1.0
1171;0.0008626844501122832;0.9980695247650146
1172;0.0009096632129512727;0.9980695247650146
1173;0.0008804987883195281;1.0
1174;0.0008081354899331927;1.0
1175;0.000899048987776041;1.0
1176;0.0008619464351795614;1.0
1177;0.0008410433074459434;0.9961389899253845
1178;0.0008495568763464689;1.0
1179;0.0008581556612625718;0.9961389899253845
1180;0.0008851193706505001;0.9961389899253845
1181;0.0008050189353525639;0.9980695247650146
1182;0.0008863440016284585;1.0
1183;0.0008905957802198827;0.9980695247650146
1184;0.0008315346203744411;1.0
1185;0.0008144911844283342;0.9980695247650146
1186;0.0008828563732095063;1.0
1187;0.0008575817919336259;0.9961389899253845
1188;0.0008153527742251754;1.0
1189;0.0008218136499635875;1.0
1190;0.000811623060144484;1.0
1191;0.0008040682878345251;1.0
1192;0.0008447406580671668;1.0
1193;0.0007937441696412861;0.9980695247650146
1194;0.0008622579043731093;1.0
1195;0.0008512604981660843;1.0
1196;0.0008449700544588268;1.0
1197;0.0007903450750745833;1.0
1198;0.0008508326136507094;1.0
1199;0.0008678140002302825;1.0
1200;0.000830231758300215;1.0
1201;0.0008122731815092266;1.0
1202;0.0008337236940860748;0.9980695247650146
1203;0.0008315687882713974;1.0
1204;0.0008604801259934902;0.9980695247650146
1205;0.0008297503227367997;0.9980695247650146
1206;0.0008459971868433058;1.0
1207;0.0008037186926230788;1.0
1208;0.000801368267275393;1.0
1209;0.0008249825332313776;1.0
1210;0.0008584052557125688;1.0
1211;0.0008326296228915453;0.9980695247650146
1212;0.0008516228990629315;0.9961389899253845
1213;0.0008642901666462421;1.0
1214;0.0007870175177231431;0.9980695247650146
1215;0.0008674521232023835;1.0
1216;0.0007842789636924863;0.9980695247650146
1217;0.0008200373267754912;1.0
1218;0.0008372033480554819;1.0
1219;0.0008182368474081159;1.0
1220;0.0008167664636857808;1.0
1221;0.0007901503704488277;0.9961389899253845
1222;0.0008195484988391399;1.0
1223;0.0008394611068069935;1.0
1224;0.0007528845453634858;1.0
1225;0.0008058276725932956;1.0
1226;0.0008214973495341837;0.9980695247650146
1227;0.0008081498672254384;1.0
1228;0.0007915185415185988;1.0
1229;0.0008276912849396467;0.9980695247650146
1230;0.0008434836636297405;0.9980695247650146
1231;0.0007814217824488878;1.0
1232;0.000796908512711525;0.9961389899253845
1233;0.0008175442926585674;0.9942085146903992
1234;0.0008507136371918023;0.9980695247650146
1235;0.0008051198092289269;0.9980695247650146
1236;0.0008267611847259104;0.9942085146903992
1237;0.0008206529309973121;0.9961389899253845
1238;0.0007986622513271868;1.0
1239;0.000800515990704298;1.0
1240;0.0007914237212389708;0.9980695247650146
1241;0.0007548712310381234;0.9980695247650146
1242;0.0008233512053266168;1.0
1243;0.0007694746600463986;1.0
1244;0.0007760873413644731;1.0
1245;0.0007753139943815768;0.9980695247650146
1246;0.0007783389883115888;1.0
1247;0.0007607284933328629;0.9980695247650146
1248;0.0007722218288108706;1.0
1249;0.0008188195060938597;1.0
1250;0.0007512804004363716;1.0
1251;0.0007873252616263926;1.0
1252;0.0008273471030406654;0.9980695247650146
1253;0.0007855172734707594;1.0
1254;0.0008121018181554973;1.0
1255;0.0008934932411648333;0.992277979850769
1256;0.0007377078873105347;0.9980695247650146
1257;0.0010300885187461972;0.9884169697761536
1258;0.0008397219935432076;0.9980695247650146
1259;0.0008464920683763921;1.0
1260;0.000888780748937279;1.0
1261;0.000861120002809912;0.9961389899253845
1262;0.0007827274966984987;1.0
1263;0.0008284004870802164;1.0
1264;0.0008484034915454686;0.9961389899253845
1265;0.0008167759515345097;1.0
1266;0.0008545390446670353;0.9980695247650146
1267;0.0008154733222909272;1.0
1268;0.0008255820139311254;1.0
1269;0.0008167204214259982;1.0
1270;0.000774639192968607;1.0
1271;0.0008088646573014557;1.0
1272;0.0008228680235333741;0.9961389899253845
1273;0.0008036602521315217;0.9980695247650146
1274;0.0007985326810739934;1.0
1275;0.0008079309482127428;1.0
1276;0.000791407423093915;1.0
1277;0.0007599201635457575;1.0
1278;0.0008634378900751472;0.992277979850769
1279;0.0007528114947490394;1.0
1280;0.0007659720722585917;1.0
1281;0.0007759664440527558;0.9980695247650146
1282;0.0008523612632416189;0.9961389899253845
1283;0.0007694429950788617;0.9980695247650146
1284;0.0008030161261558533;0.9942085146903992
1285;0.0010395686840638518;0.9845559597015381
1286;0.0007814994314685464;1.0
1287;0.001552410889416933;0.9440154433250427
1288;0.0008006040588952601;1.0
1289;0.0008088174508884549;0.9980695247650146
1290;0.0009064298355951905;0.9961389899253845
1291;0.0008074046927504241;1.0
1292;0.0010950523428618908;1.0
1293;0.0010746982879936695;0.9884169697761536
1294;0.0008331901044584811;1.0
1295;0.0012175529263913631;0.9671814441680908
1296;0.0009764531860128045;0.992277979850769
1297;0.0010326335905119777;0.9942085146903992
1298;0.0017190220532938838;0.9362934231758118
1299;0.001212364062666893;0.9826254844665527
1300;0.0019210523460060358;0.9305019378662109
1301;0.0018608919344842434;0.953667938709259
1302;0.003728652372956276;0.8050193190574646
1303;0.0034044557251036167;0.8687258958816528
1304;0.00610742811113596;0.6370656490325928
1305;0.004311678931117058;0.7722007632255554
1306;0.004412892274558544;0.7857142686843872
1307;0.003503087442368269;0.8513513803482056
1308;0.003299157368019223;0.8745173811912537
1309;0.0032659999560564756;0.8880308866500854
1310;0.0026680296286940575;0.9305019378662109
1311;0.002506743185222149;0.9362934231758118
1312;0.0032288776710629463;0.8976833820343018
1313;0.0022958647459745407;0.9768339991569519
1314;0.002731231739744544;0.9498069286346436
1315;0.002626270754262805;0.9594594836235046
1316;0.0022622901014983654;0.9942085146903992
1317;0.003201209008693695;0.9092664122581482
1318;0.002320801140740514;0.9440154433250427
1319;0.001998527906835079;0.9787644743919373
1320;0.0019161626696586609;0.9806950092315674
1321;0.0019717521499842405;0.9806950092315674
1322;0.0018527667270973325;0.992277979850769
1323;0.0017923727864399552;0.9942085146903992
1324;0.0017598230624571443;0.992277979850769
1325;0.001573659828864038;0.9980695247650146
1326;0.0015107444487512112;0.9980695247650146
1327;0.0013422482879832387;1.0
1328;0.0013382856268435717;1.0
1329;0.0012824529549106956;1.0
1330;0.001248846179805696;0.9980695247650146
1331;0.001204908941872418;0.9980695247650146
1332;0.0011539780534803867;1.0
1333;0.001151919481344521;1.0
1334;0.0011081589618697762;1.0
1335;0.0010893918806686997;1.0
1336;0.0010934382444247603;1.0
1337;0.0010457984171807766;1.0
1338;0.0010350996162742376;1.0
1339;0.001011880929581821;1.0
1340;0.0009309189044870436;1.0
1341;0.0009588169050402939;1.0
1342;0.000911373645067215;1.0
1343;0.0009230353753082454;1.0
1344;0.0009073755354620516;0.9980695247650146
1345;0.0009417717228643596;1.0
1346;0.0008790839929133654;0.9980695247650146
1347;0.0008902893168851733;1.0
1348;0.0009076840942725539;1.0
1349;0.0008672532276250422;0.9980695247650146
1350;0.0008302343776449561;1.0
1351;0.0008499573450535536;1.0
1352;0.0008271679398603737;1.0
1353;0.0008581371512264013;0.9980695247650146
1354;0.0008440201636403799;1.0
1355;0.0008129068301059306;1.0
1356;0.0008766817045398057;1.0
1357;0.0007886578678153455;1.0
1358;0.0007994566694833338;1.0
1359;0.0007923166267573833;1.0
1360;0.0008146244217641652;1.0
1361;0.0008364014211110771;1.0
1362;0.0007839736063033342;1.0
1363;0.0007974598556756973;1.0
1364;0.000807372503913939;1.0
1365;0.0007932045846246183;1.0
1366;0.0007650278275832534;1.0
1367;0.000795436033513397;1.0
1368;0.0007738457643426955;0.9961389899253845
1369;0.0007693810039199889;1.0
1370;0.0007686000317335129;1.0
1371;0.0007631302578374743;1.0
1372;0.0007289604982361197;1.0
1373;0.0007191935437731445;1.0
1374;0.0007377240108326077;0.9980695247650146
1375;0.0007497507613152266;1.0
1376;0.000747038924600929;1.0
1377;0.0007081532385200262;1.0
1378;0.0007165036513470113;1.0
1379;0.0007456461316905916;1.0
1380;0.0007233561482280493;1.0
1381;0.0006984572391957045;1.0
1382;0.0007261938881129026;0.9961389899253845
1383;0.000733636028598994;0.9961389899253845
1384;0.0006844787858426571;1.0
1385;0.0007346998318098485;1.0
1386;0.0007695931126363575;1.0
1387;0.0007155205821618438;1.0
1388;0.0006840438582003117;1.0
1389;0.0007290301728062332;1.0
1390;0.0007473365403711796;1.0
1391;0.0007373967091552913;1.0
1392;0.0007386321085505188;1.0
1393;0.0007410988328047097;1.0
1394;0.0007184494752436876;1.0
1395;0.0007180918473750353;1.0
1396;0.0006851846701465547;1.0
1397;0.0007646791054867208;1.0
1398;0.0006680176593363285;1.0
1399;0.0007173757185228169;1.0
1400;0.0007400214672088623;1.0
1401;0.0007117711938917637;1.0
1402;0.0006867590709589422;1.0
1403;0.0006894851685501635;1.0
1404;0.0006896092090755701;0.9961389899253845
1405;0.0006922267493791878;1.0
1406;0.0007114254403859377;1.0
1407;0.000691362249199301;1.0
1408;0.0006521155592054129;1.0
1409;0.0007032757275737822;1.0
1410;0.0007099920767359436;1.0
1411;0.000712924578692764;1.0
1412;0.0006629556301049888;1.0
1413;0.0007033630972728133;1.0
1414;0.0006651655421592295;1.0
1415;0.0006816675304435194;1.0
1416;0.0006811905186623335;1.0
1417;0.0006880618748255074;0.9980695247650146
1418;0.000657816301099956;1.0
1419;0.0006612992146983743;1.0
1420;0.0006795225199311972;0.9980695247650146
1421;0.0007081805379129946;1.0
1422;0.0007127159042283893;1.0
1423;0.0006779668619856238;1.0
1424;0.0006891596131026745;1.0
1425;0.000705474172718823;1.0
1426;0.0006622950895689428;1.0
1427;0.0006810557097196579;1.0
1428;0.0006409929483197629;1.0
1429;0.0007048374391160905;1.0
1430;0.00065149663714692;1.0
1431;0.0006577331805601716;0.9980695247650146
1432;0.0006820392445661128;1.0
1433;0.0006775610381737351;1.0
1434;0.000670222332701087;1.0
1435;0.0006671432638540864;1.0
1436;0.0006663103122264147;1.0
1437;0.0006489493534900248;1.0
1438;0.0007553008035756648;0.9903475046157837
1439;0.0006823291769251227;1.0
1440;0.0007521148072555661;1.0
1441;0.000977318617515266;0.9806950092315674
1442;0.0006703785620629787;1.0
1443;0.0007308751810342073;1.0
1444;0.0007112607127055526;1.0
1445;0.0006988575914874673;1.0
1446;0.0007357991416938603;1.0
1447;0.0006525364588014781;1.0
1448;0.0006423667655326426;1.0
1449;0.0006879692664369941;1.0
1450;0.0006860060384497046;0.9980695247650146
1451;0.0007295587565749884;0.9980695247650146
1452;0.0006429436034522951;1.0
1453;0.0006579250330105424;1.0
1454;0.0007072456064634025;1.0
1455;0.0007132100872695446;1.0
1456;0.0006744380807504058;1.0
1457;0.0007104392861947417;1.0
1458;0.0006549127283506095;1.0
1459;0.000684079946950078;0.9980695247650146
1460;0.0006562990602105856;1.0
1461;0.00070217065513134;0.9980695247650146
1462;0.0006445302278734744;1.0
1463;0.000741340802051127;1.0
1464;0.000846726878080517;0.9884169697761536
1465;0.0006352694472298026;1.0
1466;0.00067491753725335;1.0
1467;0.0007333292160183191;1.0
1468;0.0007895256858319044;0.9903475046157837
1469;0.0006775731453672051;1.0
1470;0.0008202538592740893;0.9903475046157837
1471;0.0006985360523685813;1.0
1472;0.0006818121764808893;1.0
1473;0.0006118840537965298;1.0
1474;0.0006958446465432644;1.0
1475;0.0006507887155748904;1.0
1476;0.0006938542355783284;1.0
1477;0.0006542453193105757;1.0
1478;0.0006481422460637987;1.0
1479;0.0007186821312643588;0.992277979850769
1480;0.000677768955938518;1.0
1481;0.0007148364675231278;1.0
1482;0.0007373589323833585;0.9980695247650146
1483;0.0007006108062341809;0.9980695247650146
1484;0.0006909045041538775;1.0
1485;0.0006474735564552248;1.0
1486;0.000708468200173229;1.0
1487;0.0007293556118384004;1.0
1488;0.000702723569702357;1.0
1489;0.0006784365978091955;1.0
1490;0.0007024035439826548;1.0
1491;0.0007016265881247818;1.0
1492;0.0006707001011818647;1.0
1493;0.0006789180915802717;1.0
1494;0.0006151250563561916;1.0
1495;0.00059892563149333;1.0
1496;0.0006891821976751089;1.0
1497;0.0006478264112956822;1.0
1498;0.000682420504745096;1.0
1499;0.0006310359458439052;1.0
