iteration;loss;accuracy
0;0.01765432208776474;0.0699300691485405
1;0.01687522605061531;0.0419580414891243
2;0.016552794724702835;0.0839160829782486
3;0.016647694632411003;0.0559440553188324
4;0.01675644889473915;0.11888112127780914
5;0.016638493165373802;0.0699300691485405
6;0.016545869410037994;0.07692307978868484
7;0.016476625576615334;0.0699300691485405
8;0.01640479639172554;0.0839160829782486
9;0.016400765627622604;0.1118881106376648
10;0.01636538654565811;0.09090909361839294
11;0.016392363235354424;0.07692307978868484
12;0.016375906765460968;0.1118881106376648
13;0.01633833721280098;0.14685314893722534
14;0.016252800822257996;0.1118881106376648
15;0.016234157606959343;0.16083915531635284
16;0.016147082671523094;0.1538461595773697
17;0.016131866723299026;0.10489510744810104
18;0.01599719002842903;0.16083915531635284
19;0.01594071462750435;0.1118881106376648
20;0.015935303643345833;0.1538461595773697
21;0.015905456617474556;0.139860138297081
22;0.01591794192790985;0.1118881106376648
23;0.01578797586262226;0.14685314893722534
24;0.01566890813410282;0.2097902148962021
25;0.01572592556476593;0.16083915531635284
26;0.015665436163544655;0.14685314893722534
27;0.015648216009140015;0.1258741319179535
28;0.015591511502861977;0.1678321659564972
29;0.01556347869336605;0.18881118297576904
30;0.015422181226313114;0.20279720425605774
31;0.015469326637685299;0.139860138297081
32;0.015485059469938278;0.1258741319179535
33;0.015399693511426449;0.1818181872367859
34;0.015298272483050823;0.2377622425556183
35;0.01535022258758545;0.1678321659564972
36;0.015343981795012951;0.1958041936159134
37;0.01522828359156847;0.2097902148962021
38;0.01532710064202547;0.2097902148962021
39;0.015269638039171696;0.20279720425605774
40;0.015302224084734917;0.1818181872367859
41;0.015143275260925293;0.2657342553138733
42;0.015168113633990288;0.18881118297576904
43;0.015193190425634384;0.2237762212753296
44;0.01509923953562975;0.1958041936159134
45;0.015046633780002594;0.21678321063518524
46;0.015046834945678711;0.23076923191547394
47;0.014900513924658298;0.28671327233314514
48;0.015038957819342613;0.23076923191547394
49;0.014975365251302719;0.23076923191547394
50;0.014879841357469559;0.21678321063518524
51;0.014828565530478954;0.23076923191547394
52;0.014772623777389526;0.25874125957489014
53;0.014897401444613934;0.21678321063518524
54;0.014787187799811363;0.21678321063518524
55;0.014771366491913795;0.27272728085517883
56;0.014779936522245407;0.2377622425556183
57;0.014724873006343842;0.279720276594162
58;0.014597909525036812;0.2657342553138733
59;0.014583450742065907;0.30069929361343384
60;0.014677477069199085;0.25874125957489014
61;0.014469197951257229;0.3636363744735718
62;0.014454723335802555;0.32867133617401123
63;0.014454598538577557;0.31468531489372253
64;0.014446131885051727;0.28671327233314514
65;0.014335503801703453;0.31468531489372253
66;0.014390161260962486;0.2657342553138733
67;0.014345800504088402;0.2937062978744507
68;0.014451856724917889;0.30069929361343384
69;0.014277378097176552;0.31468531489372253
70;0.014311373233795166;0.3776223659515381
71;0.01417689211666584;0.3636363744735718
72;0.014119948260486126;0.3216783106327057
73;0.014328504912555218;0.3076923191547394
74;0.014104345813393593;0.3356643319129944
75;0.014101055450737476;0.2937062978744507
76;0.014021716080605984;0.38461539149284363
77;0.013903557322919369;0.37062937021255493
78;0.01403171569108963;0.3426573574542999
79;0.014042681083083153;0.3356643319129944
80;0.013919522985816002;0.4195804297924042
81;0.013851714320480824;0.4335664212703705
82;0.013918409124016762;0.3496503531932831
83;0.013814207166433334;0.3636363744735718
84;0.013741583563387394;0.3776223659515381
85;0.013839789666235447;0.32867133617401123
86;0.013749450445175171;0.3916083872318268
87;0.01377827674150467;0.37062937021255493
88;0.013701829127967358;0.4195804297924042
89;0.013747292570769787;0.4055944085121155
90;0.013745103031396866;0.3916083872318268
91;0.01349748857319355;0.4545454680919647
92;0.013563446700572968;0.4545454680919647
93;0.013638176023960114;0.3426573574542999
94;0.01354978047311306;0.4055944085121155
95;0.013431847095489502;0.4335664212703705
96;0.013493838720023632;0.4545454680919647
97;0.013352557085454464;0.4545454680919647
98;0.013487961143255234;0.4755244851112366
99;0.013308439403772354;0.4755244851112366
100;0.013301578350365162;0.4545454680919647
101;0.01323679182678461;0.4755244851112366
102;0.013469279743731022;0.4615384638309479
103;0.013046064414083958;0.5174825191497803
104;0.013264224864542484;0.503496527671814
105;0.013214482925832272;0.4825174808502197
106;0.012981274165213108;0.4895104765892029
107;0.013052921742200851;0.5174825191497803
108;0.013034913688898087;0.46853145956993103
109;0.01303302776068449;0.5244755148887634
110;0.013219998218119144;0.4545454680919647
111;0.01304833497852087;0.46853145956993103
112;0.013057169504463673;0.503496527671814
113;0.01314516644924879;0.4615384638309479
114;0.0129550127312541;0.5244755148887634
115;0.012931074015796185;0.46853145956993103
116;0.012853581458330154;0.5384615659713745
117;0.012754539027810097;0.5174825191497803
118;0.012689286842942238;0.5244755148887634
119;0.012763706035912037;0.5384615659713745
120;0.012630726210772991;0.559440553188324
121;0.012566762045025826;0.5804196000099182
122;0.012526244856417179;0.5804196000099182
123;0.012617889791727066;0.5454545617103577
124;0.012530562467873096;0.559440553188324
125;0.01248899195343256;0.5384615659713745
126;0.012541348114609718;0.5454545617103577
127;0.012286719866096973;0.5664335489273071
128;0.012220185250043869;0.6013985872268677
129;0.012397689744830132;0.5174825191497803
130;0.012156971730291843;0.6503496766090393
131;0.012246846221387386;0.6223776340484619
132;0.01243309024721384;0.5384615659713745
133;0.012073581106960773;0.6083915829658508
134;0.012275241315364838;0.5524475574493408
135;0.012281324714422226;0.5734265446662903
136;0.012111536227166653;0.5944055914878845
137;0.012073229998350143;0.5874125957489014
138;0.0120119359344244;0.6153846383094788
139;0.012028931640088558;0.6013985872268677
140;0.01175582967698574;0.6223776340484619
141;0.01180418860167265;0.6293706297874451
142;0.011539408005774021;0.6503496766090393
143;0.01190841943025589;0.559440553188324
144;0.011685315519571304;0.6223776340484619
145;0.011900534853339195;0.6713286638259888
146;0.012262965552508831;0.5454545617103577
147;0.011826441623270512;0.6153846383094788
148;0.011955891735851765;0.6083915829658508
149;0.011678782291710377;0.6573426723480225
150;0.011550829745829105;0.6293706297874451
151;0.011563434265553951;0.6433566212654114
152;0.01180946733802557;0.6153846383094788
153;0.011539481580257416;0.6503496766090393
154;0.011317646130919456;0.6223776340484619
155;0.011416944675147533;0.6083915829658508
156;0.011226261965930462;0.6293706297874451
157;0.011421714909374714;0.5944055914878845
158;0.01141490787267685;0.6573426723480225
159;0.011360038071870804;0.7272727489471436
160;0.011317313648760319;0.6643356680870056
161;0.01124325767159462;0.6853147149085999
162;0.01093688327819109;0.7202796936035156
163;0.011164747178554535;0.6853147149085999
164;0.010957199148833752;0.6503496766090393
165;0.011432357132434845;0.6293706297874451
166;0.010907609015703201;0.6853147149085999
167;0.011129737831652164;0.6643356680870056
168;0.010675298050045967;0.7552447319030762
169;0.010896862484514713;0.6993007063865662
170;0.010928391478955746;0.6783216595649719
171;0.010924864560365677;0.6363636255264282
172;0.01074512954801321;0.6853147149085999
173;0.010460520163178444;0.748251736164093
174;0.010585738345980644;0.6783216595649719
175;0.010781078599393368;0.6433566212654114
176;0.010487684048712254;0.6853147149085999
177;0.010499260388314724;0.7062937021255493
178;0.010888581164181232;0.7202796936035156
179;0.010520420037209988;0.7062937021255493
180;0.010324034839868546;0.7552447319030762
181;0.010630149394273758;0.6993007063865662
182;0.010433647781610489;0.7132866978645325
183;0.010523296892642975;0.7552447319030762
184;0.010403919965028763;0.7342657446861267
185;0.010606206953525543;0.6713286638259888
186;0.01043446734547615;0.7412587404251099
187;0.010382040403783321;0.7062937021255493
188;0.010096102952957153;0.7692307829856873
189;0.010143905878067017;0.748251736164093
190;0.010147529654204845;0.7272727489471436
191;0.010266777127981186;0.7272727489471436
192;0.010249349288642406;0.748251736164093
193;0.009982100687921047;0.8251748085021973
194;0.010022436268627644;0.7832167744636536
195;0.010067377239465714;0.7692307829856873
196;0.010383852757513523;0.6853147149085999
197;0.009571319445967674;0.811188817024231
198;0.010062770918011665;0.7692307829856873
199;0.009851239621639252;0.7552447319030762
200;0.009754117578268051;0.7552447319030762
201;0.009799501858651638;0.748251736164093
202;0.009729777462780476;0.7832167744636536
203;0.010030950419604778;0.7622377872467041
204;0.009942839853465557;0.7832167744636536
205;0.010226530954241753;0.7272727489471436
206;0.00967074278742075;0.7972028255462646
207;0.009791992604732513;0.7202796936035156
208;0.009617246687412262;0.7062937021255493
209;0.009324615821242332;0.7972028255462646
210;0.00936085358262062;0.7832167744636536
211;0.009694090113043785;0.7622377872467041
212;0.00912062730640173;0.8181818127632141
213;0.009220875799655914;0.8041958212852478
214;0.00944065023213625;0.7762237787246704
215;0.00930272787809372;0.8041958212852478
216;0.009200138039886951;0.811188817024231
217;0.009401222690939903;0.7622377872467041
218;0.009161422029137611;0.8041958212852478
219;0.009037146344780922;0.7972028255462646
220;0.008945354260504246;0.8251748085021973
221;0.009189467877149582;0.8251748085021973
222;0.009014920331537724;0.7762237787246704
223;0.00923634972423315;0.811188817024231
224;0.009139952249825;0.7902097702026367
225;0.00914073921740055;0.7692307829856873
226;0.009142818860709667;0.7692307829856873
227;0.009176655672490597;0.748251736164093
228;0.009314552880823612;0.7902097702026367
229;0.009163918904960155;0.8181818127632141
230;0.00880906730890274;0.8461538553237915
231;0.009016934782266617;0.8321678042411804
232;0.008804535493254662;0.8391608595848083
233;0.008889731951057911;0.7972028255462646
234;0.008933945558965206;0.7972028255462646
235;0.008847761899232864;0.7902097702026367
236;0.008593038655817509;0.8181818127632141
237;0.008599559776484966;0.7552447319030762
238;0.008527109399437904;0.8391608595848083
239;0.008703571744263172;0.7902097702026367
240;0.00839153677225113;0.7972028255462646
241;0.008811223320662975;0.7832167744636536
242;0.008670595474541187;0.7972028255462646
243;0.008823921903967857;0.8391608595848083
244;0.008743379265069962;0.7832167744636536
245;0.008502938784658909;0.8321678042411804
246;0.008477503433823586;0.8391608595848083
247;0.008585327304899693;0.8041958212852478
248;0.008305229246616364;0.8181818127632141
249;0.008499213494360447;0.8461538553237915
250;0.008462976664304733;0.8321678042411804
251;0.008477582596242428;0.8251748085021973
252;0.008318265900015831;0.8041958212852478
253;0.008483328856527805;0.7972028255462646
254;0.00829419307410717;0.8391608595848083
255;0.008820516988635063;0.8391608595848083
256;0.007904891856014729;0.8881118893623352
257;0.0082867331802845;0.8251748085021973
258;0.008088282309472561;0.8531468510627747
259;0.007869214750826359;0.8461538553237915
260;0.008287310600280762;0.811188817024231
261;0.008018597029149532;0.8391608595848083
262;0.00829963106662035;0.8601398468017578
263;0.007719597779214382;0.8601398468017578
264;0.00816051010042429;0.8391608595848083
265;0.007792958989739418;0.867132842540741
266;0.007690873928368092;0.8741258978843689
267;0.007892067544162273;0.8391608595848083
268;0.0077037513256073;0.867132842540741
269;0.007437949068844318;0.8881118893623352
270;0.007940947078168392;0.8531468510627747
271;0.007947801612317562;0.8531468510627747
272;0.008070644922554493;0.8321678042411804
273;0.007607859559357166;0.8881118893623352
274;0.007681333925575018;0.8531468510627747
275;0.007927791215479374;0.8461538553237915
276;0.0076533216051757336;0.8531468510627747
277;0.007618749514222145;0.8741258978843689
278;0.007673647254705429;0.8321678042411804
279;0.007252266630530357;0.9090909361839294
280;0.007649618200957775;0.8531468510627747
281;0.007357647642493248;0.8741258978843689
282;0.007418611086905003;0.8951048851013184
283;0.007355945184826851;0.867132842540741
284;0.007206552661955357;0.881118893623352
285;0.007449927274137735;0.8601398468017578
286;0.0073365820571780205;0.8741258978843689
287;0.0077010286040604115;0.8041958212852478
288;0.00707057723775506;0.8881118893623352
289;0.007126503624022007;0.8881118893623352
290;0.007430206518620253;0.881118893623352
291;0.007016714196652174;0.9020978808403015
292;0.007326351944357157;0.8951048851013184
293;0.006988879293203354;0.9020978808403015
294;0.006915160454809666;0.9020978808403015
295;0.007203124929219484;0.8741258978843689
296;0.0068141017109155655;0.8881118893623352
297;0.0069936709478497505;0.8391608595848083
298;0.006876581348478794;0.8881118893623352
299;0.006920692976564169;0.8531468510627747
300;0.007037200964987278;0.9090909361839294
301;0.007303342688828707;0.8601398468017578
302;0.007165988907217979;0.8391608595848083
303;0.0068279411643743515;0.9230769276618958
304;0.007128531113266945;0.8601398468017578
305;0.006928281858563423;0.881118893623352
306;0.006734834983944893;0.9160839319229126
307;0.007055699825286865;0.8881118893623352
308;0.007126739714294672;0.867132842540741
309;0.006841359660029411;0.8881118893623352
310;0.006924455985426903;0.9090909361839294
311;0.006883295718580484;0.8881118893623352
312;0.006617953069508076;0.8951048851013184
313;0.006841085385531187;0.8461538553237915
314;0.006845556665211916;0.8321678042411804
315;0.006701228208839893;0.9230769276618958
316;0.006602017674595118;0.9160839319229126
317;0.0065582203678786755;0.8881118893623352
318;0.006450175773352385;0.8951048851013184
319;0.0064255851320922375;0.9020978808403015
320;0.006548552308231592;0.9230769276618958
321;0.006988410837948322;0.8531468510627747
322;0.006701198406517506;0.8601398468017578
323;0.006380003876984119;0.8951048851013184
324;0.006638711784034967;0.8741258978843689
325;0.006550762802362442;0.8881118893623352
326;0.0066844564862549305;0.9160839319229126
327;0.0067015099339187145;0.8601398468017578
328;0.006804685108363628;0.881118893623352
329;0.006369912996888161;0.881118893623352
330;0.006452179979532957;0.867132842540741
331;0.0067068361677229404;0.8601398468017578
332;0.006405805237591267;0.9020978808403015
333;0.006589054595679045;0.9160839319229126
334;0.006443600170314312;0.8531468510627747
335;0.005945198703557253;0.9300699234008789
336;0.006147180218249559;0.9300699234008789
337;0.0065118540078401566;0.9300699234008789
338;0.006363857537508011;0.9090909361839294
339;0.006514300126582384;0.9160839319229126
340;0.005879717413336039;0.9230769276618958
341;0.0062723709270358086;0.8601398468017578
342;0.006319144275039434;0.881118893623352
343;0.006301600951701403;0.8741258978843689
344;0.0068318224512040615;0.867132842540741
345;0.00600459985435009;0.9300699234008789
346;0.006495416630059481;0.8881118893623352
347;0.006327622104436159;0.8881118893623352
348;0.006469021551311016;0.8741258978843689
349;0.006363173946738243;0.8741258978843689
350;0.006471030879765749;0.8951048851013184
351;0.006502124480903149;0.867132842540741
352;0.006229242775589228;0.9020978808403015
353;0.006447404157370329;0.881118893623352
354;0.0063431342132389545;0.8741258978843689
355;0.005983986426144838;0.8951048851013184
356;0.005967359524220228;0.9020978808403015
357;0.00647751335054636;0.9230769276618958
358;0.005799577105790377;0.9230769276618958
359;0.006091059651225805;0.881118893623352
360;0.00606957683339715;0.9230769276618958
361;0.005944659933447838;0.9440559148788452
362;0.005802136845886707;0.881118893623352
363;0.005772826261818409;0.9300699234008789
364;0.005962659139186144;0.9020978808403015
365;0.005822283215820789;0.9370629191398621
366;0.006164541468024254;0.881118893623352
367;0.006026038900017738;0.881118893623352
368;0.0059233237989246845;0.8741258978843689
369;0.005679285153746605;0.9230769276618958
370;0.0059882597997784615;0.9090909361839294
371;0.005719899665564299;0.9580419659614563
372;0.005577459931373596;0.9300699234008789
373;0.005473673343658447;0.9020978808403015
374;0.005979518871754408;0.9020978808403015
375;0.005756477825343609;0.9230769276618958
376;0.005901764612644911;0.9090909361839294
377;0.005865671671926975;0.8951048851013184
378;0.0054898918606340885;0.9580419659614563
379;0.005963566713035107;0.8741258978843689
380;0.005766289308667183;0.9300699234008789
381;0.005870404653251171;0.881118893623352
382;0.005866483319550753;0.9020978808403015
383;0.005873316433280706;0.9090909361839294
384;0.005701970309019089;0.8881118893623352
385;0.005402030888944864;0.9300699234008789
386;0.00545959547162056;0.9300699234008789
387;0.005476893857121468;0.9090909361839294
388;0.005730239674448967;0.9090909361839294
389;0.005649523809552193;0.8951048851013184
390;0.005510715302079916;0.8951048851013184
391;0.0055121127516031265;0.9020978808403015
392;0.0056754122488200665;0.9020978808403015
393;0.005367981735616922;0.9440559148788452
394;0.005288820713758469;0.9230769276618958
395;0.0054820748046040535;0.9090909361839294
396;0.005402859300374985;0.9370629191398621
397;0.00549427792429924;0.9090909361839294
398;0.005410749930888414;0.9160839319229126
399;0.005534139461815357;0.9230769276618958
400;0.0053704772144556046;0.8881118893623352
401;0.005507738795131445;0.9300699234008789
402;0.005290618631988764;0.9440559148788452
403;0.005248210858553648;0.9090909361839294
404;0.005474510602653027;0.9090909361839294
405;0.0055473255924880505;0.9230769276618958
406;0.00579863553866744;0.8881118893623352
407;0.005612384062260389;0.9020978808403015
408;0.0060939486138522625;0.867132842540741
409;0.005303674377501011;0.9440559148788452
410;0.005236519034951925;0.881118893623352
411;0.005259655881673098;0.9090909361839294
412;0.005050878506153822;0.9090909361839294
413;0.0050916955806314945;0.9230769276618958
414;0.005795212462544441;0.8601398468017578
415;0.0053774104453623295;0.9160839319229126
416;0.00569110969081521;0.9300699234008789
417;0.005323995836079121;0.9090909361839294
418;0.005182317458093166;0.9230769276618958
419;0.005837783683091402;0.867132842540741
420;0.005294663365930319;0.9090909361839294
421;0.005549647845327854;0.9090909361839294
422;0.005323636345565319;0.9020978808403015
423;0.00526057556271553;0.9160839319229126
424;0.005711090750992298;0.8951048851013184
425;0.005265118088573217;0.9230769276618958
426;0.005583044141530991;0.8881118893623352
427;0.005154370795935392;0.9020978808403015
428;0.005072913598269224;0.9440559148788452
429;0.005431151017546654;0.9160839319229126
430;0.0051522813737392426;0.9160839319229126
431;0.005428790580481291;0.9160839319229126
432;0.00508373137563467;0.9370629191398621
433;0.005278761964291334;0.9160839319229126
434;0.005338240414857864;0.9230769276618958
435;0.004877525381743908;0.9510489702224731
436;0.005051987711340189;0.9090909361839294
437;0.005138269159942865;0.9510489702224731
438;0.004881574306637049;0.9160839319229126
439;0.005031520500779152;0.9370629191398621
440;0.0052100433968007565;0.9300699234008789
441;0.005128285847604275;0.9650349617004395
442;0.005095954053103924;0.9020978808403015
443;0.0050481329672038555;0.9300699234008789
444;0.005217921920120716;0.9160839319229126
445;0.005247741471976042;0.9090909361839294
446;0.005246839486062527;0.9020978808403015
447;0.005273180082440376;0.9230769276618958
448;0.00538401585072279;0.8881118893623352
449;0.004817950073629618;0.9230769276618958
450;0.005948306992650032;0.867132842540741
451;0.0051167309284210205;0.9440559148788452
452;0.005142814014106989;0.9160839319229126
453;0.005032453685998917;0.9230769276618958
454;0.005146326031535864;0.9370629191398621
455;0.00481555936858058;0.9370629191398621
456;0.004760575480759144;0.9440559148788452
457;0.004802195820957422;0.9370629191398621
458;0.004981778096407652;0.9370629191398621
459;0.004759581759572029;0.9370629191398621
460;0.005014732945710421;0.9370629191398621
461;0.0045952871441841125;0.9510489702224731
462;0.004751204047352076;0.8951048851013184
463;0.004747794009745121;0.9230769276618958
464;0.004787907004356384;0.9300699234008789
465;0.004766079597175121;0.9230769276618958
466;0.00484013045206666;0.9370629191398621
467;0.004834778141230345;0.9370629191398621
468;0.005002013873308897;0.9440559148788452
469;0.004807062912732363;0.9370629191398621
470;0.004764768294990063;0.9440559148788452
471;0.004863951820880175;0.9090909361839294
472;0.004572718404233456;0.9510489702224731
473;0.004663784056901932;0.9300699234008789
474;0.004577136132866144;0.9510489702224731
475;0.00468854745849967;0.9580419659614563
476;0.0045101335272192955;0.9370629191398621
477;0.004668882116675377;0.9300699234008789
478;0.0047256825491786;0.9230769276618958
479;0.004681084305047989;0.9230769276618958
480;0.004880472552031279;0.9370629191398621
481;0.004819204099476337;0.9440559148788452
482;0.004593484103679657;0.9370629191398621
483;0.004942606668919325;0.9090909361839294
484;0.004483659286051989;0.9300699234008789
485;0.004536614287644625;0.9370629191398621
486;0.004785120487213135;0.9300699234008789
487;0.0046789636835455894;0.9370629191398621
488;0.004735894966870546;0.9440559148788452
489;0.004957974422723055;0.9020978808403015
490;0.004821829963475466;0.8951048851013184
491;0.004711927380412817;0.9300699234008789
492;0.004649928770959377;0.9090909361839294
493;0.004629544913768768;0.9440559148788452
494;0.004603065550327301;0.9510489702224731
495;0.004455971531569958;0.9580419659614563
496;0.004728691186755896;0.9370629191398621
497;0.004492661450058222;0.9650349617004395
498;0.004351715091615915;0.9580419659614563
499;0.004489668179303408;0.9300699234008789
500;0.004301991313695908;0.9370629191398621
501;0.004689531400799751;0.9370629191398621
502;0.004434427712112665;0.9370629191398621
503;0.004160596057772636;0.9650349617004395
504;0.004796499386429787;0.9300699234008789
505;0.004575526341795921;0.9300699234008789
506;0.0043463860638439655;0.9230769276618958
507;0.004628153517842293;0.9370629191398621
508;0.0044530220329761505;0.9580419659614563
509;0.004336852580308914;0.9720279574394226
510;0.004333660937845707;0.9370629191398621
511;0.004751422442495823;0.9440559148788452
512;0.004245987627655268;0.9440559148788452
513;0.004293544217944145;0.9580419659614563
514;0.004236998036503792;0.9370629191398621
515;0.004522087052464485;0.9440559148788452
516;0.004370405804365873;0.9720279574394226
517;0.004602312110364437;0.9370629191398621
518;0.004178954754024744;0.9300699234008789
519;0.004536197520792484;0.9440559148788452
520;0.004196219611912966;0.9650349617004395
521;0.004321003798395395;0.9580419659614563
522;0.004628422670066357;0.9230769276618958
523;0.004427770152688026;0.9370629191398621
524;0.004501229152083397;0.9580419659614563
525;0.004540691617876291;0.9510489702224731
526;0.004466523416340351;0.9300699234008789
527;0.004468814004212618;0.9440559148788452
528;0.004345281515270472;0.9440559148788452
529;0.0044616167433559895;0.9230769276618958
530;0.00423138402402401;0.9860140085220337
531;0.00426986999809742;0.9370629191398621
532;0.0043191625736653805;0.9440559148788452
533;0.0045209601521492004;0.9440559148788452
534;0.004351149778813124;0.9300699234008789
535;0.004973073489964008;0.8951048851013184
536;0.004569786135107279;0.9370629191398621
537;0.004456990398466587;0.9440559148788452
538;0.004362171050161123;0.9510489702224731
539;0.004501871764659882;0.9650349617004395
540;0.005059120245277882;0.8951048851013184
541;0.00445531215518713;0.9160839319229126
542;0.004804076626896858;0.8881118893623352
543;0.004711577668786049;0.9300699234008789
544;0.004475980531424284;0.9230769276618958
545;0.004461780656129122;0.9090909361839294
546;0.004759796895086765;0.9230769276618958
547;0.004896682687103748;0.9300699234008789
548;0.004495260305702686;0.9440559148788452
549;0.004342867061495781;0.9230769276618958
550;0.0045885988511145115;0.9580419659614563
551;0.0043454780243337154;0.9440559148788452
552;0.004392801318317652;0.9020978808403015
553;0.004613312426954508;0.9160839319229126
554;0.004192305728793144;0.9440559148788452
555;0.0041141267865896225;0.9650349617004395
556;0.004451428074389696;0.9440559148788452
557;0.004370077978819609;0.9580419659614563
558;0.004192654509097338;0.9580419659614563
559;0.0042810081504285336;0.9650349617004395
560;0.004043662454932928;0.9300699234008789
561;0.004215939436107874;0.9510489702224731
562;0.004303045105189085;0.9510489702224731
563;0.004215511959046125;0.9510489702224731
564;0.004299303516745567;0.9440559148788452
565;0.004068797919899225;0.9650349617004395
566;0.004021545872092247;0.9790209531784058
567;0.004004755523055792;0.9510489702224731
568;0.0041184755973517895;0.9440559148788452
569;0.003937263507395983;0.9650349617004395
570;0.004177925176918507;0.9510489702224731
571;0.004019557032734156;0.9580419659614563
572;0.004053472075611353;0.9720279574394226
573;0.004013399127870798;0.9650349617004395
574;0.004072924144566059;0.9510489702224731
575;0.003812971757724881;0.9300699234008789
576;0.004047250375151634;0.9510489702224731
577;0.003963732626289129;0.9580419659614563
578;0.004214203450828791;0.9370629191398621
579;0.003806987777352333;0.9790209531784058
580;0.0039260657504200935;0.9580419659614563
581;0.00386097002774477;0.9510489702224731
582;0.004019149113446474;0.9650349617004395
583;0.003718180116266012;0.9860140085220337
584;0.0038979460950940847;0.9860140085220337
585;0.0041607883758842945;0.9440559148788452
586;0.004066317807883024;0.9510489702224731
587;0.003974619787186384;0.9580419659614563
588;0.003898071590811014;0.9580419659614563
589;0.004086049739271402;0.9510489702224731
590;0.003989362623542547;0.9510489702224731
591;0.004054264165461063;0.9440559148788452
592;0.0040335929952561855;0.9650349617004395
593;0.0041757551953196526;0.9160839319229126
594;0.0036998719442635775;0.9370629191398621
595;0.003774775192141533;0.9720279574394226
596;0.004295398481190205;0.9300699234008789
597;0.003498417092487216;0.9930070042610168
598;0.004182814154773951;0.9440559148788452
599;0.0039044530130922794;0.9510489702224731
600;0.004085137974470854;0.9300699234008789
601;0.0036905521992594004;0.9720279574394226
602;0.003643297590315342;0.9650349617004395
603;0.003955429885536432;0.9580419659614563
604;0.003607813734561205;0.9860140085220337
605;0.0037538008764386177;0.9720279574394226
606;0.0037225547712296247;0.9720279574394226
607;0.003726670052856207;0.9720279574394226
608;0.004123294726014137;0.9720279574394226
609;0.003998984582722187;0.9650349617004395
610;0.0037655264604836702;0.9720279574394226
611;0.004230661783367395;0.9230769276618958
612;0.003391823498532176;0.9790209531784058
613;0.003685157047584653;0.9720279574394226
614;0.0037164248060435057;0.9370629191398621
615;0.00377569324336946;0.9580419659614563
616;0.0037019208539277315;0.9300699234008789
617;0.0039709643460810184;0.9440559148788452
618;0.003754817647859454;0.9650349617004395
619;0.0036523498129099607;0.9790209531784058
620;0.0037101239431649446;0.9650349617004395
621;0.0040021236054599285;0.9790209531784058
622;0.003832597052678466;0.9510489702224731
623;0.003865758189931512;0.9790209531784058
624;0.003907423932105303;0.9370629191398621
625;0.00382351316511631;0.9580419659614563
626;0.003934492357075214;0.9580419659614563
627;0.003723261645063758;0.9720279574394226
628;0.003855032380670309;0.9720279574394226
629;0.003970740828663111;0.9580419659614563
630;0.003900302341207862;0.9440559148788452
631;0.0036734866444021463;0.9720279574394226
632;0.004011763259768486;0.9720279574394226
633;0.003698609070852399;1.0
634;0.0034943255595862865;0.9790209531784058
635;0.0037024226039648056;0.9720279574394226
636;0.0036379420198500156;0.9790209531784058
637;0.003730889642611146;0.9370629191398621
638;0.003503704909235239;0.9650349617004395
639;0.003980611450970173;0.9650349617004395
640;0.0038931453600525856;0.9580419659614563
641;0.0034956904128193855;0.9720279574394226
642;0.004034873563796282;0.9370629191398621
643;0.00364159164018929;0.9720279574394226
644;0.004138289950788021;0.9160839319229126
645;0.0041444022208452225;0.9090909361839294
646;0.003858603537082672;0.9720279574394226
647;0.0034875543788075447;0.9650349617004395
648;0.0036952632945030928;0.9510489702224731
649;0.0037101777270436287;0.9440559148788452
650;0.003616469446569681;0.9790209531784058
651;0.0036684321239590645;0.9720279574394226
652;0.0037662091199308634;0.9650349617004395
653;0.003629501676186919;0.9650349617004395
654;0.003760202554985881;0.9650349617004395
655;0.003494242439046502;0.9860140085220337
656;0.0038964750710874796;0.9510489702224731
657;0.0035234764218330383;0.9510489702224731
658;0.0036555444821715355;0.9650349617004395
659;0.0037128657568246126;0.9650349617004395
660;0.0037282430566847324;0.9510489702224731
661;0.0037384440656751394;0.9790209531784058
662;0.00366003205999732;0.9510489702224731
663;0.0037118056789040565;0.9580419659614563
664;0.003446058137342334;0.9720279574394226
665;0.0035515364725142717;0.9650349617004395
666;0.0035853195004165173;0.9510489702224731
667;0.003423144808039069;0.9650349617004395
668;0.0035862536169588566;0.9930070042610168
669;0.003424012567847967;0.9650349617004395
670;0.003201208310201764;0.9790209531784058
671;0.003592866472899914;0.9510489702224731
672;0.00366865168325603;0.9650349617004395
673;0.0034813741222023964;0.9790209531784058
674;0.0034725230652838945;0.9930070042610168
675;0.003608081256970763;0.9650349617004395
676;0.003492125775665045;0.9790209531784058
677;0.0034685551654547453;0.9580419659614563
678;0.0034639763180166483;0.9580419659614563
679;0.00360645423643291;0.9720279574394226
680;0.0033072354272007942;0.9860140085220337
681;0.0033846935257315636;0.9860140085220337
682;0.0036029706243425608;0.9650349617004395
683;0.003680473892018199;0.9650349617004395
684;0.00325950444675982;0.9720279574394226
685;0.003472475800663233;0.9440559148788452
686;0.0034415200352668762;0.9650349617004395
687;0.0034670322202146053;0.9860140085220337
688;0.0036117411218583584;0.9720279574394226
689;0.003448618110269308;0.9720279574394226
690;0.0036405303981155157;0.9510489702224731
691;0.003428802127018571;0.9650349617004395
692;0.0035029819700866938;0.9930070042610168
693;0.0033200003672391176;0.9790209531784058
694;0.003600996918976307;0.9650349617004395
695;0.003360251197591424;0.9720279574394226
696;0.0036479479167610407;0.9720279574394226
697;0.0033286316320300102;0.9650349617004395
698;0.003329038619995117;0.9720279574394226
699;0.0033279401250183582;0.9790209531784058
700;0.0031929530669003725;0.9930070042610168
701;0.0033196229487657547;0.9790209531784058
702;0.0035126612056046724;0.9510489702224731
703;0.003184176981449127;0.9930070042610168
704;0.003325243480503559;0.9860140085220337
705;0.003249970031902194;0.9790209531784058
706;0.003419906599447131;0.9860140085220337
707;0.0031111014541238546;0.9720279574394226
708;0.0037289047613739967;0.9790209531784058
709;0.0034026128705590963;0.9930070042610168
710;0.00355382077395916;0.9860140085220337
711;0.0036909941118210554;0.9720279574394226
712;0.00343705085106194;0.9860140085220337
713;0.0033314793836325407;0.9790209531784058
714;0.003253224538639188;0.9790209531784058
715;0.003627127967774868;0.9720279574394226
716;0.003404358634725213;0.9790209531784058
717;0.0033242434728890657;0.9930070042610168
718;0.0035577076487243176;0.9720279574394226
719;0.0038119854871183634;0.9790209531784058
720;0.0033745276741683483;0.9930070042610168
721;0.003960830625146627;0.9720279574394226
722;0.003407030366361141;0.9720279574394226
723;0.0031935423612594604;0.9860140085220337
724;0.003502175910398364;0.9720279574394226
725;0.0034656140487641096;0.9650349617004395
726;0.0034108618274331093;0.9720279574394226
727;0.0034202500246465206;0.9720279574394226
728;0.0032265945337712765;0.9930070042610168
729;0.0034876444842666388;0.9860140085220337
730;0.003190048038959503;0.9860140085220337
731;0.0034528421238064766;0.9930070042610168
732;0.003377942368388176;0.9860140085220337
733;0.0034426345955580473;0.9580419659614563
734;0.003230948466807604;0.9860140085220337
735;0.0032570965122431517;0.9930070042610168
736;0.0034797119442373514;0.9930070042610168
737;0.0032936502248048782;1.0
738;0.0031879046000540257;0.9930070042610168
739;0.0033466762397438288;0.9860140085220337
740;0.003238355740904808;0.9860140085220337
741;0.0033985404297709465;0.9650349617004395
742;0.0030730145517736673;0.9790209531784058
743;0.0032895412296056747;0.9790209531784058
744;0.0033522620797157288;0.9650349617004395
745;0.0033413181081414223;0.9790209531784058
746;0.003244659397751093;0.9790209531784058
747;0.0033053553197532892;0.9790209531784058
748;0.003291814588010311;0.9650349617004395
749;0.003200417384505272;1.0
750;0.0031523769721388817;0.9930070042610168
751;0.0032063231337815523;0.9930070042610168
752;0.0032287221401929855;0.9720279574394226
753;0.003317152848467231;0.9930070042610168
754;0.0031254133209586143;0.9720279574394226
755;0.0031206654384732246;0.9860140085220337
756;0.003273009555414319;0.9860140085220337
757;0.0031154833268374205;1.0
758;0.0031909854151308537;0.9860140085220337
759;0.003219427540898323;0.9720279574394226
760;0.0031555136665701866;0.9860140085220337
761;0.003237724071368575;0.9650349617004395
762;0.003191373310983181;0.9860140085220337
763;0.0031020091846585274;0.9720279574394226
764;0.003067654324695468;0.9790209531784058
765;0.0033064065501093864;0.9860140085220337
766;0.00313623808324337;0.9930070042610168
767;0.0030779666267335415;1.0
768;0.003057977883145213;0.9930070042610168
769;0.0028804128523916006;0.9930070042610168
770;0.0030815161298960447;0.9930070042610168
771;0.003235433716326952;0.9650349617004395
772;0.003039065981283784;0.9860140085220337
773;0.0029747048392891884;0.9860140085220337
774;0.0029231449589133263;0.9930070042610168
775;0.0032962611876428127;0.9720279574394226
776;0.0031299199908971786;0.9790209531784058
777;0.003432038240134716;0.9580419659614563
778;0.003165366593748331;0.9790209531784058
779;0.0028816398698836565;0.9860140085220337
780;0.0028740253765136003;0.9860140085220337
781;0.0034498432651162148;0.9720279574394226
782;0.003111260011792183;0.9860140085220337
783;0.002947854343801737;0.9930070042610168
784;0.0030337246134877205;0.9930070042610168
785;0.0029638700652867556;1.0
786;0.0033901198767125607;0.9510489702224731
787;0.003027376253157854;1.0
788;0.0037099833134561777;0.9860140085220337
789;0.0028691075276583433;1.0
790;0.003060884540900588;0.9790209531784058
791;0.003447228344157338;0.9790209531784058
792;0.0030661330092698336;0.9930070042610168
793;0.0032534224446862936;0.9650349617004395
794;0.003962537739425898;0.9510489702224731
795;0.003279648954048753;0.9860140085220337
796;0.0029257687274366617;1.0
797;0.0031415829434990883;0.9930070042610168
798;0.0032010015565901995;0.9860140085220337
799;0.0029028772842139006;1.0
800;0.003190037328749895;0.9650349617004395
801;0.003363430267199874;0.9650349617004395
802;0.0030271848663687706;0.9930070042610168
803;0.00289122830145061;1.0
804;0.002840165514498949;1.0
805;0.0032186624594032764;0.9650349617004395
806;0.0030628559179604053;0.9720279574394226
807;0.002884908113628626;1.0
808;0.0030481063295155764;0.9650349617004395
809;0.002838367596268654;1.0
810;0.002869140589609742;1.0
811;0.002933287527412176;0.9930070042610168
812;0.0029129793401807547;0.9930070042610168
813;0.0027732071466743946;1.0
814;0.0028018720913678408;1.0
815;0.0028834519907832146;1.0
816;0.002849302487447858;0.9930070042610168
817;0.0027746097184717655;0.9930070042610168
818;0.0026959427632391453;1.0
819;0.0026694396510720253;1.0
820;0.0026782944332808256;0.9860140085220337
821;0.002839859342202544;1.0
822;0.0027525201439857483;0.9860140085220337
823;0.002854353981092572;0.9860140085220337
824;0.0029238418210297823;0.9860140085220337
825;0.0027930147480219603;0.9930070042610168
826;0.0029692454263567924;0.9860140085220337
827;0.0030291657894849777;0.9650349617004395
828;0.0029817542526870966;0.9790209531784058
829;0.003066832199692726;0.9790209531784058
830;0.0027104562614113092;0.9930070042610168
831;0.002850799821317196;1.0
832;0.002920956816524267;1.0
833;0.002775065368041396;0.9930070042610168
834;0.0030074801761657;1.0
835;0.0029625645838677883;0.9860140085220337
836;0.0026365802623331547;1.0
837;0.003006907179951668;1.0
838;0.0029662316665053368;0.9860140085220337
839;0.002771457191556692;0.9930070042610168
840;0.0029152121860533953;0.9790209531784058
841;0.0026909231673926115;1.0
842;0.0027363887056708336;1.0
843;0.002649175003170967;1.0
844;0.002818275010213256;0.9930070042610168
845;0.0027888300828635693;1.0
846;0.002714332891628146;1.0
847;0.0026632039807736874;1.0
848;0.002680971520021558;1.0
849;0.002644853200763464;1.0
850;0.00261315586976707;0.9930070042610168
851;0.002616661135107279;1.0
852;0.002646663459017873;1.0
853;0.0025199712254107;1.0
854;0.0025748165789991617;0.9860140085220337
855;0.002561849309131503;1.0
856;0.002755559980869293;0.9860140085220337
857;0.002672169590368867;1.0
858;0.002611701376736164;0.9930070042610168
859;0.0027401510160416365;0.9930070042610168
860;0.002743791090324521;1.0
861;0.002639291575178504;1.0
862;0.0027644471265375614;1.0
863;0.002633698284626007;1.0
864;0.0026559829711914062;1.0
865;0.0024690742138773203;1.0
866;0.0026373444125056267;1.0
867;0.0029969022143632174;0.9930070042610168
868;0.00251766643486917;1.0
869;0.0024199066683650017;1.0
870;0.002563033951446414;1.0
871;0.0025833791587501764;1.0
872;0.0026306977961212397;1.0
873;0.00248696724884212;1.0
874;0.0027873741928488016;0.9860140085220337
875;0.002660693833604455;1.0
876;0.0028285004664212465;1.0
877;0.0027460409328341484;0.9720279574394226
878;0.0025931312702596188;1.0
879;0.0025810112711042166;1.0
880;0.002465608296915889;1.0
881;0.0026722324546426535;1.0
882;0.0024339277297258377;1.0
883;0.0027047053445130587;1.0
884;0.0025431346148252487;0.9930070042610168
885;0.0025665375869721174;1.0
886;0.0027055207174271345;1.0
887;0.002484413329511881;0.9930070042610168
888;0.0026074880734086037;1.0
889;0.0025556287728250027;1.0
890;0.002715711249038577;1.0
891;0.002752765314653516;0.9930070042610168
892;0.002654815325513482;1.0
893;0.00272657279856503;0.9860140085220337
894;0.002347244881093502;1.0
895;0.0024643531069159508;1.0
896;0.0025855987332761288;1.0
897;0.0026495172642171383;1.0
898;0.00225654779933393;1.0
899;0.002517298562452197;1.0
900;0.002740695374086499;1.0
901;0.0025002527981996536;0.9860140085220337
902;0.002792789600789547;0.9930070042610168
903;0.0024774856865406036;1.0
904;0.0024730174336582422;1.0
905;0.002835939871147275;0.9930070042610168
906;0.002429431304335594;1.0
907;0.0026384314987808466;0.9930070042610168
908;0.0023684222251176834;1.0
909;0.0024383224081248045;1.0
910;0.0025080908089876175;1.0
911;0.002859443426132202;1.0
912;0.002432056702673435;1.0
913;0.0022882497869431973;1.0
914;0.002452064538374543;1.0
915;0.0027920762076973915;1.0
916;0.0026866972912102938;1.0
917;0.002755102701485157;0.9650349617004395
918;0.0028353671077638865;1.0
919;0.002443603239953518;1.0
920;0.002534954808652401;1.0
921;0.0027397912926971912;1.0
922;0.00235182186588645;1.0
923;0.0023943311534821987;1.0
924;0.002330162562429905;1.0
925;0.002589362906292081;1.0
926;0.00248789694160223;0.9930070042610168
927;0.002325767185539007;1.0
928;0.002346708672121167;1.0
929;0.0023441871162503958;1.0
930;0.002318226732313633;1.0
931;0.0022800734732300043;1.0
932;0.0024946313351392746;1.0
933;0.0022788390051573515;1.0
934;0.0021822061389684677;1.0
935;0.0022308521438390017;1.0
936;0.0022528411354869604;1.0
937;0.002266040537506342;1.0
938;0.0023236782290041447;1.0
939;0.002287936629727483;1.0
940;0.0026080573443323374;0.9930070042610168
941;0.0022864302154630423;1.0
942;0.002242084126919508;0.9930070042610168
943;0.002586453454568982;1.0
944;0.002583244116976857;1.0
945;0.002546872477978468;1.0
946;0.0022258285898715258;1.0
947;0.0024454044178128242;1.0
948;0.002296983962878585;1.0
949;0.0024961393792182207;1.0
950;0.0023190793581306934;1.0
951;0.002286433009430766;1.0
952;0.0022502741776406765;1.0
953;0.002419634023681283;1.0
954;0.0021697217598557472;1.0
955;0.0021831882186233997;1.0
956;0.0023676601704210043;1.0
957;0.002210390754044056;1.0
958;0.0025284180883318186;1.0
959;0.0021786282304674387;1.0
960;0.0021508189383894205;1.0
961;0.0022961068898439407;1.0
962;0.00222629657946527;1.0
963;0.0021357787773013115;1.0
964;0.0022457160521298647;1.0
965;0.002336300676688552;1.0
966;0.002225184580311179;1.0
967;0.0022904195357114077;1.0
968;0.0022330668289214373;1.0
969;0.0022864998318254948;1.0
970;0.0023141405545175076;1.0
971;0.002230738289654255;1.0
972;0.002207794226706028;1.0
973;0.0021881847642362118;1.0
974;0.0022085050586611032;1.0
975;0.0021891831420361996;1.0
976;0.0020948939491063356;1.0
977;0.0024495963007211685;1.0
978;0.0022831358946859837;1.0
979;0.0022692938800901175;1.0
980;0.002289162017405033;1.0
981;0.002311480464413762;1.0
982;0.0021672372240573168;0.9860140085220337
983;0.002034921431913972;1.0
984;0.0023399500641971827;0.9860140085220337
985;0.002438531257212162;1.0
986;0.0025731283240020275;1.0
987;0.0021918637212365866;1.0
988;0.0023982799611985683;1.0
989;0.0023951465263962746;1.0
990;0.0021424449514597654;1.0
991;0.002218009438365698;1.0
992;0.002282703062519431;1.0
993;0.0020542999263852835;1.0
994;0.0019902668427675962;1.0
995;0.0021355734206736088;1.0
996;0.002447546226903796;0.9860140085220337
997;0.002206601435318589;1.0
998;0.002193169202655554;1.0
999;0.0022471214178949594;1.0
1000;0.002256150357425213;1.0
1001;0.002077666809782386;1.0
1002;0.0023382550571113825;1.0
1003;0.0023466572165489197;1.0
1004;0.002134743146598339;1.0
1005;0.0020878626964986324;1.0
1006;0.0022942277137190104;1.0
1007;0.0022247014567255974;1.0
1008;0.002074975986033678;1.0
1009;0.0020609574858099222;1.0
1010;0.00208767456933856;1.0
1011;0.002353532239794731;1.0
1012;0.002076811622828245;1.0
1013;0.0022336868569254875;1.0
1014;0.002181155141443014;1.0
1015;0.0021823812276124954;1.0
1016;0.0021015715319663286;1.0
1017;0.0018989724339917302;1.0
1018;0.0020955363288521767;1.0
1019;0.0022853813134133816;1.0
1020;0.00201044580899179;1.0
1021;0.002432588255032897;1.0
1022;0.0018694140017032623;1.0
1023;0.0020119815599173307;1.0
1024;0.0022661981638520956;1.0
1025;0.002033991040661931;1.0
1026;0.0020207874476909637;1.0
1027;0.002209909027442336;1.0
1028;0.001910964259877801;1.0
1029;0.0020823306404054165;1.0
1030;0.002104256534948945;1.0
1031;0.0021390742622315884;1.0
1032;0.002105853520333767;1.0
1033;0.0021010956261307;1.0
1034;0.002042943611741066;1.0
1035;0.001932889805175364;1.0
1036;0.002201749011874199;1.0
1037;0.0019038681639358401;1.0
1038;0.002171274507418275;1.0
1039;0.002266978146508336;1.0
1040;0.002229316858574748;1.0
1041;0.0024278112687170506;1.0
1042;0.002170153660699725;1.0
1043;0.0020464323461055756;1.0
1044;0.002208753488957882;1.0
1045;0.0020079300738871098;1.0
1046;0.0023343816865235567;0.9790209531784058
1047;0.0022110906429588795;1.0
1048;0.0025426563806831837;0.9650349617004395
1049;0.0021131227258592844;0.9930070042610168
1050;0.002192968036979437;0.9860140085220337
1051;0.002379532903432846;1.0
1052;0.001911396044306457;1.0
1053;0.002109433989971876;1.0
1054;0.0022353159729391336;1.0
1055;0.0022255631629377604;1.0
1056;0.0020869565196335316;1.0
1057;0.0019501473288983107;1.0
1058;0.002157490234822035;1.0
1059;0.0023270784877240658;0.9860140085220337
1060;0.002144699916243553;1.0
1061;0.0024987077340483665;1.0
1062;0.0022686985321342945;1.0
1063;0.0022090713027864695;0.9860140085220337
1064;0.0021947557106614113;1.0
1065;0.0022154436446726322;1.0
1066;0.002144075697287917;1.0
1067;0.001962692476809025;1.0
1068;0.0019059110200032592;1.0
1069;0.0019078375771641731;1.0
1070;0.0019273567013442516;1.0
1071;0.0019557164050638676;1.0
1072;0.0020321079064160585;1.0
1073;0.0021194634027779102;1.0
1074;0.0018264821264892817;1.0
1075;0.0017371581634506583;1.0
1076;0.0020177189726382494;1.0
1077;0.0017907385481521487;1.0
1078;0.001885932986624539;1.0
1079;0.0018630069680511951;1.0
1080;0.0017936746589839458;1.0
1081;0.0018271537264809012;1.0
1082;0.0019536293111741543;1.0
1083;0.001958070322871208;1.0
1084;0.0019441128242760897;1.0
1085;0.001969084609299898;1.0
1086;0.001770011498592794;1.0
1087;0.0017371298745274544;1.0
1088;0.001898377202451229;1.0
1089;0.0018297327915206552;1.0
1090;0.001897564041428268;1.0
1091;0.0016412438126280904;1.0
1092;0.0018281633965671062;1.0
1093;0.0018638395704329014;1.0
1094;0.001912688952870667;1.0
1095;0.001761576859280467;1.0
1096;0.0019045552471652627;1.0
1097;0.001867969986051321;1.0
1098;0.001918094465509057;1.0
1099;0.0017145774327218533;1.0
1100;0.0020449950825423002;1.0
1101;0.0020414437167346478;1.0
1102;0.0018877806141972542;1.0
1103;0.0018423129804432392;1.0
1104;0.0019960403442382812;1.0
1105;0.0018919045105576515;1.0
1106;0.001998893218114972;0.9860140085220337
1107;0.0021725597325712442;1.0
1108;0.0019711165223270655;1.0
1109;0.0020990618504583836;1.0
1110;0.0021208063699305058;0.9720279574394226
1111;0.001834361581131816;1.0
1112;0.002286546165123582;1.0
1113;0.0021621070336550474;1.0
1114;0.0018244307721033692;1.0
1115;0.002070463029667735;1.0
1116;0.002214750973507762;0.9860140085220337
1117;0.0020671584643423557;1.0
1118;0.0024929088540375233;0.9790209531784058
1119;0.0018357224762439728;1.0
1120;0.0020646913908421993;1.0
1121;0.002199129667133093;0.9930070042610168
1122;0.0018590205581858754;1.0
1123;0.0018911265069618821;1.0
1124;0.001931331935338676;1.0
1125;0.002196705201640725;1.0
1126;0.0019881606567651033;1.0
1127;0.001886827638372779;1.0
1128;0.0020010482985526323;1.0
1129;0.0019073790172114968;1.0
1130;0.0019330809591338038;1.0
1131;0.002010252559557557;1.0
1132;0.0018987073563039303;1.0
1133;0.0018119971500709653;1.0
1134;0.0017218658467754722;1.0
1135;0.0020677344873547554;1.0
1136;0.001976725645363331;1.0
1137;0.001840082579292357;1.0
1138;0.0018673604354262352;1.0
1139;0.0018844285514205694;1.0
1140;0.0018200721824541688;1.0
1141;0.0018077013082802296;1.0
1142;0.0017434470355510712;1.0
1143;0.0017828731797635555;1.0
1144;0.0016998819774016738;1.0
1145;0.0016927124233916402;1.0
1146;0.001823641825467348;1.0
1147;0.0018736800411716104;1.0
1148;0.0017833879683166742;1.0
1149;0.0018087071366608143;1.0
1150;0.0018253776943311095;1.0
1151;0.001925285323522985;1.0
1152;0.0017403705278411508;1.0
1153;0.001858451054431498;1.0
1154;0.0018004317535087466;1.0
1155;0.001761130290105939;1.0
1156;0.001847661565989256;1.0
1157;0.0018803051207214594;1.0
1158;0.0018569151870906353;1.0
1159;0.001766593661159277;1.0
1160;0.0019280576379969716;1.0
1161;0.0018205951200798154;1.0
1162;0.0017898863879963756;1.0
1163;0.0017253707628697157;1.0
1164;0.0017419281648471951;1.0
1165;0.0017559066182002425;1.0
1166;0.0017067126464098692;1.0
1167;0.0017299279570579529;1.0
1168;0.0015785836149007082;1.0
1169;0.0017741805640980601;1.0
1170;0.0016529938438907266;1.0
1171;0.0017297351732850075;1.0
1172;0.001668246230110526;1.0
1173;0.0015894649550318718;1.0
1174;0.0017820210196077824;1.0
1175;0.001754270982928574;1.0
1176;0.0018000173149630427;1.0
1177;0.0016857534646987915;1.0
1178;0.001788657740689814;1.0
1179;0.0016916070599108934;1.0
1180;0.001653998508118093;1.0
1181;0.0017715489957481623;1.0
1182;0.0016606118297204375;1.0
1183;0.0019532919395715;0.9930070042610168
1184;0.0018060521688312292;1.0
1185;0.001766446279361844;1.0
1186;0.002032144693657756;0.9930070042610168
1187;0.0017848530551418662;1.0
1188;0.0018117822473868728;1.0
1189;0.0018972691614180803;1.0
1190;0.0019365017069503665;0.9930070042610168
1191;0.0016960996435955167;1.0
1192;0.002035047160461545;1.0
1193;0.0021538075525313616;1.0
1194;0.0017537485109642148;1.0
1195;0.0017092871712520719;1.0
1196;0.002073039300739765;1.0
1197;0.0023650662042200565;0.9930070042610168
1198;0.0017070816829800606;1.0
1199;0.0020156947430223227;1.0
1200;0.0022330661304295063;1.0
1201;0.0017963888822123408;1.0
1202;0.0016859364695847034;1.0
1203;0.0016718265833333135;1.0
1204;0.00206009391695261;1.0
1205;0.0017168420599773526;1.0
1206;0.001540867262519896;1.0
1207;0.0018987691728398204;1.0
1208;0.0018735475605353713;1.0
1209;0.0016959295608103275;1.0
1210;0.0018112919060513377;1.0
1211;0.00185384601354599;1.0
1212;0.0020522207487374544;1.0
1213;0.0019752641674131155;1.0
1214;0.0020604156889021397;1.0
1215;0.0016155882040038705;1.0
1216;0.0018700106302276254;1.0
1217;0.0017264675116166472;1.0
1218;0.0018293336033821106;1.0
1219;0.002038252307102084;1.0
1220;0.0016831342363730073;1.0
1221;0.0017540236003696918;1.0
1222;0.0016629024175927043;1.0
1223;0.0019523377995938063;1.0
1224;0.001540592173114419;1.0
1225;0.001720346393994987;1.0
1226;0.0018717274069786072;1.0
1227;0.0019395294366404414;1.0
1228;0.0019210466416552663;1.0
1229;0.0017273749690502882;1.0
1230;0.001873451634310186;1.0
1231;0.0017284468049183488;1.0
1232;0.0016997838392853737;1.0
1233;0.0016372643876820803;1.0
1234;0.0017595697427168489;1.0
1235;0.0017492660554125905;1.0
1236;0.0016530443681403995;1.0
1237;0.0016375951236113906;1.0
1238;0.0017308266833424568;1.0
1239;0.0017037123907357454;1.0
1240;0.001659770729020238;1.0
1241;0.0016704675508663058;1.0
1242;0.0017688180087134242;1.0
1243;0.001618990208953619;1.0
1244;0.0017087236046791077;1.0
1245;0.0015675668837502599;1.0
1246;0.0015683297533541918;1.0
1247;0.0016361676389351487;1.0
1248;0.0016333757666870952;1.0
1249;0.0017082379199564457;1.0
1250;0.0016232081688940525;1.0
1251;0.0014856870984658599;1.0
1252;0.0013844441855326295;1.0
1253;0.0017152297077700496;1.0
1254;0.0016498796176165342;1.0
1255;0.001552497036755085;1.0
1256;0.001471779658459127;1.0
1257;0.0016249583568423986;1.0
1258;0.001629046630114317;1.0
1259;0.001785713480785489;1.0
1260;0.0018278752686455846;0.9930070042610168
1261;0.0016268390463665128;1.0
1262;0.001658043242059648;1.0
1263;0.0016306319739669561;1.0
1264;0.0018985791830345988;1.0
1265;0.001683983951807022;1.0
1266;0.0016299891285598278;1.0
1267;0.001646716147661209;1.0
1268;0.0016398006118834019;1.0
1269;0.0016646635485813022;1.0
1270;0.001745056826621294;1.0
1271;0.0015322514809668064;1.0
1272;0.0014314913423731923;1.0
1273;0.0017625333275645971;1.0
1274;0.0015583108179271221;1.0
1275;0.0014528745086863637;1.0
1276;0.0014827728737145662;1.0
1277;0.0015810229815542698;1.0
1278;0.001627715420909226;1.0
1279;0.0015847794711589813;1.0
1280;0.0016143842367455363;1.0
1281;0.0017019184306263924;1.0
1282;0.0014798660995438695;1.0
1283;0.0015134754357859492;1.0
1284;0.0014863039832562208;1.0
1285;0.0015350310131907463;1.0
1286;0.0014886254211887717;1.0
1287;0.0017542220884934068;1.0
1288;0.0015428519109264016;1.0
1289;0.0017006349517032504;1.0
1290;0.0016529273707419634;1.0
1291;0.0016524860402569175;1.0
1292;0.0015340165700763464;1.0
1293;0.0016158021753653884;1.0
1294;0.0017159058479592204;1.0
1295;0.0015388171887025237;1.0
1296;0.0015659192577004433;1.0
1297;0.001410087337717414;1.0
1298;0.0016382288886234164;1.0
1299;0.0015425097662955523;1.0
1300;0.001467761117964983;1.0
1301;0.001553215435706079;1.0
1302;0.0016100554494187236;1.0
1303;0.0015142372576519847;1.0
1304;0.0015035063261166215;1.0
1305;0.0015244926325976849;1.0
1306;0.0017498242668807507;1.0
1307;0.0016656171064823866;1.0
1308;0.0016866079531610012;1.0
1309;0.0015439975541085005;1.0
1310;0.001663508010096848;1.0
1311;0.0016561091179028153;1.0
1312;0.0015804149443283677;1.0
1313;0.0015645441599190235;1.0
1314;0.0015251289587467909;1.0
1315;0.0015076040290296078;1.0
1316;0.0015601813793182373;1.0
1317;0.0015448351623490453;1.0
1318;0.001587899518199265;1.0
1319;0.0016349382931366563;1.0
1320;0.0015256127808243036;1.0
1321;0.0016860795440152287;1.0
1322;0.001566255814395845;1.0
1323;0.001587170409038663;1.0
1324;0.0015301161911338568;1.0
1325;0.0015362001722678542;1.0
1326;0.0016415634891018271;1.0
1327;0.0014758191537111998;1.0
1328;0.0016314649255946279;1.0
1329;0.0015530262608081102;1.0
1330;0.0016165199922397733;1.0
1331;0.001405332121066749;1.0
1332;0.0016661053523421288;1.0
1333;0.0014841280644759536;1.0
1334;0.0014436854980885983;1.0
1335;0.001394258695654571;1.0
1336;0.0015321731334552169;1.0
1337;0.0015355353243649006;1.0
1338;0.0014790957793593407;1.0
1339;0.001545216771773994;1.0
1340;0.0012967330403625965;1.0
1341;0.0014960471307858825;1.0
1342;0.0014336311724036932;1.0
1343;0.0014179795980453491;1.0
1344;0.0014408817514777184;1.0
1345;0.0013604728737846017;1.0
1346;0.0014519011601805687;1.0
1347;0.0014395728940144181;1.0
1348;0.0014089745236560702;1.0
1349;0.0016506154788658023;1.0
1350;0.0016740134451538324;1.0
1351;0.0015598316676914692;1.0
1352;0.0016123976092785597;1.0
1353;0.001499602454714477;1.0
1354;0.0016217560041695833;1.0
1355;0.0016783125465735793;1.0
1356;0.0014426835114136338;1.0
1357;0.0016208477318286896;1.0
1358;0.0016046686796471477;1.0
1359;0.0014505535364151;1.0
1360;0.0015032243682071567;1.0
1361;0.0016485537635162473;1.0
1362;0.0015684982063248754;1.0
1363;0.001349754980765283;1.0
1364;0.0016385189956054091;1.0
1365;0.0015595959266647696;1.0
1366;0.0015191894490271807;1.0
1367;0.0015345424180850387;1.0
1368;0.0013937997864559293;1.0
1369;0.0016751844668760896;1.0
1370;0.0014047898584976792;1.0
1371;0.0015175141161307693;1.0
1372;0.0014660479500889778;1.0
1373;0.0016256162198260427;1.0
1374;0.0016547664999961853;1.0
1375;0.0015841485001146793;1.0
1376;0.0014402942033484578;1.0
1377;0.001301678828895092;1.0
1378;0.0013905655359849334;1.0
1379;0.0014155831886455417;1.0
1380;0.001438288250938058;1.0
1381;0.0014672738034278154;1.0
1382;0.0014358661137521267;1.0
1383;0.0013486187672242522;1.0
1384;0.001499420846812427;1.0
1385;0.0014647480566054583;1.0
1386;0.0013819762971252203;1.0
1387;0.0012990189716219902;1.0
1388;0.0014657170977443457;1.0
1389;0.0013926741667091846;1.0
1390;0.001402802299708128;1.0
1391;0.0014280297327786684;1.0
1392;0.0015401036944240332;1.0
1393;0.0014710396062582731;1.0
1394;0.0014422269305214286;1.0
1395;0.0013432650594040751;1.0
1396;0.0014061639085412025;1.0
1397;0.0014165348839014769;1.0
1398;0.0016828812658786774;1.0
1399;0.0013059164630249143;1.0
1400;0.0015767654404044151;1.0
1401;0.0017355727031826973;1.0
1402;0.003215386299416423;0.9510489702224731
1403;0.004275575280189514;0.9160839319229126
1404;0.0034040194004774094;0.9370629191398621
1405;0.003302662866190076;0.9580419659614563
1406;0.0029187873005867004;0.9930070042610168
1407;0.0040297661907970905;0.9370629191398621
1408;0.004978985991328955;0.9370629191398621
1409;0.0030229196418076754;0.9790209531784058
1410;0.0021488978527486324;1.0
1411;0.0030777270440012217;0.9930070042610168
1412;0.004899380728602409;0.8531468510627747
1413;0.004186774604022503;0.9300699234008789
1414;0.005146467592567205;0.9090909361839294
1415;0.006191302556544542;0.8601398468017578
1416;0.006203257013112307;0.9020978808403015
1417;0.005838507320731878;0.881118893623352
1418;0.005495311226695776;0.867132842540741
1419;0.0039959074929356575;0.9090909361839294
1420;0.004922501277178526;0.9160839319229126
1421;0.00556973647326231;0.8881118893623352
1422;0.00496151577681303;0.9230769276618958
1423;0.004362638108432293;0.9090909361839294
1424;0.004173120018094778;0.9230769276618958
1425;0.004498389549553394;0.9090909361839294
1426;0.0036944819148629904;0.9510489702224731
1427;0.003498718375340104;0.9370629191398621
1428;0.0034993556328117847;0.9440559148788452
1429;0.003341125790029764;0.9370629191398621
1430;0.003312203101813793;0.9510489702224731
1431;0.0033018055837601423;0.9650349617004395
1432;0.0032821602653712034;0.9650349617004395
1433;0.0029879198409616947;0.9720279574394226
1434;0.0029495635535568;0.9720279574394226
1435;0.0030488199554383755;0.9650349617004395
1436;0.0027478504925966263;0.9720279574394226
1437;0.002515302272513509;0.9720279574394226
1438;0.002462089294567704;0.9930070042610168
1439;0.0027890962082892656;0.9720279574394226
1440;0.002475658431649208;1.0
1441;0.002169538987800479;1.0
1442;0.002425843384116888;0.9790209531784058
1443;0.0021948833018541336;1.0
1444;0.0024900042917579412;0.9930070042610168
1445;0.002435923321172595;1.0
1446;0.0019308103946968913;1.0
1447;0.002467450685799122;0.9650349617004395
1448;0.0019848369993269444;0.9930070042610168
1449;0.001946370117366314;1.0
1450;0.0021437210962176323;1.0
1451;0.0018795857904478908;1.0
1452;0.001843279111199081;1.0
1453;0.001810808782465756;1.0
1454;0.0016139209037646651;1.0
1455;0.0018125686328858137;0.9860140085220337
1456;0.0015886820619925857;1.0
1457;0.00159390305634588;1.0
1458;0.0016528655542060733;1.0
1459;0.001541166566312313;1.0
1460;0.0015736809000372887;1.0
1461;0.0016271015629172325;1.0
1462;0.0016054961597546935;1.0
1463;0.0015067270724102855;1.0
1464;0.0015225043753162026;1.0
1465;0.0016415842110291123;1.0
1466;0.001520193531177938;1.0
1467;0.0015123493503779173;1.0
1468;0.0014968321193009615;1.0
1469;0.0014260872267186642;1.0
1470;0.0014133307849988341;1.0
1471;0.0015176257584244013;0.9930070042610168
1472;0.001529958564788103;1.0
1473;0.0016080422792583704;1.0
1474;0.0016068401746451855;1.0
1475;0.001508807297796011;1.0
1476;0.0014901625690981746;1.0
1477;0.0015219849301502109;0.9930070042610168
1478;0.0015326864086091518;1.0
1479;0.0012575647560879588;1.0
1480;0.0013313321396708488;1.0
1481;0.0014197437558323145;1.0
1482;0.0013949410058557987;1.0
1483;0.001414910308085382;1.0
1484;0.001428405288606882;1.0
1485;0.0014359471388161182;1.0
1486;0.0014496713411062956;1.0
1487;0.001419584616087377;1.0
1488;0.001308621489442885;1.0
1489;0.0013127916026860476;1.0
1490;0.001330330385826528;1.0
1491;0.0012901878217235208;1.0
1492;0.0013408177765086293;1.0
1493;0.0014721773331984878;1.0
1494;0.0013522725785151124;1.0
1495;0.0012989655369892716;1.0
1496;0.0013549113646149635;1.0
1497;0.0013399444287642837;1.0
1498;0.0014354303712025285;1.0
1499;0.0014525551814585924;1.0
