iteration;loss;accuracy
0;0.09567903727293015;0.32258063554763794
1;0.08988472074270248;0.32258063554763794
2;0.08444923162460327;0.3870967626571655
3;0.07872000336647034;0.4193548262119293
4;0.07467623054981232;0.32258063554763794
5;0.06967088580131531;0.3870967626571655
6;0.06853857636451721;0.35483869910240173
7;0.06816858053207397;0.12903225421905518
8;0.06819935142993927;0.35483869910240173
9;0.07186459749937057;0.19354838132858276
10;0.06764866411685944;0.4193548262119293
11;0.0688924789428711;0.3870967626571655
12;0.06636451929807663;0.25806450843811035
13;0.06435973942279816;0.4193548262119293
14;0.06517591327428818;0.35483869910240173
15;0.06215039640665054;0.4838709533214569
16;0.06373516470193863;0.29032257199287415
17;0.0631769523024559;0.5161290168762207
18;0.060874223709106445;0.5806451439857483
19;0.05948879197239876;0.6129032373428345
20;0.06264069676399231;0.3870967626571655
21;0.062016211450099945;0.4516128897666931
22;0.06312276422977448;0.35483869910240173
23;0.06247297674417496;0.4193548262119293
24;0.060858845710754395;0.5806451439857483
25;0.06283360719680786;0.3870967626571655
26;0.059945616871118546;0.5161290168762207
27;0.058984171599149704;0.5483871102333069
28;0.061542730778455734;0.5161290168762207
29;0.059881653636693954;0.5483871102333069
30;0.05892591178417206;0.5161290168762207
31;0.061050768941640854;0.5483871102333069
32;0.057284120470285416;0.5806451439857483
33;0.057044319808483124;0.6451612710952759
34;0.054553426802158356;0.6451612710952759
35;0.056533027440309525;0.6451612710952759
36;0.05469537898898125;0.6451612710952759
37;0.04920147359371185;0.7096773982048035
38;0.04900789260864258;0.6774193644523621
39;0.04733710363507271;0.7419354915618896
40;0.049101658165454865;0.6774193644523621
41;0.04777910187840462;0.774193525314331
42;0.04288407787680626;0.7096773982048035
43;0.042771827429533005;0.7419354915618896
44;0.042311545461416245;0.8064516186714172
45;0.03821919858455658;0.7419354915618896
46;0.03808292746543884;0.7419354915618896
47;0.03684413060545921;0.7096773982048035
48;0.03587038815021515;0.7419354915618896
49;0.038322702050209045;0.7419354915618896
50;0.035806771367788315;0.8064516186714172
51;0.03339828550815582;0.774193525314331
52;0.03323725238442421;0.8387096524238586
53;0.032825618982315063;0.8387096524238586
54;0.03163544461131096;0.8709677457809448
55;0.030937321484088898;0.8387096524238586
56;0.030808158218860626;0.8387096524238586
57;0.03080454282462597;0.8064516186714172
58;0.026472510769963264;0.8387096524238586
59;0.02549806609749794;0.9354838728904724
60;0.023861341178417206;0.9677419066429138
61;0.0243854857981205;0.9354838728904724
62;0.022414958104491234;1.0
63;0.021554170176386833;1.0
64;0.023615408688783646;0.9677419066429138
65;0.019142944365739822;1.0
66;0.02045590430498123;1.0
67;0.019674161449074745;1.0
68;0.01697680540382862;1.0
69;0.017410283908247948;1.0
70;0.01777585782110691;1.0
71;0.015152430161833763;1.0
72;0.01581818237900734;1.0
73;0.014613542705774307;1.0
74;0.016046427190303802;1.0
75;0.018563441932201385;0.9677419066429138
76;0.013717242516577244;1.0
77;0.014996929094195366;1.0
78;0.012484464794397354;1.0
79;0.012626643292605877;1.0
80;0.011242360807955265;1.0
81;0.011944280005991459;1.0
82;0.017157642170786858;0.9677419066429138
83;0.01262783445417881;1.0
84;0.01640317030251026;1.0
85;0.01602073572576046;1.0
86;0.01695851795375347;0.9677419066429138
87;0.013462883420288563;1.0
88;0.009701569564640522;1.0
89;0.017376575618982315;1.0
90;0.014652137644588947;1.0
91;0.011872699484229088;1.0
92;0.01356331817805767;1.0
93;0.011423567309975624;1.0
94;0.00913845095783472;1.0
95;0.012026293203234673;1.0
96;0.01271866075694561;1.0
97;0.013924063183367252;1.0
98;0.01158080343157053;1.0
99;0.010618702508509159;1.0
100;0.009708431549370289;1.0
101;0.009630175307393074;1.0
102;0.010555276647210121;1.0
103;0.010713723488152027;1.0
104;0.009497719816863537;1.0
105;0.009693286381661892;1.0
106;0.0079916100949049;1.0
107;0.011511581018567085;1.0
108;0.011352812871336937;1.0
109;0.009154029190540314;1.0
110;0.009474897757172585;1.0
111;0.007513540796935558;1.0
112;0.007764243986457586;1.0
113;0.008093317970633507;1.0
114;0.00810354296118021;1.0
115;0.00891469419002533;1.0
116;0.006702619604766369;1.0
117;0.00781435240060091;1.0
118;0.007462857291102409;1.0
119;0.007113590370863676;1.0
120;0.006537889130413532;1.0
121;0.005654883570969105;1.0
122;0.0060388813726603985;1.0
123;0.007040716242045164;1.0
124;0.005132684484124184;1.0
125;0.006461026147007942;1.0
126;0.0066485037095844746;1.0
127;0.00673794187605381;1.0
128;0.0062261600978672504;1.0
129;0.006639175582677126;1.0
130;0.00581778772175312;1.0
131;0.005296663846820593;1.0
132;0.0061340369284152985;1.0
133;0.005911526270210743;1.0
134;0.006950569339096546;1.0
135;0.005701312329620123;1.0
136;0.005597713403403759;1.0
137;0.00606275862082839;1.0
138;0.007160633336752653;1.0
139;0.00491759879514575;1.0
140;0.005953846964985132;1.0
141;0.00538781750947237;1.0
142;0.004672208800911903;1.0
143;0.006501113995909691;1.0
144;0.0054259710013866425;1.0
145;0.007109140977263451;1.0
146;0.00661037303507328;0.9677419066429138
147;0.005374328698962927;1.0
148;0.007044443394988775;1.0
149;0.006684762425720692;1.0
150;0.005756067577749491;1.0
151;0.00488934013992548;1.0
152;0.006498352158814669;1.0
153;0.005823978688567877;1.0
154;0.004890433978289366;1.0
155;0.004638851620256901;1.0
156;0.005403878632932901;1.0
157;0.005649334751069546;1.0
158;0.004293670412153006;1.0
159;0.004354414064437151;1.0
160;0.005582049023360014;1.0
161;0.0041013844311237335;1.0
162;0.006618576589971781;1.0
163;0.004017548635601997;1.0
164;0.005122251342982054;1.0
165;0.005352039355784655;1.0
166;0.004983872640877962;1.0
167;0.004625722300261259;1.0
168;0.004949844907969236;1.0
169;0.004711567889899015;1.0
170;0.005188317969441414;1.0
171;0.0033035040833055973;1.0
172;0.004814313258975744;1.0
173;0.0037660461384803057;1.0
174;0.0032562462147325277;1.0
175;0.004771169740706682;1.0
176;0.003273811424151063;1.0
177;0.003720070468261838;1.0
178;0.003237020457163453;1.0
179;0.003828058484941721;1.0
180;0.003810768947005272;1.0
181;0.003974081948399544;1.0
182;0.0032216100953519344;1.0
183;0.003666712436825037;1.0
184;0.002933911979198456;1.0
185;0.0031846007332205772;1.0
186;0.0036321631632745266;1.0
187;0.00336878327652812;1.0
188;0.004199934657663107;1.0
189;0.003937871661037207;1.0
190;0.003169598523527384;1.0
191;0.004421577323228121;1.0
192;0.0030794087797403336;1.0
193;0.003275238675996661;1.0
194;0.003234604839235544;1.0
195;0.003752145217731595;1.0
196;0.002757121343165636;1.0
197;0.002442300086840987;1.0
198;0.002936543896794319;1.0
199;0.0043286969885230064;1.0
200;0.0036564713809639215;1.0
201;0.004056704230606556;1.0
202;0.004151331726461649;1.0
203;0.0038913933094590902;1.0
204;0.003192313015460968;1.0
205;0.0034888875670731068;1.0
206;0.003229365451261401;1.0
207;0.003057497087866068;1.0
208;0.003286899533122778;1.0
209;0.0038260731380432844;1.0
210;0.0034179016947746277;1.0
211;0.00300198164768517;1.0
212;0.003680974943563342;1.0
213;0.004456833936274052;1.0
214;0.0027972301468253136;1.0
215;0.004074279684573412;1.0
216;0.0039852093905210495;1.0
217;0.0035991708282381296;1.0
218;0.0032286944333463907;1.0
219;0.0028289288748055696;1.0
220;0.004069285001605749;1.0
221;0.002675591967999935;1.0
222;0.0021948472131043673;1.0
223;0.0037799777928739786;1.0
224;0.002763224532827735;1.0
225;0.003973308019340038;1.0
226;0.0037060477770864964;1.0
227;0.003620362374931574;1.0
228;0.0029991513583809137;1.0
229;0.0027240202762186527;1.0
230;0.002602010266855359;1.0
231;0.002741430653259158;1.0
232;0.004250756930559874;1.0
233;0.0029986954759806395;1.0
234;0.0029329394455999136;1.0
235;0.0033665269147604704;1.0
236;0.0032252678647637367;1.0
237;0.0030120518058538437;1.0
238;0.0025571375153958797;1.0
239;0.0028223523404449224;1.0
240;0.002753904554992914;1.0
241;0.0025520070921629667;1.0
242;0.0034237150102853775;1.0
243;0.003702328307554126;1.0
244;0.0029754210263490677;1.0
245;0.004366759210824966;1.0
246;0.0034509047400206327;1.0
247;0.0027407556772232056;1.0
248;0.002865194110199809;1.0
249;0.002284291433170438;1.0
250;0.003938416950404644;1.0
251;0.003135417588055134;1.0
252;0.002377115422859788;1.0
253;0.0028627964202314615;1.0
254;0.0030805424321442842;1.0
255;0.0028730020858347416;1.0
256;0.002356436336413026;1.0
257;0.002710964297875762;1.0
258;0.0025857144501060247;1.0
259;0.0026172222569584846;1.0
260;0.0024469003546983004;1.0
261;0.003348874393850565;1.0
262;0.002922408515587449;1.0
263;0.0030560411978513002;1.0
264;0.003746371017768979;1.0
265;0.0031800237484276295;1.0
266;0.0030329334549605846;1.0
267;0.002790221245959401;1.0
268;0.002330855233594775;1.0
269;0.002815000945702195;1.0
270;0.004336883779615164;1.0
271;0.002237672219052911;1.0
272;0.002719394862651825;1.0
273;0.002253601560369134;1.0
274;0.0027129915542900562;1.0
275;0.0032870143186300993;1.0
276;0.0023820861242711544;1.0
277;0.0025713432114571333;1.0
278;0.0027252843137830496;1.0
279;0.00264917453750968;1.0
280;0.0030749260913580656;1.0
281;0.0027981786988675594;1.0
282;0.0024171785917133093;1.0
283;0.0020194705575704575;1.0
284;0.003244487103074789;1.0
285;0.002214179839938879;1.0
286;0.002102428115904331;1.0
287;0.0025349799543619156;1.0
288;0.002653910545632243;1.0
289;0.0026133828796446323;1.0
290;0.0023561862763017416;1.0
291;0.00237506115809083;1.0
292;0.0025746244937181473;1.0
293;0.0027838009409606457;1.0
294;0.0023678129073232412;1.0
295;0.0031169247813522816;1.0
296;0.0028274476062506437;1.0
297;0.0030718448106199503;1.0
298;0.0021850084885954857;1.0
299;0.002237617503851652;1.0
300;0.0023209741339087486;1.0
301;0.002496943576261401;1.0
302;0.0022561349906027317;1.0
303;0.002838915679603815;1.0
304;0.003357875859364867;1.0
305;0.002588462783023715;1.0
306;0.0026820111088454723;1.0
307;0.0021073324605822563;1.0
308;0.0035946788266301155;1.0
309;0.002694464987143874;1.0
310;0.002317363629117608;1.0
311;0.0017826516414061189;1.0
312;0.0021500696893781424;1.0
313;0.0021745474077761173;1.0
314;0.0019338062265887856;1.0
315;0.002088056644424796;1.0
316;0.0024780745152384043;1.0
317;0.0036752610467374325;1.0
318;0.0015181173803284764;1.0
319;0.0021125497296452522;1.0
320;0.002028937917202711;1.0
321;0.002872689627110958;1.0
322;0.0020503655541688204;1.0
323;0.0023492088075727224;1.0
324;0.0022095423191785812;1.0
325;0.002042187610641122;1.0
326;0.0024751252494752407;1.0
327;0.0025912767741829157;1.0
328;0.0018068780191242695;1.0
329;0.0026035106275230646;1.0
330;0.0018707416020333767;1.0
331;0.0028347817715257406;1.0
332;0.0021324721165001392;1.0
333;0.0023247855715453625;1.0
334;0.001652873121201992;1.0
335;0.00264024268835783;1.0
336;0.0018313158070668578;1.0
337;0.0027880570851266384;1.0
338;0.002148327184841037;1.0
339;0.0018876752583310008;1.0
340;0.0014705525245517492;1.0
341;0.00252390094101429;1.0
342;0.0024461245629936457;1.0
343;0.0022224299609661102;1.0
344;0.002078085904940963;1.0
345;0.002024994231760502;1.0
346;0.002293987665325403;1.0
347;0.0018922387389466166;1.0
348;0.0019549576099961996;1.0
349;0.0016064307419583201;1.0
350;0.0017915441421791911;1.0
351;0.0021659936755895615;1.0
352;0.002241613809019327;1.0
353;0.0019054881995543838;1.0
354;0.0017095888033509254;1.0
355;0.0022506907116621733;1.0
356;0.002202791627496481;1.0
357;0.002728401217609644;1.0
358;0.001963474089279771;1.0
359;0.0023083428386598825;1.0
360;0.0019004999194294214;1.0
361;0.0015114950947463512;1.0
362;0.0025792012456804514;1.0
363;0.0035140644758939743;1.0
364;0.001623210497200489;1.0
365;0.002080661943182349;1.0
366;0.0018991432152688503;1.0
367;0.002707615727558732;1.0
368;0.0027206316590309143;1.0
369;0.0026777759194374084;1.0
370;0.002340713981539011;1.0
371;0.00198958208784461;1.0
372;0.0028242061380296946;1.0
373;0.0019928805995732546;1.0
374;0.0018075124826282263;1.0
375;0.0014400869840756059;1.0
376;0.001663748873397708;1.0
377;0.0015375640941783786;1.0
378;0.0022874055430293083;1.0
379;0.002310170093551278;1.0
380;0.0020072313491255045;1.0
381;0.0019736408721655607;1.0
382;0.001144304173067212;1.0
383;0.00173737364821136;1.0
384;0.0020094909705221653;1.0
385;0.0017951226327568293;1.0
386;0.0028492463752627373;1.0
387;0.001638683956116438;1.0
388;0.001415290404111147;1.0
389;0.002576296217739582;1.0
390;0.0018757330253720284;1.0
391;0.0023085610009729862;1.0
392;0.0018803684506565332;1.0
393;0.002170708030462265;1.0
394;0.0016432517440989614;1.0
395;0.0016382475150749087;1.0
396;0.0018705830443650484;1.0
397;0.0019073489820584655;1.0
398;0.002445092424750328;1.0
399;0.0016707096947357059;1.0
400;0.0014708894304931164;1.0
401;0.0016058268956840038;1.0
402;0.0016325549222528934;1.0
403;0.001953378552570939;1.0
404;0.0017864769324660301;1.0
405;0.0018215960590168834;1.0
406;0.0018683013040572405;1.0
407;0.0017012335592880845;1.0
408;0.0016501354984939098;1.0
409;0.0016983586829155684;1.0
410;0.0017618165584281087;1.0
411;0.0019944908563047647;1.0
412;0.0014976959209889174;1.0
413;0.001702669309452176;1.0
414;0.0017527169547975063;1.0
415;0.0015623192302882671;1.0
416;0.0016790557419881225;1.0
417;0.001791345071978867;1.0
418;0.0015901682199910283;1.0
419;0.0029149563051760197;1.0
420;0.001737936632707715;1.0
421;0.0019473396241664886;1.0
422;0.0014756815508008003;1.0
423;0.0017896603094413877;1.0
424;0.0016098064370453358;1.0
425;0.0015467419289052486;1.0
426;0.0018437951803207397;1.0
427;0.0017266072100028396;1.0
428;0.001335766282863915;1.0
429;0.0014814899768680334;1.0
430;0.001413086079992354;1.0
431;0.002506698714569211;1.0
432;0.0013834593119099736;1.0
433;0.002313467673957348;1.0
434;0.0011473126942291856;1.0
435;0.002284947084262967;1.0
436;0.0014786060201004148;1.0
437;0.0014809557469561696;1.0
438;0.0017068629385903478;1.0
439;0.002024712273851037;1.0
440;0.0013118931092321873;1.0
441;0.0018559768795967102;1.0
442;0.0015199920162558556;1.0
443;0.0016025075456127524;1.0
444;0.0010992210591211915;1.0
445;0.0009756623185239732;1.0
446;0.0010529934661462903;1.0
447;0.0013988417340442538;1.0
448;0.0019311894429847598;1.0
449;0.0012415566015988588;1.0
450;0.00130639155395329;1.0
451;0.001574358087964356;1.0
452;0.0013745545875281096;1.0
453;0.0011004830012097955;1.0
454;0.001195959746837616;1.0
455;0.0013958291383460164;1.0
456;0.0013129714643582702;1.0
457;0.0015042817685753107;1.0
458;0.0016062109498307109;1.0
459;0.001474413089454174;1.0
460;0.001173563301563263;1.0
461;0.0014915092615410686;1.0
462;0.0012847386533394456;1.0
463;0.001188181689940393;1.0
464;0.0013457736931741238;1.0
465;0.0011993850348517299;1.0
466;0.0011147477198392153;1.0
467;0.0008749999688006938;1.0
468;0.0010050800628960133;1.0
469;0.001815910218283534;1.0
470;0.0012452425435185432;1.0
471;0.0008181975572369993;1.0
472;0.0010818472364917397;1.0
473;0.0013428828679025173;1.0
474;0.0013673956273123622;1.0
475;0.0011923699639737606;1.0
476;0.001064326148480177;1.0
477;0.0014687180519104004;1.0
478;0.0011804344831034541;1.0
479;0.001148647046647966;1.0
480;0.0011518888641148806;1.0
481;0.001027400023303926;1.0
482;0.0010755987605080009;1.0
483;0.0007568885339424014;1.0
484;0.0009676644112914801;1.0
485;0.0009091839892789721;1.0
486;0.0013523688539862633;1.0
487;0.0012079875450581312;1.0
488;0.00098862883169204;1.0
489;0.0009362723212689161;1.0
490;0.0010692880023270845;1.0
491;0.0008997401455417275;1.0
492;0.0008312361896969378;1.0
493;0.001376425032503903;1.0
494;0.001159891951829195;1.0
495;0.001108278869651258;1.0
496;0.0013659718679264188;1.0
497;0.0013786464696750045;1.0
498;0.001550517394207418;1.0
499;0.0011565880849957466;1.0
500;0.0011945533333346248;1.0
501;0.0008992727962322533;1.0
502;0.0014219636796042323;1.0
503;0.0011169994249939919;1.0
504;0.0014764362713322043;1.0
505;0.0013500424101948738;1.0
506;0.0012624625815078616;1.0
507;0.001166357658803463;1.0
508;0.0011936041992157698;1.0
509;0.0012086490169167519;1.0
510;0.0009419144480489194;1.0
511;0.0013073108857497573;1.0
512;0.0009492652607150376;1.0
513;0.00145075807813555;1.0
514;0.0013445888180285692;1.0
515;0.0008397107594646513;1.0
516;0.001450484269298613;1.0
517;0.0012397068785503507;1.0
518;0.0007033016299828887;1.0
519;0.0013233304489403963;1.0
520;0.000956574163865298;1.0
521;0.0008105628076009452;1.0
522;0.0013544488465413451;1.0
523;0.0008275024010799825;1.0
524;0.0015094869304448366;1.0
525;0.0013904940569773316;1.0
526;0.0009561370825394988;1.0
527;0.0010136192431673408;1.0
528;0.001311611384153366;1.0
529;0.0013500761706382036;1.0
530;0.0008626914932392538;1.0
531;0.000992428045719862;1.0
532;0.0010333493119105697;1.0
533;0.001211813883855939;1.0
534;0.0007135650375857949;1.0
535;0.000986338360235095;1.0
536;0.0011586063774302602;1.0
537;0.0014683332992717624;1.0
538;0.0010664075380191207;1.0
539;0.0013025656808167696;1.0
540;0.0009798342362046242;1.0
541;0.0007942827651277184;1.0
542;0.0008087249589152634;1.0
543;0.0007598166703246534;1.0
544;0.0011153706582263112;1.0
545;0.0012735080672428012;1.0
546;0.0008335366146638989;1.0
547;0.0009083901531994343;1.0
548;0.000935185351409018;1.0
549;0.0009526369976811111;1.0
550;0.0007974077016115189;1.0
551;0.0008683812338858843;1.0
552;0.0008963673608377576;1.0
553;0.0011060622055083513;1.0
554;0.0009971791878342628;1.0
555;0.0009492126991972327;1.0
556;0.0009396495879627764;1.0
557;0.0011521842097863555;1.0
558;0.0010226510930806398;1.0
559;0.0007561367237940431;1.0
560;0.0008125464082695544;1.0
561;0.0010930831776931882;1.0
562;0.000822725472971797;1.0
563;0.0009035721886903048;1.0
564;0.0010047934483736753;1.0
565;0.0010183941340073943;1.0
566;0.0007952474988996983;1.0
567;0.0008250665850937366;1.0
568;0.0010410889517515898;1.0
569;0.0007099483045749366;1.0
570;0.0007612998597323895;1.0
571;0.0010005893418565392;1.0
572;0.0009057675488293171;1.0
573;0.0009296396165154874;1.0
574;0.000960498524364084;1.0
575;0.0007767443312332034;1.0
576;0.000967402767855674;1.0
577;0.0009990695398300886;1.0
578;0.0012180865742266178;1.0
579;0.0013052667491137981;1.0
580;0.000982046825811267;1.0
581;0.0008335337624885142;1.0
582;0.0009506575879640877;1.0
583;0.0011394262546673417;1.0
584;0.0009025915060192347;1.0
585;0.0006545220385305583;1.0
586;0.0007333274115808308;1.0
587;0.0010433607967570424;1.0
588;0.0008977560210041702;1.0
589;0.0009802677668631077;1.0
590;0.0007557816570624709;1.0
591;0.000823567679617554;1.0
592;0.0009229217539541423;1.0
593;0.0008322250796481967;1.0
594;0.0011108331382274628;1.0
595;0.001187702757306397;1.0
596;0.0008625616901554167;1.0
597;0.000561686756554991;1.0
598;0.0008173584355972707;1.0
599;0.0006216299952939153;1.0
600;0.0007503822562284768;1.0
601;0.0009363459539599717;1.0
602;0.0010723627638071775;1.0
603;0.0007923594675958157;1.0
604;0.0008490507025271654;1.0
605;0.0008195631089620292;1.0
606;0.0008315677405335009;1.0
607;0.0009296259959228337;1.0
608;0.0007695540552958846;1.0
609;0.0007879017503000796;1.0
610;0.0006412721704691648;1.0
611;0.0012633875012397766;1.0
612;0.0006722563412040472;1.0
613;0.000574507808778435;1.0
614;0.0008426860440522432;1.0
615;0.0008398264762945473;1.0
616;0.0006258843350224197;1.0
617;0.0006276489002630115;1.0
618;0.0009783749701455235;1.0
619;0.00066419190261513;1.0
620;0.00046398452832363546;1.0
621;0.0006844413001090288;1.0
622;0.0006453085225075483;1.0
623;0.0008807519916445017;1.0
624;0.0006650435389019549;1.0
625;0.001187019981443882;1.0
626;0.0006484497571364045;1.0
627;0.0005527904722839594;1.0
628;0.0006979246973060071;1.0
629;0.0006782753625884652;1.0
630;0.0009255163604393601;1.0
631;0.0005981663707643747;1.0
632;0.001010799314826727;1.0
633;0.0007208324386738241;1.0
634;0.0008571079233661294;1.0
635;0.0007536744815297425;1.0
636;0.0007432717829942703;1.0
637;0.0008757993346080184;1.0
638;0.0007285460014827549;1.0
639;0.0007671351777389646;1.0
640;0.0008373964810743928;1.0
641;0.0008414656040258706;1.0
642;0.0006538172601722181;1.0
643;0.0007254173397086561;1.0
644;0.0008452747715637088;1.0
645;0.0008004923001863062;1.0
646;0.0009290246525779366;1.0
647;0.0007944293320178986;1.0
648;0.000934670097194612;1.0
649;0.0009467739728279412;1.0
650;0.0005672604311257601;1.0
651;0.000962362508289516;1.0
652;0.000948589644394815;1.0
653;0.0007023425423540175;1.0
654;0.0007170143653638661;1.0
655;0.0005841231904923916;1.0
656;0.0009696132619865239;1.0
657;0.0008230290841311216;1.0
658;0.000671139161568135;1.0
659;0.0005806049448437989;1.0
660;0.0007635351503267884;1.0
661;0.0004494677414186299;1.0
662;0.0005561289726756513;1.0
663;0.0009687732672318816;1.0
664;0.000620080332737416;1.0
665;0.0006624109810218215;1.0
666;0.000858453509863466;1.0
667;0.0007796138525009155;1.0
668;0.0007327016210183501;1.0
669;0.0008733186405152082;1.0
670;0.0006203086813911796;1.0
671;0.00088879355462268;1.0
672;0.0008218283765017986;1.0
673;0.0009491943055763841;1.0
674;0.0005427428986877203;1.0
675;0.0006275514606386423;1.0
676;0.000635398318991065;1.0
677;0.0007604722632095218;1.0
678;0.000724896730389446;1.0
679;0.0007384699420072138;1.0
680;0.0006301153916865587;1.0
681;0.0006910007214173675;1.0
682;0.0007508962880820036;1.0
683;0.0009275682386942208;1.0
684;0.0009261000668630004;1.0
685;0.000662407954223454;1.0
686;0.0005375852342694998;1.0
687;0.0008616984123364091;1.0
688;0.0006882664747536182;1.0
689;0.0005417735665105283;1.0
690;0.0007459005573764443;1.0
691;0.0007297773845493793;1.0
692;0.0006855460815131664;1.0
693;0.0005690476391464472;1.0
694;0.0006985169020481408;1.0
695;0.0008671191171742976;1.0
696;0.0005285848747007549;1.0
697;0.0008437141659669578;1.0
698;0.0009314958588220179;1.0
699;0.0005320697091519833;1.0
700;0.0006180240889079869;1.0
701;0.0007788357906974852;1.0
702;0.0005612830282188952;1.0
703;0.0006732332985848188;1.0
704;0.0006615498568862677;1.0
705;0.00047642274876125157;1.0
706;0.0007655876106582582;1.0
707;0.0008636389393359423;1.0
708;0.0007957210182212293;1.0
709;0.0006508323713205755;1.0
710;0.0006410277565009892;1.0
711;0.0007506379624828696;1.0
712;0.0005936403176747262;1.0
713;0.0005315907183103263;1.0
714;0.0005985470488667488;1.0
715;0.0007457512547262013;1.0
716;0.00057837029453367;1.0
717;0.0007600210374221206;1.0
718;0.0006295403582043946;1.0
719;0.0007447168463841081;1.0
720;0.0006651206058450043;1.0
721;0.0008424945408478379;1.0
722;0.0009554598946124315;1.0
723;0.0006598615436814725;1.0
724;0.0006744086276739836;1.0
725;0.0006013120873831213;1.0
726;0.000928404915612191;1.0
727;0.0007396938162855804;1.0
728;0.0005479937535710633;1.0
729;0.0009484772454015911;1.0
730;0.000542922003660351;1.0
731;0.0005024950369261205;1.0
732;0.0004940690705552697;1.0
733;0.00042947925976477563;1.0
734;0.0005656340508721769;1.0
735;0.0007508227718062699;1.0
736;0.00037310647894628346;1.0
737;0.00043500724132172763;1.0
738;0.0005372080486267805;1.0
739;0.000479638809338212;1.0
740;0.0005643087788484991;1.0
741;0.0005999258137308061;1.0
742;0.0007910363492555916;1.0
743;0.0006328650051727891;1.0
744;0.00047671355423517525;1.0
745;0.0005291426787152886;1.0
746;0.0006432511727325618;1.0
747;0.0005029772873967886;1.0
748;0.0006485836929641664;1.0
749;0.0004785742494277656;1.0
750;0.0007065554964356124;1.0
751;0.0005853311740793288;1.0
752;0.0005391272134147584;1.0
753;0.00045593816321343184;1.0
754;0.0005049337632954121;1.0
755;0.00046807638136669993;1.0
756;0.0006511193350888789;1.0
757;0.0005904441932216287;1.0
758;0.0004009391414001584;1.0
759;0.0004856546293012798;1.0
760;0.0005054310895502567;1.0
761;0.0005608861683867872;1.0
762;0.0004402807680889964;1.0
763;0.0006017524865455925;1.0
764;0.0006871855002827942;1.0
765;0.0005229827365837991;1.0
766;0.0004234210355207324;1.0
767;0.0005644820048473775;1.0
768;0.0006456311675719917;1.0
769;0.0005269100656732917;1.0
770;0.0006861487636342645;1.0
771;0.00059078773483634;1.0
772;0.0005023025441914797;1.0
773;0.0006225384422577918;1.0
774;0.0005348207778297365;1.0
775;0.000527989468537271;1.0
776;0.0005879566306248307;1.0
777;0.0004275516839697957;1.0
778;0.00046074765850789845;1.0
779;0.0007231170893646777;1.0
780;0.0004674225638154894;1.0
781;0.00043308810563758016;1.0
782;0.0003430408542044461;1.0
783;0.0005174917168915272;1.0
784;0.00048243190394714475;1.0
785;0.0006866350886411965;1.0
786;0.00038851809222251177;1.0
787;0.000637003337033093;1.0
788;0.0005787510308437049;1.0
789;0.0005317541654221714;1.0
790;0.00041864142986014485;1.0
791;0.00046659671352244914;1.0
792;0.0004677134857047349;1.0
793;0.0007206861046142876;1.0
794;0.0005262583727017045;1.0
795;0.00048773706657812;1.0
796;0.00039171066600829363;1.0
797;0.0004997047944925725;1.0
798;0.00048662087647244334;1.0
799;0.0005484626162797213;1.0
800;0.0008342553046531975;1.0
801;0.0004635078366845846;1.0
802;0.0005261251935735345;1.0
803;0.00043277934310026467;1.0
804;0.0005268555250950158;1.0
805;0.0004931036964990199;1.0
806;0.0005192503449507058;1.0
807;0.0006941676256246865;1.0
808;0.0007369050290435553;1.0
809;0.0006678914069198072;1.0
810;0.0005006297142244875;1.0
811;0.0006419990677386522;1.0
812;0.0005937912501394749;1.0
813;0.0005095390370115638;1.0
814;0.0004792872059624642;1.0
815;0.0004178264643996954;1.0
816;0.000638878031168133;1.0
817;0.0006029706564731896;1.0
818;0.0007159412489272654;1.0
819;0.00059482705546543;1.0
820;0.0006781709380447865;1.0
821;0.0004850974364671856;1.0
822;0.0005142479203641415;1.0
823;0.0003808324399869889;1.0
824;0.0005587501218542457;1.0
825;0.0008091749041341245;1.0
826;0.0005602689925581217;1.0
827;0.0005314430454745889;1.0
828;0.00038622235297225416;1.0
829;0.00042520405258983374;1.0
830;0.0004977046046406031;1.0
831;0.00046150421258062124;1.0
832;0.0005546694155782461;1.0
833;0.00043279898818582296;1.0
834;0.00044131322647444904;1.0
835;0.0005062475684098899;1.0
836;0.00044560074456967413;1.0
837;0.0003603828663472086;1.0
838;0.0005077620735391974;1.0
839;0.0005046616424806416;1.0
840;0.0005723966751247644;1.0
841;0.00046053127152845263;1.0
842;0.00039842166006565094;1.0
843;0.00043285993160679936;1.0
844;0.00032112968619912863;1.0
845;0.0004903547815047204;1.0
846;0.0007179922540672123;1.0
847;0.00034045352367684245;1.0
848;0.00040554002043791115;1.0
849;0.00041830408736132085;1.0
850;0.0004666718596126884;1.0
851;0.0006355816731229424;1.0
852;0.00037416553823277354;1.0
853;0.0006389629561454058;1.0
854;0.0006795160006731749;1.0
855;0.0005301847704686224;1.0
856;0.0005716513260267675;1.0
857;0.0003943487536162138;1.0
858;0.0004537477798294276;1.0
859;0.0004375788557808846;1.0
860;0.00037715345388278365;1.0
861;0.0003962358459830284;1.0
862;0.00034063548082485795;1.0
863;0.0003811776696238667;1.0
864;0.0007376236608251929;1.0
865;0.0004789285594597459;1.0
866;0.0004436204326339066;1.0
867;0.0005362694500945508;1.0
868;0.0003851985966321081;1.0
869;0.00038783421041443944;1.0
870;0.00034723166027106345;1.0
871;0.00038600058178417385;1.0
872;0.0004565698909573257;1.0
873;0.00033544431789778173;1.0
874;0.00031664257403463125;1.0
875;0.00036007215385325253;1.0
876;0.00042971238144673407;1.0
877;0.000521994021255523;1.0
878;0.0003817456599790603;1.0
879;0.00044262633309699595;1.0
880;0.00042479747207835317;1.0
881;0.0005670289392583072;1.0
882;0.0005285931983962655;1.0
883;0.0003713059122674167;1.0
884;0.0003979508182965219;1.0
885;0.00038937656790949404;1.0
886;0.00033722195075824857;1.0
887;0.00042309967102482915;1.0
888;0.00029702915344387293;1.0
889;0.0003221756487619132;1.0
890;0.0003840545250568539;1.0
891;0.00037417630665004253;1.0
892;0.0004555052437353879;1.0
893;0.0004303886671550572;1.0
894;0.0005170669173821807;1.0
895;0.0003266741696279496;1.0
896;0.00039926133467815816;1.0
897;0.0006181469652801752;1.0
898;0.0004458111652638763;1.0
899;0.00028588558780029416;1.0
900;0.0003723748668562621;1.0
901;0.00033269700361415744;1.0
902;0.000384635990485549;1.0
903;0.0004924071836285293;1.0
904;0.0005331781576387584;1.0
905;0.0005779166822321713;1.0
906;0.0004557151987683028;1.0
907;0.00042169966036453843;1.0
908;0.00038017553742974997;1.0
909;0.0003869473875965923;1.0
910;0.0003121329064015299;1.0
911;0.0005062239360995591;1.0
912;0.00031027811928652227;1.0
913;0.0003166822425555438;1.0
914;0.0004296691622585058;1.0
915;0.00036041997373104095;1.0
916;0.0003997783351223916;1.0
917;0.00044506473932415247;1.0
918;0.00034709397004917264;1.0
919;0.0003113810089416802;1.0
920;0.00043057286529801786;1.0
921;0.00047401137999258935;1.0
922;0.00036668646498583257;1.0
923;0.0003914387198165059;1.0
924;0.0003343691350892186;1.0
925;0.00034130658605135977;1.0
926;0.0004363392945379019;1.0
927;0.0003662131493911147;1.0
928;0.0003490439848974347;1.0
929;0.000541859248187393;1.0
930;0.0003756033256649971;1.0
931;0.00029314891435205936;1.0
932;0.0002812001039274037;1.0
933;0.0003939596936106682;1.0
934;0.00024923161254264414;1.0
935;0.0003051271487493068;1.0
936;0.0003901866148225963;1.0
937;0.0003776188532356173;1.0
938;0.0003583379148039967;1.0
939;0.00045565294567495584;1.0
940;0.0005987470503896475;1.0
941;0.0004729419306386262;1.0
942;0.00036022852873429656;1.0
943;0.00040560716297477484;1.0
944;0.0005074252840131521;1.0
945;0.0004056362377014011;1.0
946;0.00040369623457081616;1.0
947;0.00033592068939469755;1.0
948;0.00024677347391843796;1.0
949;0.0004232692008372396;1.0
950;0.000488448713440448;1.0
951;0.0003733481571543962;1.0
952;0.0003005295875482261;1.0
953;0.0006125111831352115;1.0
954;0.00026005710242316127;1.0
955;0.00040929694660007954;1.0
956;0.0003646885743364692;1.0
957;0.00031523191137239337;1.0
958;0.0004461481003090739;1.0
959;0.00036324505344964564;1.0
960;0.0007560265948995948;1.0
961;0.0005243489285930991;1.0
962;0.0003039933508262038;1.0
963;0.0003686532436404377;1.0
964;0.000452930893516168;1.0
965;0.0004116162017453462;1.0
966;0.0005386770935729146;1.0
967;0.00033869591425172985;1.0
968;0.00041473613237030804;1.0
969;0.0004519860085565597;1.0
970;0.0003163831715937704;1.0
971;0.0003290984022896737;1.0
972;0.0002912753261625767;1.0
973;0.000499906949698925;1.0
974;0.0003061463066842407;1.0
975;0.00035564947756938636;1.0
976;0.0002681502082850784;1.0
977;0.0003677362110465765;1.0
978;0.0002910140610765666;1.0
979;0.0003124150389339775;1.0
980;0.0003164510417263955;1.0
981;0.0005058476235717535;1.0
982;0.0003442330053076148;1.0
983;0.0004211020714137703;1.0
984;0.00031894841231405735;1.0
985;0.00028253442724235356;1.0
986;0.0002898254315368831;1.0
987;0.00027138437144458294;1.0
988;0.0003282402758486569;1.0
989;0.000244927970925346;1.0
990;0.00041255532414652407;1.0
991;0.0003225429973099381;1.0
992;0.0003437714767642319;1.0
993;0.0003043844480998814;1.0
994;0.0002514601219445467;1.0
995;0.0002300380147062242;1.0
996;0.0003596879541873932;1.0
997;0.0008000943344086409;1.0
998;0.0003149283293168992;1.0
999;0.00042097296682186425;1.0
1000;0.00030018534744158387;1.0
1001;0.00038031936855986714;1.0
1002;0.000307005102513358;1.0
1003;0.0002705486840568483;1.0
1004;0.00029149409965611994;1.0
1005;0.0002893725177273154;1.0
1006;0.0004546735144685954;1.0
1007;0.00025621335953474045;1.0
1008;0.0003260867961216718;1.0
1009;0.000335927790729329;1.0
1010;0.000607376336120069;1.0
1011;0.0003381147689651698;1.0
1012;0.00026012424496002495;1.0
1013;0.0002804076939355582;1.0
1014;0.00028613407630473375;1.0
1015;0.0004700431600213051;1.0
1016;0.00026764124049805105;1.0
1017;0.0003243853570893407;1.0
1018;0.00045433410559780896;1.0
1019;0.00029109770548529923;1.0
1020;0.00048162133316509426;1.0
1021;0.0003175314050167799;1.0
1022;0.0002957555407192558;1.0
1023;0.0003387971955817193;1.0
1024;0.000541882764082402;1.0
1025;0.00037211409653536975;1.0
1026;0.0002593672543298453;1.0
1027;0.0005081288982182741;1.0
1028;0.00046472236863337457;1.0
1029;0.00032540809479542077;1.0
1030;0.00020482066611293703;1.0
1031;0.00039231040864251554;1.0
1032;0.0002903593995142728;1.0
1033;0.00032938667573034763;1.0
1034;0.0002538975386414677;1.0
1035;0.00029598912806250155;1.0
1036;0.00040808963240124285;1.0
1037;0.0002661200996953994;1.0
1038;0.00034113990841433406;1.0
1039;0.00022673895000480115;1.0
1040;0.0002922888961620629;1.0
1041;0.0003967980155721307;1.0
1042;0.000333199102897197;1.0
1043;0.00030673600849695504;1.0
1044;0.0002752333239186555;1.0
1045;0.0003919551381841302;1.0
1046;0.00032211042707785964;1.0
1047;0.00023512874031439424;1.0
1048;0.0002864784619305283;1.0
1049;0.0005185556365177035;1.0
1050;0.0002346827823203057;1.0
1051;0.00029019336216151714;1.0
1052;0.0002925903245341033;1.0
1053;0.0002956524258479476;1.0
1054;0.00033920141868293285;1.0
1055;0.00035191370989196;1.0
1056;0.0003093998820986599;1.0
1057;0.00025298414402641356;1.0
1058;0.00022459897445514798;1.0
1059;0.0003119203320238739;1.0
1060;0.0002789385907817632;1.0
1061;0.0001900014467537403;1.0
1062;0.00026190755306743085;1.0
1063;0.0003526286454871297;1.0
1064;0.00019909924594685435;1.0
1065;0.00027206444065086544;1.0
1066;0.0002978307893499732;1.0
1067;0.0002748508413787931;1.0
1068;0.00038554356433451176;1.0
1069;0.0002665447536855936;1.0
1070;0.0002785283431876451;1.0
1071;0.0003454832767602056;1.0
1072;0.000253012782195583;1.0
1073;0.00021951292001176625;1.0
1074;0.0003220616781618446;1.0
1075;0.0002751089632511139;1.0
1076;0.0002906592271756381;1.0
1077;0.0002660635218489915;1.0
1078;0.00018427532631903887;1.0
1079;0.00026949431048706174;1.0
1080;0.0002912376949097961;1.0
1081;0.00029260601149871945;1.0
1082;0.0002815617772284895;1.0
1083;0.00021495755936484784;1.0
1084;0.00032808457035571337;1.0
1085;0.0003376355452928692;1.0
1086;0.0003149367403239012;1.0
1087;0.0002852657635230571;1.0
1088;0.0002497652021702379;1.0
1089;0.00022482617350760847;1.0
1090;0.0003578517644200474;1.0
1091;0.00025736968382261693;1.0
1092;0.0003100441535934806;1.0
1093;0.00025214412016794086;1.0
1094;0.00022811016242485493;1.0
1095;0.000281645217910409;1.0
1096;0.00028830961673520505;1.0
1097;0.00020898727234452963;1.0
1098;0.00019962433725595474;1.0
1099;0.00029227352933958173;1.0
1100;0.0004933804157190025;1.0
1101;0.0002687489031814039;1.0
1102;0.0003038778668269515;1.0
1103;0.0002781720831990242;1.0
1104;0.00021707607083953917;1.0
1105;0.00020938488887622952;1.0
1106;0.0002884815912693739;1.0
1107;0.0003911364183295518;1.0
1108;0.0003340223920531571;1.0
1109;0.00027025651070289314;1.0
1110;0.00036872547934763134;1.0
1111;0.00025700588594190776;1.0
1112;0.00022461010667029768;1.0
1113;0.00037752834032289684;1.0
1114;0.00029921799432486296;1.0
1115;0.00023419070930685848;1.0
1116;0.0002457914233673364;1.0
1117;0.00033027815516106784;1.0
1118;0.00022671140322927386;1.0
1119;0.0002070541522698477;1.0
1120;0.0002962855214718729;1.0
1121;0.0002933750511147082;1.0
1122;0.0003540666657499969;1.0
1123;0.00030792952748015523;1.0
1124;0.000259707507211715;1.0
1125;0.0003581551427487284;1.0
1126;0.00023157648683991283;1.0
1127;0.00039583686157129705;1.0
1128;0.00032832141732797027;1.0
1129;0.000206414406420663;1.0
1130;0.00022781036386732012;1.0
1131;0.00022956132306717336;1.0
1132;0.00023498700466006994;1.0
1133;0.0002729587722569704;1.0
1134;0.00039855740033090115;1.0
1135;0.00023815080930944532;1.0
1136;0.00027616784791462123;1.0
1137;0.00038440272328443825;1.0
1138;0.00032600219128653407;1.0
1139;0.0003207447880413383;1.0
1140;0.00035173140349797904;1.0
1141;0.00034717548987828195;1.0
1142;0.0003058515430893749;1.0
1143;0.00024139769084285945;1.0
1144;0.00021665936219505966;1.0
1145;0.0002492583589628339;1.0
1146;0.0004349798837210983;1.0
1147;0.00026937294751405716;1.0
1148;0.00026590347988530993;1.0
1149;0.000265612849034369;1.0
1150;0.00022332437220029533;1.0
1151;0.0002855902712326497;1.0
1152;0.000279903004411608;1.0
1153;0.0002847382565960288;1.0
1154;0.0003251797752454877;1.0
1155;0.00026704915217123926;1.0
1156;0.00028651495813392103;1.0
1157;0.00026990583864971995;1.0
1158;0.0002474698703736067;1.0
1159;0.00035860575735569;1.0
1160;0.000294326338917017;1.0
1161;0.00024817176745273173;1.0
1162;0.00020250707166269422;1.0
1163;0.00021725721308030188;1.0
1164;0.0002987772168125957;1.0
1165;0.00031814680551178753;1.0
1166;0.00028118930640630424;1.0
1167;0.00022799881116952747;1.0
1168;0.00027929607313126326;1.0
1169;0.00019525253446772695;1.0
1170;0.00021809485042467713;1.0
1171;0.0001758561993483454;1.0
1172;0.0002467677986714989;1.0
1173;0.00021744659170508385;1.0
1174;0.0003451895317994058;1.0
1175;0.00018970183737110347;1.0
1176;0.00022238725796341896;1.0
1177;0.00018853742221836;1.0
1178;0.00021701792138628662;1.0
1179;0.0002864767157007009;1.0
1180;0.00021128277876414359;1.0
1181;0.00023989479814190418;1.0
1182;0.00022798319696448743;1.0
1183;0.000314921053359285;1.0
1184;0.0002827178395818919;1.0
1185;0.0002952992217615247;1.0
1186;0.000215810738154687;1.0
1187;0.00022988943965174258;1.0
1188;0.00028836558340117335;1.0
1189;0.00022973604791332036;1.0
1190;0.0002858976658899337;1.0
1191;0.0003536835720296949;1.0
1192;0.00021485539036802948;1.0
1193;0.00021474913228303194;1.0
1194;0.00018720151274465024;1.0
1195;0.0003565182851161808;1.0
1196;0.00021786494471598417;1.0
1197;0.00024005990417208523;1.0
1198;0.0006246527773328125;1.0
1199;0.0002952222421299666;1.0
1200;0.00017471199680585414;1.0
1201;0.00021669763373211026;1.0
1202;0.00030183829949237406;1.0
1203;0.0002095180534524843;1.0
1204;0.00022413727128878236;1.0
1205;0.0002497081586625427;1.0
1206;0.0002822238893713802;1.0
1207;0.0002276680461363867;1.0
1208;0.000415274640545249;1.0
1209;0.0001993076002690941;1.0
1210;0.00022632241598330438;1.0
1211;0.000205390271730721;1.0
1212;0.0002653730916790664;1.0
1213;0.000247592746745795;1.0
1214;0.00020156503887847066;1.0
1215;0.0002238124725408852;1.0
1216;0.00019642722327262163;1.0
1217;0.000196566223166883;1.0
1218;0.00024000852135941386;1.0
1219;0.00025645067216828465;1.0
1220;0.00019726454047486186;1.0
1221;0.00018349583842791617;1.0
1222;0.00019966857507824898;1.0
1223;0.00018663665105123073;1.0
1224;0.0003382858994882554;1.0
1225;0.00031363911693915725;1.0
1226;0.00027666776441037655;1.0
1227;0.00023024396796245128;1.0
1228;0.0002542907604947686;1.0
1229;0.00022680179972667247;1.0
1230;0.00015991125837899745;1.0
1231;0.0002504965232219547;1.0
1232;0.00022774569515604526;1.0
1233;0.0001684008166193962;1.0
1234;0.00020643221796490252;1.0
1235;0.00021428127365652472;1.0
1236;0.00021418288815766573;1.0
1237;0.0002625148044899106;1.0
1238;0.00018214076408185065;1.0
1239;0.00021429879416245967;1.0
1240;0.00023215981491375715;1.0
1241;0.00014626458869315684;1.0
1242;0.00017629745707381517;1.0
1243;0.00025656589423306286;1.0
1244;0.00027267332188785076;1.0
1245;0.0001792885159375146;1.0
1246;0.0002095687377732247;1.0
1247;0.00041692849481478333;1.0
1248;0.0001997631770791486;1.0
1249;0.00020296889124438167;1.0
1250;0.00020049164595548064;1.0
1251;0.000205607881071046;1.0
1252;0.000202947310754098;1.0
1253;0.00021969719091430306;1.0
1254;0.00022163921676110476;1.0
1255;0.00016691953351255506;1.0
1256;0.00020696604042313993;1.0
1257;0.0002779393980745226;1.0
1258;0.00019126686675008386;1.0
1259;0.0003357074165251106;1.0
1260;0.00017510952602606267;1.0
1261;0.0002627895155455917;1.0
1262;0.00017770080012269318;1.0
1263;0.00020337286696303636;1.0
1264;0.00015429659106303006;1.0
1265;0.00019106315448880196;1.0
1266;0.0001286269398406148;1.0
1267;0.00023827183758839965;1.0
1268;0.00026100536342710257;1.0
1269;0.00022423479822464287;1.0
1270;0.00020187915652059019;1.0
1271;0.00022718808031640947;1.0
1272;0.0001691582438070327;1.0
1273;0.00019627920119091868;1.0
1274;0.00020552471687551588;1.0
1275;0.00029833964072167873;1.0
1276;0.00018260539218317717;1.0
1277;0.00023337487073149532;1.0
1278;0.00020817213226109743;1.0
1279;0.0002533202641643584;1.0
1280;0.00015957586583681405;1.0
1281;0.00021126998763065785;1.0
1282;0.0003415386890992522;1.0
1283;0.0002317376056453213;1.0
1284;0.00019224699644837528;1.0
1285;0.00023291638353839517;1.0
1286;0.0003892527602147311;1.0
1287;0.00022212792828213423;1.0
1288;0.00022355672263074666;1.0
1289;0.00022668014571536332;1.0
1290;0.0002534093800932169;1.0
1291;0.00020895439956802875;1.0
1292;0.0002423940022708848;1.0
1293;0.00019133117166347802;1.0
1294;0.00023358879843726754;1.0
1295;0.00016135972691699862;1.0
1296;0.00017536678933538496;1.0
1297;0.00013797481369692832;1.0
1298;0.00021385514992289245;1.0
1299;0.00032826364622451365;1.0
1300;0.00017472830950282514;1.0
1301;0.00019424149650149047;1.0
1302;0.00026193575467914343;1.0
1303;0.0001642521528992802;1.0
1304;0.00026383670046925545;1.0
1305;0.00021313561592251062;1.0
1306;0.000268899486400187;1.0
1307;0.00018756491772364825;1.0
1308;0.00018495006952434778;1.0
1309;0.00019636710931081325;1.0
1310;0.00015408665058203042;1.0
1311;0.00012403518485371023;1.0
1312;0.00018988156807608902;1.0
1313;0.00020283639605622739;1.0
1314;0.0002327840047655627;1.0
1315;0.0002329477429157123;1.0
1316;0.00018789539171848446;1.0
1317;0.0002294719743076712;1.0
1318;0.00019267613242845982;1.0
1319;0.00019626054563559592;1.0
1320;0.00022346559853758663;1.0
1321;0.00013669402687810361;1.0
1322;0.00020272225083317608;1.0
1323;0.00023275462444871664;1.0
1324;0.00023325864458456635;1.0
1325;0.0002633677504491061;1.0
1326;0.00015707591956015676;1.0
1327;0.00017622706945985556;1.0
1328;0.00016519172640983015;1.0
1329;0.0001421462366124615;1.0
1330;0.00016211520414799452;1.0
1331;0.00020522692648228258;1.0
1332;0.0002555636456236243;1.0
1333;0.00016238279931712896;1.0
1334;0.00024137833679560572;1.0
1335;0.00023057353973854333;1.0
1336;0.0002264101931359619;1.0
1337;0.0001921218790812418;1.0
1338;0.00012872360821347684;1.0
1339;0.00017627181659918278;1.0
1340;0.00018309899314772338;1.0
1341;0.00018053260282613337;1.0
1342;0.00015559731400571764;1.0
1343;0.0002092853537760675;1.0
1344;0.0002760077768471092;1.0
1345;0.00018324529810342938;1.0
1346;0.00013706156460102648;1.0
1347;0.00020645697077270597;1.0
1348;0.00017712665430735797;1.0
1349;0.00014250022650230676;1.0
1350;0.00021842322894372046;1.0
1351;0.0002152203960577026;1.0
1352;0.00017510614998172969;1.0
1353;0.0001477352052461356;1.0
1354;0.00015590456314384937;1.0
1355;0.00015302057727240026;1.0
1356;0.0001665636373218149;1.0
1357;0.00016380571469198912;1.0
1358;0.00016968356794677675;1.0
1359;0.0002236730942968279;1.0
1360;0.00029135769000276923;1.0
1361;0.00023659311409574002;1.0
1362;0.00011856607306981459;1.0
1363;0.0002253982675028965;1.0
1364;0.00020756424055434763;1.0
1365;0.0001644180010771379;1.0
1366;0.0001710316864773631;1.0
1367;0.00014675459533464164;1.0
1368;0.00022369269572664052;1.0
1369;0.00019377564603928477;1.0
1370;0.00019869999960064888;1.0
1371;0.00016049656551331282;1.0
1372;0.00020631776715163141;1.0
1373;0.00023747602244839072;1.0
1374;0.00020384025992825627;1.0
1375;0.00019163549586664885;1.0
1376;0.00021558059961535037;1.0
1377;0.00020270270761102438;1.0
1378;0.00021507519704755396;1.0
1379;0.00015802336565684527;1.0
1380;0.00021301661035977304;1.0
1381;0.00019209245510865003;1.0
1382;0.0001546283601783216;1.0
1383;0.0002023490669671446;1.0
1384;0.00017292216944042593;1.0
1385;0.00018277604249306023;1.0
1386;0.00016905039956327528;1.0
1387;0.00019356260600034148;1.0
1388;0.00023879384389147162;1.0
1389;0.00012801635602954775;1.0
1390;0.0001909843849716708;1.0
1391;0.00016164274711627513;1.0
1392;0.00024071188818197697;1.0
1393;0.00016321435396093875;1.0
1394;0.00013137809582985938;1.0
1395;0.00013845723879057914;1.0
1396;0.00037514668656513095;1.0
1397;0.00019833403348457068;1.0
1398;0.0001883744407678023;1.0
1399;0.0001954727922566235;1.0
1400;0.00016093227895908058;1.0
1401;0.00023882750247139484;1.0
1402;0.0001693215745035559;1.0
1403;0.00020953545754309744;1.0
1404;0.00016698200488463044;1.0
1405;0.00021246210962999612;1.0
1406;0.00016698990657459944;1.0
1407;0.00015850669296924025;1.0
1408;0.0002170098596252501;1.0
1409;0.00032973027555271983;1.0
1410;0.00015789514873176813;1.0
1411;0.00013454629515763372;1.0
1412;0.0001796287833712995;1.0
1413;0.00014048515004105866;1.0
1414;0.00020367477554827929;1.0
1415;0.00017501445836387575;1.0
1416;0.0001971786841750145;1.0
1417;0.0001802294864319265;1.0
1418;0.00017314117576461285;1.0
1419;0.00014340878988150507;1.0
1420;0.00012702762614935637;1.0
1421;0.0001516141783213243;1.0
1422;0.000138046671054326;1.0
1423;0.0001656438544159755;1.0
1424;0.00017632865638006479;1.0
1425;0.0001272111985599622;1.0
1426;0.0002357674529775977;1.0
1427;0.00011914133210666478;1.0
1428;0.00012019278801744804;1.0
1429;0.00021817417291458696;1.0
1430;0.00016500627680215985;1.0
1431;0.00018666929099708796;1.0
1432;0.00014149515482131392;1.0
1433;0.00017729619867168367;1.0
1434;0.0002624499029479921;1.0
1435;0.0002195031411247328;1.0
1436;0.00023769901599735022;1.0
1437;0.00017861869127955288;1.0
1438;0.00014817962073720992;1.0
1439;0.00020343493088148534;1.0
1440;0.00024560364545322955;1.0
1441;0.00022988338605500758;1.0
1442;0.00015983625780791044;1.0
1443;0.0001472357107559219;1.0
1444;0.00022143863316159695;1.0
1445;0.0002355440374230966;1.0
1446;0.00016461765335407108;1.0
1447;0.00016807626525405794;1.0
1448;0.0003170521813444793;1.0
1449;0.00017607053450774401;1.0
1450;0.0001548318687127903;1.0
1451;0.00016239052638411522;1.0
1452;0.0001320452574873343;1.0
1453;0.00016788198263384402;1.0
1454;0.00018680866924114525;1.0
1455;0.00016710374620743096;1.0
1456;0.0001450702256988734;1.0
1457;0.00014225450286176056;1.0
1458;0.00016459425387438387;1.0
1459;0.00015985227946657687;1.0
1460;0.000149123661685735;1.0
1461;0.00018146088405046612;1.0
1462;0.00011148253543069586;1.0
1463;0.0001473775482736528;1.0
1464;0.00022550392895936966;1.0
1465;0.00021533943072427064;1.0
1466;0.00013890123227611184;1.0
1467;0.00016308862541336566;1.0
1468;0.0001148096562246792;1.0
1469;0.00015159141912590712;1.0
1470;0.00014196790289133787;1.0
1471;0.00011043193808291107;1.0
1472;0.00017888646107167006;1.0
1473;0.0001650298509048298;1.0
1474;9.605871309759095e-05;1.0
1475;0.00018067136988975108;1.0
1476;0.0001492024166509509;1.0
1477;0.00028071104316040874;1.0
1478;0.0001527586136944592;1.0
1479;0.00015956633433233947;1.0
1480;0.00020794894953723997;1.0
1481;0.00017107900930568576;1.0
1482;0.00022658746456727386;1.0
1483;0.00016733951633796096;1.0
1484;0.0001476131728850305;1.0
1485;0.00011567954788915813;1.0
1486;0.0001435895828763023;1.0
1487;0.00016983407840598375;1.0
1488;0.00017615228716749698;1.0
1489;0.00013739310088567436;1.0
1490;0.00016062968643382192;1.0
1491;0.00014901143731549382;1.0
1492;0.0001426747185178101;1.0
1493;0.0001299309078603983;1.0
1494;0.00015992530097719282;1.0
1495;0.00014318576722871512;1.0
1496;0.00015531190729234368;1.0
1497;0.0001791367685655132;1.0
1498;0.00012917554704472423;1.0
1499;0.00011491972691146657;1.0
