iteration;loss;accuracy
0;0.03978051245212555;0.08620689809322357
1;0.03760656714439392;0.1034482792019844
2;0.03608138859272003;0.11206896603107452
3;0.0350361242890358;0.22413793206214905
4;0.03505120798945427;0.13793103396892548
5;0.03468482568860054;0.18103447556495667
6;0.03471689671278;0.1982758641242981
7;0.03424547612667084;0.2068965584039688
8;0.0341557040810585;0.2068965584039688
9;0.03405207023024559;0.2586206793785095
10;0.03426451236009598;0.17241379618644714
11;0.034119103103876114;0.1982758641242981
12;0.03404303640127182;0.23275862634181976
13;0.03408344089984894;0.17241379618644714
14;0.034109652042388916;0.18965516984462738
15;0.03362955152988434;0.25
16;0.03365316241979599;0.25
17;0.03361005708575249;0.23275862634181976
18;0.03336208313703537;0.2586206793785095
19;0.03342222794890404;0.21551723778247833
20;0.032925404608249664;0.25
21;0.0329856239259243;0.23275862634181976
22;0.033268678933382034;0.2586206793785095
23;0.03283819556236267;0.2068965584039688
24;0.03292984142899513;0.23275862634181976
25;0.032413508743047714;0.25
26;0.03237966448068619;0.2931034564971924
27;0.03230316936969757;0.2931034564971924
28;0.03188856691122055;0.31896552443504333
29;0.03153158724308014;0.31896552443504333
30;0.03145281970500946;0.2931034564971924
31;0.031283777207136154;0.3103448152542114
32;0.03129357099533081;0.36206895112991333
33;0.030547812581062317;0.3448275923728943
34;0.031033121049404144;0.36206895112991333
35;0.030339548364281654;0.3448275923728943
36;0.03006996214389801;0.4568965435028076
37;0.030018655583262444;0.4137931168079376
38;0.03059369884431362;0.37931033968925476
39;0.02967439405620098;0.38793104887008667
40;0.029990773648023605;0.36206895112991333
41;0.02896455116569996;0.38793104887008667
42;0.029123706743121147;0.42241379618644714
43;0.029556460678577423;0.43103447556495667
44;0.028780633583664894;0.4137931168079376
45;0.028689194470643997;0.42241379618644714
46;0.028137190267443657;0.4655172526836395
47;0.02834991179406643;0.48275861144065857
48;0.02730027213692665;0.5258620977401733
49;0.027974871918559074;0.4655172526836395
50;0.027464132755994797;0.5
51;0.027303379029035568;0.5258620977401733
52;0.027371833100914955;0.43103447556495667
53;0.026890955865383148;0.5
54;0.027113333344459534;0.5086206793785095
55;0.026373133063316345;0.5086206793785095
56;0.026253625750541687;0.5344827771186829
57;0.026165751740336418;0.5086206793785095
58;0.02573591284453869;0.5431034564971924
59;0.025887001305818558;0.47413793206214905
60;0.025480732321739197;0.5258620977401733
61;0.025089751929044724;0.5517241358757019
62;0.02518189512193203;0.5775862336158752
63;0.024682020768523216;0.568965494632721
64;0.025172609835863113;0.5603448152542114
65;0.02526048943400383;0.6034482717514038
66;0.024613576009869576;0.5862069129943848
67;0.026057174429297447;0.4913793206214905
68;0.02431708760559559;0.6120689511299133
69;0.02553088590502739;0.5603448152542114
70;0.024188263341784477;0.6034482717514038
71;0.023795755580067635;0.6206896305084229
72;0.02487795799970627;0.5344827771186829
73;0.023884354159235954;0.5603448152542114
74;0.023657483980059624;0.6034482717514038
75;0.02317003719508648;0.6293103694915771
76;0.02300836145877838;0.5948275923728943
77;0.022431809455156326;0.6120689511299133
78;0.022272460162639618;0.6637930870056152
79;0.021701611578464508;0.6724137663841248
80;0.021915800869464874;0.6637930870056152
81;0.02171727828681469;0.6465517282485962
82;0.022031545639038086;0.681034505367279
83;0.02092433162033558;0.6551724076271057
84;0.021106243133544922;0.6724137663841248
85;0.0212236475199461;0.6637930870056152
86;0.02002827450633049;0.7068965435028076
87;0.020379967987537384;0.7241379022598267
88;0.020058445632457733;0.6982758641242981
89;0.019870303571224213;0.7241379022598267
90;0.020701946690678596;0.7068965435028076
91;0.01955566368997097;0.7241379022598267
92;0.019442692399024963;0.6896551847457886
93;0.018977060914039612;0.7155172228813171
94;0.019794590771198273;0.6896551847457886
95;0.0211829524487257;0.6637930870056152
96;0.018368283286690712;0.7413793206214905
97;0.018966931849718094;0.7241379022598267
98;0.018624775111675262;0.6982758641242981
99;0.018408510833978653;0.732758641242981
100;0.01783878356218338;0.732758641242981
101;0.017607782036066055;0.7413793206214905
102;0.017200643196702003;0.7586206793785095
103;0.017303867265582085;0.75
104;0.017345963045954704;0.7413793206214905
105;0.017251161858439445;0.767241358757019
106;0.01749926246702671;0.7241379022598267
107;0.016959575936198235;0.7155172228813171
108;0.017158111557364464;0.7586206793785095
109;0.0172183346003294;0.7241379022598267
110;0.01688118651509285;0.7413793206214905
111;0.01693824492394924;0.7758620977401733
112;0.016577163711190224;0.75
113;0.01634697988629341;0.7586206793785095
114;0.01632069982588291;0.75
115;0.016726050525903702;0.75
116;0.01615448109805584;0.767241358757019
117;0.016341019421815872;0.7413793206214905
118;0.016084453091025352;0.7844827771186829
119;0.015813101083040237;0.75
120;0.01606624945998192;0.7758620977401733
121;0.01570856384932995;0.7931034564971924
122;0.01587768644094467;0.767241358757019
123;0.01556169893592596;0.7413793206214905
124;0.015539499931037426;0.7844827771186829
125;0.01583676040172577;0.7758620977401733
126;0.015283682383596897;0.7931034564971924
127;0.015330863185226917;0.7844827771186829
128;0.014803316444158554;0.7931034564971924
129;0.0152452252805233;0.7844827771186829
130;0.01477700937539339;0.7758620977401733
131;0.015490817837417126;0.7413793206214905
132;0.014676542021334171;0.7844827771186829
133;0.01498415321111679;0.767241358757019
134;0.014556633308529854;0.7931034564971924
135;0.01509773638099432;0.767241358757019
136;0.014447344467043877;0.8017241358757019
137;0.015429842285811901;0.767241358757019
138;0.014971470460295677;0.818965494632721
139;0.014324328862130642;0.7844827771186829
140;0.014977460727095604;0.7758620977401733
141;0.013694277964532375;0.7844827771186829
142;0.014873435720801353;0.7844827771186829
143;0.014379998669028282;0.7844827771186829
144;0.014398204162716866;0.8017241358757019
145;0.013901764526963234;0.7758620977401733
146;0.01333873625844717;0.8017241358757019
147;0.013803515583276749;0.7931034564971924
148;0.013752603903412819;0.7844827771186829
149;0.013694860972464085;0.7844827771186829
150;0.01407400332391262;0.7844827771186829
151;0.013319461606442928;0.7931034564971924
152;0.012858284637331963;0.7931034564971924
153;0.013779806904494762;0.7931034564971924
154;0.013401380740106106;0.7844827771186829
155;0.013143428601324558;0.7844827771186829
156;0.012863507494330406;0.7931034564971924
157;0.01293224561959505;0.7844827771186829
158;0.01315340492874384;0.7931034564971924
159;0.012662292458117008;0.7931034564971924
160;0.01281291339546442;0.7931034564971924
161;0.013129094615578651;0.8017241358757019
162;0.013506770133972168;0.7844827771186829
163;0.013965444639325142;0.7931034564971924
164;0.012672148644924164;0.7844827771186829
165;0.012892317958176136;0.7758620977401733
166;0.012582970783114433;0.7931034564971924
167;0.012528699822723866;0.7844827771186829
168;0.012575997039675713;0.818965494632721
169;0.012420334853231907;0.7931034564971924
170;0.012403220869600773;0.7931034564971924
171;0.011777780018746853;0.8017241358757019
172;0.012360487133264542;0.7931034564971924
173;0.0127305518835783;0.7931034564971924
174;0.012787201441824436;0.7758620977401733
175;0.012408950366079807;0.8103448152542114
176;0.012272084131836891;0.8103448152542114
177;0.012291214428842068;0.8103448152542114
178;0.012535981833934784;0.7931034564971924
179;0.01194452028721571;0.8275862336158752
180;0.0119710024446249;0.7931034564971924
181;0.01212081778794527;0.8103448152542114
182;0.012466199696063995;0.8017241358757019
183;0.01314733549952507;0.8017241358757019
184;0.011917851865291595;0.8103448152542114
185;0.013058948330581188;0.7758620977401733
186;0.011154018342494965;0.8534482717514038
187;0.012838402763009071;0.7931034564971924
188;0.011605428531765938;0.818965494632721
189;0.011590800248086452;0.8275862336158752
190;0.011916408315300941;0.8275862336158752
191;0.011316261254251003;0.8448275923728943
192;0.01121214497834444;0.8448275923728943
193;0.011290060356259346;0.818965494632721
194;0.011659687384963036;0.8362069129943848
195;0.011490878649055958;0.8362069129943848
196;0.011407513171434402;0.818965494632721
197;0.011139912530779839;0.8275862336158752
198;0.011927735060453415;0.8362069129943848
199;0.011238192208111286;0.8362069129943848
200;0.012320897541940212;0.7931034564971924
201;0.01131177507340908;0.8362069129943848
202;0.01245709415525198;0.7931034564971924
203;0.010425329208374023;0.8793103694915771
204;0.011038711294531822;0.8620689511299133
205;0.01220638956874609;0.818965494632721
206;0.010922874324023724;0.8793103694915771
207;0.01176278106868267;0.8275862336158752
208;0.011518462561070919;0.8362069129943848
209;0.012667703442275524;0.7758620977401733
210;0.011702358722686768;0.8017241358757019
211;0.010442632250487804;0.8706896305084229
212;0.011178839020431042;0.818965494632721
213;0.01089983619749546;0.8534482717514038
214;0.011704039759933949;0.8362069129943848
215;0.010812354274094105;0.8448275923728943
216;0.010571019724011421;0.8534482717514038
217;0.011290203779935837;0.8534482717514038
218;0.010772540234029293;0.8620689511299133
219;0.011103874072432518;0.8620689511299133
220;0.01060473546385765;0.8620689511299133
221;0.0102931447327137;0.8793103694915771
222;0.010567384772002697;0.8534482717514038
223;0.010433998890221119;0.8879310488700867
224;0.011144349351525307;0.8620689511299133
225;0.009998701512813568;0.8793103694915771
226;0.0116190817207098;0.8534482717514038
227;0.010796631686389446;0.8620689511299133
228;0.011037712916731834;0.8793103694915771
229;0.010048294439911842;0.8620689511299133
230;0.01049497164785862;0.8879310488700867
231;0.010192407295107841;0.8706896305084229
232;0.01140528079122305;0.8275862336158752
233;0.009962149895727634;0.8965517282485962
234;0.010817489586770535;0.8620689511299133
235;0.011844069696962833;0.8534482717514038
236;0.009905514307320118;0.8706896305084229
237;0.01253423374146223;0.7931034564971924
238;0.010938841849565506;0.8534482717514038
239;0.010157954879105091;0.8965517282485962
240;0.011844296008348465;0.8534482717514038
241;0.009890451095998287;0.8793103694915771
242;0.010127883404493332;0.8706896305084229
243;0.010146349668502808;0.8706896305084229
244;0.009523745626211166;0.8534482717514038
245;0.01009434461593628;0.8706896305084229
246;0.010459487326443195;0.8706896305084229
247;0.010031232610344887;0.9137930870056152
248;0.00920051895081997;0.8965517282485962
249;0.009652175009250641;0.8879310488700867
250;0.010020247660577297;0.8793103694915771
251;0.009317131713032722;0.8965517282485962
252;0.010179072618484497;0.8879310488700867
253;0.009408029727637768;0.9137930870056152
254;0.009606319479644299;0.8965517282485962
255;0.009496285580098629;0.8965517282485962
256;0.009960225783288479;0.8706896305084229
257;0.009376844391226768;0.8793103694915771
258;0.009767774492502213;0.8965517282485962
259;0.010350807569921017;0.8706896305084229
260;0.009200980886816978;0.8706896305084229
261;0.009284860454499722;0.8879310488700867
262;0.009766366332769394;0.8879310488700867
263;0.010142444632947445;0.8706896305084229
264;0.00980194192379713;0.8879310488700867
265;0.009590467438101768;0.9051724076271057
266;0.009158116765320301;0.8965517282485962
267;0.009310743771493435;0.8965517282485962
268;0.008978424593806267;0.9137930870056152
269;0.00935458391904831;0.8965517282485962
270;0.00877789780497551;0.9051724076271057
271;0.009910095483064651;0.9051724076271057
272;0.010343807749450207;0.8706896305084229
273;0.00856080837547779;0.9137930870056152
274;0.009642546996474266;0.9051724076271057
275;0.008711439557373524;0.9137930870056152
276;0.008274768479168415;0.9051724076271057
277;0.009274282492697239;0.8965517282485962
278;0.008802637457847595;0.931034505367279
279;0.008215653710067272;0.9224137663841248
280;0.008446967229247093;0.9137930870056152
281;0.008524847216904163;0.931034505367279
282;0.009338452480733395;0.9051724076271057
283;0.008166605606675148;0.9137930870056152
284;0.00883207656443119;0.9051724076271057
285;0.008486222475767136;0.9224137663841248
286;0.009395897388458252;0.8879310488700867
287;0.008408310823142529;0.9224137663841248
288;0.008005869574844837;0.931034505367279
289;0.007957976311445236;0.9137930870056152
290;0.0080353282392025;0.9051724076271057
291;0.008390858769416809;0.9137930870056152
292;0.007636430207639933;0.931034505367279
293;0.00833805836737156;0.931034505367279
294;0.008155315183103085;0.931034505367279
295;0.00882898923009634;0.8965517282485962
296;0.007641628850251436;0.9224137663841248
297;0.007960566319525242;0.9224137663841248
298;0.007885165512561798;0.9396551847457886
299;0.007719644345343113;0.9396551847457886
300;0.007684829644858837;0.9224137663841248
301;0.00747459102421999;0.9396551847457886
302;0.007396775297820568;0.9396551847457886
303;0.008069415576756;0.9137930870056152
304;0.007984060794115067;0.9396551847457886
305;0.0084794070571661;0.9137930870056152
306;0.008340961299836636;0.931034505367279
307;0.008332394063472748;0.9137930870056152
308;0.007224532309919596;0.9396551847457886
309;0.007596679963171482;0.931034505367279
310;0.008099190890789032;0.931034505367279
311;0.007633383385837078;0.931034505367279
312;0.007653303910046816;0.9051724076271057
313;0.0076320176012814045;0.9224137663841248
314;0.008205092512071133;0.9051724076271057
315;0.0076674516312778;0.9224137663841248
316;0.007390477694571018;0.9396551847457886
317;0.007220803294330835;0.931034505367279
318;0.007970635779201984;0.9051724076271057
319;0.007893006317317486;0.931034505367279
320;0.007533866912126541;0.9396551847457886
321;0.008198065683245659;0.9224137663841248
322;0.007677279878407717;0.931034505367279
323;0.007858515717089176;0.9396551847457886
324;0.007102288771420717;0.9396551847457886
325;0.007693529594689608;0.931034505367279
326;0.007173276040703058;0.931034505367279
327;0.0075510526075959206;0.931034505367279
328;0.007712212856858969;0.9224137663841248
329;0.0073214746080338955;0.931034505367279
330;0.00754211051389575;0.931034505367279
331;0.008332009427249432;0.9224137663841248
332;0.007408416364341974;0.9137930870056152
333;0.007021085824817419;0.9396551847457886
334;0.008347727358341217;0.9051724076271057
335;0.007663430646061897;0.9224137663841248
336;0.008819683454930782;0.9051724076271057
337;0.007369897793978453;0.9224137663841248
338;0.007536282762885094;0.931034505367279
339;0.010154133662581444;0.8620689511299133
340;0.00706770783290267;0.931034505367279
341;0.009223045781254768;0.9051724076271057
342;0.009525757282972336;0.8793103694915771
343;0.009944848716259003;0.8793103694915771
344;0.010401652194559574;0.8448275923728943
345;0.00819462537765503;0.9224137663841248
346;0.007858682423830032;0.9224137663841248
347;0.00999459344893694;0.9051724076271057
348;0.007630570326000452;0.9396551847457886
349;0.007197046186774969;0.931034505367279
350;0.008404894731938839;0.9051724076271057
351;0.008993072435259819;0.8965517282485962
352;0.007502390071749687;0.931034505367279
353;0.007235863711684942;0.931034505367279
354;0.007657474372535944;0.9224137663841248
355;0.010145393200218678;0.8793103694915771
356;0.007204173132777214;0.9137930870056152
357;0.007977921515703201;0.9224137663841248
358;0.007840064354240894;0.9396551847457886
359;0.007914277724921703;0.9051724076271057
360;0.008526296354830265;0.9051724076271057
361;0.007694897707551718;0.9224137663841248
362;0.007049013394862413;0.9396551847457886
363;0.007051970809698105;0.9224137663841248
364;0.007092863786965609;0.931034505367279
365;0.007125333417207003;0.9224137663841248
366;0.006873178295791149;0.9482758641242981
367;0.0071268146857619286;0.931034505367279
368;0.006286485120654106;0.9224137663841248
369;0.00757262110710144;0.9224137663841248
370;0.007503914646804333;0.9137930870056152
371;0.006893831305205822;0.931034505367279
372;0.007142237853258848;0.931034505367279
373;0.006540609057992697;0.931034505367279
374;0.006844279821962118;0.9396551847457886
375;0.007011922542005777;0.9224137663841248
376;0.006785744335502386;0.9396551847457886
377;0.00665035005658865;0.931034505367279
378;0.006609595380723476;0.931034505367279
379;0.007118316367268562;0.9396551847457886
380;0.006966516375541687;0.931034505367279
381;0.007184603251516819;0.9396551847457886
382;0.006695689167827368;0.9051724076271057
383;0.006461709272116423;0.931034505367279
384;0.006374480668455362;0.931034505367279
385;0.006490315310657024;0.9396551847457886
386;0.00647594453766942;0.9224137663841248
387;0.0068514361046254635;0.931034505367279
388;0.006632035598158836;0.931034505367279
389;0.006317351013422012;0.931034505367279
390;0.006290121003985405;0.931034505367279
391;0.006541630253195763;0.9224137663841248
392;0.006270781625062227;0.9224137663841248
393;0.006754809524863958;0.931034505367279
394;0.006364384666085243;0.9396551847457886
395;0.006121959071606398;0.9137930870056152
396;0.006030022632330656;0.9396551847457886
397;0.006907160393893719;0.931034505367279
398;0.006599344778805971;0.931034505367279
399;0.006775726564228535;0.9224137663841248
400;0.00629149517044425;0.9396551847457886
401;0.007048992905765772;0.9224137663841248
402;0.006372117903083563;0.9224137663841248
403;0.006371285300701857;0.9224137663841248
404;0.006779984105378389;0.931034505367279
405;0.006660717539489269;0.9137930870056152
406;0.006243452895432711;0.9224137663841248
407;0.006285563576966524;0.931034505367279
408;0.006405212916433811;0.931034505367279
409;0.006142503581941128;0.931034505367279
410;0.006419958546757698;0.931034505367279
411;0.006213516462594271;0.9396551847457886
412;0.0063591813668608665;0.9396551847457886
413;0.005983269773423672;0.9224137663841248
414;0.006559405475854874;0.9224137663841248
415;0.006251054350286722;0.931034505367279
416;0.006483352743089199;0.931034505367279
417;0.006374857388436794;0.931034505367279
418;0.00623669009655714;0.931034505367279
419;0.0066303773783147335;0.8965517282485962
420;0.006194449029862881;0.931034505367279
421;0.006328382529318333;0.931034505367279
422;0.00593603914603591;0.931034505367279
423;0.006466888356953859;0.9396551847457886
424;0.006373284850269556;0.9396551847457886
425;0.00603999150916934;0.931034505367279
426;0.006424165330827236;0.931034505367279
427;0.006277776323258877;0.9396551847457886
428;0.005684558302164078;0.931034505367279
429;0.005834265146404505;0.9482758641242981
430;0.005906235426664352;0.931034505367279
431;0.005998590029776096;0.9224137663841248
432;0.00637755636125803;0.9224137663841248
433;0.005881726276129484;0.931034505367279
434;0.005960215348750353;0.9396551847457886
435;0.006097210571169853;0.931034505367279
436;0.005865028128027916;0.9224137663841248
437;0.005980135407298803;0.9224137663841248
438;0.006878554821014404;0.9137930870056152
439;0.0063087474554777145;0.931034505367279
440;0.005488911643624306;0.9482758641242981
441;0.0056088762357831;0.9224137663841248
442;0.006177142262458801;0.931034505367279
443;0.0059441388584673405;0.9137930870056152
444;0.006316159851849079;0.931034505367279
445;0.006366867572069168;0.9224137663841248
446;0.005758142098784447;0.9482758641242981
447;0.005997557658702135;0.9224137663841248
448;0.00628389697521925;0.9051724076271057
449;0.006096669472754002;0.9137930870056152
450;0.005918196402490139;0.931034505367279
451;0.006370800081640482;0.9137930870056152
452;0.006144248880445957;0.931034505367279
453;0.006316048558801413;0.9224137663841248
454;0.005563242826610804;0.9396551847457886
455;0.005713892634958029;0.9568965435028076
456;0.006082871463149786;0.9224137663841248
457;0.005903852172195911;0.931034505367279
458;0.006044917274266481;0.931034505367279
459;0.006040153559297323;0.9396551847457886
460;0.00591646134853363;0.9224137663841248
461;0.006704341154545546;0.9224137663841248
462;0.005740487948060036;0.9396551847457886
463;0.005942887160927057;0.9396551847457886
464;0.005793080199509859;0.931034505367279
465;0.006266303826123476;0.9224137663841248
466;0.005471927113831043;0.9482758641242981
467;0.0060020023956894875;0.9224137663841248
468;0.0062964679673314095;0.931034505367279
469;0.005770908668637276;0.931034505367279
470;0.00592432264238596;0.931034505367279
471;0.0061882673762738705;0.9224137663841248
472;0.005734409671276808;0.9224137663841248
473;0.006236876826733351;0.9224137663841248
474;0.005984500050544739;0.931034505367279
475;0.005653632339090109;0.9224137663841248
476;0.006186376791447401;0.931034505367279
477;0.0061633349396288395;0.931034505367279
478;0.006049813237041235;0.931034505367279
479;0.006080521270632744;0.9137930870056152
480;0.005809168331325054;0.931034505367279
481;0.0063935802318155766;0.931034505367279
482;0.005919459275901318;0.9137930870056152
483;0.005735162645578384;0.931034505367279
484;0.006083941552788019;0.9224137663841248
485;0.006536436267197132;0.9137930870056152
486;0.005457798019051552;0.931034505367279
487;0.00590420700609684;0.9396551847457886
488;0.005726803094148636;0.931034505367279
489;0.00549791706725955;0.9137930870056152
490;0.005627681501209736;0.9396551847457886
491;0.005632659420371056;0.9137930870056152
492;0.005499542225152254;0.9224137663841248
493;0.005700145848095417;0.931034505367279
494;0.005493682809174061;0.931034505367279
495;0.006311048287898302;0.931034505367279
496;0.005655728746205568;0.9482758641242981
497;0.005762976594269276;0.9396551847457886
498;0.006392964161932468;0.9224137663841248
499;0.006265006028115749;0.9224137663841248
500;0.006672280374914408;0.9051724076271057
501;0.0070687574334442616;0.8965517282485962
502;0.005652266088873148;0.9396551847457886
503;0.008377138525247574;0.8448275923728943
504;0.005762274377048016;0.9568965435028076
505;0.00776840141043067;0.8879310488700867
506;0.005759809166193008;0.931034505367279
507;0.006662176921963692;0.9224137663841248
508;0.006239877548068762;0.9396551847457886
509;0.006424055900424719;0.931034505367279
510;0.006441563833504915;0.9224137663841248
511;0.005980154499411583;0.931034505367279
512;0.00580302719026804;0.9224137663841248
513;0.006217337213456631;0.9224137663841248
514;0.006235260516405106;0.9137930870056152
515;0.00604989193379879;0.9224137663841248
516;0.006062297150492668;0.9051724076271057
517;0.005628969520330429;0.9396551847457886
518;0.005644341930747032;0.931034505367279
519;0.005996640305966139;0.9396551847457886
520;0.005977645516395569;0.931034505367279
521;0.005790774244815111;0.931034505367279
522;0.006212451029568911;0.9482758641242981
523;0.0056142802350223064;0.9224137663841248
524;0.005507621914148331;0.9396551847457886
525;0.0054589188657701015;0.9137930870056152
526;0.005889668595045805;0.9224137663841248
527;0.005692438688129187;0.931034505367279
528;0.005490586161613464;0.9224137663841248
529;0.005612337961792946;0.9051724076271057
530;0.005615953356027603;0.931034505367279
531;0.005517084151506424;0.9224137663841248
532;0.005468336865305901;0.931034505367279
533;0.005579390097409487;0.9224137663841248
534;0.005861138924956322;0.8965517282485962
535;0.005237597972154617;0.931034505367279
536;0.005760280881077051;0.931034505367279
537;0.00554373674094677;0.9224137663841248
538;0.005593597888946533;0.9051724076271057
539;0.005449126474559307;0.9482758641242981
540;0.0051733218133449554;0.931034505367279
541;0.0054001822136342525;0.931034505367279
542;0.005516691133379936;0.931034505367279
543;0.005108466371893883;0.9482758641242981
544;0.005507415160536766;0.9224137663841248
545;0.005424259230494499;0.931034505367279
546;0.005382553208619356;0.9137930870056152
547;0.005502042360603809;0.9224137663841248
548;0.005668762139976025;0.9224137663841248
549;0.005697243846952915;0.931034505367279
550;0.005367490462958813;0.931034505367279
551;0.005595967639237642;0.931034505367279
552;0.005409913137555122;0.931034505367279
553;0.005667638964951038;0.9224137663841248
554;0.0058954632841050625;0.9051724076271057
555;0.005155444145202637;0.931034505367279
556;0.0055347769521176815;0.9224137663841248
557;0.005883612670004368;0.9224137663841248
558;0.005651077721267939;0.9137930870056152
559;0.005322585813701153;0.9224137663841248
560;0.005568331107497215;0.9396551847457886
561;0.005366256460547447;0.9396551847457886
562;0.005497567821294069;0.931034505367279
563;0.005434662103652954;0.931034505367279
564;0.005010809283703566;0.931034505367279
565;0.005552602931857109;0.9396551847457886
566;0.005443626083433628;0.9224137663841248
567;0.0058298432268202305;0.9137930870056152
568;0.005249038804322481;0.9396551847457886
569;0.005262736696749926;0.931034505367279
570;0.005121557507663965;0.931034505367279
571;0.005424282513558865;0.931034505367279
572;0.005316338501870632;0.9396551847457886
573;0.005360578186810017;0.931034505367279
574;0.005019496660679579;0.931034505367279
575;0.005636641290038824;0.9224137663841248
576;0.005329482723027468;0.931034505367279
577;0.013543728739023209;0.8534482717514038
578;0.005708551499992609;0.9224137663841248
579;0.023157820105552673;0.6896551847457886
580;0.0059935180470347404;0.931034505367279
581;0.012136130593717098;0.8362069129943848
582;0.0075686280615627766;0.9224137663841248
583;0.008732826448976994;0.8965517282485962
584;0.007829830050468445;0.9482758641242981
585;0.009135029278695583;0.9224137663841248
586;0.011536244302988052;0.8620689511299133
587;0.008242202922701836;0.9396551847457886
588;0.015194938518106937;0.818965494632721
589;0.01278386265039444;0.8706896305084229
590;0.011969970539212227;0.8793103694915771
591;0.010224603116512299;0.9051724076271057
592;0.011316336691379547;0.8879310488700867
593;0.008753638714551926;0.9396551847457886
594;0.010737437754869461;0.8793103694915771
595;0.012543421238660812;0.8275862336158752
596;0.011119913309812546;0.8706896305084229
597;0.008007927797734737;0.9224137663841248
598;0.006254536099731922;0.931034505367279
599;0.006712695583701134;0.931034505367279
600;0.007999272085726261;0.931034505367279
601;0.008803342469036579;0.9224137663841248
602;0.00887137372046709;0.931034505367279
603;0.008451229892671108;0.9051724076271057
604;0.006946853827685118;0.931034505367279
605;0.006214925087988377;0.9224137663841248
606;0.0064835213124752045;0.9224137663841248
607;0.006342415232211351;0.9396551847457886
608;0.006920898333191872;0.9137930870056152
609;0.0071504972875118256;0.931034505367279
610;0.007194218225777149;0.9224137663841248
611;0.0069207679480314255;0.931034505367279
612;0.006497753784060478;0.931034505367279
613;0.006007496267557144;0.931034505367279
614;0.006816654000431299;0.931034505367279
615;0.005898953881114721;0.931034505367279
616;0.0061231451109051704;0.9482758641242981
617;0.006093333940953016;0.9224137663841248
618;0.00610722741112113;0.9396551847457886
619;0.005757687613368034;0.931034505367279
620;0.005928121041506529;0.9224137663841248
621;0.005812234710901976;0.9482758641242981
622;0.005384113639593124;0.9396551847457886
623;0.005542301107198;0.9224137663841248
624;0.0055554588325321674;0.9396551847457886
625;0.006256201770156622;0.9137930870056152
626;0.005906391888856888;0.931034505367279
627;0.005656099412590265;0.931034505367279
628;0.005569730419665575;0.931034505367279
629;0.005665556062012911;0.931034505367279
630;0.005861381068825722;0.9224137663841248
631;0.00532315531745553;0.931034505367279
632;0.005403141491115093;0.931034505367279
633;0.0055497996509075165;0.931034505367279
634;0.0056594545021653175;0.931034505367279
635;0.005471630487591028;0.9224137663841248
636;0.005402860231697559;0.931034505367279
637;0.0051457881927490234;0.9396551847457886
638;0.005758298095315695;0.931034505367279
639;0.005506677553057671;0.931034505367279
640;0.005349858198314905;0.931034505367279
641;0.005425810348242521;0.931034505367279
642;0.0054716975428164005;0.931034505367279
643;0.005447236821055412;0.931034505367279
644;0.00574782257899642;0.9224137663841248
645;0.00528320949524641;0.931034505367279
646;0.0052472688257694244;0.9396551847457886
647;0.005442054942250252;0.931034505367279
648;0.005400898400694132;0.931034505367279
649;0.005241699982434511;0.931034505367279
650;0.005350701976567507;0.9224137663841248
651;0.005547834560275078;0.9137930870056152
652;0.00523929949849844;0.9224137663841248
653;0.005408511031419039;0.931034505367279
654;0.004928308073431253;0.931034505367279
655;0.00538950739428401;0.9396551847457886
656;0.00525960186496377;0.9224137663841248
657;0.005327202845364809;0.9224137663841248
658;0.005409443750977516;0.931034505367279
659;0.005593535490334034;0.9137930870056152
660;0.004893491975963116;0.9396551847457886
661;0.004886344075202942;0.9482758641242981
662;0.005157446954399347;0.9396551847457886
663;0.005388266872614622;0.9224137663841248
664;0.005767500959336758;0.9224137663841248
665;0.005413840990513563;0.9224137663841248
666;0.005139966495335102;0.9224137663841248
667;0.00500140618532896;0.9396551847457886
668;0.0053499601781368256;0.931034505367279
669;0.005448000971227884;0.9224137663841248
670;0.005214765202254057;0.931034505367279
671;0.0051035028882324696;0.931034505367279
672;0.00489355344325304;0.9482758641242981
673;0.005209118127822876;0.9224137663841248
674;0.004682669881731272;0.9396551847457886
675;0.004980554338544607;0.9224137663841248
676;0.005556453485041857;0.9396551847457886
677;0.0048470040783286095;0.9396551847457886
678;0.0053031351417303085;0.9137930870056152
679;0.005414815619587898;0.9224137663841248
680;0.005457812920212746;0.931034505367279
681;0.004888797178864479;0.931034505367279
682;0.005275827832520008;0.931034505367279
683;0.005282566417008638;0.9224137663841248
684;0.004840568173676729;0.9396551847457886
685;0.005464903078973293;0.9051724076271057
686;0.004992826841771603;0.9224137663841248
687;0.004977604374289513;0.9224137663841248
688;0.005642810370773077;0.8965517282485962
689;0.00522403372451663;0.9396551847457886
690;0.005121873691678047;0.9137930870056152
691;0.005135584622621536;0.931034505367279
692;0.005312804132699966;0.931034505367279
693;0.005450468510389328;0.931034505367279
694;0.005507134832441807;0.8879310488700867
695;0.005427183583378792;0.931034505367279
696;0.004577703773975372;0.9568965435028076
697;0.005143390968441963;0.931034505367279
698;0.005048289895057678;0.9137930870056152
699;0.005246095824986696;0.9224137663841248
700;0.004826288670301437;0.931034505367279
701;0.005185284651815891;0.9224137663841248
702;0.0048595815896987915;0.9396551847457886
703;0.005176273640245199;0.9137930870056152
704;0.005191040225327015;0.9224137663841248
705;0.005342796444892883;0.931034505367279
706;0.004534134641289711;0.9482758641242981
707;0.004931272938847542;0.9224137663841248
708;0.005130233708769083;0.931034505367279
709;0.005058241076767445;0.9224137663841248
710;0.0056534456089138985;0.9396551847457886
711;0.005018160212785006;0.931034505367279
712;0.005130870267748833;0.9051724076271057
713;0.005090959835797548;0.931034505367279
714;0.005195241421461105;0.9482758641242981
715;0.00516853854060173;0.931034505367279
716;0.004943786188960075;0.9137930870056152
717;0.004845305345952511;0.9396551847457886
718;0.005111214704811573;0.9224137663841248
719;0.005420959088951349;0.9224137663841248
720;0.004969979170709848;0.931034505367279
721;0.005237963981926441;0.9224137663841248
722;0.0051389820873737335;0.9396551847457886
723;0.00468503637239337;0.9396551847457886
724;0.0051758927293121815;0.9396551847457886
725;0.005250579211860895;0.9137930870056152
726;0.004775514826178551;0.9396551847457886
727;0.005038523580878973;0.9224137663841248
728;0.005326853599399328;0.931034505367279
729;0.00469166086986661;0.931034505367279
730;0.005138651933521032;0.931034505367279
731;0.005224255844950676;0.9396551847457886
732;0.005400059279054403;0.9224137663841248
733;0.005059152841567993;0.9137930870056152
734;0.005121531896293163;0.9224137663841248
735;0.004696665331721306;0.9482758641242981
736;0.005175509490072727;0.9137930870056152
737;0.004972470924258232;0.931034505367279
738;0.005006307736039162;0.931034505367279
739;0.005010304506868124;0.9396551847457886
740;0.00531386211514473;0.9224137663841248
741;0.00542681198567152;0.931034505367279
742;0.005257946904748678;0.931034505367279
743;0.005059798248112202;0.9224137663841248
744;0.0053292834199965;0.9396551847457886
745;0.005129558965563774;0.9224137663841248
746;0.004972605500370264;0.931034505367279
747;0.004740050062537193;0.931034505367279
748;0.0051879906095564365;0.9224137663841248
749;0.004518616478890181;0.9396551847457886
750;0.0047817048616707325;0.9396551847457886
751;0.005050978157669306;0.931034505367279
752;0.005021599121391773;0.9224137663841248
753;0.005032437853515148;0.931034505367279
754;0.004729843232780695;0.931034505367279
755;0.005093281157314777;0.9137930870056152
756;0.004884122405201197;0.9224137663841248
757;0.0049170819111168385;0.931034505367279
758;0.00518601480871439;0.931034505367279
759;0.005407391116023064;0.9137930870056152
760;0.005602930672466755;0.931034505367279
761;0.004991977941244841;0.931034505367279
762;0.005032254382967949;0.931034505367279
763;0.004920878913253546;0.931034505367279
764;0.005333101376891136;0.9224137663841248
765;0.005285161547362804;0.931034505367279
766;0.004946382250636816;0.9396551847457886
767;0.004858508240431547;0.9224137663841248
768;0.004690925590693951;0.931034505367279
769;0.0048734275624156;0.9224137663841248
770;0.004725513514131308;0.9396551847457886
771;0.004836736246943474;0.9396551847457886
772;0.0052812593057751656;0.931034505367279
773;0.005258289631456137;0.9137930870056152
774;0.004779780749231577;0.9224137663841248
775;0.005057745613157749;0.9224137663841248
776;0.004799132235348225;0.9224137663841248
777;0.0046085515059530735;0.9396551847457886
778;0.00493144616484642;0.9224137663841248
779;0.004839035682380199;0.9137930870056152
780;0.004879113752394915;0.9137930870056152
781;0.004887864459306002;0.931034505367279
782;0.005184479523450136;0.9137930870056152
783;0.004752080887556076;0.931034505367279
784;0.004809646867215633;0.9137930870056152
785;0.00485954899340868;0.9224137663841248
786;0.005297145340591669;0.9137930870056152
787;0.00533232232555747;0.931034505367279
788;0.004593133460730314;0.9396551847457886
789;0.004644733853638172;0.9137930870056152
790;0.004710962064564228;0.9396551847457886
791;0.00512305460870266;0.9224137663841248
792;0.005156379193067551;0.9224137663841248
793;0.005097714252769947;0.9137930870056152
794;0.004548266995698214;0.9396551847457886
795;0.004666920751333237;0.931034505367279
796;0.0053297788836061954;0.9224137663841248
797;0.004980840254575014;0.9482758641242981
798;0.004863434936851263;0.9224137663841248
799;0.004773874767124653;0.9396551847457886
800;0.004865432623773813;0.9396551847457886
801;0.0048293787986040115;0.9224137663841248
802;0.005015445873141289;0.9224137663841248
803;0.004509048070758581;0.9396551847457886
804;0.0048667872324585915;0.931034505367279
805;0.0045883189886808395;0.9396551847457886
806;0.005035100970417261;0.9224137663841248
807;0.004966342821717262;0.9224137663841248
808;0.004454189445823431;0.9224137663841248
809;0.004878317005932331;0.9051724076271057
810;0.004620878957211971;0.9482758641242981
811;0.004975717514753342;0.9224137663841248
812;0.004861680790781975;0.9137930870056152
813;0.005108283832669258;0.9224137663841248
814;0.004604971036314964;0.9482758641242981
815;0.00497664138674736;0.931034505367279
816;0.005033824592828751;0.9224137663841248
817;0.004644609522074461;0.9224137663841248
818;0.005046022590249777;0.9396551847457886
819;0.004809299483895302;0.931034505367279
820;0.005031279753893614;0.9224137663841248
821;0.004745015408843756;0.9224137663841248
822;0.0049292948096990585;0.9137930870056152
823;0.0051109641790390015;0.9051724076271057
824;0.004581974353641272;0.9568965435028076
825;0.004990656394511461;0.931034505367279
826;0.005251448135823011;0.931034505367279
827;0.00498441606760025;0.931034505367279
828;0.004928283393383026;0.9137930870056152
829;0.004870469216257334;0.9396551847457886
830;0.0049973176792263985;0.931034505367279
831;0.004887601360678673;0.931034505367279
832;0.004984512459486723;0.9396551847457886
833;0.004704399965703487;0.931034505367279
834;0.004464060999453068;0.9482758641242981
835;0.005095279309898615;0.9051724076271057
836;0.004810539074242115;0.931034505367279
837;0.004953603260219097;0.9137930870056152
838;0.00522536039352417;0.9224137663841248
839;0.00487480778247118;0.931034505367279
840;0.004958007484674454;0.9137930870056152
841;0.0047724079340696335;0.931034505367279
842;0.004851536825299263;0.9224137663841248
843;0.004691040609031916;0.931034505367279
844;0.0044099404476583;0.931034505367279
845;0.004668404348194599;0.9482758641242981
846;0.0045102802105247974;0.931034505367279
847;0.004607895854860544;0.931034505367279
848;0.004699766170233488;0.931034505367279
849;0.005059803836047649;0.9396551847457886
850;0.004868167918175459;0.9224137663841248
851;0.004613784141838551;0.9137930870056152
852;0.004837437067180872;0.931034505367279
853;0.004651593044400215;0.9396551847457886
854;0.004866080358624458;0.9224137663841248
855;0.004934248980134726;0.9224137663841248
856;0.0051796226762235165;0.9224137663841248
857;0.004856384824961424;0.9137930870056152
858;0.005014247260987759;0.9137930870056152
859;0.004452943801879883;0.9396551847457886
860;0.004608485847711563;0.9224137663841248
861;0.004687655251473188;0.931034505367279
862;0.004837787244468927;0.9396551847457886
863;0.0049348860047757626;0.931034505367279
864;0.004952367395162582;0.9396551847457886
865;0.004883447661995888;0.931034505367279
866;0.004868475254625082;0.9396551847457886
867;0.004367041401565075;0.9396551847457886
868;0.005286808591336012;0.9137930870056152
869;0.004534673411399126;0.9482758641242981
870;0.0045114378444850445;0.9224137663841248
871;0.004997843410819769;0.931034505367279
872;0.004663081374019384;0.931034505367279
873;0.004968669265508652;0.9224137663841248
874;0.004420940298587084;0.9224137663841248
875;0.004667204339057207;0.9224137663841248
876;0.004298295825719833;0.931034505367279
877;0.004543331917375326;0.9224137663841248
878;0.004759653937071562;0.931034505367279
879;0.004880174994468689;0.9396551847457886
880;0.004586620721966028;0.9224137663841248
881;0.0048734708689153194;0.931034505367279
882;0.004585491493344307;0.9137930870056152
883;0.004905368201434612;0.931034505367279
884;0.005139881279319525;0.9224137663841248
885;0.004866152070462704;0.931034505367279
886;0.004672958515584469;0.931034505367279
887;0.0045660571195185184;0.9396551847457886
888;0.0047344667837023735;0.931034505367279
889;0.004875653423368931;0.931034505367279
890;0.005153115373104811;0.9224137663841248
891;0.004745122976601124;0.9137930870056152
892;0.00471196323633194;0.931034505367279
893;0.004552045371383429;0.931034505367279
894;0.0050050984136760235;0.9224137663841248
895;0.004720021970570087;0.9224137663841248
896;0.0044392179697752;0.9396551847457886
897;0.004852608311921358;0.9396551847457886
898;0.005010542459785938;0.931034505367279
899;0.0044451248832046986;0.931034505367279
900;0.004738322459161282;0.931034505367279
901;0.0046997289173305035;0.9137930870056152
902;0.004931267350912094;0.9224137663841248
903;0.00493980385363102;0.9396551847457886
904;0.004664366599172354;0.931034505367279
905;0.004420239478349686;0.9224137663841248
906;0.005040097050368786;0.9224137663841248
907;0.004498307127505541;0.9396551847457886
908;0.004556968342512846;0.931034505367279
909;0.004718498792499304;0.9137930870056152
910;0.0046020615845918655;0.9396551847457886
911;0.004831281956285238;0.9224137663841248
912;0.004401426762342453;0.9396551847457886
913;0.004656918812543154;0.9224137663841248
914;0.005118172150105238;0.9137930870056152
915;0.004536871332675219;0.9482758641242981
916;0.004478537943214178;0.931034505367279
917;0.004999053664505482;0.9224137663841248
918;0.004717287607491016;0.9224137663841248
919;0.004744871985167265;0.931034505367279
920;0.004421718418598175;0.9224137663841248
921;0.004627629648894072;0.931034505367279
922;0.0051219407469034195;0.9051724076271057
923;0.004535968415439129;0.9482758641242981
924;0.004507369827479124;0.9396551847457886
925;0.004779327195137739;0.9482758641242981
926;0.004576368257403374;0.931034505367279
927;0.0050392355769872665;0.9396551847457886
928;0.004470820538699627;0.9224137663841248
929;0.00481392489746213;0.9224137663841248
930;0.004536593332886696;0.931034505367279
931;0.004477351438254118;0.9137930870056152
932;0.00492896931245923;0.9224137663841248
933;0.004456332419067621;0.931034505367279
934;0.0047502703964710236;0.9051724076271057
935;0.0047381846234202385;0.9482758641242981
936;0.004620075225830078;0.931034505367279
937;0.004793794360011816;0.931034505367279
938;0.004686896689236164;0.931034505367279
939;0.004488067235797644;0.931034505367279
940;0.004609501454979181;0.9224137663841248
941;0.004598372150212526;0.931034505367279
942;0.0049201021902263165;0.931034505367279
943;0.004735350143164396;0.931034505367279
944;0.004287130199372768;0.931034505367279
945;0.004392033908516169;0.9224137663841248
946;0.00494943093508482;0.931034505367279
947;0.004377918783575296;0.931034505367279
948;0.004429470282047987;0.9396551847457886
949;0.004970893729478121;0.9137930870056152
950;0.0046624368987977505;0.9224137663841248
951;0.004267449025064707;0.9482758641242981
952;0.004639430902898312;0.9482758641242981
953;0.004307796247303486;0.931034505367279
954;0.0046148826368153095;0.9224137663841248
955;0.004972280468791723;0.9137930870056152
956;0.0046005756594240665;0.9396551847457886
957;0.004516872577369213;0.9224137663841248
958;0.004821619018912315;0.9224137663841248
959;0.0041508967988193035;0.9396551847457886
960;0.004667629487812519;0.9396551847457886
961;0.004707925021648407;0.9396551847457886
962;0.004778384696692228;0.931034505367279
963;0.004423808306455612;0.9396551847457886
964;0.00428309990093112;0.931034505367279
965;0.004543237388134003;0.931034505367279
966;0.0045591373927891254;0.931034505367279
967;0.004399335477501154;0.9396551847457886
968;0.004719827324151993;0.9137930870056152
969;0.004834339488297701;0.931034505367279
970;0.004358996637165546;0.931034505367279
971;0.004599966108798981;0.931034505367279
972;0.004468628671020269;0.9396551847457886
973;0.004598666913807392;0.931034505367279
974;0.004240344278514385;0.9396551847457886
975;0.005052131600677967;0.9137930870056152
976;0.004616003483533859;0.9396551847457886
977;0.004591699689626694;0.9396551847457886
978;0.004499700386077166;0.9396551847457886
979;0.004672093782573938;0.931034505367279
980;0.0045870267786085606;0.9224137663841248
981;0.004734592046588659;0.931034505367279
982;0.004904729314148426;0.931034505367279
983;0.004805589094758034;0.9137930870056152
984;0.004730428569018841;0.9224137663841248
985;0.004734894260764122;0.9224137663841248
986;0.004537300672382116;0.931034505367279
987;0.004781599622219801;0.931034505367279
988;0.004591346252709627;0.9224137663841248
989;0.0048474823124706745;0.9224137663841248
990;0.00467903446406126;0.9224137663841248
991;0.004659912548959255;0.9224137663841248
992;0.004505770280957222;0.931034505367279
993;0.0043425895273685455;0.9396551847457886
994;0.004288190975785255;0.931034505367279
995;0.004197383765131235;0.9396551847457886
996;0.004309133160859346;0.931034505367279
997;0.004575917962938547;0.9396551847457886
998;0.004227509722113609;0.9224137663841248
999;0.0045663537457585335;0.9224137663841248
1000;0.004416113253682852;0.931034505367279
1001;0.00419274577870965;0.9482758641242981
1002;0.004462673794478178;0.931034505367279
1003;0.004723584745079279;0.9482758641242981
1004;0.0042644161731004715;0.931034505367279
1005;0.004676870070397854;0.9224137663841248
1006;0.00461805984377861;0.9224137663841248
1007;0.00447444524616003;0.9224137663841248
1008;0.004596753977239132;0.9224137663841248
1009;0.00466588418930769;0.931034505367279
1010;0.004581802058964968;0.9224137663841248
1011;0.004501959774643183;0.9137930870056152
1012;0.004409181885421276;0.931034505367279
1013;0.004559218417853117;0.931034505367279
1014;0.003910400439053774;0.9396551847457886
1015;0.004643923602998257;0.9224137663841248
1016;0.0046388693153858185;0.9137930870056152
1017;0.004511759616434574;0.9224137663841248
1018;0.004358326084911823;0.931034505367279
1019;0.004692413378506899;0.9396551847457886
1020;0.004377745557576418;0.931034505367279
1021;0.004358399193733931;0.931034505367279
1022;0.004871659446507692;0.9224137663841248
1023;0.004531264305114746;0.9224137663841248
1024;0.004507200792431831;0.9224137663841248
1025;0.0044678146950900555;0.9224137663841248
1026;0.004146529361605644;0.9396551847457886
1027;0.00463117053732276;0.9137930870056152
1028;0.004528348334133625;0.9396551847457886
1029;0.004143531899899244;0.9396551847457886
1030;0.004441797733306885;0.931034505367279
1031;0.0047103287652134895;0.9396551847457886
1032;0.004258915316313505;0.931034505367279
1033;0.004307693336158991;0.9482758641242981
1034;0.004622194916009903;0.9224137663841248
1035;0.0047264304012060165;0.9137930870056152
1036;0.00431078439578414;0.931034505367279
1037;0.0040632616728544235;0.931034505367279
1038;0.0046659670770168304;0.9137930870056152
1039;0.004394502844661474;0.9137930870056152
1040;0.004566059913486242;0.9396551847457886
1041;0.004375083837658167;0.9396551847457886
1042;0.004165734630078077;0.9396551847457886
1043;0.004843621049076319;0.931034505367279
1044;0.00462370878085494;0.9224137663841248
1045;0.004715530667454004;0.931034505367279
1046;0.004445218481123447;0.931034505367279
1047;0.004667583853006363;0.931034505367279
1048;0.004255079198628664;0.9396551847457886
1049;0.004118388053029776;0.931034505367279
1050;0.004327783361077309;0.9396551847457886
1051;0.004712102934718132;0.9137930870056152
1052;0.004778956528753042;0.9224137663841248
1053;0.004244299605488777;0.931034505367279
1054;0.004598374478518963;0.931034505367279
1055;0.0046387407928705215;0.931034505367279
1056;0.0047030095010995865;0.9224137663841248
1057;0.005189658608287573;0.9396551847457886
1058;0.008525936864316463;0.8620689511299133
1059;0.004632364958524704;0.931034505367279
1060;0.01631840504705906;0.75
1061;0.012123625725507736;0.8362069129943848
1062;0.01220166776329279;0.8362069129943848
1063;0.009927884675562382;0.8534482717514038
1064;0.01591845043003559;0.7586206793785095
1065;0.010551664046943188;0.8620689511299133
1066;0.006988876964896917;0.9396551847457886
1067;0.010146546177566051;0.8793103694915771
1068;0.009274844080209732;0.9137930870056152
1069;0.008272781036794186;0.9224137663841248
1070;0.007894403301179409;0.931034505367279
1071;0.008552752435207367;0.9137930870056152
1072;0.006235754583030939;0.931034505367279
1073;0.005815465934574604;0.931034505367279
1074;0.005774781573563814;0.9396551847457886
1075;0.007098393514752388;0.9051724076271057
1076;0.005982769653201103;0.9224137663841248
1077;0.005363490432500839;0.9396551847457886
1078;0.005173876881599426;0.931034505367279
1079;0.00574062904343009;0.931034505367279
1080;0.005502335261553526;0.931034505367279
1081;0.005331705790013075;0.9137930870056152
1082;0.005382259376347065;0.9224137663841248
1083;0.005586666986346245;0.931034505367279
1084;0.005177408456802368;0.931034505367279
1085;0.0053525082767009735;0.931034505367279
1086;0.0052198730409145355;0.931034505367279
1087;0.005132800899446011;0.931034505367279
1088;0.005019911099225283;0.931034505367279
1089;0.004844296723604202;0.931034505367279
1090;0.0050261844880878925;0.931034505367279
1091;0.0048181237652897835;0.931034505367279
1092;0.004877773579210043;0.931034505367279
1093;0.005138983018696308;0.931034505367279
1094;0.005001794081181288;0.931034505367279
1095;0.004658046178519726;0.931034505367279
1096;0.004830226302146912;0.9396551847457886
1097;0.004790110979229212;0.931034505367279
1098;0.005024929530918598;0.931034505367279
1099;0.0048125749453902245;0.931034505367279
1100;0.004535834304988384;0.931034505367279
1101;0.004731263965368271;0.9224137663841248
1102;0.004541430622339249;0.9396551847457886
1103;0.004768099635839462;0.931034505367279
1104;0.004507791250944138;0.9224137663841248
1105;0.00433114729821682;0.931034505367279
1106;0.004989182110875845;0.931034505367279
1107;0.00449752900749445;0.931034505367279
1108;0.0046312944032251835;0.9224137663841248
1109;0.004704946652054787;0.9137930870056152
1110;0.004553327336907387;0.9224137663841248
1111;0.004482370801270008;0.9224137663841248
1112;0.004556549247354269;0.931034505367279
1113;0.004588449373841286;0.931034505367279
1114;0.004723408725112677;0.9137930870056152
1115;0.004548061639070511;0.931034505367279
1116;0.004769906867295504;0.9224137663841248
1117;0.004758250899612904;0.9224137663841248
1118;0.004428118001669645;0.931034505367279
1119;0.004886242561042309;0.9224137663841248
1120;0.0045044696889817715;0.9051724076271057
1121;0.0043591223657131195;0.9137930870056152
1122;0.004729537758976221;0.9396551847457886
1123;0.0048323036171495914;0.9137930870056152
1124;0.004493183922022581;0.9396551847457886
1125;0.004450993146747351;0.931034505367279
1126;0.0047749849036335945;0.931034505367279
1127;0.0041781235486269;0.9396551847457886
1128;0.004493654705584049;0.9224137663841248
1129;0.0043907202780246735;0.931034505367279
1130;0.004501143004745245;0.931034505367279
1131;0.004810332786291838;0.931034505367279
1132;0.004792497958987951;0.9137930870056152
1133;0.0049325949512422085;0.9224137663841248
1134;0.004861288703978062;0.9224137663841248
1135;0.004510579630732536;0.931034505367279
1136;0.004362173844128847;0.931034505367279
1137;0.004525133408606052;0.9137930870056152
1138;0.004204768221825361;0.931034505367279
1139;0.004269210621714592;0.9396551847457886
1140;0.004353199619799852;0.9396551847457886
1141;0.004853242542594671;0.9224137663841248
1142;0.004678257741034031;0.931034505367279
1143;0.004947275388985872;0.9224137663841248
1144;0.004729358945041895;0.931034505367279
1145;0.004238584544509649;0.9396551847457886
1146;0.004518144764006138;0.9224137663841248
1147;0.004235217813402414;0.9224137663841248
1148;0.004304834641516209;0.9396551847457886
1149;0.004595180973410606;0.9224137663841248
1150;0.004552637692540884;0.9224137663841248
1151;0.00476361159235239;0.9137930870056152
1152;0.004427334293723106;0.931034505367279
1153;0.004458199255168438;0.931034505367279
1154;0.0045023513957858086;0.9396551847457886
1155;0.004426834639161825;0.9137930870056152
1156;0.004919752478599548;0.931034505367279
1157;0.004454038571566343;0.931034505367279
1158;0.004178141243755817;0.931034505367279
1159;0.004445596132427454;0.931034505367279
1160;0.004555299412459135;0.9224137663841248
1161;0.004076719284057617;0.931034505367279
1162;0.004349777940660715;0.931034505367279
1163;0.00461832620203495;0.9224137663841248
1164;0.00443672388792038;0.9137930870056152
1165;0.0043404665775597095;0.9224137663841248
1166;0.0042459298856556416;0.931034505367279
1167;0.0043451180681586266;0.9224137663841248
1168;0.004649418871849775;0.9224137663841248
1169;0.004013809375464916;0.9224137663841248
1170;0.0042838468216359615;0.931034505367279
1171;0.00418279180303216;0.9396551847457886
1172;0.004924978129565716;0.9224137663841248
1173;0.00434816675260663;0.9396551847457886
1174;0.004194165114313364;0.9224137663841248
1175;0.004046066198498011;0.9396551847457886
1176;0.004559405613690615;0.931034505367279
1177;0.004256473388522863;0.9137930870056152
1178;0.004159776959568262;0.931034505367279
1179;0.004845232702791691;0.9051724076271057
1180;0.0040036276914179325;0.9482758641242981
1181;0.004203271120786667;0.9224137663841248
1182;0.004264436662197113;0.931034505367279
1183;0.0043290965259075165;0.9482758641242981
1184;0.003994037862867117;0.931034505367279
1185;0.004093198571354151;0.9224137663841248
1186;0.004027480259537697;0.9137930870056152
1187;0.0040599568746984005;0.931034505367279
1188;0.004743451718240976;0.9224137663841248
1189;0.003954562358558178;0.9396551847457886
1190;0.004523197188973427;0.9224137663841248
1191;0.004625359084457159;0.9137930870056152
1192;0.004220874980092049;0.931034505367279
1193;0.0038352764677256346;0.931034505367279
1194;0.004310194868594408;0.931034505367279
1195;0.004363045562058687;0.931034505367279
1196;0.004564514383673668;0.9224137663841248
1197;0.004415242932736874;0.931034505367279
1198;0.00455859862267971;0.931034505367279
1199;0.004532300401479006;0.9224137663841248
1200;0.004425369203090668;0.9224137663841248
1201;0.004478521179407835;0.9137930870056152
1202;0.004155799280852079;0.9396551847457886
1203;0.004362020175904036;0.9137930870056152
1204;0.0043941945768892765;0.931034505367279
1205;0.004350617062300444;0.931034505367279
1206;0.004423919133841991;0.9224137663841248
1207;0.00445011118426919;0.9224137663841248
1208;0.0043753995560109615;0.9224137663841248
1209;0.004555081017315388;0.931034505367279
1210;0.004345210734754801;0.9224137663841248
1211;0.0043802689760923386;0.9224137663841248
1212;0.004019920714199543;0.9482758641242981
1213;0.004372681025415659;0.931034505367279
1214;0.004532251041382551;0.931034505367279
1215;0.004072966985404491;0.9482758641242981
1216;0.0044578020460903645;0.9137930870056152
1217;0.004184768535196781;0.9482758641242981
1218;0.004143816418945789;0.9396551847457886
1219;0.003904985496774316;0.9482758641242981
1220;0.004512113984674215;0.9137930870056152
1221;0.0044437372125685215;0.931034505367279
1222;0.004410563502460718;0.931034505367279
1223;0.004098343662917614;0.9396551847457886
1224;0.004608117509633303;0.931034505367279
1225;0.0041052671149373055;0.931034505367279
1226;0.004294808022677898;0.9137930870056152
1227;0.004133546259254217;0.931034505367279
1228;0.0047318278811872005;0.9224137663841248
1229;0.0040787202306091785;0.9224137663841248
1230;0.004601105581969023;0.9396551847457886
1231;0.004405563231557608;0.931034505367279
1232;0.004375488962978125;0.931034505367279
1233;0.004386702552437782;0.9224137663841248
1234;0.0042860377579927444;0.931034505367279
1235;0.004448831081390381;0.931034505367279
1236;0.004171233158558607;0.9137930870056152
1237;0.004079117905348539;0.9396551847457886
1238;0.004480115137994289;0.9137930870056152
1239;0.004303617402911186;0.931034505367279
1240;0.004402861464768648;0.9137930870056152
1241;0.004166578873991966;0.9482758641242981
1242;0.004496271722018719;0.9224137663841248
1243;0.004463966935873032;0.931034505367279
1244;0.004241835791617632;0.931034505367279
1245;0.004164936952292919;0.9224137663841248
1246;0.004655963741242886;0.931034505367279
1247;0.004040531348437071;0.9396551847457886
1248;0.004207886289805174;0.931034505367279
1249;0.004331284202635288;0.9396551847457886
1250;0.004337389953434467;0.931034505367279
1251;0.004082599654793739;0.9396551847457886
1252;0.004089838359504938;0.931034505367279
1253;0.004300808534026146;0.9396551847457886
1254;0.0041555059142410755;0.9224137663841248
1255;0.004481012467294931;0.931034505367279
1256;0.004338339902460575;0.931034505367279
1257;0.004108026158064604;0.931034505367279
1258;0.004260736051946878;0.931034505367279
1259;0.004350116942077875;0.9224137663841248
1260;0.004090806934982538;0.931034505367279
1261;0.0040444242767989635;0.931034505367279
1262;0.004572383128106594;0.931034505367279
1263;0.004288577474653721;0.9396551847457886
1264;0.004251520149409771;0.931034505367279
1265;0.0043876138515770435;0.9224137663841248
1266;0.00471597770228982;0.9224137663841248
1267;0.004191078711301088;0.931034505367279
1268;0.004429779015481472;0.9137930870056152
1269;0.004184149671345949;0.931034505367279
1270;0.004605331923812628;0.9224137663841248
1271;0.0040915184654295444;0.9482758641242981
1272;0.0037077050656080246;0.9396551847457886
1273;0.0042898268438875675;0.9137930870056152
1274;0.004371474962681532;0.931034505367279
1275;0.004201678093522787;0.931034505367279
1276;0.004540279507637024;0.9396551847457886
1277;0.004270810168236494;0.9137930870056152
1278;0.004075351636856794;0.9482758641242981
1279;0.004114692565053701;0.9396551847457886
1280;0.0043511055409908295;0.931034505367279
1281;0.004045175854116678;0.9224137663841248
1282;0.0044126627035439014;0.931034505367279
1283;0.004115855321288109;0.9224137663841248
1284;0.004086960107088089;0.9396551847457886
1285;0.004199609626084566;0.9224137663841248
1286;0.0040133362635970116;0.9137930870056152
1287;0.004344439134001732;0.9137930870056152
1288;0.004274708218872547;0.9396551847457886
1289;0.004272717982530594;0.9224137663841248
1290;0.004398147575557232;0.9224137663841248
1291;0.004167092032730579;0.9482758641242981
1292;0.00406506285071373;0.9396551847457886
1293;0.004133280832320452;0.9224137663841248
1294;0.004038154147565365;0.9224137663841248
1295;0.004011248704046011;0.9396551847457886
1296;0.00398394325748086;0.931034505367279
1297;0.004289744421839714;0.931034505367279
1298;0.004207207355648279;0.9396551847457886
1299;0.00415914598852396;0.931034505367279
1300;0.004063336178660393;0.9137930870056152
1301;0.004214978311210871;0.9224137663841248
1302;0.004209112375974655;0.931034505367279
1303;0.004209650680422783;0.931034505367279
1304;0.004527098964899778;0.9137930870056152
1305;0.0043781232088804245;0.9137930870056152
1306;0.004018597770482302;0.931034505367279
1307;0.004284994676709175;0.931034505367279
1308;0.004315099213272333;0.9224137663841248
1309;0.004459967836737633;0.931034505367279
1310;0.004262697417289019;0.9482758641242981
1311;0.0043492442928254604;0.931034505367279
1312;0.004345989320427179;0.931034505367279
1313;0.004030682146549225;0.9482758641242981
1314;0.0043286229483783245;0.9224137663841248
1315;0.004136353265494108;0.9396551847457886
1316;0.004153271671384573;0.931034505367279
1317;0.00458375783637166;0.9137930870056152
1318;0.004195802379399538;0.931034505367279
1319;0.004617008380591869;0.9137930870056152
1320;0.004260666202753782;0.9396551847457886
1321;0.004572348669171333;0.8965517282485962
1322;0.004721871577203274;0.9137930870056152
1323;0.0042505040764808655;0.9224137663841248
1324;0.004453103989362717;0.9137930870056152
1325;0.0042859893292188644;0.931034505367279
1326;0.003801323240622878;0.9396551847457886
1327;0.004305335693061352;0.931034505367279
1328;0.004513037856668234;0.9224137663841248
1329;0.004327415022999048;0.9224137663841248
1330;0.004531776066869497;0.9224137663841248
1331;0.004100507590919733;0.9396551847457886
1332;0.004290882498025894;0.931034505367279
1333;0.0037804334424436092;0.9482758641242981
1334;0.004343619104474783;0.931034505367279
1335;0.004023586865514517;0.9137930870056152
1336;0.004404760431498289;0.931034505367279
1337;0.004014596808701754;0.9396551847457886
1338;0.004026314243674278;0.9224137663841248
1339;0.004140862263739109;0.9396551847457886
1340;0.0039637163281440735;0.9396551847457886
1341;0.003842824138700962;0.931034505367279
1342;0.0040318830870091915;0.9224137663841248
1343;0.004206615500152111;0.931034505367279
1344;0.00411620270460844;0.931034505367279
1345;0.004105127416551113;0.931034505367279
1346;0.004043712746351957;0.931034505367279
1347;0.003966882824897766;0.931034505367279
1348;0.004311538767069578;0.9137930870056152
1349;0.004070579074323177;0.9224137663841248
1350;0.004123775288462639;0.9224137663841248
1351;0.0037878667935729027;0.9396551847457886
1352;0.004138094838708639;0.931034505367279
1353;0.004300616681575775;0.9224137663841248
1354;0.004594210535287857;0.931034505367279
1355;0.00408207019791007;0.9224137663841248
1356;0.004362760577350855;0.9137930870056152
1357;0.004196119029074907;0.931034505367279
1358;0.0042447615414857864;0.9224137663841248
1359;0.004117227159440517;0.931034505367279
1360;0.003980637062340975;0.931034505367279
1361;0.004207930527627468;0.931034505367279
1362;0.004432914778590202;0.9224137663841248
1363;0.003955937456339598;0.9224137663841248
1364;0.004067650996148586;0.9396551847457886
1365;0.004241139627993107;0.9137930870056152
1366;0.004083084873855114;0.931034505367279
1367;0.00422007916495204;0.931034505367279
1368;0.003959147725254297;0.931034505367279
1369;0.003996674902737141;0.9224137663841248
1370;0.004094432573765516;0.9224137663841248
1371;0.004517757799476385;0.931034505367279
1372;0.0044682445004582405;0.9224137663841248
1373;0.004000549204647541;0.931034505367279
1374;0.00416647270321846;0.9396551847457886
1375;0.003952184692025185;0.931034505367279
1376;0.004242047667503357;0.9482758641242981
1377;0.0043280962854623795;0.931034505367279
1378;0.004263958893716335;0.9137930870056152
1379;0.003954836633056402;0.9396551847457886
1380;0.003869516309350729;0.9396551847457886
1381;0.004163742531090975;0.931034505367279
1382;0.0039024732541292906;0.931034505367279
1383;0.004264711868017912;0.931034505367279
1384;0.004522649105638266;0.9137930870056152
1385;0.0038370604161173105;0.9482758641242981
1386;0.004149772226810455;0.931034505367279
1387;0.004241551272571087;0.931034505367279
1388;0.003922824282199144;0.9224137663841248
1389;0.004187487531453371;0.9396551847457886
1390;0.004468456842005253;0.9396551847457886
1391;0.004322693217545748;0.931034505367279
1392;0.003965100273489952;0.9396551847457886
1393;0.003980087116360664;0.931034505367279
1394;0.004517575725913048;0.9224137663841248
1395;0.003944346681237221;0.931034505367279
1396;0.004118759650737047;0.9224137663841248
1397;0.0038090378511697054;0.931034505367279
1398;0.003965738229453564;0.931034505367279
1399;0.0042251162230968475;0.931034505367279
1400;0.00425928458571434;0.931034505367279
1401;0.004099892918020487;0.9396551847457886
1402;0.0038406711537390947;0.931034505367279
1403;0.004064197652041912;0.9396551847457886
1404;0.003914243541657925;0.9396551847457886
1405;0.004065263085067272;0.931034505367279
1406;0.0038674899842590094;0.9224137663841248
1407;0.00402094004675746;0.931034505367279
1408;0.004018587060272694;0.9224137663841248
1409;0.00432083522900939;0.9224137663841248
1410;0.004070104565471411;0.931034505367279
1411;0.004103648476302624;0.9224137663841248
1412;0.004172551445662975;0.9137930870056152
1413;0.004210576880723238;0.9396551847457886
1414;0.004220824223011732;0.9137930870056152
1415;0.00399670610204339;0.9396551847457886
1416;0.0038423018995672464;0.9396551847457886
1417;0.0040026940405368805;0.931034505367279
1418;0.0039952415972948074;0.931034505367279
1419;0.00422325124964118;0.9137930870056152
1420;0.004136803559958935;0.9396551847457886
1421;0.004132543690502644;0.931034505367279
1422;0.0039746444672346115;0.931034505367279
1423;0.0039054721128195524;0.9396551847457886
1424;0.003982765134423971;0.9396551847457886
1425;0.003996106330305338;0.9224137663841248
1426;0.004405816085636616;0.9137930870056152
1427;0.004047831986099482;0.9396551847457886
1428;0.004116327967494726;0.931034505367279
1429;0.004162594210356474;0.9137930870056152
1430;0.003691981779411435;0.9396551847457886
1431;0.003900227602571249;0.931034505367279
1432;0.004263898823410273;0.9137930870056152
1433;0.004250669851899147;0.9224137663841248
1434;0.0037040277384221554;0.9568965435028076
1435;0.004061477724462748;0.9224137663841248
1436;0.004059171304106712;0.9224137663841248
1437;0.0042995885014534;0.931034505367279
1438;0.004236431792378426;0.9224137663841248
1439;0.004195936024188995;0.931034505367279
1440;0.0039054143708199263;0.9482758641242981
1441;0.004032548982650042;0.931034505367279
1442;0.003753264434635639;0.9482758641242981
1443;0.004076517652720213;0.9224137663841248
1444;0.0038741305470466614;0.931034505367279
1445;0.0042301807552576065;0.931034505367279
1446;0.00435336958616972;0.9137930870056152
1447;0.004223947413265705;0.9396551847457886
1448;0.0038150388281792402;0.931034505367279
1449;0.004090580157935619;0.9137930870056152
1450;0.004073637537658215;0.931034505367279
1451;0.0039849416352808475;0.931034505367279
1452;0.0038503846153616905;0.9396551847457886
1453;0.0039527625776827335;0.9224137663841248
1454;0.003752287244424224;0.9396551847457886
1455;0.004092766437679529;0.9224137663841248
1456;0.0042419638484716415;0.931034505367279
1457;0.004157057497650385;0.9137930870056152
1458;0.004321321379393339;0.9137930870056152
1459;0.004122888669371605;0.9396551847457886
1460;0.004246878437697887;0.9137930870056152
1461;0.004182334523648024;0.9396551847457886
1462;0.004193253815174103;0.931034505367279
1463;0.00484488857910037;0.9137930870056152
1464;0.003880038857460022;0.931034505367279
1465;0.003774191252887249;0.931034505367279
1466;0.00405017239972949;0.9396551847457886
1467;0.003795372787863016;0.931034505367279
1468;0.0039733354933559895;0.931034505367279
1469;0.0041803778149187565;0.9224137663841248
1470;0.003987962380051613;0.9396551847457886
1471;0.0036955964751541615;0.931034505367279
1472;0.003979615867137909;0.931034505367279
1473;0.0042519657872617245;0.931034505367279
1474;0.004448334686458111;0.9137930870056152
1475;0.004208890721201897;0.931034505367279
1476;0.004284815862774849;0.9224137663841248
1477;0.0042553977109491825;0.931034505367279
1478;0.004222252871841192;0.931034505367279
1479;0.004201570525765419;0.9224137663841248
1480;0.004469137638807297;0.931034505367279
1481;0.004062442108988762;0.9224137663841248
1482;0.004253844264894724;0.9224137663841248
1483;0.004029337782412767;0.9482758641242981
1484;0.0038845676463097334;0.9482758641242981
1485;0.003996075596660376;0.9224137663841248
1486;0.003986228257417679;0.9137930870056152
1487;0.004352286458015442;0.931034505367279
1488;0.0040556457825005054;0.9137930870056152
1489;0.004105678293853998;0.931034505367279
1490;0.004051869735121727;0.931034505367279
1491;0.004007297568023205;0.9137930870056152
1492;0.0037118757609277964;0.931034505367279
1493;0.003755660029128194;0.931034505367279
1494;0.004031972959637642;0.9224137663841248
1495;0.00439007394015789;0.8965517282485962
1496;0.003981153015047312;0.9396551847457886
1497;0.0038530819583684206;0.931034505367279
1498;0.004275964573025703;0.9224137663841248
1499;0.004157718736678362;0.931034505367279
