iteration;loss;accuracy
0;0.03978050500154495;0.08620689809322357
1;0.0360628217458725;0.12931033968925476
2;0.03530582785606384;0.1551724076271057
3;0.03482000157237053;0.23275862634181976
4;0.034544363617897034;0.26724138855934143
5;0.034849029034376144;0.22413793206214905
6;0.03450216352939606;0.23275862634181976
7;0.0344005785882473;0.24137930572032928
8;0.034171391278505325;0.23275862634181976
9;0.034140728414058685;0.2586206793785095
10;0.034051015973091125;0.18103447556495667
11;0.03387494012713432;0.23275862634181976
12;0.033452704548835754;0.2586206793785095
13;0.03319552540779114;0.27586206793785095
14;0.033169832080602646;0.27586206793785095
15;0.03321775794029236;0.25
16;0.032770510762929916;0.2844827473163605
17;0.03252061456441879;0.26724138855934143
18;0.03219519555568695;0.3103448152542114
19;0.031963739544153214;0.3103448152542114
20;0.03179880604147911;0.3362068831920624
21;0.03181978315114975;0.3362068831920624
22;0.03166179731488228;0.3362068831920624
23;0.03133876621723175;0.38793104887008667
24;0.031233930960297585;0.38793104887008667
25;0.03055541031062603;0.3534482717514038
26;0.030765237286686897;0.3448275923728943
27;0.030324338003993034;0.37931033968925476
28;0.030112838372588158;0.3965517282485962
29;0.02957501821219921;0.42241379618644714
30;0.029437271878123283;0.37931033968925476
31;0.029021475464105606;0.4482758641242981
32;0.02899516373872757;0.5258620977401733
33;0.028987150639295578;0.4051724076271057
34;0.02855817601084709;0.517241358757019
35;0.027953440323472023;0.517241358757019
36;0.027923595160245895;0.48275861144065857
37;0.027543989941477776;0.517241358757019
38;0.02734757401049137;0.5775862336158752
39;0.02718406356871128;0.5431034564971924
40;0.026616010814905167;0.5603448152542114
41;0.0257481150329113;0.568965494632721
42;0.025825319811701775;0.5862069129943848
43;0.02630477584898472;0.5517241358757019
44;0.025161005556583405;0.6034482717514038
45;0.0246491190046072;0.6034482717514038
46;0.024443943053483963;0.6034482717514038
47;0.025078490376472473;0.6465517282485962
48;0.024633323773741722;0.5862069129943848
49;0.02351967617869377;0.6379310488700867
50;0.023668278008699417;0.6379310488700867
51;0.023257844150066376;0.6293103694915771
52;0.02328864298760891;0.6379310488700867
53;0.022315334528684616;0.6724137663841248
54;0.022624611854553223;0.6379310488700867
55;0.02195318043231964;0.6982758641242981
56;0.02290390059351921;0.6551724076271057
57;0.02216157130897045;0.6637930870056152
58;0.02262018248438835;0.6551724076271057
59;0.021931268274784088;0.6724137663841248
60;0.021316777914762497;0.6896551847457886
61;0.02218647487461567;0.6465517282485962
62;0.020747624337673187;0.6982758641242981
63;0.02160700410604477;0.6896551847457886
64;0.020611261948943138;0.681034505367279
65;0.02031770534813404;0.681034505367279
66;0.02033972553908825;0.681034505367279
67;0.019710173830389977;0.7068965435028076
68;0.02010803483426571;0.7068965435028076
69;0.01984344609081745;0.7155172228813171
70;0.018955541774630547;0.7241379022598267
71;0.01894800364971161;0.7155172228813171
72;0.018729519098997116;0.7155172228813171
73;0.018576625734567642;0.75
74;0.018579578027129173;0.7413793206214905
75;0.0177093967795372;0.7586206793785095
76;0.017775993794202805;0.7241379022598267
77;0.01750538870692253;0.7586206793785095
78;0.017697550356388092;0.75
79;0.017310447990894318;0.8017241358757019
80;0.017078131437301636;0.8017241358757019
81;0.017114728689193726;0.767241358757019
82;0.01739715412259102;0.7844827771186829
83;0.01630610227584839;0.7931034564971924
84;0.0167684406042099;0.767241358757019
85;0.01725439354777336;0.7413793206214905
86;0.01580675318837166;0.7758620977401733
87;0.016429509967565536;0.7758620977401733
88;0.016298146918416023;0.7844827771186829
89;0.015841089189052582;0.7844827771186829
90;0.016356993466615677;0.7844827771186829
91;0.01572653092443943;0.7931034564971924
92;0.015676086768507957;0.7931034564971924
93;0.016048885881900787;0.7586206793785095
94;0.015993762761354446;0.7844827771186829
95;0.014989649876952171;0.8017241358757019
96;0.015647364780306816;0.7844827771186829
97;0.015009980648756027;0.7844827771186829
98;0.015173275023698807;0.8017241358757019
99;0.015759645029902458;0.7586206793785095
100;0.015331460162997246;0.7931034564971924
101;0.014945192262530327;0.7931034564971924
102;0.01444591861218214;0.7931034564971924
103;0.014669579453766346;0.7931034564971924
104;0.01500974502414465;0.7844827771186829
105;0.014264429919421673;0.7931034564971924
106;0.01434408500790596;0.7931034564971924
107;0.014296304434537888;0.7844827771186829
108;0.014497012831270695;0.7931034564971924
109;0.014469074085354805;0.8017241358757019
110;0.014413135126233101;0.7844827771186829
111;0.013837181031703949;0.7931034564971924
112;0.014382258988916874;0.7931034564971924
113;0.014233973808586597;0.7931034564971924
114;0.013920575380325317;0.7931034564971924
115;0.013626251369714737;0.818965494632721
116;0.01358508225530386;0.8017241358757019
117;0.013635430485010147;0.7844827771186829
118;0.013039368204772472;0.8017241358757019
119;0.013491245917975903;0.818965494632721
120;0.013550796546041965;0.8017241358757019
121;0.013375244103372097;0.8017241358757019
122;0.013597398065030575;0.8017241358757019
123;0.013379671610891819;0.8017241358757019
124;0.013089840300381184;0.7931034564971924
125;0.012919342145323753;0.8017241358757019
126;0.013377961702644825;0.8103448152542114
127;0.01300809159874916;0.8275862336158752
128;0.013100940734148026;0.8103448152542114
129;0.012887013144791126;0.8103448152542114
130;0.01259022206068039;0.818965494632721
131;0.01341045182198286;0.8275862336158752
132;0.012595555745065212;0.8017241358757019
133;0.01242010947316885;0.8275862336158752
134;0.012615237385034561;0.8275862336158752
135;0.012854030355811119;0.8362069129943848
136;0.0124274967238307;0.8103448152542114
137;0.012254434637725353;0.8103448152542114
138;0.013245842419564724;0.8017241358757019
139;0.01287044771015644;0.8103448152542114
140;0.012609240598976612;0.8534482717514038
141;0.011782429181039333;0.8275862336158752
142;0.013523757457733154;0.8103448152542114
143;0.012350858189165592;0.8017241358757019
144;0.012325841002166271;0.7931034564971924
145;0.012302159331738949;0.8275862336158752
146;0.011787674389779568;0.818965494632721
147;0.012180676683783531;0.8362069129943848
148;0.011320449411869049;0.8793103694915771
149;0.011686409823596478;0.8275862336158752
150;0.011896483600139618;0.8275862336158752
151;0.012116661295294762;0.8275862336158752
152;0.012289199978113174;0.8448275923728943
153;0.011486741714179516;0.8017241358757019
154;0.011420322582125664;0.8706896305084229
155;0.011435716412961483;0.8534482717514038
156;0.011143597774207592;0.8275862336158752
157;0.011582650244235992;0.8275862336158752
158;0.010778449475765228;0.8793103694915771
159;0.011426771059632301;0.8448275923728943
160;0.011590479873120785;0.818965494632721
161;0.011168465949594975;0.8275862336158752
162;0.010914206504821777;0.8706896305084229
163;0.010967552661895752;0.8706896305084229
164;0.011245936155319214;0.8448275923728943
165;0.011192995123565197;0.9137930870056152
166;0.011256457306444645;0.8534482717514038
167;0.011464351788163185;0.8275862336158752
168;0.010995876044034958;0.8706896305084229
169;0.010914565064013004;0.8706896305084229
170;0.010208791121840477;0.8965517282485962
171;0.011341065168380737;0.8534482717514038
172;0.01119962427765131;0.8448275923728943
173;0.01102837547659874;0.9051724076271057
174;0.01130751334130764;0.9051724076271057
175;0.010575396940112114;0.8793103694915771
176;0.010784194804728031;0.8534482717514038
177;0.010167097672820091;0.8620689511299133
178;0.010525805875658989;0.8793103694915771
179;0.009971622377634048;0.9051724076271057
180;0.009935369715094566;0.9137930870056152
181;0.010205427184700966;0.8879310488700867
182;0.010183323174715042;0.8620689511299133
183;0.010481680743396282;0.8706896305084229
184;0.010061862878501415;0.931034505367279
185;0.01082760002464056;0.8879310488700867
186;0.009667509235441685;0.931034505367279
187;0.010003958828747272;0.8793103694915771
188;0.010567648336291313;0.8793103694915771
189;0.010005006566643715;0.8965517282485962
190;0.009365087375044823;0.9137930870056152
191;0.010319719091057777;0.9051724076271057
192;0.009491096250712872;0.931034505367279
193;0.009870323352515697;0.8534482717514038
194;0.00982245709747076;0.9224137663841248
195;0.009642810560762882;0.8965517282485962
196;0.00933985598385334;0.9224137663841248
197;0.009950547479093075;0.9137930870056152
198;0.009541453793644905;0.931034505367279
199;0.00971856527030468;0.9224137663841248
200;0.009520065039396286;0.9224137663841248
201;0.009616594761610031;0.9137930870056152
202;0.009510871022939682;0.9137930870056152
203;0.008981410413980484;0.931034505367279
204;0.010311547666788101;0.9224137663841248
205;0.009223099797964096;0.931034505367279
206;0.009272981435060501;0.9137930870056152
207;0.00980715174227953;0.8965517282485962
208;0.00914548709988594;0.9224137663841248
209;0.00951262004673481;0.9137930870056152
210;0.01026394497603178;0.8706896305084229
211;0.009355723857879639;0.9051724076271057
212;0.009271422401070595;0.8793103694915771
213;0.010218950919806957;0.8534482717514038
214;0.00930093601346016;0.9137930870056152
215;0.0091444943100214;0.9224137663841248
216;0.009988454170525074;0.9051724076271057
217;0.00875635165721178;0.9224137663841248
218;0.008576479740440845;0.9051724076271057
219;0.00926139485090971;0.9051724076271057
220;0.00889845285564661;0.931034505367279
221;0.009021486155688763;0.9137930870056152
222;0.009189289063215256;0.9224137663841248
223;0.008555389009416103;0.931034505367279
224;0.007943064905703068;0.931034505367279
225;0.007930905558168888;0.931034505367279
226;0.009493008255958557;0.8706896305084229
227;0.008383655920624733;0.931034505367279
228;0.008143041282892227;0.931034505367279
229;0.007972718216478825;0.9396551847457886
230;0.008528091013431549;0.9224137663841248
231;0.008855767548084259;0.9051724076271057
232;0.008348265662789345;0.9137930870056152
233;0.008597281761467457;0.931034505367279
234;0.00806504301726818;0.931034505367279
235;0.008040951564908028;0.9224137663841248
236;0.00789385475218296;0.931034505367279
237;0.008305313996970654;0.9137930870056152
238;0.008017100393772125;0.931034505367279
239;0.008067039772868156;0.931034505367279
240;0.007966605015099049;0.931034505367279
241;0.007944108918309212;0.931034505367279
242;0.007613146211951971;0.931034505367279
243;0.007777354680001736;0.9224137663841248
244;0.007569440640509129;0.9396551847457886
245;0.007658889517188072;0.9224137663841248
246;0.007326045073568821;0.931034505367279
247;0.007997426204383373;0.931034505367279
248;0.007620828226208687;0.931034505367279
249;0.00787228625267744;0.9224137663841248
250;0.0077752526849508286;0.9396551847457886
251;0.007416487205773592;0.931034505367279
252;0.007930629886686802;0.9224137663841248
253;0.007196251768618822;0.931034505367279
254;0.007837294600903988;0.931034505367279
255;0.007837485522031784;0.931034505367279
256;0.0072641088627278805;0.931034505367279
257;0.007454435341060162;0.9482758641242981
258;0.007297550328075886;0.931034505367279
259;0.007682151161134243;0.9137930870056152
260;0.007273916155099869;0.9224137663841248
261;0.00738748861476779;0.9224137663841248
262;0.007897322997450829;0.9224137663841248
263;0.007738285697996616;0.9396551847457886
264;0.007942525669932365;0.9137930870056152
265;0.00724468007683754;0.931034505367279
266;0.00824641715735197;0.931034505367279
267;0.007002195343375206;0.9396551847457886
268;0.006913269869983196;0.9224137663841248
269;0.00835547223687172;0.9224137663841248
270;0.0071840365417301655;0.931034505367279
271;0.007621334865689278;0.9137930870056152
272;0.0073015750385820866;0.9396551847457886
273;0.007240882609039545;0.931034505367279
274;0.007966295816004276;0.9137930870056152
275;0.00698951305821538;0.931034505367279
276;0.007693767081946135;0.9137930870056152
277;0.007303172722458839;0.931034505367279
278;0.007189091295003891;0.9224137663841248
279;0.007837238721549511;0.9137930870056152
280;0.006742650642991066;0.931034505367279
281;0.0071815382689237595;0.9137930870056152
282;0.006971529219299555;0.9396551847457886
283;0.006867240648716688;0.9396551847457886
284;0.00653635011985898;0.9224137663841248
285;0.006757168099284172;0.931034505367279
286;0.00666162371635437;0.9396551847457886
287;0.006965966895222664;0.931034505367279
288;0.006518940441310406;0.9396551847457886
289;0.006433498114347458;0.931034505367279
290;0.006547752767801285;0.9396551847457886
291;0.006994905881583691;0.931034505367279
292;0.006669876165688038;0.931034505367279
293;0.006980923004448414;0.9224137663841248
294;0.00696844095364213;0.931034505367279
295;0.006251841317862272;0.9396551847457886
296;0.006671857088804245;0.931034505367279
297;0.007352479267865419;0.931034505367279
298;0.006201562471687794;0.931034505367279
299;0.006206982769072056;0.9396551847457886
300;0.006955062970519066;0.9224137663841248
301;0.006261729169636965;0.931034505367279
302;0.006941148545593023;0.931034505367279
303;0.0061260550282895565;0.931034505367279
304;0.006283906754106283;0.931034505367279
305;0.006784586235880852;0.9224137663841248
306;0.006338899023830891;0.931034505367279
307;0.005985951982438564;0.931034505367279
308;0.006675139535218477;0.931034505367279
309;0.0062348186038434505;0.931034505367279
310;0.005621816962957382;0.931034505367279
311;0.006102361250668764;0.931034505367279
312;0.00634282361716032;0.931034505367279
313;0.006135581526905298;0.931034505367279
314;0.005881084129214287;0.9396551847457886
315;0.006144470535218716;0.931034505367279
316;0.00622226856648922;0.931034505367279
317;0.005903448909521103;0.931034505367279
318;0.006358823273330927;0.931034505367279
319;0.005978547967970371;0.9482758641242981
320;0.006172667257487774;0.931034505367279
321;0.006048612762242556;0.9137930870056152
322;0.006251337938010693;0.9224137663841248
323;0.006169973406940699;0.931034505367279
324;0.006090681999921799;0.931034505367279
325;0.0060583376325666904;0.931034505367279
326;0.006105935201048851;0.9396551847457886
327;0.005918609909713268;0.931034505367279
328;0.006083156447857618;0.931034505367279
329;0.005751861725002527;0.931034505367279
330;0.00648190313950181;0.9224137663841248
331;0.006256121210753918;0.9224137663841248
332;0.005681951530277729;0.9396551847457886
333;0.006055551581084728;0.931034505367279
334;0.005737981293350458;0.9224137663841248
335;0.005912405904382467;0.9224137663841248
336;0.005717572756111622;0.9396551847457886
337;0.006006381008774042;0.931034505367279
338;0.005864453501999378;0.931034505367279
339;0.00568709010258317;0.9224137663841248
340;0.005885369144380093;0.931034505367279
341;0.006377988960593939;0.9224137663841248
342;0.005884083919227123;0.9396551847457886
343;0.006430295296013355;0.9224137663841248
344;0.0058455513790249825;0.9396551847457886
345;0.005930183455348015;0.9396551847457886
346;0.006118827499449253;0.9224137663841248
347;0.005943103227764368;0.931034505367279
348;0.00571407750248909;0.931034505367279
349;0.006459233351051807;0.9224137663841248
350;0.006022116634994745;0.9396551847457886
351;0.0056912098079919815;0.931034505367279
352;0.006019262596964836;0.9396551847457886
353;0.005631761625409126;0.931034505367279
354;0.006283583119511604;0.931034505367279
355;0.005681881681084633;0.9396551847457886
356;0.0062307268381118774;0.931034505367279
357;0.00563484663143754;0.931034505367279
358;0.005878407973796129;0.9224137663841248
359;0.005407691467553377;0.9224137663841248
360;0.005410826299339533;0.931034505367279
361;0.0055074626579880714;0.931034505367279
362;0.005439400672912598;0.931034505367279
363;0.006113874725997448;0.931034505367279
364;0.006547076161950827;0.9224137663841248
365;0.005609593354165554;0.9224137663841248
366;0.005898664705455303;0.9224137663841248
367;0.0056514861062169075;0.931034505367279
368;0.005440548527985811;0.9396551847457886
369;0.005375473294407129;0.931034505367279
370;0.0057561807334423065;0.931034505367279
371;0.005657383240759373;0.931034505367279
372;0.0058225286193192005;0.9224137663841248
373;0.005712590180337429;0.931034505367279
374;0.005676448345184326;0.9396551847457886
375;0.005336979404091835;0.9396551847457886
376;0.005691526457667351;0.931034505367279
377;0.005404366180300713;0.9224137663841248
378;0.005225055851042271;0.931034505367279
379;0.005651572253555059;0.931034505367279
380;0.005644908640533686;0.931034505367279
381;0.005428350530564785;0.9396551847457886
382;0.005763948429375887;0.9396551847457886
383;0.005534336436539888;0.931034505367279
384;0.005007680039852858;0.9396551847457886
385;0.0051080770790576935;0.9224137663841248
386;0.005625893361866474;0.931034505367279
387;0.005746249109506607;0.931034505367279
388;0.005391152575612068;0.931034505367279
389;0.00523766316473484;0.931034505367279
390;0.00529474625363946;0.931034505367279
391;0.0055092438124120235;0.9396551847457886
392;0.005413872189819813;0.931034505367279
393;0.0053500025533139706;0.9224137663841248
394;0.005338561721146107;0.931034505367279
395;0.005388637073338032;0.931034505367279
396;0.005193603690713644;0.931034505367279
397;0.005554910749197006;0.931034505367279
398;0.0052012368105351925;0.931034505367279
399;0.006015490274876356;0.931034505367279
400;0.0057270401157438755;0.931034505367279
401;0.005922251380980015;0.9224137663841248
402;0.005134662613272667;0.9396551847457886
403;0.005274783819913864;0.9224137663841248
404;0.005189414136111736;0.9396551847457886
405;0.005547342821955681;0.9224137663841248
406;0.005607916507869959;0.931034505367279
407;0.005257037468254566;0.931034505367279
408;0.005531750153750181;0.931034505367279
409;0.005423064809292555;0.931034505367279
410;0.005220664199441671;0.931034505367279
411;0.005548040848225355;0.931034505367279
412;0.005304573103785515;0.931034505367279
413;0.005329685751348734;0.9396551847457886
414;0.005238570738583803;0.9396551847457886
415;0.005372948013246059;0.931034505367279
416;0.0053119356743991375;0.9224137663841248
417;0.005157004110515118;0.931034505367279
418;0.00544728571549058;0.931034505367279
419;0.005285267252475023;0.931034505367279
420;0.0050848848186433315;0.931034505367279
421;0.0057883430272340775;0.931034505367279
422;0.005216282792389393;0.931034505367279
423;0.005831880960613489;0.9224137663841248
424;0.005131928715854883;0.9396551847457886
425;0.005491640418767929;0.931034505367279
426;0.005603587254881859;0.931034505367279
427;0.005465671420097351;0.9396551847457886
428;0.005573825445026159;0.9396551847457886
429;0.005299233831465244;0.931034505367279
430;0.005249212495982647;0.931034505367279
431;0.005107266828417778;0.931034505367279
432;0.005561502650380135;0.9224137663841248
433;0.005152730271220207;0.931034505367279
434;0.005360695067793131;0.931034505367279
435;0.005084952339529991;0.931034505367279
436;0.005385207012295723;0.931034505367279
437;0.005398135632276535;0.931034505367279
438;0.005421397741883993;0.931034505367279
439;0.00526193343102932;0.931034505367279
440;0.0051276059821248055;0.9224137663841248
441;0.005576658993959427;0.9224137663841248
442;0.005411658901721239;0.931034505367279
443;0.00566262798383832;0.931034505367279
444;0.0054787867702543736;0.9224137663841248
445;0.005110610742121935;0.931034505367279
446;0.005335635971277952;0.931034505367279
447;0.005298832431435585;0.931034505367279
448;0.005484858527779579;0.9224137663841248
449;0.005482093896716833;0.931034505367279
450;0.004942744504660368;0.931034505367279
451;0.005337735638022423;0.9396551847457886
452;0.0053612180054187775;0.931034505367279
453;0.005185685120522976;0.931034505367279
454;0.005097332410514355;0.931034505367279
455;0.005110942292958498;0.9396551847457886
456;0.004941598512232304;0.931034505367279
457;0.005371663719415665;0.9396551847457886
458;0.0053317551501095295;0.9224137663841248
459;0.005069890525192022;0.931034505367279
460;0.004775146022439003;0.931034505367279
461;0.004896956495940685;0.9482758641242981
462;0.005313033238053322;0.931034505367279
463;0.005316306371241808;0.9224137663841248
464;0.004988053813576698;0.931034505367279
465;0.005069850478321314;0.931034505367279
466;0.004897959530353546;0.931034505367279
467;0.005105561576783657;0.931034505367279
468;0.004951431881636381;0.931034505367279
469;0.005345416720956564;0.931034505367279
470;0.00506703183054924;0.9224137663841248
471;0.004906282760202885;0.9396551847457886
472;0.005138390697538853;0.931034505367279
473;0.004647126886993647;0.9396551847457886
474;0.0047440906055271626;0.931034505367279
475;0.005141600966453552;0.9224137663841248
476;0.004946922417730093;0.931034505367279
477;0.0048339092172682285;0.9396551847457886
478;0.004889102187007666;0.9396551847457886
479;0.004715098533779383;0.9396551847457886
480;0.005073162727057934;0.931034505367279
481;0.0049716331996023655;0.931034505367279
482;0.004749673884361982;0.9224137663841248
483;0.0049487510696053505;0.9482758641242981
484;0.005181857384741306;0.9224137663841248
485;0.004860331304371357;0.931034505367279
486;0.0047751073725521564;0.931034505367279
487;0.0048504723235964775;0.931034505367279
488;0.0049582491628825665;0.931034505367279
489;0.004723368212580681;0.9396551847457886
490;0.004984225146472454;0.9224137663841248
491;0.00490740779787302;0.9396551847457886
492;0.004825443495064974;0.9482758641242981
493;0.0046020145528018475;0.931034505367279
494;0.004677336197346449;0.9396551847457886
495;0.005085666663944721;0.931034505367279
496;0.004929867573082447;0.9396551847457886
497;0.00458984449505806;0.9482758641242981
498;0.004777570255100727;0.9396551847457886
499;0.004814784042537212;0.9396551847457886
500;0.005098813679069281;0.9396551847457886
501;0.005130318459123373;0.931034505367279
502;0.005259083583950996;0.931034505367279
503;0.004630307666957378;0.9396551847457886
504;0.004997337702661753;0.931034505367279
505;0.0049508740194141865;0.931034505367279
506;0.005180198699235916;0.931034505367279
507;0.00463585089892149;0.931034505367279
508;0.0048638321459293365;0.9224137663841248
509;0.004898275248706341;0.9224137663841248
510;0.004483142402023077;0.931034505367279
511;0.004984536673873663;0.9224137663841248
512;0.004920181352645159;0.9396551847457886
513;0.004559649154543877;0.9396551847457886
514;0.004980466794222593;0.9224137663841248
515;0.0048070503398776054;0.9396551847457886
516;0.004664544947445393;0.931034505367279
517;0.004667019471526146;0.931034505367279
518;0.004790204577147961;0.931034505367279
519;0.004723681602627039;0.931034505367279
520;0.005007071886211634;0.931034505367279
521;0.0049285003915429115;0.931034505367279
522;0.004894542507827282;0.931034505367279
523;0.004707293584942818;0.9396551847457886
524;0.004958836827427149;0.9224137663841248
525;0.004974012263119221;0.9482758641242981
526;0.004859951324760914;0.931034505367279
527;0.00455017713829875;0.931034505367279
528;0.004930982831865549;0.9224137663841248
529;0.004533059429377317;0.931034505367279
530;0.0047559961676597595;0.9396551847457886
531;0.004721637349575758;0.931034505367279
532;0.00476797204464674;0.931034505367279
533;0.004551755264401436;0.9396551847457886
534;0.004706786945462227;0.931034505367279
535;0.004808328114449978;0.9224137663841248
536;0.0043604434467852116;0.9396551847457886
537;0.006009077653288841;0.9224137663841248
538;0.011378654278814793;0.8448275923728943
539;0.0063895490020513535;0.931034505367279
540;0.010051485151052475;0.8793103694915771
541;0.011056426912546158;0.8534482717514038
542;0.008273592218756676;0.8879310488700867
543;0.009109205566346645;0.8620689511299133
544;0.008997965604066849;0.8620689511299133
545;0.009151994250714779;0.8534482717514038
546;0.008409671485424042;0.8706896305084229
547;0.008495263755321503;0.8793103694915771
548;0.008243817836046219;0.8793103694915771
549;0.00824358593672514;0.8534482717514038
550;0.007810909301042557;0.8534482717514038
551;0.007733633741736412;0.8793103694915771
552;0.007880507968366146;0.9051724076271057
553;0.007340357173234224;0.9137930870056152
554;0.007715442683547735;0.9051724076271057
555;0.007561784237623215;0.8965517282485962
556;0.007418347056955099;0.8706896305084229
557;0.0072409771382808685;0.8793103694915771
558;0.007562017533928156;0.8534482717514038
559;0.007241570390760899;0.8965517282485962
560;0.0067816185764968395;0.8620689511299133
561;0.006827050354331732;0.9137930870056152
562;0.0067331683821976185;0.9137930870056152
563;0.006634095683693886;0.9137930870056152
564;0.0066913734190166;0.9137930870056152
565;0.006056894548237324;0.9224137663841248
566;0.006516975350677967;0.931034505367279
567;0.0056465985253453255;0.9224137663841248
568;0.005462219938635826;0.9396551847457886
569;0.005672667175531387;0.931034505367279
570;0.005358233582228422;0.931034505367279
571;0.0055022775195539;0.931034505367279
572;0.005261576734483242;0.931034505367279
573;0.0056970007717609406;0.931034505367279
574;0.005429062061011791;0.931034505367279
575;0.004940779414027929;0.9396551847457886
576;0.004920492880046368;0.931034505367279
577;0.0048113130033016205;0.931034505367279
578;0.004946371074765921;0.931034505367279
579;0.004899186547845602;0.9224137663841248
580;0.004867294803261757;0.9396551847457886
581;0.00497026601806283;0.9482758641242981
582;0.0047743432223796844;0.9224137663841248
583;0.004969017580151558;0.931034505367279
584;0.00511613953858614;0.931034505367279
585;0.004510470200330019;0.9482758641242981
586;0.004841878544539213;0.9482758641242981
587;0.004642891697585583;0.9396551847457886
588;0.005077098496258259;0.931034505367279
589;0.004729964304715395;0.931034505367279
590;0.004556668922305107;0.9482758641242981
591;0.004578094929456711;0.9396551847457886
592;0.004554492887109518;0.9396551847457886
593;0.004702452104538679;0.9396551847457886
594;0.004497222136706114;0.9568965435028076
595;0.0045602936297655106;0.931034505367279
596;0.004472227767109871;0.931034505367279
597;0.0044953105971217155;0.9396551847457886
598;0.0043284897692501545;0.9396551847457886
599;0.004242981784045696;0.9655172228813171
600;0.00515593308955431;0.931034505367279
601;0.004977737553417683;0.9224137663841248
602;0.004537140019237995;0.9396551847457886
603;0.00469940435141325;0.9568965435028076
604;0.004301968961954117;0.9568965435028076
605;0.004749199375510216;0.9224137663841248
606;0.004903338383883238;0.931034505367279
607;0.004704182967543602;0.931034505367279
608;0.004528899677097797;0.931034505367279
609;0.004679503850638866;0.931034505367279
610;0.004696183372288942;0.931034505367279
611;0.004097603727132082;0.9396551847457886
612;0.0042883590795099735;0.9396551847457886
613;0.0045304554514586926;0.931034505367279
614;0.004377848468720913;0.931034505367279
615;0.0045275320298969746;0.9482758641242981
616;0.00424342742189765;0.9568965435028076
617;0.004606989212334156;0.9655172228813171
618;0.004274363629519939;0.9482758641242981
619;0.004540035035461187;0.9396551847457886
620;0.0044440822675824165;0.9396551847457886
621;0.004230924881994724;0.9396551847457886
622;0.0044324095360934734;0.9482758641242981
623;0.004511831793934107;0.9396551847457886
624;0.004917698912322521;0.9396551847457886
625;0.0044070095755159855;0.9396551847457886
626;0.004281826317310333;0.9568965435028076
627;0.004427183885127306;0.9482758641242981
628;0.0044433120638132095;0.9396551847457886
629;0.004452788271009922;0.9396551847457886
630;0.004563222639262676;0.9396551847457886
631;0.004521090537309647;0.9396551847457886
632;0.004675674252212048;0.9482758641242981
633;0.004564662463963032;0.9568965435028076
634;0.004906699992716312;0.931034505367279
635;0.0051572793163359165;0.931034505367279
636;0.005171926226466894;0.931034505367279
637;0.0050430865958333015;0.9396551847457886
638;0.005189197137951851;0.9224137663841248
639;0.005126228556036949;0.931034505367279
640;0.004907318856567144;0.9568965435028076
641;0.005543589126318693;0.9224137663841248
642;0.004714323673397303;0.9482758641242981
643;0.0046982369385659695;0.931034505367279
644;0.004766843747347593;0.931034505367279
645;0.00475493585690856;0.9655172228813171
646;0.004458555486053228;0.931034505367279
647;0.004526250530034304;0.9396551847457886
648;0.00451407115906477;0.9482758641242981
649;0.004572714678943157;0.9482758641242981
650;0.004570924211293459;0.9568965435028076
651;0.00416581192985177;0.9482758641242981
652;0.004773243330419064;0.9568965435028076
653;0.0043504307977855206;0.9482758641242981
654;0.004414212424308062;0.9482758641242981
655;0.004543468356132507;0.9568965435028076
656;0.004283214453607798;0.9396551847457886
657;0.004855345003306866;0.931034505367279
658;0.004773709457367659;0.931034505367279
659;0.004057956859469414;0.9568965435028076
660;0.004173136781901121;0.9568965435028076
661;0.004347858019173145;0.9482758641242981
662;0.004333002958446741;0.9482758641242981
663;0.003931969869881868;0.9655172228813171
664;0.005048775114119053;0.9224137663841248
665;0.004201742820441723;0.9568965435028076
666;0.003933267202228308;0.9482758641242981
667;0.004055151250213385;0.9741379022598267
668;0.0052592940628528595;0.9051724076271057
669;0.003972349222749472;0.9568965435028076
670;0.004091733600944281;0.9396551847457886
671;0.004692155867815018;0.9396551847457886
672;0.004336948972195387;0.9396551847457886
673;0.0039331139996647835;0.9655172228813171
674;0.004497491288930178;0.9568965435028076
675;0.004742283374071121;0.9224137663841248
676;0.004370319657027721;0.9655172228813171
677;0.0038994899950921535;0.9741379022598267
678;0.00438346341252327;0.9396551847457886
679;0.004156684502959251;0.9396551847457886
680;0.004091012757271528;0.9655172228813171
681;0.0046807872131466866;0.9224137663841248
682;0.004063056781888008;0.9482758641242981
683;0.00477809552103281;0.931034505367279
684;0.005010412540286779;0.9137930870056152
685;0.003932512830942869;0.9568965435028076
686;0.0040024640038609505;0.9655172228813171
687;0.0040329741314053535;0.9568965435028076
688;0.0036975571420043707;0.9482758641242981
689;0.003946365788578987;0.9568965435028076
690;0.004271853715181351;0.9482758641242981
691;0.0035410625860095024;0.982758641242981
692;0.004047411493957043;0.9568965435028076
693;0.003609774634242058;0.982758641242981
694;0.00414598174393177;0.9568965435028076
695;0.004519074223935604;0.9396551847457886
696;0.004395515192300081;0.9482758641242981
697;0.003563542850315571;0.982758641242981
698;0.004729463253170252;0.931034505367279
699;0.0037024763878434896;0.9655172228813171
700;0.0039113713428378105;0.9482758641242981
701;0.003586191451177001;0.9741379022598267
702;0.003590609412640333;0.9913793206214905
703;0.0033151921816170216;0.982758641242981
704;0.003742227330803871;0.9741379022598267
705;0.0036324206739664078;0.982758641242981
706;0.003467905567958951;1.0
707;0.0051950253546237946;0.931034505367279
708;0.0037458452861756086;0.9655172228813171
709;0.003330740612000227;0.9913793206214905
710;0.003468101378530264;0.982758641242981
711;0.003626232733950019;0.9655172228813171
712;0.003539035329595208;0.9741379022598267
713;0.003754636738449335;0.982758641242981
714;0.0032616732642054558;0.9913793206214905
715;0.003220729762688279;0.9913793206214905
716;0.0030848863534629345;1.0
717;0.0031982422806322575;1.0
718;0.003384265350177884;0.9913793206214905
719;0.0037211491726338863;0.9913793206214905
720;0.005063535645604134;0.9396551847457886
721;0.00585019588470459;0.931034505367279
722;0.006833264138549566;0.9137930870056152
723;0.006836217828094959;0.8793103694915771
724;0.005428217817097902;0.9137930870056152
725;0.004505446646362543;0.9568965435028076
726;0.005461732856929302;0.931034505367279
727;0.00593138299882412;0.9568965435028076
728;0.005295385140925646;0.9396551847457886
729;0.004848029930144548;0.9396551847457886
730;0.005085880868136883;0.9224137663841248
731;0.004836289212107658;0.9396551847457886
732;0.0044748056679964066;0.9568965435028076
733;0.004794876556843519;0.9568965435028076
734;0.005486699286848307;0.9224137663841248
735;0.0043187434785068035;0.9568965435028076
736;0.00462793093174696;0.9396551847457886
737;0.003937478642910719;0.9741379022598267
738;0.003947477787733078;0.9741379022598267
739;0.004145642276853323;0.9741379022598267
740;0.003647110192105174;0.9913793206214905
741;0.005000469274818897;0.982758641242981
742;0.003733634715899825;0.9655172228813171
743;0.0043409294448792934;0.931034505367279
744;0.003420306369662285;0.9913793206214905
745;0.004891074262559414;0.931034505367279
746;0.003834070870652795;0.982758641242981
747;0.0034068904351443052;0.982758641242981
748;0.0038112446200102568;0.9741379022598267
749;0.0032773795537650585;0.9913793206214905
750;0.003704963717609644;1.0
751;0.003912006504833698;0.982758641242981
752;0.005625043995678425;0.931034505367279
753;0.0033437602687627077;1.0
754;0.004284285474568605;0.9655172228813171
755;0.004660374950617552;0.9568965435028076
756;0.003369453828781843;1.0
757;0.00532295648008585;0.931034505367279
758;0.005533427465707064;0.931034505367279
759;0.004581466782838106;0.9396551847457886
760;0.003182231681421399;1.0
761;0.0038814833387732506;0.9741379022598267
762;0.003700823523104191;0.9655172228813171
763;0.0040893848054111;0.9482758641242981
764;0.003806720720604062;0.9741379022598267
765;0.003321767086163163;1.0
766;0.003381680464372039;0.9913793206214905
767;0.0034492118284106255;1.0
768;0.0034971621353179216;0.9741379022598267
769;0.003407921176403761;0.9913793206214905
770;0.0033781053498387337;0.9913793206214905
771;0.006252944003790617;0.9051724076271057
772;0.0031591705046594143;1.0
773;0.003344213590025902;0.9913793206214905
774;0.005658125504851341;0.931034505367279
775;0.0033609718084335327;0.9913793206214905
776;0.0031628995202481747;1.0
777;0.0034704050049185753;0.982758641242981
778;0.0029091110918670893;1.0
779;0.003290958469733596;0.9913793206214905
780;0.0031632937025278807;0.9913793206214905
781;0.0030084336176514626;1.0
782;0.00597707275301218;0.931034505367279
783;0.0026315986178815365;1.0
784;0.0032272266689687967;0.9913793206214905
785;0.002949315356090665;1.0
786;0.0028729839250445366;0.9913793206214905
787;0.00278362724930048;1.0
788;0.0034715058282017708;0.9913793206214905
789;0.0026823740918189287;1.0
790;0.007254387252032757;0.9051724076271057
791;0.006170645821839571;0.9051724076271057
792;0.003735301783308387;0.9568965435028076
793;0.00529369106516242;0.9051724076271057
794;0.004241568967700005;0.9741379022598267
795;0.003657900495454669;0.9913793206214905
796;0.0043563214130699635;0.9482758641242981
797;0.004492288455367088;0.931034505367279
798;0.003427171381190419;0.9741379022598267
799;0.0035589442122727633;0.982758641242981
800;0.005521010607481003;0.931034505367279
801;0.0030494676902890205;1.0
802;0.0029525423888117075;1.0
803;0.0031970476265996695;1.0
804;0.003963864408433437;0.9568965435028076
805;0.004239881411194801;0.9482758641242981
806;0.0027299777138978243;1.0
807;0.0030293494928628206;1.0
808;0.0028520950581878424;1.0
809;0.003034268505871296;0.982758641242981
810;0.002787905978038907;0.9913793206214905
811;0.0027450965717434883;1.0
812;0.002718077041208744;1.0
813;0.0029082265682518482;0.9913793206214905
814;0.0027411014307290316;1.0
815;0.0026539163663983345;1.0
816;0.002420720411464572;1.0
817;0.0026129421312361956;1.0
818;0.0024173737037926912;1.0
819;0.0024061365984380245;1.0
820;0.0023918587248772383;1.0
821;0.00316410418599844;1.0
822;0.002583201741799712;0.9913793206214905
823;0.005513502284884453;0.9137930870056152
824;0.00278348452411592;1.0
825;0.007208960130810738;0.931034505367279
826;0.006880344823002815;0.9051724076271057
827;0.0061297244392335415;0.931034505367279
828;0.004525582306087017;0.9655172228813171
829;0.004088860470801592;1.0
830;0.0045334286987781525;0.9655172228813171
831;0.005035853013396263;0.9396551847457886
832;0.0036352812312543392;0.9741379022598267
833;0.003551512723788619;0.9913793206214905
834;0.003400820307433605;1.0
835;0.004013863857835531;0.9913793206214905
836;0.003032881999388337;1.0
837;0.003327593207359314;0.9913793206214905
838;0.003249229397624731;0.982758641242981
839;0.002891608513891697;0.9913793206214905
840;0.0028265572618693113;1.0
841;0.002974999137222767;0.9913793206214905
842;0.0036098225973546505;0.9913793206214905
843;0.0023474961053580046;1.0
844;0.0024921726435422897;1.0
845;0.006852761376649141;0.9051724076271057
846;0.004953136667609215;0.9137930870056152
847;0.003428711323067546;0.9913793206214905
848;0.002544534858316183;1.0
849;0.006791310850530863;0.9051724076271057
850;0.006233859807252884;0.9051724076271057
851;0.006584043614566326;0.9051724076271057
852;0.005309718195348978;0.9224137663841248
853;0.003631345694884658;0.9913793206214905
854;0.004727574065327644;0.9741379022598267
855;0.005706166848540306;0.9137930870056152
856;0.004532208200544119;0.9655172228813171
857;0.0036088668275624514;0.982758641242981
858;0.003376950044184923;1.0
859;0.0037593827582895756;1.0
860;0.0037708168383687735;1.0
861;0.0034979432821273804;1.0
862;0.0030746792908757925;1.0
863;0.0029792548157274723;1.0
864;0.0031781590078026056;1.0
865;0.0030659085605293512;1.0
866;0.0030033623334020376;1.0
867;0.0026353492867201567;1.0
868;0.0029023559764027596;1.0
869;0.0027633013669401407;1.0
870;0.002657137578353286;0.9913793206214905
871;0.002735593356192112;1.0
872;0.0025142512749880552;1.0
873;0.0021319470833986998;1.0
874;0.002479343209415674;1.0
875;0.00235337414778769;1.0
876;0.0023100071121007204;1.0
877;0.0022569254506379366;1.0
878;0.0024924552999436855;1.0
879;0.002229830715805292;1.0
880;0.002118173521012068;1.0
881;0.0021418915130198;1.0
882;0.0021837223321199417;1.0
883;0.0020301654003560543;1.0
884;0.0020392618607729673;1.0
885;0.0020222633611410856;1.0
886;0.0019292208598926663;1.0
887;0.0021794093772768974;1.0
888;0.0020550251938402653;1.0
889;0.0018166464287787676;1.0
890;0.002003796398639679;1.0
891;0.0019227830925956368;1.0
892;0.001829534419812262;1.0
893;0.0018869530176743865;1.0
894;0.0018582215998321772;1.0
895;0.001774863339960575;1.0
896;0.0016729841008782387;1.0
897;0.0018377730157226324;1.0
898;0.0017171921208500862;1.0
899;0.0017646212363615632;1.0
900;0.0018402636051177979;1.0
901;0.001763081643730402;1.0
902;0.001643654890358448;1.0
903;0.0017520812107250094;1.0
904;0.0018525853520259261;1.0
905;0.001758619793690741;1.0
906;0.0015752207254990935;1.0
907;0.0016887906240299344;1.0
908;0.0017594193341210485;1.0
909;0.001752902171574533;1.0
910;0.0017176195979118347;1.0
911;0.0017654062248766422;1.0
912;0.001836147508583963;1.0
913;0.0016312471125274897;1.0
914;0.0017010890878736973;1.0
915;0.0016365244518965483;1.0
916;0.0016933947335928679;1.0
917;0.0016098689520731568;1.0
918;0.0016916668973863125;1.0
919;0.0015894672833383083;1.0
920;0.0017572295619174838;1.0
921;0.001682592905126512;1.0
922;0.0016559363575652242;1.0
923;0.0016925628297030926;1.0
924;0.0019420422613620758;1.0
925;0.0017374599119648337;1.0
926;0.0015222476795315742;1.0
927;0.001482982886955142;1.0
928;0.001715589314699173;1.0
929;0.0015455794055014849;1.0
930;0.001613288070075214;1.0
931;0.0016334130195900798;1.0
932;0.0015594417927786708;1.0
933;0.0015650838613510132;1.0
934;0.001550370710901916;1.0
935;0.0015336930518969893;1.0
936;0.0016040736809372902;1.0
937;0.0016202946426346898;1.0
938;0.001567652216181159;1.0
939;0.001727271475829184;1.0
940;0.001568310079164803;1.0
941;0.001401738729327917;1.0
942;0.0015653264708817005;1.0
943;0.0016066841781139374;1.0
944;0.0019020561594516039;1.0
945;0.0016562697710469365;1.0
946;0.0015958882868289948;1.0
947;0.0015883734449744225;1.0
948;0.001595961395651102;1.0
949;0.0015510303201153874;1.0
950;0.0016290887724608183;1.0
951;0.0016032893909141421;1.0
952;0.001456575933843851;1.0
953;0.0016571652377024293;1.0
954;0.0016230623004958034;1.0
955;0.0016297803958877921;1.0
956;0.0014907951699569821;1.0
957;0.0014151750365272164;1.0
958;0.001455465448088944;1.0
959;0.0015749685699120164;1.0
960;0.0015080575831234455;1.0
961;0.0014970543561503291;1.0
962;0.001519684912636876;1.0
963;0.001613509957678616;1.0
964;0.0016005124198272824;1.0
965;0.0015547499060630798;1.0
966;0.0015197016764432192;1.0
967;0.0015670903958380222;1.0
968;0.0014616159023717046;1.0
969;0.0013573861215263605;1.0
970;0.0015083752805367112;1.0
971;0.0014154150849208236;1.0
972;0.0014078174717724323;1.0
973;0.001563205267302692;1.0
974;0.001462766551412642;1.0
975;0.0014724897919222713;1.0
976;0.0014204866020008922;1.0
977;0.0016502521466463804;1.0
978;0.0014469007728621364;1.0
979;0.0014027776196599007;1.0
980;0.0014564385637640953;1.0
981;0.0014925289433449507;1.0
982;0.001398157444782555;1.0
983;0.0012275814078748226;1.0
984;0.0017061138059943914;1.0
985;0.001701532630249858;1.0
986;0.0014018374495208263;1.0
987;0.001415387960150838;1.0
988;0.0013232782948762178;1.0
989;0.001333243795670569;1.0
990;0.0013885877560824156;1.0
991;0.0013755736872553825;1.0
992;0.0011833908502012491;1.0
993;0.0015826354501768947;1.0
994;0.0014222718309611082;1.0
995;0.0012894776882603765;1.0
996;0.0013394998386502266;1.0
997;0.00196709088049829;1.0
998;0.0017780937487259507;1.0
999;0.0020968865137547255;1.0
1000;0.0015073503600433469;1.0
1001;0.0014742444036528468;1.0
1002;0.0016434830613434315;1.0
1003;0.001689261756837368;1.0
1004;0.001869745901785791;1.0
1005;0.0015689609572291374;1.0
1006;0.0017774993320927024;1.0
1007;0.001815797295421362;1.0
1008;0.001586587866768241;1.0
1009;0.0015100842574611306;1.0
1010;0.0014928975142538548;1.0
1011;0.0017121972050517797;1.0
1012;0.001503623672761023;1.0
1013;0.00153060769662261;1.0
1014;0.001450308132916689;1.0
1015;0.0013629033928737044;1.0
1016;0.0013947653351351619;1.0
1017;0.0013588459696620703;1.0
1018;0.0013630023458972573;1.0
1019;0.0014738681493327022;1.0
1020;0.0013894587755203247;1.0
1021;0.0012648249976336956;1.0
1022;0.001405370538122952;1.0
1023;0.001463830005377531;1.0
1024;0.0013826900394633412;1.0
1025;0.0012533024419099092;1.0
1026;0.0014562951400876045;1.0
1027;0.0013041985221207142;1.0
1028;0.001318523776717484;1.0
1029;0.0011451775208115578;1.0
1030;0.0013436732115224004;1.0
1031;0.0012856331886723638;1.0
1032;0.001385158277116716;1.0
1033;0.0013382568722590804;1.0
1034;0.0014098804676905274;1.0
1035;0.0011965632438659668;1.0
1036;0.001555480994284153;1.0
1037;0.001203198335133493;1.0
1038;0.0014319799374789;1.0
1039;0.001264722552150488;1.0
1040;0.001249902998097241;1.0
1041;0.0011969393817707896;1.0
1042;0.0013545870315283537;1.0
1043;0.001321011921390891;1.0
1044;0.001314561814069748;1.0
1045;0.0012215718161314726;1.0
1046;0.0012982739135622978;1.0
1047;0.0012111288961023092;1.0
1048;0.0014201273443177342;1.0
1049;0.001229981891810894;1.0
1050;0.0012624161317944527;1.0
1051;0.0012711292365565896;1.0
1052;0.0012952309334650636;1.0
1053;0.0013596622738987207;1.0
1054;0.0013622291153296828;1.0
1055;0.0012744724517688155;1.0
1056;0.0014206919586285949;1.0
1057;0.0012305473210290074;1.0
1058;0.0010438088793307543;1.0
1059;0.001300291856750846;1.0
1060;0.0011826115660369396;1.0
1061;0.0011425551492720842;1.0
1062;0.0012291683815419674;1.0
1063;0.0011704928474500775;1.0
1064;0.0012219977797940373;1.0
1065;0.0013031979324296117;1.0
1066;0.0012968783266842365;1.0
1067;0.001256753457710147;1.0
1068;0.0013862400082871318;1.0
1069;0.0012999302707612514;1.0
1070;0.001274039619602263;1.0
1071;0.0012453864328563213;1.0
1072;0.0013492718571797013;1.0
1073;0.001299437484703958;1.0
1074;0.0013576234923675656;1.0
1075;0.0013504840899258852;1.0
1076;0.0014809672720730305;1.0
1077;0.0012591267004609108;1.0
1078;0.0016530128195881844;1.0
1079;0.0014865687116980553;1.0
1080;0.0013110142899677157;1.0
1081;0.0019034913275390863;0.9741379022598267
1082;0.0015716894995421171;1.0
1083;0.0016846907092258334;1.0
1084;0.0014898910885676742;1.0
1085;0.0013823366025462747;1.0
1086;0.001404019771143794;1.0
1087;0.0016588665312156081;1.0
1088;0.0016091489233076572;1.0
1089;0.0015222759684547782;1.0
1090;0.001329790335148573;1.0
1091;0.0014400896616280079;1.0
1092;0.0014378264313563704;1.0
1093;0.0014182786690071225;1.0
1094;0.0012790551409125328;1.0
1095;0.0013978523202240467;1.0
1096;0.0012370978947728872;1.0
1097;0.0014962134882807732;1.0
1098;0.0010954925091937184;1.0
1099;0.0012456650147214532;1.0
1100;0.0012489758664742112;1.0
1101;0.001269191619940102;1.0
1102;0.0011971802450716496;1.0
1103;0.001169373281300068;1.0
1104;0.0014152881922200322;1.0
1105;0.0014066913863644004;1.0
1106;0.0011261601466685534;1.0
1107;0.0011558264959603548;1.0
1108;0.001145065063610673;1.0
1109;0.0012840853305533528;1.0
1110;0.00119623017963022;1.0
1111;0.0011659541632980108;1.0
1112;0.0011972234351560473;1.0
1113;0.0013638605596497655;1.0
1114;0.0013315362157300115;1.0
1115;0.0011474983766674995;1.0
1116;0.001234424184076488;1.0
1117;0.0012734533520415425;1.0
1118;0.0013280416605994105;1.0
1119;0.0010510162683203816;1.0
1120;0.0012435094686225057;1.0
1121;0.0011820555664598942;1.0
1122;0.0011450271122157574;1.0
1123;0.0012262752279639244;1.0
1124;0.0011902916012331843;1.0
1125;0.0011726896045729518;1.0
1126;0.00128239078912884;1.0
1127;0.0012059226864948869;1.0
1128;0.0010794054251164198;1.0
1129;0.0012410454219207168;1.0
1130;0.0010815521236509085;1.0
1131;0.001230255700647831;1.0
1132;0.0010157437063753605;1.0
1133;0.001023019547574222;1.0
1134;0.0011071017943322659;1.0
1135;0.0010325651383027434;1.0
1136;0.0010301403235644102;1.0
1137;0.001106262905523181;1.0
1138;0.0010539726354181767;1.0
1139;0.001069718156941235;1.0
1140;0.001103080459870398;1.0
1141;0.0011223417241126299;1.0
1142;0.0009442812297493219;1.0
1143;0.001163909095339477;1.0
1144;0.0011048882734030485;1.0
1145;0.001075641717761755;1.0
1146;0.0011308795074000955;1.0
1147;0.0011063270503655076;1.0
1148;0.0011590059148147702;1.0
1149;0.001041180919855833;1.0
1150;0.0011987459147349;1.0
1151;0.001152839744463563;1.0
1152;0.00103736890014261;1.0
1153;0.0011056771036237478;1.0
1154;0.0011736525921151042;1.0
1155;0.0012374150101095438;1.0
1156;0.0011252467520534992;1.0
1157;0.0031011959072202444;0.9396551847457886
1158;0.03732549026608467;0.5775862336158752
1159;0.051494050770998;0.4655172526836395
1160;0.037313446402549744;0.517241358757019
1161;0.04372675344347954;0.42241379618644714
1162;0.03538092225790024;0.4913793206214905
1163;0.03857807815074921;0.2586206793785095
1164;0.03562506288290024;0.32758620381355286
1165;0.03516407683491707;0.26724138855934143
1166;0.03358475863933563;0.27586206793785095
1167;0.033517032861709595;0.3534482717514038
1168;0.032547179609537125;0.37068966031074524
1169;0.03242509439587593;0.37931033968925476
1170;0.031549155712127686;0.42241379618644714
1171;0.029439909383654594;0.4913793206214905
1172;0.028485417366027832;0.4482758641242981
1173;0.02819783054292202;0.4913793206214905
1174;0.028034696355462074;0.4655172526836395
1175;0.028337115421891212;0.43103447556495667
1176;0.026968054473400116;0.4913793206214905
1177;0.027115479111671448;0.5344827771186829
1178;0.025967348366975784;0.5517241358757019
1179;0.02533748187124729;0.5344827771186829
1180;0.02407091297209263;0.5862069129943848
1181;0.024184685200452805;0.5603448152542114
1182;0.023674482479691505;0.6379310488700867
1183;0.023885903880000114;0.5775862336158752
1184;0.023417159914970398;0.5948275923728943
1185;0.02263639122247696;0.6896551847457886
1186;0.021547460928559303;0.6637930870056152
1187;0.021105416119098663;0.6551724076271057
1188;0.02095482125878334;0.681034505367279
1189;0.020845483988523483;0.6724137663841248
1190;0.020058101043105125;0.7155172228813171
1191;0.019945437088608742;0.7155172228813171
1192;0.019509391859173775;0.6637930870056152
1193;0.019375409930944443;0.6551724076271057
1194;0.018897058442234993;0.6724137663841248
1195;0.01858346536755562;0.732758641242981
1196;0.018472565338015556;0.732758641242981
1197;0.018547577783465385;0.7413793206214905
1198;0.01803518831729889;0.7241379022598267
1199;0.01740158349275589;0.6982758641242981
1200;0.01766039989888668;0.6982758641242981
1201;0.016468390822410583;0.7413793206214905
1202;0.016184192150831223;0.7586206793785095
1203;0.016152609139680862;0.75
1204;0.017329847440123558;0.7413793206214905
1205;0.0169695895165205;0.7586206793785095
1206;0.016803372651338577;0.75
1207;0.016115805134177208;0.7844827771186829
1208;0.01589399017393589;0.7844827771186829
1209;0.01510708685964346;0.7586206793785095
1210;0.015924856066703796;0.6982758641242981
1211;0.01677323691546917;0.732758641242981
1212;0.02252625860273838;0.7758620977401733
1213;0.017322150990366936;0.6637930870056152
1214;0.018447931855916977;0.6379310488700867
1215;0.019861962646245956;0.6379310488700867
1216;0.01890426315367222;0.6379310488700867
1217;0.01803157664835453;0.6724137663841248
1218;0.017185918986797333;0.7155172228813171
1219;0.01696653664112091;0.7413793206214905
1220;0.017717335373163223;0.75
1221;0.01684855856001377;0.75
1222;0.015994248911738396;0.7586206793785095
1223;0.015891866758465767;0.75
1224;0.015651369467377663;0.7155172228813171
1225;0.016283536329865456;0.732758641242981
1226;0.015460951253771782;0.732758641242981
1227;0.01523934118449688;0.7413793206214905
1228;0.015359190292656422;0.75
1229;0.01495381724089384;0.75
1230;0.014776797033846378;0.7931034564971924
1231;0.014589238911867142;0.7931034564971924
1232;0.014623242430388927;0.7931034564971924
1233;0.013435613363981247;0.8103448152542114
1234;0.013928093947470188;0.767241358757019
1235;0.013797475025057793;0.7844827771186829
1236;0.013573987409472466;0.8017241358757019
1237;0.013169309124350548;0.8017241358757019
1238;0.013410909101366997;0.7758620977401733
1239;0.01269000768661499;0.7931034564971924
1240;0.013077589683234692;0.7844827771186829
1241;0.012950747273862362;0.7844827771186829
1242;0.01232366543263197;0.7931034564971924
1243;0.013174301013350487;0.767241358757019
1244;0.01233078632503748;0.8103448152542114
1245;0.012397659942507744;0.7931034564971924
1246;0.01254256721585989;0.7844827771186829
1247;0.011934706941246986;0.7758620977401733
1248;0.012324751354753971;0.8362069129943848
1249;0.0127726374194026;0.7758620977401733
1250;0.011717096902430058;0.8362069129943848
1251;0.012685686349868774;0.7844827771186829
1252;0.012260005809366703;0.7844827771186829
1253;0.012092403136193752;0.8448275923728943
1254;0.011855491437017918;0.8362069129943848
1255;0.012170924805104733;0.767241358757019
1256;0.011392132379114628;0.8275862336158752
1257;0.012082750909030437;0.7758620977401733
1258;0.011441606096923351;0.8275862336158752
1259;0.011450255289673805;0.8448275923728943
1260;0.011550352908670902;0.8275862336158752
1261;0.01157129742205143;0.8275862336158752
1262;0.011330734938383102;0.8448275923728943
1263;0.01186053641140461;0.8103448152542114
1264;0.012118480168282986;0.8275862336158752
1265;0.011853679083287716;0.8017241358757019
1266;0.013651546090841293;0.8275862336158752
1267;0.01236556377261877;0.818965494632721
1268;0.010504246689379215;0.8362069129943848
1269;0.011449488811194897;0.7931034564971924
1270;0.013162084855139256;0.767241358757019
1271;0.010914811864495277;0.8103448152542114
1272;0.011107862927019596;0.8362069129943848
1273;0.011539650149643421;0.818965494632721
1274;0.011359980329871178;0.818965494632721
1275;0.010895807296037674;0.8362069129943848
1276;0.010380004532635212;0.8879310488700867
1277;0.01139519177377224;0.8017241358757019
1278;0.01055085938423872;0.818965494632721
1279;0.011156393215060234;0.818965494632721
1280;0.010861401446163654;0.8448275923728943
1281;0.011265521869063377;0.8362069129943848
1282;0.01033210288733244;0.8620689511299133
1283;0.010310587473213673;0.8620689511299133
1284;0.010731608606874943;0.8362069129943848
1285;0.010888708755373955;0.8275862336158752
1286;0.01005457155406475;0.8879310488700867
1287;0.01027728896588087;0.8448275923728943
1288;0.01005773525685072;0.8534482717514038
1289;0.00997082982212305;0.8879310488700867
1290;0.01040530577301979;0.8706896305084229
1291;0.010452214628458023;0.8362069129943848
1292;0.010072581470012665;0.8620689511299133
1293;0.010181959718465805;0.8706896305084229
1294;0.010049548000097275;0.8448275923728943
1295;0.010646164417266846;0.8448275923728943
1296;0.010140600614249706;0.8275862336158752
1297;0.009616618975996971;0.8793103694915771
1298;0.009479076601564884;0.9051724076271057
1299;0.009566335938870907;0.8706896305084229
1300;0.009679071605205536;0.8793103694915771
1301;0.009745669551193714;0.8793103694915771
1302;0.009410575963556767;0.8879310488700867
1303;0.009372218511998653;0.8706896305084229
1304;0.009272321127355099;0.8965517282485962
1305;0.009194535203278065;0.9137930870056152
1306;0.009458246640861034;0.8706896305084229
1307;0.008950870484113693;0.8879310488700867
1308;0.009407861158251762;0.8706896305084229
1309;0.00910189189016819;0.8793103694915771
1310;0.009241907857358456;0.8620689511299133
1311;0.009244896471500397;0.9137930870056152
1312;0.00872350949794054;0.9137930870056152
1313;0.009209474548697472;0.8448275923728943
1314;0.008457820862531662;0.9224137663841248
1315;0.008621369488537312;0.8793103694915771
1316;0.008533407934010029;0.8879310488700867
1317;0.008937099948525429;0.8793103694915771
1318;0.008854779414832592;0.8706896305084229
1319;0.010304016061127186;0.7844827771186829
1320;0.008753771893680096;0.9051724076271057
1321;0.009922265075147152;0.8362069129943848
1322;0.008811689913272858;0.8793103694915771
1323;0.008097808808088303;0.8879310488700867
1324;0.009194284677505493;0.8706896305084229
1325;0.009122591465711594;0.9137930870056152
1326;0.00836697593331337;0.8879310488700867
1327;0.00944578181952238;0.8965517282485962
1328;0.009288948029279709;0.8965517282485962
1329;0.00878582987934351;0.8879310488700867
1330;0.008002789691090584;0.9137930870056152
1331;0.008515356108546257;0.9051724076271057
1332;0.008298257365822792;0.8879310488700867
1333;0.010913130827248096;0.8103448152542114
1334;0.008411572314798832;0.9051724076271057
1335;0.011000672355294228;0.8534482717514038
1336;0.009748098440468311;0.931034505367279
1337;0.008695515803992748;0.9224137663841248
1338;0.008798757568001747;0.8965517282485962
1339;0.008765402249991894;0.9224137663841248
1340;0.009461181238293648;0.8620689511299133
1341;0.008256618864834309;0.8965517282485962
1342;0.008037913590669632;0.8793103694915771
1343;0.007904376834630966;0.8879310488700867
1344;0.008859565481543541;0.8706896305084229
1345;0.009422658942639828;0.8620689511299133
1346;0.00827663205564022;0.8793103694915771
1347;0.008205094374716282;0.8965517282485962
1348;0.008394750766456127;0.931034505367279
1349;0.008153818547725677;0.9224137663841248
1350;0.007848573848605156;0.9224137663841248
1351;0.0076718698255717754;0.8965517282485962
1352;0.007800702005624771;0.8879310488700867
1353;0.008257487788796425;0.8793103694915771
1354;0.007768209557980299;0.9224137663841248
1355;0.007475011516362429;0.9137930870056152
1356;0.00741281732916832;0.8965517282485962
1357;0.007714239880442619;0.8965517282485962
1358;0.007286793552339077;0.9224137663841248
1359;0.007162848487496376;0.8879310488700867
1360;0.007471835240721703;0.8706896305084229
1361;0.007891633547842503;0.8448275923728943
1362;0.007347514852881432;0.9396551847457886
1363;0.007341115269809961;0.9137930870056152
1364;0.00729208393022418;0.9137930870056152
1365;0.007332403678447008;0.8965517282485962
1366;0.0073942337185144424;0.9051724076271057
1367;0.006898713298141956;0.9396551847457886
1368;0.007326290477067232;0.9051724076271057
1369;0.007362234406173229;0.8793103694915771
1370;0.0069531784392893314;0.9224137663841248
1371;0.006361636333167553;0.9482758641242981
1372;0.006571730598807335;0.9482758641242981
1373;0.00659302668645978;0.9396551847457886
1374;0.007377120200544596;0.9224137663841248
1375;0.006491472013294697;0.9568965435028076
1376;0.006390594411641359;0.9396551847457886
1377;0.006665630731731653;0.9224137663841248
1378;0.007008841726928949;0.8793103694915771
1379;0.00717886071652174;0.8879310488700867
1380;0.006323038134723902;0.9396551847457886
1381;0.007090536877512932;0.9224137663841248
1382;0.006540972739458084;0.931034505367279
1383;0.006702084094285965;0.9224137663841248
1384;0.006324846297502518;0.9396551847457886
1385;0.00637854402884841;0.931034505367279
1386;0.006769154686480761;0.931034505367279
1387;0.006583756767213345;0.9137930870056152
1388;0.006494545377790928;0.9224137663841248
1389;0.0064077721908688545;0.9051724076271057
1390;0.006990891881287098;0.9224137663841248
1391;0.006325098220258951;0.9396551847457886
1392;0.006149493623524904;0.9396551847457886
1393;0.006294568069279194;0.9224137663841248
1394;0.006366030778735876;0.931034505367279
1395;0.006136554293334484;0.9482758641242981
1396;0.00652644457295537;0.9137930870056152
1397;0.005854138173162937;0.931034505367279
1398;0.00628129206597805;0.931034505367279
1399;0.006806612480431795;0.8965517282485962
1400;0.0060332221910357475;0.9224137663841248
1401;0.006318407133221626;0.9051724076271057
1402;0.006316025275737047;0.9051724076271057
1403;0.0063019366934895515;0.9137930870056152
1404;0.005790996365249157;0.931034505367279
1405;0.005711114965379238;0.931034505367279
1406;0.005952026229351759;0.9396551847457886
1407;0.005999954417347908;0.9482758641242981
1408;0.006131058558821678;0.8965517282485962
1409;0.006044190376996994;0.9224137663841248
1410;0.005725247319787741;0.9396551847457886
1411;0.005573347210884094;0.931034505367279
1412;0.005846239160746336;0.9224137663841248
1413;0.0058981990441679955;0.931034505367279
1414;0.005726370960474014;0.9137930870056152
1415;0.006126731634140015;0.9482758641242981
1416;0.0056719654239714146;0.9224137663841248
1417;0.005527921486645937;0.9396551847457886
1418;0.005525832995772362;0.9137930870056152
1419;0.005950154736638069;0.8965517282485962
1420;0.005823160521686077;0.8879310488700867
1421;0.005925042554736137;0.9137930870056152
1422;0.006114169955253601;0.8965517282485962
1423;0.005651565734297037;0.931034505367279
1424;0.005906195845454931;0.9051724076271057
1425;0.00574463652446866;0.931034505367279
1426;0.005587858147919178;0.931034505367279
1427;0.005559408571571112;0.931034505367279
1428;0.006261596456170082;0.8965517282485962
1429;0.0054882122203707695;0.9051724076271057
1430;0.005817746743559837;0.9224137663841248
1431;0.005657069850713015;0.931034505367279
1432;0.005982979666441679;0.9051724076271057
1433;0.0055826385505497456;0.931034505367279
1434;0.005729786120355129;0.9224137663841248
1435;0.00512938667088747;0.9482758641242981
1436;0.006221813149750233;0.9051724076271057
1437;0.005971318110823631;0.8793103694915771
1438;0.005754533223807812;0.9051724076271057
1439;0.005963682662695646;0.9051724076271057
1440;0.005820837803184986;0.9224137663841248
1441;0.005617748014628887;0.9137930870056152
1442;0.005227947141975164;0.9396551847457886
1443;0.005972318816930056;0.8965517282485962
1444;0.005054358392953873;0.931034505367279
1445;0.005567207932472229;0.9396551847457886
1446;0.00568848242983222;0.931034505367279
1447;0.0051972828805446625;0.9137930870056152
1448;0.005285153165459633;0.9224137663841248
1449;0.005563327111303806;0.9396551847457886
1450;0.00561154680326581;0.9224137663841248
1451;0.005410168785601854;0.9051724076271057
1452;0.005473417229950428;0.931034505367279
1453;0.005634363740682602;0.9224137663841248
1454;0.005573508329689503;0.9224137663841248
1455;0.005622439552098513;0.931034505367279
1456;0.005244631320238113;0.9396551847457886
1457;0.0055747125297784805;0.9224137663841248
1458;0.005344591103494167;0.9224137663841248
1459;0.005273850634694099;0.9051724076271057
1460;0.005697623360902071;0.9051724076271057
1461;0.005785489454865456;0.931034505367279
1462;0.00555514357984066;0.9137930870056152
1463;0.005324574187397957;0.9482758641242981
1464;0.005089581478387117;0.9396551847457886
1465;0.005170012824237347;0.9482758641242981
1466;0.0052663772366940975;0.931034505367279
1467;0.005262557417154312;0.931034505367279
1468;0.004864618182182312;0.9224137663841248
1469;0.005204209592193365;0.9224137663841248
1470;0.00507690291851759;0.9051724076271057
1471;0.005121863447129726;0.9224137663841248
1472;0.00497622974216938;0.9482758641242981
1473;0.005292373243719339;0.931034505367279
1474;0.00502967182546854;0.9568965435028076
1475;0.005362008698284626;0.931034505367279
1476;0.005197464954108;0.931034505367279
1477;0.005100134760141373;0.931034505367279
1478;0.005066981539130211;0.9137930870056152
1479;0.005123380571603775;0.9396551847457886
1480;0.005345077719539404;0.9224137663841248
1481;0.005215140525251627;0.9137930870056152
1482;0.0049692015163600445;0.9224137663841248
1483;0.005314044188708067;0.9224137663841248
1484;0.004822186194360256;0.9396551847457886
1485;0.004985037259757519;0.9137930870056152
1486;0.004904693458229303;0.9051724076271057
1487;0.005491853225976229;0.931034505367279
1488;0.005095324013382196;0.9224137663841248
1489;0.005192436743527651;0.931034505367279
1490;0.005109372083097696;0.9482758641242981
1491;0.005010457243770361;0.9051724076271057
1492;0.005081393755972385;0.931034505367279
1493;0.004869423341006041;0.9482758641242981
1494;0.004882672801613808;0.9482758641242981
1495;0.0048416429199278355;0.931034505367279
1496;0.004869725555181503;0.9396551847457886
1497;0.005403684917837381;0.9137930870056152
1498;0.00531074358150363;0.9224137663841248
1499;0.005067021120339632;0.931034505367279
