iteration;loss;accuracy
0;0.009460150264203548;0.019305018708109856
1;0.009241999126970768;0.03667953610420227
2;0.00920542050153017;0.04054053872823715
3;0.009210160002112389;0.06370656192302704
4;0.00922189000993967;0.04247104376554489
5;0.009177187457680702;0.07528957724571228
6;0.00914731714874506;0.05984555929899216
7;0.00913369283080101;0.057915057986974716
8;0.009148421697318554;0.048262547701597214
9;0.009152921847999096;0.052123550325632095
10;0.009122377261519432;0.0617760606110096
11;0.009105734527111053;0.0617760606110096
12;0.009096909314393997;0.057915057986974716
13;0.009086580015718937;0.05984555929899216
14;0.00906575657427311;0.06563706696033478
15;0.009060719050467014;0.06563706696033478
16;0.009068886749446392;0.04633204638957977
17;0.009046287275850773;0.06949806958436966
18;0.009031537920236588;0.07528957724571228
19;0.009026017971336842;0.07915057986974716
20;0.009015939198434353;0.09266409277915955
21;0.009000998921692371;0.09266409277915955
22;0.00899228360503912;0.10038609802722931
23;0.008975517004728317;0.10038609802722931
24;0.00896232109516859;0.07722007483243942
25;0.008964846841990948;0.08494208753108978
26;0.008949176408350468;0.10231660306453705
27;0.008936312980949879;0.10038609802722931
28;0.008924604393541813;0.09266409277915955
29;0.00890186708420515;0.09459459781646729
30;0.008889270946383476;0.11003860831260681
31;0.008884034119546413;0.09652509540319443
32;0.008859469555318356;0.11003860831260681
33;0.008844345808029175;0.1235521212220192
34;0.008835733868181705;0.1235521212220192
35;0.00880899652838707;0.12934362888336182
36;0.008824816904962063;0.10038609802722931
37;0.00886751152575016;0.10424710065126419
38;0.008816764689981937;0.09845560044050217
39;0.008803419768810272;0.11196911334991455
40;0.008781436830759048;0.12548261880874634
41;0.008778169751167297;0.13706563413143158
42;0.00872323289513588;0.13513512909412384
43;0.008744735270738602;0.1235521212220192
44;0.008715419098734856;0.1235521212220192
45;0.008729267865419388;0.14092664420604706
46;0.008668540045619011;0.14092664420604706
47;0.008692139759659767;0.14092664420604706
48;0.00864491704851389;0.1621621549129486
49;0.00865714531391859;0.1428571492433548
50;0.008610984310507774;0.1718146651983261
51;0.008608991280198097;0.1235521212220192
52;0.008587947115302086;0.1756756752729416
53;0.008575919084250927;0.14092664420604706
54;0.00858346838504076;0.1525096595287323
55;0.008544365875422955;0.1525096595287323
56;0.008556913584470749;0.1525096595287323
57;0.008531228639185429;0.18918919563293457
58;0.008512632921338081;0.1718146651983261
59;0.008514342829585075;0.16023166477680206
60;0.008519766852259636;0.1332046389579773
61;0.008491849526762962;0.15830115973949432
62;0.00846247561275959;0.18339768052101135
63;0.00846228189766407;0.1660231649875641
64;0.008470405824482441;0.13899613916873932
65;0.008445758372545242;0.16988417506217957
66;0.008433290757238865;0.1756756752729416
67;0.008428123779594898;0.15444014966487885
68;0.008437038399279118;0.16023166477680206
69;0.00842053722590208;0.14478763937950134
70;0.00835610181093216;0.17374517023563385
71;0.008379059843719006;0.15830115973949432
72;0.008399493992328644;0.15830115973949432
73;0.008379961363971233;0.16795367002487183
74;0.00835204403847456;0.1853281855583191
75;0.008353843353688717;0.17760618031024933
76;0.008353279903531075;0.20077219605445862
77;0.008376956917345524;0.16023166477680206
78;0.008440660312771797;0.1621621549129486
79;0.008338232524693012;0.1853281855583191
80;0.00836383830755949;0.16795367002487183
81;0.008342687040567398;0.17374517023563385
82;0.008328340947628021;0.1814671754837036
83;0.008308840915560722;0.20656371116638184
84;0.008337481878697872;0.1756756752729416
85;0.008282619528472424;0.21235521137714386
86;0.008295763283967972;0.19111968576908112
87;0.008250926621258259;0.2142857164144516
88;0.008306916803121567;0.18339768052101135
89;0.008259888738393784;0.20077219605445862
90;0.008277994580566883;0.1949806958436966
91;0.008240136317908764;0.21235521137714386
92;0.008246767334640026;0.20077219605445862
93;0.008234390057623386;0.16795367002487183
94;0.008218648843467236;0.1949806958436966
95;0.008222240023314953;0.20656371116638184
96;0.00820108037441969;0.19305019080638885
97;0.008205590769648552;0.18725869059562683
98;0.008229335770010948;0.21042470633983612
99;0.008226767182350159;0.18918919563293457
100;0.00817931443452835;0.2277992218732834
101;0.008143328130245209;0.24517375230789185
102;0.008176076225936413;0.22200772166252136
103;0.008191687054932117;0.2239382266998291
104;0.008181562647223473;0.20270270109176636
105;0.008182622492313385;0.1949806958436966
106;0.008173886686563492;0.21621622145175934
107;0.00814748927950859;0.21814671158790588
108;0.008176479488611221;0.2142857164144516
109;0.008166128769516945;0.2046332061290741
110;0.008179113268852234;0.18339768052101135
111;0.008133087307214737;0.22007721662521362
112;0.008141640573740005;0.21621622145175934
113;0.008166451938450336;0.20849420130252838
114;0.00814675074070692;0.2277992218732834
115;0.00813747476786375;0.22200772166252136
116;0.008118282072246075;0.2432432472705841
117;0.008117591962218285;0.21814671158790588
118;0.00814030785113573;0.2374517321586609
119;0.008139241486787796;0.20849420130252838
120;0.008137950673699379;0.2239382266998291
121;0.008141557686030865;0.2046332061290741
122;0.008080492727458477;0.22007721662521362
123;0.008082840591669083;0.23938223719596863
124;0.008106726221740246;0.2374517321586609
125;0.008111957460641861;0.23552124202251434
126;0.008137227967381477;0.2277992218732834
127;0.008084950037300587;0.22972972691059113
128;0.008066143840551376;0.22972972691059113
129;0.008066359907388687;0.23938223719596863
130;0.00809185765683651;0.2509652376174927
131;0.008078928105533123;0.2046332061290741
132;0.008090821094810963;0.23938223719596863
133;0.008045416325330734;0.23166023194789886
134;0.008070063777267933;0.23552124202251434
135;0.008060235530138016;0.2432432472705841
136;0.00803379062563181;0.23938223719596863
137;0.008079900406301022;0.24903474748134613
138;0.008062098175287247;0.23938223719596863
139;0.008000215515494347;0.26833978295326233
140;0.008032849058508873;0.2760617733001709
141;0.008005563169717789;0.26447877287864685
142;0.00801490806043148;0.25482624769210815
143;0.008017310872673988;0.2760617733001709
144;0.008017903193831444;0.2471042424440384
145;0.008044959045946598;0.22586873173713684
146;0.00802750512957573;0.2625482678413391
147;0.00801987387239933;0.28378379344940186
148;0.008000010624527931;0.2857142984867096
149;0.008042949251830578;0.26833978295326233
150;0.008057452738285065;0.23166023194789886
151;0.008013512939214706;0.27413126826286316
152;0.007965857163071632;0.2760617733001709
153;0.008014103397727013;0.2509652376174927
154;0.00797250960022211;0.2625482678413391
155;0.00800266582518816;0.2722007632255554
156;0.007985931821167469;0.23938223719596863
157;0.008017411455512047;0.27799227833747864
158;0.007984895259141922;0.2509652376174927
159;0.00800294615328312;0.2760617733001709
160;0.007939359173178673;0.3050193190574646
161;0.007980981841683388;0.3011583089828491
162;0.007927379570901394;0.2799227833747864
163;0.00799164641648531;0.26833978295326233
164;0.00795880239456892;0.2702702581882477
165;0.007980224676430225;0.2567567527294159
166;0.007969820871949196;0.27799227833747864
167;0.007924585603177547;0.27799227833747864
168;0.007981746457517147;0.2625482678413391
169;0.007902720011770725;0.30308881402015686
170;0.007904956117272377;0.27413126826286316
171;0.007898839190602303;0.3011583089828491
172;0.007871287874877453;0.29343628883361816
173;0.007909045554697514;0.2528957426548004
174;0.007954709231853485;0.28764477372169495
175;0.007888834923505783;0.2857142984867096
176;0.007861378602683544;0.2992278039455414
177;0.007889841683208942;0.3011583089828491
178;0.007863219827413559;0.30694979429244995
179;0.007964386604726315;0.24903474748134613
180;0.0078950896859169;0.3011583089828491
181;0.00784291047602892;0.30694979429244995
182;0.007980058901011944;0.2722007632255554
183;0.008082433603703976;0.25482624769210815
184;0.008021402172744274;0.29343628883361816
185;0.007916848175227642;0.2857142984867096
186;0.008091333322227001;0.30308881402015686
187;0.00790700688958168;0.3011583089828491
188;0.008112713694572449;0.26833978295326233
189;0.007907570339739323;0.30694979429244995
190;0.008068167604506016;0.2374517321586609
191;0.007920034229755402;0.2818532884120941
192;0.008016891777515411;0.24903474748134613
193;0.007936478592455387;0.2895752787590027
194;0.007929970510303974;0.2818532884120941
195;0.00793590396642685;0.2760617733001709
196;0.007928536273539066;0.28764477372169495
197;0.007884412072598934;0.26833978295326233
198;0.00788894109427929;0.2818532884120941
199;0.007869860157370567;0.3011583089828491
200;0.007837524637579918;0.3146718144416809
201;0.007797771133482456;0.30694979429244995
202;0.007832727394998074;0.26833978295326233
203;0.007797510828822851;0.31274130940437317
204;0.007763509172946215;0.30308881402015686
205;0.007798871025443077;0.2818532884120941
206;0.007777735125273466;0.30694979429244995
207;0.007726479321718216;0.33011582493782043
208;0.007763249799609184;0.3378378450870514
209;0.007754702121019363;0.30694979429244995
210;0.007736795116215944;0.31081080436706543
211;0.007697140797972679;0.31274130940437317
212;0.007790825795382261;0.2664092779159546
213;0.007743368856608868;0.32625481486320496
214;0.00764675484970212;0.3281853199005127
215;0.007730362471193075;0.3185328245162964
216;0.007656492758542299;0.31081080436706543
217;0.007688712328672409;0.31274130940437317
218;0.007748482283204794;0.2857142984867096
219;0.007684255018830299;0.3320463299751282
220;0.007680737879127264;0.29343628883361816
221;0.007598361931741238;0.34169885516166687
222;0.007724904455244541;0.30694979429244995
223;0.007654334418475628;0.3204633295536041
224;0.007678404916077852;0.3185328245162964
225;0.0077114044688642025;0.3436293303966522
226;0.007665612734854221;0.33011582493782043
227;0.007623789831995964;0.35521236062049866
228;0.007640330586582422;0.32625481486320496
229;0.007582587189972401;0.33011582493782043
230;0.007607626728713512;0.3532818555831909
231;0.007589703891426325;0.34555983543395996
232;0.007469006348401308;0.3610038757324219
233;0.00758039066568017;0.3204633295536041
234;0.007592545356601477;0.3436293303966522
235;0.00757615314796567;0.30308881402015686
236;0.007536821998655796;0.39382240176200867
237;0.007564431522041559;0.3474903404712677
238;0.007656661327928305;0.34942084550857544
239;0.007623224053531885;0.3185328245162964
240;0.00762767530977726;0.3667953610420227
241;0.00755926501005888;0.3629343509674072
242;0.007561717182397842;0.3320463299751282
243;0.0075249155052006245;0.33976835012435913
244;0.007564932573586702;0.3204633295536041
245;0.0074708531610667706;0.3532818555831909
246;0.00752823892980814;0.36872586607933044
247;0.007503970991820097;0.3610038757324219
248;0.007452911231666803;0.3474903404712677
249;0.007506805472075939;0.32239383459091187
250;0.0074510653503239155;0.3571428656578064
251;0.007446382660418749;0.3706563711166382
252;0.007427032571285963;0.3764478862285614
253;0.00739622674882412;0.3996138870716095
254;0.007391963619738817;0.3957529067993164
255;0.007358255330473185;0.41119691729545593
256;0.007418630179017782;0.3667953610420227
257;0.007352764718234539;0.40154439210891724
258;0.007399331778287888;0.3861003816127777
259;0.007422423455864191;0.3803088665008545
260;0.007566535845398903;0.39382240176200867
261;0.0073681543581187725;0.3918918967247009
262;0.007410204503685236;0.39382240176200867
263;0.0074216341599822044;0.3899613916873932
264;0.007318559102714062;0.41119691729545593
265;0.007547497749328613;0.3571428656578064
266;0.0073638795875012875;0.41698840260505676
267;0.007467648480087519;0.34169885516166687
268;0.007504988461732864;0.35521236062049866
269;0.007382815703749657;0.38803088665008545
270;0.007466882932931185;0.35521236062049866
271;0.00739141833037138;0.3764478862285614
272;0.007420174311846495;0.37451738119125366
273;0.007337034214287996;0.39768341183662415
274;0.007337712217122316;0.403474897146225
275;0.0073613799177110195;0.38416987657546997
276;0.007229610811918974;0.41698840260505676
277;0.007340241689234972;0.3957529067993164
278;0.0073044137097895145;0.41698840260505676
279;0.007332618348300457;0.38803088665008545
280;0.007339069154113531;0.38223937153816223
281;0.0073105040937662125;0.3957529067993164
282;0.00723741902038455;0.41312742233276367
283;0.007268218323588371;0.39768341183662415
284;0.007235963828861713;0.403474897146225
285;0.0072426521219313145;0.4189189076423645
286;0.00732265692204237;0.4054054021835327
287;0.00730484165251255;0.37451738119125366
288;0.007215883582830429;0.4092664122581482
289;0.007226346526294947;0.3899613916873932
290;0.007208260241895914;0.41312742233276367
291;0.007275677751749754;0.37837839126586914
292;0.007335192058235407;0.4054054021835327
293;0.007097327616065741;0.4189189076423645
294;0.0072788214311003685;0.38223937153816223
295;0.007276107091456652;0.35907337069511414
296;0.007142909336835146;0.44594594836235046
297;0.007173484656959772;0.3918918967247009
298;0.007316621020436287;0.3996138870716095
299;0.007135510910302401;0.4054054021835327
300;0.007094634231179953;0.42664092779159546
301;0.007156455423682928;0.39768341183662415
302;0.007137827109545469;0.403474897146225
303;0.007073517888784409;0.39768341183662415
304;0.0070841205306351185;0.4382239282131195
305;0.007103567011654377;0.42664092779159546
306;0.007129712495952845;0.40733590722084045
307;0.007191065698862076;0.41119691729545593
308;0.007020894438028336;0.43050193786621094
309;0.007132628001272678;0.4247104227542877
310;0.007105120457708836;0.4189189076423645
311;0.007077551446855068;0.41312742233276367
312;0.007107275538146496;0.4054054021835327
313;0.007165370974689722;0.41312742233276367
314;0.007070953957736492;0.44594594836235046
315;0.007096476387232542;0.42084941267967224
316;0.0070840888656675816;0.43050193786621094
317;0.007163072004914284;0.3861003816127777
318;0.007291883230209351;0.3861003816127777
319;0.0070495945401489735;0.3996138870716095
320;0.007183257956057787;0.42277991771698
321;0.007263457402586937;0.38803088665008545
322;0.007073029410094023;0.43050193786621094
323;0.007031104061752558;0.43629342317581177
324;0.007248759735375643;0.37451738119125366
325;0.007238781079649925;0.3899613916873932
326;0.007203125860542059;0.3899613916873932
327;0.007173993159085512;0.3861003816127777
328;0.007230608258396387;0.40154439210891724
329;0.007076207548379898;0.4247104227542877
330;0.007164114620536566;0.40154439210891724
331;0.007103918585926294;0.4285714328289032
332;0.00703089963644743;0.4189189076423645
333;0.007197701837867498;0.35907337069511414
334;0.006943066604435444;0.42277991771698
335;0.0070807430893182755;0.39382240176200867
336;0.007050413638353348;0.3996138870716095
337;0.006969172973185778;0.4285714328289032
338;0.006969481706619263;0.43050193786621094
339;0.006953083910048008;0.4478764533996582
340;0.006950970273464918;0.4478764533996582
341;0.006993558257818222;0.4247104227542877
342;0.006926503032445908;0.4343629479408264
343;0.006964923348277807;0.4536679685115814
344;0.006980102509260178;0.4285714328289032
345;0.006918317638337612;0.4150579273700714
346;0.0068733268417418;0.4343629479408264
347;0.006848147604614496;0.4536679685115814
348;0.0068526058457791805;0.46332046389579773
349;0.006890623364597559;0.41312742233276367
350;0.006894246209412813;0.4285714328289032
351;0.006765312515199184;0.44980695843696594
352;0.006871477235108614;0.4536679685115814
353;0.006895535159856081;0.4382239282131195
354;0.006778881419450045;0.48262548446655273
355;0.006827384699136019;0.46138995885849
356;0.006861927453428507;0.442084938287735
357;0.0067654564045369625;0.46138995885849
358;0.006851998157799244;0.42277991771698
359;0.006857521366328001;0.4555984437465668
360;0.006879390683025122;0.4247104227542877
361;0.006834672298282385;0.43629342317581177
362;0.006782324519008398;0.442084938287735
363;0.006878531072288752;0.442084938287735
364;0.006757667288184166;0.4555984437465668
365;0.0068398392759263515;0.44980695843696594
366;0.006806801073253155;0.4324324429035187
367;0.0067941113375127316;0.46138995885849
368;0.006830884609371424;0.4382239282131195
369;0.006847622338682413;0.42664092779159546
370;0.006739021744579077;0.4536679685115814
371;0.006841936614364386;0.4189189076423645
372;0.006822971161454916;0.4343629479408264
373;0.0067544798366725445;0.4555984437465668
374;0.006773386150598526;0.46525096893310547
375;0.006783073768019676;0.46138995885849
376;0.006747557315975428;0.4845559895038605
377;0.0067310635931789875;0.46332046389579773
378;0.006914657540619373;0.4150579273700714
379;0.007040535099804401;0.39382240176200867
380;0.006909565534442663;0.4575289487838745
381;0.006914936937391758;0.43629342317581177
382;0.006894245743751526;0.4343629479408264
383;0.006675001233816147;0.47297295928001404
384;0.006860109977424145;0.41119691729545593
385;0.006778673734515905;0.44980695843696594
386;0.006820631679147482;0.4555984437465668
387;0.006771368440240622;0.4517374634742737
388;0.006767061538994312;0.4478764533996582
389;0.006782963871955872;0.41698840260505676
390;0.006752088665962219;0.46525096893310547
391;0.0067073144018650055;0.4575289487838745
392;0.006737431511282921;0.4247104227542877
393;0.006664212327450514;0.4961389899253845
394;0.00668031582608819;0.46138995885849
395;0.006635953206568956;0.48262548446655273
396;0.00666933786123991;0.4478764533996582
397;0.006717812269926071;0.4440154433250427
398;0.0066733877174556255;0.4517374634742737
399;0.006650320719927549;0.46525096893310547
400;0.006685539614409208;0.46138995885849
401;0.006639829836785793;0.46138995885849
402;0.0066412584856152534;0.4478764533996582
403;0.00662606954574585;0.4575289487838745
404;0.006648504175245762;0.4517374634742737
405;0.006583860609680414;0.4903475046157837
406;0.00665771309286356;0.46332046389579773
407;0.006622905842959881;0.4845559895038605
408;0.0067051006481051445;0.43629342317581177
409;0.006616412196308374;0.4961389899253845
410;0.006616311147809029;0.45945945382118225
411;0.006590303033590317;0.4768339693546295
412;0.006590245757251978;0.46911197900772095
413;0.006632902193814516;0.4536679685115814
414;0.00655385060235858;0.4768339693546295
415;0.006622530985623598;0.46525096893310547
416;0.006560753099620342;0.4671814739704132
417;0.0065048993565142155;0.4768339693546295
418;0.006490504834800959;0.5
419;0.006480592302978039;0.4768339693546295
420;0.00656773429363966;0.442084938287735
421;0.006525090429931879;0.4864864945411682
422;0.006544777657836676;0.46525096893310547
423;0.00653524836525321;0.48841699957847595
424;0.006475621368736029;0.4845559895038605
425;0.0064195203594863415;0.480694979429245
426;0.0065379636362195015;0.46138995885849
427;0.006449235137552023;0.4710424840450287
428;0.006512576714158058;0.4749034643173218
429;0.006422227714210749;0.4942084848880768
430;0.006416357588022947;0.48262548446655273
431;0.006477345712482929;0.4710424840450287
432;0.006423118524253368;0.507722020149231
433;0.006483603734523058;0.46138995885849
434;0.00638498505577445;0.4864864945411682
435;0.006425101310014725;0.4961389899253845
436;0.006432550027966499;0.4671814739704132
437;0.00645980890840292;0.4749034643173218
438;0.00639900378882885;0.4864864945411682
439;0.006358996499329805;0.5
440;0.006476402748376131;0.49806949496269226
441;0.006475508213043213;0.4671814739704132
442;0.0063984994776546955;0.5173745155334473
443;0.006429305765777826;0.46525096893310547
444;0.006355887744575739;0.5173745155334473
445;0.006476484704762697;0.4749034643173218
446;0.006427724380046129;0.48841699957847595
447;0.0065077366307377815;0.47297295928001404
448;0.006487671751528978;0.46911197900772095
449;0.006418759003281593;0.4440154433250427
450;0.0063955336809158325;0.48262548446655273
451;0.006461479235440493;0.4671814739704132
452;0.006649474613368511;0.4517374634742737
453;0.006369961891323328;0.48262548446655273
454;0.006547835655510426;0.4478764533996582
455;0.006471751723438501;0.48841699957847595
456;0.006484074518084526;0.4575289487838745
457;0.006441413890570402;0.4961389899253845
458;0.006389837246388197;0.4864864945411682
459;0.006398925557732582;0.46138995885849
460;0.006432533264160156;0.47297295928001404
461;0.006446957588195801;0.4710424840450287
462;0.006382206454873085;0.4536679685115814
463;0.0064648170955479145;0.4710424840450287
464;0.006300743669271469;0.507722020149231
465;0.0063944049179553986;0.4749034643173218
466;0.00653874920681119;0.4555984437465668
467;0.006527644582092762;0.4768339693546295
468;0.006337836384773254;0.4710424840450287
469;0.006337587721645832;0.480694979429245
470;0.006339964456856251;0.4903475046157837
471;0.0063661374151706696;0.4749034643173218
472;0.006401407066732645;0.4710424840450287
473;0.006333129480481148;0.48262548446655273
474;0.006360662169754505;0.5019304752349854
475;0.0063495635986328125;0.4845559895038605
476;0.0062792678363621235;0.4961389899253845
477;0.006304437294602394;0.46332046389579773
478;0.006380361504852772;0.48841699957847595
479;0.006410698872059584;0.48262548446655273
480;0.006496276240795851;0.480694979429245
481;0.006742566358298063;0.44594594836235046
482;0.006391872186213732;0.47876447439193726
483;0.0064358483068645;0.44594594836235046
484;0.006415946409106255;0.4845559895038605
485;0.006456281058490276;0.4575289487838745
486;0.006374625023454428;0.4710424840450287
487;0.006431277841329575;0.4942084848880768
488;0.006393860559910536;0.4942084848880768
489;0.006327969953417778;0.49806949496269226
490;0.00652424618601799;0.44594594836235046
491;0.0063193608075380325;0.4575289487838745
492;0.006425691302865744;0.4478764533996582
493;0.0063241394236683846;0.5135135054588318
494;0.006348858587443829;0.49227797985076904
495;0.006333014462143183;0.47297295928001404
496;0.006254779174923897;0.5038610100746155
497;0.006240523885935545;0.4903475046157837
498;0.006251290440559387;0.47876447439193726
499;0.006285111419856548;0.49227797985076904
500;0.006267515942454338;0.4961389899253845
501;0.006200424395501614;0.49806949496269226
502;0.006282251328229904;0.4942084848880768
503;0.006289422977715731;0.5
504;0.006243216339498758;0.4768339693546295
505;0.0062987832352519035;0.5038610100746155
506;0.006244013085961342;0.5038610100746155
507;0.006339343264698982;0.4749034643173218
508;0.00622783787548542;0.4903475046157837
509;0.006200708914548159;0.48841699957847595
510;0.006200238596647978;0.5019304752349854
511;0.006208403035998344;0.5193049907684326
512;0.006254070438444614;0.5
513;0.0061914497055113316;0.5019304752349854
514;0.0063051097095012665;0.46332046389579773
515;0.006240803748369217;0.5057914853096008
516;0.006210978142917156;0.5173745155334473
517;0.006223196163773537;0.48841699957847595
518;0.006300998851656914;0.46138995885849
519;0.00620220135897398;0.5019304752349854
520;0.006243086885660887;0.5
521;0.006351032294332981;0.4517374634742737
522;0.006179895251989365;0.5135135054588318
523;0.006318953819572926;0.47297295928001404
524;0.006368172820657492;0.47297295928001404
525;0.006376351695507765;0.4710424840450287
526;0.006388531997799873;0.45945945382118225
527;0.006484631914645433;0.4247104227542877
528;0.006272009573876858;0.4575289487838745
529;0.0062795416451990604;0.4864864945411682
530;0.006178461480885744;0.5250965356826782
531;0.006284025497734547;0.4555984437465668
532;0.006278716493397951;0.46332046389579773
533;0.0061912680976092815;0.4961389899253845
534;0.006236807908862829;0.507722020149231
535;0.006295898463577032;0.47876447439193726
536;0.006324104033410549;0.4903475046157837
537;0.006676411256194115;0.4536679685115814
538;0.006356371100991964;0.4903475046157837
539;0.006412223447114229;0.4749034643173218
540;0.00636670645326376;0.4749034643173218
541;0.006356960628181696;0.4749034643173218
542;0.006903460249304771;0.4092664122581482
543;0.006754232104867697;0.4343629479408264
544;0.006293215788900852;0.5135135054588318
545;0.0064963726326823235;0.46332046389579773
546;0.006628725677728653;0.4189189076423645
547;0.006632523145526648;0.4845559895038605
548;0.006669231224805117;0.41312742233276367
549;0.006485406309366226;0.5
550;0.006485538557171822;0.46911197900772095
551;0.006532629020512104;0.442084938287735
552;0.00631516519933939;0.5
553;0.006336138118058443;0.47876447439193726
554;0.006374835502356291;0.46911197900772095
555;0.006336167920380831;0.48262548446655273
556;0.006240176968276501;0.4864864945411682
557;0.006241876631975174;0.4864864945411682
558;0.006278233602643013;0.46911197900772095
559;0.00624103844165802;0.4768339693546295
560;0.006216482724994421;0.46138995885849
561;0.006184768863022327;0.49806949496269226
562;0.006119287107139826;0.4903475046157837
563;0.006206292659044266;0.47876447439193726
564;0.0061247884295880795;0.49806949496269226
565;0.006248238030821085;0.5019304752349854
566;0.006214362569153309;0.49227797985076904
567;0.00621432438492775;0.4864864945411682
568;0.006087839603424072;0.4961389899253845
569;0.0063630156219005585;0.4710424840450287
570;0.006134978029876947;0.4903475046157837
571;0.006219254340976477;0.48841699957847595
572;0.006153504829853773;0.5019304752349854
573;0.00623300950974226;0.480694979429245
574;0.006188036873936653;0.48262548446655273
575;0.006198963150382042;0.5057914853096008
576;0.006209864746779203;0.49806949496269226
577;0.006169432308524847;0.5193049907684326
578;0.006073817145079374;0.5231660008430481
579;0.006211368832737207;0.4864864945411682
580;0.006074567325413227;0.5096524953842163
581;0.00622019125148654;0.5019304752349854
582;0.006026735994964838;0.48841699957847595
583;0.006303214933723211;0.4768339693546295
584;0.006214166060090065;0.5019304752349854
585;0.006283666007220745;0.4845559895038605
586;0.006106987129896879;0.4942084848880768
587;0.006141260731965303;0.4845559895038605
588;0.006213200744241476;0.4961389899253845
589;0.006161519791930914;0.46911197900772095
590;0.00634846230968833;0.4575289487838745
591;0.006129823159426451;0.4671814739704132
592;0.006044141016900539;0.5366795659065247
593;0.006147535517811775;0.5096524953842163
594;0.006074271164834499;0.47297295928001404
595;0.0061759124509990215;0.4536679685115814
596;0.006035421974956989;0.4961389899253845
597;0.006116724573075771;0.5
598;0.006126099266111851;0.5057914853096008
599;0.006066936068236828;0.5
600;0.006145698484033346;0.4768339693546295
601;0.006043863948434591;0.5038610100746155
602;0.005997214931994677;0.5289575457572937
603;0.006112831179052591;0.4749034643173218
604;0.0060804905369877815;0.4768339693546295
605;0.00603133300319314;0.49227797985076904
606;0.006037738174200058;0.5135135054588318
607;0.005964232143014669;0.5154440402984619
608;0.0059897033497691154;0.5347490310668945
609;0.005953716579824686;0.5135135054588318
610;0.005971744656562805;0.5154440402984619
611;0.00604462344199419;0.5115830302238464
612;0.005881741177290678;0.5135135054588318
613;0.0059420461766421795;0.5405405163764954
614;0.005997666623443365;0.5270270109176636
615;0.006055130157619715;0.5
616;0.006196732632815838;0.46332046389579773
617;0.006126979365944862;0.480694979429245
618;0.006019586231559515;0.4903475046157837
619;0.006068522110581398;0.4903475046157837
620;0.006021122448146343;0.480694979429245
621;0.006086553446948528;0.48262548446655273
622;0.006188841070979834;0.4864864945411682
623;0.00616852380335331;0.5096524953842163
624;0.0060200863517820835;0.5173745155334473
625;0.006094675045460463;0.49806949496269226
626;0.0059394375421106815;0.5173745155334473
627;0.005974490661174059;0.5135135054588318
628;0.006041171029210091;0.49806949496269226
629;0.005936420056968927;0.53861004114151
630;0.006028606090694666;0.49806949496269226
631;0.005980738438665867;0.5038610100746155
632;0.006077251397073269;0.4845559895038605
633;0.00595293752849102;0.507722020149231
634;0.006105490494519472;0.4961389899253845
635;0.005961052142083645;0.5270270109176636
636;0.005974569357931614;0.5019304752349854
637;0.005924364551901817;0.5270270109176636
638;0.005998458247631788;0.4845559895038605
639;0.0058487714268267155;0.5366795659065247
640;0.005906120408326387;0.5270270109176636
641;0.00599241629242897;0.5173745155334473
642;0.005897599272429943;0.5231660008430481
643;0.006005613133311272;0.4961389899253845
644;0.005941290874034166;0.5250965356826782
645;0.006004736293107271;0.4942084848880768
646;0.00593008566647768;0.5019304752349854
647;0.005856105126440525;0.5270270109176636
648;0.005893995054066181;0.5347490310668945
649;0.0059190005995333195;0.5154440402984619
650;0.0059265331365168095;0.5347490310668945
651;0.006051081232726574;0.4903475046157837
652;0.005931549239903688;0.5115830302238464
653;0.005972923245280981;0.48841699957847595
654;0.005869717802852392;0.5057914853096008
655;0.0059186541475355625;0.5154440402984619
656;0.005989255849272013;0.5193049907684326
657;0.0059585655108094215;0.5135135054588318
658;0.005826936569064856;0.5424710512161255
659;0.006037229206413031;0.4864864945411682
660;0.0060728248208761215;0.49227797985076904
661;0.005872631445527077;0.5115830302238464
662;0.005947391968220472;0.5
663;0.005961037706583738;0.48841699957847595
664;0.005919511429965496;0.5096524953842163
665;0.005970933474600315;0.4942084848880768
666;0.005889597348868847;0.5328185558319092
667;0.005945769138634205;0.507722020149231
668;0.005862881429493427;0.5347490310668945
669;0.005837217438966036;0.5193049907684326
670;0.005819953512400389;0.5173745155334473
671;0.005926099605858326;0.5154440402984619
672;0.005903781857341528;0.5405405163764954
673;0.0059839594177901745;0.47297295928001404
674;0.00589274475350976;0.5135135054588318
675;0.0060850465670228004;0.49227797985076904
676;0.005898712668567896;0.546332061290741
677;0.006061930675059557;0.480694979429245
678;0.005925474688410759;0.5038610100746155
679;0.006019798573106527;0.4671814739704132
680;0.005896844435483217;0.5019304752349854
681;0.0060091782361269;0.4845559895038605
682;0.005948217120021582;0.5193049907684326
683;0.006065273657441139;0.5
684;0.005921340547502041;0.5135135054588318
685;0.005911305546760559;0.5250965356826782
686;0.0058036078698933125;0.5405405163764954
687;0.005810198374092579;0.5270270109176636
688;0.005835388321429491;0.5212355256080627
689;0.005964468698948622;0.5057914853096008
690;0.00583296362310648;0.530888020992279
691;0.005836514290422201;0.5212355256080627
692;0.005935426335781813;0.4749034643173218
693;0.005883991718292236;0.5231660008430481
694;0.00592150678858161;0.507722020149231
695;0.005927084479480982;0.5
696;0.00575884897261858;0.5270270109176636
697;0.006055778823792934;0.480694979429245
698;0.005934063345193863;0.5115830302238464
699;0.006085612345486879;0.4710424840450287
700;0.0058867959305644035;0.5347490310668945
701;0.006175285670906305;0.47876447439193726
702;0.005897828843444586;0.5289575457572937
703;0.0061379121616482735;0.4749034643173218
704;0.0059840804897248745;0.5115830302238464
705;0.0060003637336194515;0.480694979429245
706;0.006000997964292765;0.48841699957847595
707;0.005883704870939255;0.5250965356826782
708;0.0059618572704494;0.5193049907684326
709;0.00579414889216423;0.5482625365257263
710;0.005936583504080772;0.4845559895038605
711;0.005980808287858963;0.49806949496269226
712;0.005864358507096767;0.5366795659065247
713;0.006024726666510105;0.5115830302238464
714;0.005969999823719263;0.47876447439193726
715;0.005868396256119013;0.5347490310668945
716;0.005929500330239534;0.5424710512161255
717;0.005884638987481594;0.5270270109176636
718;0.0059064291417598724;0.507722020149231
719;0.006072212941944599;0.4864864945411682
720;0.005942991469055414;0.5154440402984619
721;0.005830761045217514;0.5328185558319092
722;0.005913949105888605;0.5328185558319092
723;0.0058841039426624775;0.5347490310668945
724;0.005907461047172546;0.530888020992279
725;0.005858538206666708;0.5231660008430481
726;0.005945591721683741;0.4903475046157837
727;0.005817238707095385;0.5270270109176636
728;0.00583308981731534;0.5366795659065247
729;0.005765659734606743;0.5675675868988037
730;0.005827889312058687;0.5328185558319092
731;0.005779163911938667;0.5212355256080627
732;0.0058123706839978695;0.5289575457572937
733;0.005820682737976313;0.5444015264511108
734;0.0057896096259355545;0.5328185558319092
735;0.0058066933415830135;0.5347490310668945
736;0.005814648233354092;0.5347490310668945
737;0.00579987233504653;0.5444015264511108
738;0.005860098171979189;0.5154440402984619
739;0.005788803566247225;0.5366795659065247
740;0.005816309247165918;0.5424710512161255
741;0.005829588044434786;0.507722020149231
742;0.005879295524209738;0.5135135054588318
743;0.00580652104690671;0.5193049907684326
744;0.005817652214318514;0.546332061290741
745;0.005782727152109146;0.5482625365257263
746;0.005814824253320694;0.530888020992279
747;0.005920423660427332;0.5231660008430481
748;0.005873714108020067;0.5154440402984619
749;0.005895242094993591;0.5038610100746155
750;0.005809830501675606;0.5173745155334473
751;0.005849807057529688;0.48262548446655273
752;0.00580962561070919;0.5115830302238464
753;0.005777169018983841;0.5193049907684326
754;0.005854201503098011;0.5154440402984619
755;0.005753046832978725;0.5405405163764954
756;0.0057568722404539585;0.5250965356826782
757;0.0058232699520885944;0.5328185558319092
758;0.005824231076985598;0.5096524953842163
759;0.00566473975777626;0.5444015264511108
760;0.005789301823824644;0.5270270109176636
761;0.00586128793656826;0.5019304752349854
762;0.005825198721140623;0.5289575457572937
763;0.005812919698655605;0.5250965356826782
764;0.005759216379374266;0.5231660008430481
765;0.005851012654602528;0.5154440402984619
766;0.005859882105141878;0.5347490310668945
767;0.006024205591529608;0.49806949496269226
768;0.005848794709891081;0.5193049907684326
769;0.005905885249376297;0.49227797985076904
770;0.005934326443821192;0.4903475046157837
771;0.005829141940921545;0.5038610100746155
772;0.005728026852011681;0.5328185558319092
773;0.005917638074606657;0.4942084848880768
774;0.00570501247420907;0.5482625365257263
775;0.0058905985206365585;0.5038610100746155
776;0.00583470705896616;0.4768339693546295
777;0.00590876629576087;0.49806949496269226
778;0.005744025111198425;0.5501930713653564
779;0.00567852845415473;0.5347490310668945
780;0.0058120619505643845;0.5
781;0.005707402713596821;0.5328185558319092
782;0.005803495645523071;0.5
783;0.005788702983409166;0.5521235466003418
784;0.005865050479769707;0.5096524953842163
785;0.0056958808563649654;0.5366795659065247
786;0.005831169430166483;0.5057914853096008
787;0.0058044251054525375;0.5328185558319092
788;0.00581752136349678;0.4961389899253845
789;0.006019224412739277;0.4845559895038605
790;0.005721348337829113;0.5289575457572937
791;0.0057909791357815266;0.5231660008430481
792;0.0057572489604353905;0.530888020992279
793;0.005818570964038372;0.5328185558319092
794;0.005842048674821854;0.5444015264511108
795;0.005690934602171183;0.5424710512161255
796;0.005809427704662085;0.530888020992279
797;0.005733049008995295;0.5250965356826782
798;0.005788234993815422;0.5212355256080627
799;0.005931324791163206;0.4768339693546295
800;0.005750596988946199;0.5038610100746155
801;0.006201611366122961;0.4440154433250427
802;0.005707511678338051;0.5559845566749573
803;0.005810801405459642;0.5289575457572937
804;0.005891032051295042;0.5115830302238464
805;0.005673350300639868;0.53861004114151
806;0.005913866218179464;0.4864864945411682
807;0.005747126881033182;0.5135135054588318
808;0.005753050558269024;0.53861004114151
809;0.00577558996155858;0.5212355256080627
810;0.005702483467757702;0.546332061290741
811;0.0057610939256846905;0.5501930713653564
812;0.00590386101976037;0.5096524953842163
813;0.005853710696101189;0.5424710512161255
814;0.0059053958393633366;0.48841699957847595
815;0.005675322376191616;0.5424710512161255
816;0.005877501331269741;0.5038610100746155
817;0.005783887580037117;0.5135135054588318
818;0.0058669536374509335;0.5173745155334473
819;0.005663439631462097;0.5444015264511108
820;0.0057015628553926945;0.507722020149231
821;0.00571848638355732;0.5212355256080627
822;0.0057168276980519295;0.530888020992279
823;0.005760753061622381;0.5270270109176636
824;0.005732144229114056;0.5193049907684326
825;0.005764123983681202;0.5057914853096008
826;0.005676313769072294;0.5501930713653564
827;0.005641351919621229;0.5347490310668945
828;0.005664024502038956;0.5328185558319092
829;0.005710524506866932;0.5424710512161255
830;0.0057573928497731686;0.5521235466003418
831;0.005680819042026997;0.53861004114151
832;0.005666270386427641;0.5521235466003418
833;0.005685660056769848;0.5270270109176636
834;0.005824517458677292;0.5154440402984619
835;0.005682193208485842;0.5482625365257263
836;0.005669659003615379;0.5193049907684326
837;0.005809953901916742;0.5115830302238464
838;0.005710475612431765;0.5038610100746155
839;0.005709107033908367;0.5135135054588318
840;0.005620274692773819;0.5328185558319092
841;0.005714269820600748;0.5366795659065247
842;0.005616189446300268;0.530888020992279
843;0.00567873939871788;0.5540540814399719
844;0.005713527090847492;0.5193049907684326
845;0.005627171602100134;0.5115830302238464
846;0.005706623662263155;0.4903475046157837
847;0.005593596026301384;0.5347490310668945
848;0.005640077404677868;0.546332061290741
849;0.005634405184537172;0.5212355256080627
850;0.0056439354084432125;0.5115830302238464
851;0.005681242793798447;0.5270270109176636
852;0.005590883549302816;0.5482625365257263
853;0.005668163299560547;0.5019304752349854
854;0.00577555363997817;0.5019304752349854
855;0.00566499400883913;0.530888020992279
856;0.005687718279659748;0.5444015264511108
857;0.005636274348944426;0.5424710512161255
858;0.005720178596675396;0.49806949496269226
859;0.005650184117257595;0.5231660008430481
860;0.005574891343712807;0.5193049907684326
861;0.005628744140267372;0.5521235466003418
862;0.005698854103684425;0.5096524953842163
863;0.005730160977691412;0.5270270109176636
864;0.005618950817734003;0.5444015264511108
865;0.005702518858015537;0.5019304752349854
866;0.005668822675943375;0.5115830302238464
867;0.005729482043534517;0.49227797985076904
868;0.00560508668422699;0.507722020149231
869;0.005954429507255554;0.5
870;0.00612616678699851;0.48841699957847595
871;0.006523669231683016;0.4382239282131195
872;0.005797693505883217;0.5328185558319092
873;0.006082449108362198;0.46138995885849
874;0.006153704132884741;0.4903475046157837
875;0.006080565508455038;0.5115830302238464
876;0.0058898646384477615;0.5154440402984619
877;0.005826568230986595;0.5250965356826782
878;0.0058347610756754875;0.49227797985076904
879;0.006388660054653883;0.48841699957847595
880;0.006784501019865274;0.39768341183662415
881;0.005839743185788393;0.5328185558319092
882;0.006630422081798315;0.44594594836235046
883;0.006677625700831413;0.4575289487838745
884;0.006282597314566374;0.507722020149231
885;0.0061297668144106865;0.49806949496269226
886;0.006017452571541071;0.5019304752349854
887;0.006157181691378355;0.46911197900772095
888;0.005981262307614088;0.5
889;0.005947621073573828;0.5115830302238464
890;0.005792321637272835;0.53861004114151
891;0.0058433376252651215;0.5424710512161255
892;0.005888599902391434;0.5173745155334473
893;0.005797149147838354;0.530888020992279
894;0.005815708544105291;0.5
895;0.005871193017810583;0.507722020149231
896;0.005802999250590801;0.5038610100746155
897;0.005735769867897034;0.5559845566749573
898;0.005763724446296692;0.5193049907684326
899;0.005685578100383282;0.5579150319099426
900;0.005832235794514418;0.507722020149231
901;0.005836949218064547;0.5289575457572937
902;0.005809522233903408;0.5250965356826782
903;0.005673847161233425;0.530888020992279
904;0.0058118863962590694;0.5328185558319092
905;0.0056632934138178825;0.5656370520591736
906;0.005714342463761568;0.5405405163764954
907;0.005655277520418167;0.5559845566749573
908;0.005739440210163593;0.5193049907684326
909;0.0057366155087947845;0.5231660008430481
910;0.005597363226115704;0.5154440402984619
911;0.0056308661587536335;0.5289575457572937
912;0.005677780136466026;0.5347490310668945
913;0.005656142253428698;0.5501930713653564
914;0.005608224775642157;0.546332061290741
915;0.005555602256208658;0.5559845566749573
916;0.005570035427808762;0.5289575457572937
917;0.005622537340968847;0.5444015264511108
918;0.005579146556556225;0.5540540814399719
919;0.005537517834454775;0.5444015264511108
920;0.005609165411442518;0.5289575457572937
921;0.005575427319854498;0.5405405163764954
922;0.005594151560217142;0.5250965356826782
923;0.0056061106733977795;0.5501930713653564
924;0.005650419741868973;0.5289575457572937
925;0.005815405398607254;0.5115830302238464
926;0.005560014396905899;0.5617760419845581
927;0.005596942733973265;0.5521235466003418
928;0.005627540871500969;0.5135135054588318
929;0.005564234685152769;0.5482625365257263
930;0.005678325891494751;0.5347490310668945
931;0.005524458829313517;0.5231660008430481
932;0.005612917710095644;0.5154440402984619
933;0.005730452015995979;0.5057914853096008
934;0.005566118750721216;0.5154440402984619
935;0.005989951081573963;0.4845559895038605
936;0.005582265090197325;0.530888020992279
937;0.00594200799241662;0.5135135054588318
938;0.00566283892840147;0.5328185558319092
939;0.005611075088381767;0.53861004114151
940;0.005764123983681202;0.5096524953842163
941;0.005780528765171766;0.5019304752349854
942;0.005583122838288546;0.5637065768241882
943;0.005752497352659702;0.5115830302238464
944;0.005661339964717627;0.5212355256080627
945;0.0056145512498915195;0.53861004114151
946;0.0055825961753726006;0.5289575457572937
947;0.005677858367562294;0.530888020992279
948;0.005628871265798807;0.5347490310668945
949;0.005699043162167072;0.5115830302238464
950;0.0056517478078603745;0.507722020149231
951;0.005592843517661095;0.546332061290741
952;0.005666534882038832;0.5212355256080627
953;0.005656631197780371;0.5347490310668945
954;0.005526246968656778;0.5057914853096008
955;0.005583944730460644;0.5444015264511108
956;0.005593499634414911;0.546332061290741
957;0.00557509483769536;0.5193049907684326
958;0.0054758889600634575;0.5405405163764954
959;0.005553336814045906;0.5444015264511108
960;0.00555361807346344;0.546332061290741
961;0.005486578214913607;0.5424710512161255
962;0.005516893696039915;0.5347490310668945
963;0.005619357340037823;0.5038610100746155
964;0.005585392005741596;0.53861004114151
965;0.005706120748072863;0.5231660008430481
966;0.0055911485105752945;0.5366795659065247
967;0.00550879118964076;0.5424710512161255
968;0.005495663732290268;0.5444015264511108
969;0.005869463086128235;0.507722020149231
970;0.005782448686659336;0.5231660008430481
971;0.005787583999335766;0.4942084848880768
972;0.005553888622671366;0.5521235466003418
973;0.005615037865936756;0.5347490310668945
974;0.005579771939665079;0.5501930713653564
975;0.005559403449296951;0.5250965356826782
976;0.005778224673122168;0.5328185558319092
977;0.006034667603671551;0.5154440402984619
978;0.007111003622412682;0.43050193786621094
979;0.006368136499077082;0.4555984437465668
980;0.006931413430720568;0.40154439210891724
981;0.006369403563439846;0.46525096893310547
982;0.006546718068420887;0.4478764533996582
983;0.006244456861168146;0.44015443325042725
984;0.0062523651868104935;0.4575289487838745
985;0.0063512311317026615;0.47876447439193726
986;0.006017433945089579;0.5250965356826782
987;0.00646081380546093;0.4710424840450287
988;0.006001406814903021;0.5115830302238464
989;0.006084638647735119;0.4942084848880768
990;0.006079716607928276;0.4942084848880768
991;0.006074205040931702;0.4864864945411682
992;0.005869224201887846;0.5193049907684326
993;0.005776825360953808;0.5173745155334473
994;0.005835416726768017;0.5193049907684326
995;0.005873357877135277;0.5019304752349854
996;0.005862441845238209;0.4961389899253845
997;0.005867642816156149;0.5
998;0.005788334179669619;0.530888020992279
999;0.005744250491261482;0.5173745155334473
1000;0.005712591577321291;0.5482625365257263
1001;0.005813666619360447;0.5250965356826782
1002;0.006091458722949028;0.49806949496269226
1003;0.006655982695519924;0.403474897146225
1004;0.006266542244702578;0.4671814739704132
1005;0.007149070035666227;0.42084941267967224
1006;0.006801821757107973;0.4343629479408264
1007;0.006360339000821114;0.4768339693546295
1008;0.006263179238885641;0.480694979429245
1009;0.0063075716607272625;0.4845559895038605
1010;0.006472662556916475;0.45945945382118225
1011;0.0061813825741410255;0.5444015264511108
1012;0.006692938972264528;0.41698840260505676
1013;0.006115603260695934;0.48262548446655273
1014;0.005953839514404535;0.5115830302238464
1015;0.006747307255864143;0.4189189076423645
1016;0.006427302956581116;0.4555984437465668
1017;0.006470894441008568;0.44015443325042725
1018;0.006913347635418177;0.4092664122581482
1019;0.006664044223725796;0.47876447439193726
1020;0.006476466078311205;0.480694979429245
1021;0.006558109540492296;0.4382239282131195
1022;0.006814888678491116;0.42277991771698
1023;0.010765510611236095;0.18918919563293457
1024;0.012306354939937592;0.11969111859798431
1025;0.011937367729842663;0.1138996109366417
1026;0.012278330512344837;0.09845560044050217
1027;0.012250634841620922;0.09652509540319443
1028;0.011695844121277332;0.11196911334991455
1029;0.011194727383553982;0.10038609802722931
1030;0.010752023197710514;0.07915057986974716
1031;0.010373227298259735;0.0907335877418518
1032;0.010132615454494953;0.07335907220840454
1033;0.009988007135689259;0.08687258511781693
1034;0.009853178635239601;0.07915057986974716
1035;0.009720154106616974;0.04440154507756233
1036;0.009635372087359428;0.0810810774564743
1037;0.009653415530920029;0.050193049013614655
1038;0.009582480415701866;0.07335907220840454
1039;0.00957207940518856;0.07915057986974716
1040;0.009438962675631046;0.0810810774564743
1041;0.009402923285961151;0.09266409277915955
1042;0.009352088905870914;0.08301158249378204
1043;0.009271075949072838;0.09266409277915955
1044;0.009189494885504246;0.10617760568857193
1045;0.00914724636822939;0.10810811072587967
1046;0.009213903918862343;0.09459459781646729
1047;0.009168025106191635;0.07528957724571228
1048;0.009127630852162838;0.09266409277915955
1049;0.009116594679653645;0.07915057986974716
1050;0.009046055376529694;0.10424710065126419
1051;0.009016080759465694;0.09652509540319443
1052;0.008985702879726887;0.11003860831260681
1053;0.008954049088060856;0.11969111859798431
1054;0.008993512019515038;0.11969111859798431
1055;0.008936089463531971;0.11969111859798431
1056;0.008957874961197376;0.12162162363529205
1057;0.008890933357179165;0.13899613916873932
1058;0.00889003649353981;0.13127413392066956
1059;0.00886515248566866;0.16023166477680206
1060;0.008900192566215992;0.13706563413143158
1061;0.008916493505239487;0.11969111859798431
1062;0.008845090866088867;0.1428571492433548
1063;0.008853134699165821;0.12162162363529205
1064;0.008790053427219391;0.14478763937950134
1065;0.008792725391685963;0.14864864945411682
1066;0.008750887587666512;0.1332046389579773
1067;0.008816832676529884;0.11969111859798431
1068;0.008809223771095276;0.12934362888336182
1069;0.008810947649180889;0.15057915449142456
1070;0.008747526444494724;0.1525096595287323
1071;0.008727410808205605;0.1621621549129486
1072;0.008775036782026291;0.15057915449142456
1073;0.008758578449487686;0.12741312384605408
1074;0.008774536661803722;0.13706563413143158
1075;0.008780457079410553;0.1332046389579773
1076;0.008780610747635365;0.12162162363529205
1077;0.008771463297307491;0.11969111859798431
1078;0.008732547983527184;0.17374517023563385
1079;0.008684796281158924;0.1660231649875641
1080;0.008659563027322292;0.15830115973949432
1081;0.00869576446712017;0.17760618031024933
1082;0.00869256816804409;0.15637065470218658
1083;0.008660038001835346;0.14671814441680908
1084;0.008674746379256248;0.17374517023563385
1085;0.008626606315374374;0.15637065470218658
1086;0.008619856089353561;0.18918919563293457
1087;0.008510495536029339;0.1853281855583191
1088;0.008611462078988552;0.1718146651983261
1089;0.008592342957854271;0.17760618031024933
1090;0.008628865703940392;0.15830115973949432
1091;0.008710029534995556;0.14671814441680908
1092;0.008760428056120872;0.11196911334991455
1093;0.008590448647737503;0.1756756752729416
1094;0.008519264869391918;0.2046332061290741
1095;0.008492263033986092;0.21235521137714386
1096;0.008611448109149933;0.18339768052101135
1097;0.008435763418674469;0.23552124202251434
1098;0.008533444255590439;0.17374517023563385
1099;0.008523471653461456;0.18725869059562683
1100;0.008472323417663574;0.1949806958436966
1101;0.008406227454543114;0.2142857164144516
1102;0.008394940756261349;0.2277992218732834
1103;0.008489412255585194;0.21235521137714386
1104;0.008417131379246712;0.19884170591831207
1105;0.008367565460503101;0.22007721662521362
1106;0.008432132191956043;0.21042470633983612
1107;0.00841112993657589;0.22200772166252136
1108;0.008419916965067387;0.18339768052101135
1109;0.00836566835641861;0.2471042424440384
1110;0.008341931737959385;0.2374517321586609
1111;0.008299985900521278;0.2432432472705841
1112;0.00825589895248413;0.2471042424440384
1113;0.00832289643585682;0.21042470633983612
1114;0.008236109279096127;0.24131274223327637
1115;0.008221942000091076;0.26447877287864685
1116;0.00825777929276228;0.2142857164144516
1117;0.008186527527868748;0.2335907369852066
1118;0.008185787126421928;0.25868725776672363
1119;0.008174505084753036;0.2432432472705841
1120;0.008238435722887516;0.2471042424440384
1121;0.00819363258779049;0.2335907369852066
1122;0.00813292060047388;0.26833978295326233
1123;0.008111963048577309;0.2895752787590027
1124;0.008271496742963791;0.23938223719596863
1125;0.008145846426486969;0.2335907369852066
1126;0.00818910077214241;0.2335907369852066
1127;0.008088826201856136;0.25482624769210815
1128;0.00809191633015871;0.2432432472705841
1129;0.008127548731863499;0.2722007632255554
1130;0.008114992640912533;0.27799227833747864
1131;0.008043992333114147;0.26447877287864685
1132;0.008067786693572998;0.25868725776672363
1133;0.008120783604681492;0.22200772166252136
1134;0.008036267943680286;0.25868725776672363
1135;0.007984507828950882;0.2664092779159546
1136;0.007947147823870182;0.2799227833747864
1137;0.008074731566011906;0.2509652376174927
1138;0.008018829859793186;0.25868725776672363
1139;0.00791932176798582;0.3011583089828491
1140;0.007961919531226158;0.2722007632255554
1141;0.007927152328193188;0.2799227833747864
1142;0.00790231954306364;0.2895752787590027
1143;0.008043656125664711;0.2664092779159546
1144;0.007983613759279251;0.2625482678413391
1145;0.007993295788764954;0.25868725776672363
1146;0.007935921661555767;0.2857142984867096
1147;0.007903050631284714;0.28764477372169495
1148;0.007792586460709572;0.31274130940437317
1149;0.007870597764849663;0.2722007632255554
1150;0.007944774813950062;0.2664092779159546
1151;0.007813167758286;0.3146718144416809
1152;0.00783446617424488;0.3011583089828491
1153;0.007839714176952839;0.2818532884120941
1154;0.007747845258563757;0.3011583089828491
1155;0.0077486042864620686;0.29729729890823364
1156;0.007827616296708584;0.3011583089828491
1157;0.007820592261850834;0.2818532884120941
1158;0.007766348775476217;0.29729729890823364
1159;0.00787847489118576;0.2992278039455414
1160;0.007803184911608696;0.29343628883361816
1161;0.007747258525341749;0.3146718144416809
1162;0.007778874132782221;0.3146718144416809
1163;0.0077114589512348175;0.3146718144416809
1164;0.008007803931832314;0.2471042424440384
1165;0.007928838022053242;0.2799227833747864
1166;0.007815219461917877;0.31660231947898865
1167;0.007810400798916817;0.3050193190574646
1168;0.007506104186177254;0.3532818555831909
1169;0.007838456891477108;0.2625482678413391
1170;0.007619080133736134;0.3339768350124359
1171;0.007563635241240263;0.3532818555831909
1172;0.007685455493628979;0.2953667938709259
1173;0.00765273766592145;0.3243243098258972
1174;0.00756653118878603;0.3706563711166382
1175;0.007620605174452066;0.36872586607933044
1176;0.007474550977349281;0.34942084550857544
1177;0.007655743975192308;0.3339768350124359
1178;0.007478914223611355;0.34942084550857544
1179;0.007543803658336401;0.3320463299751282
1180;0.007440007757395506;0.3610038757324219
1181;0.007754036225378513;0.2760617733001709
1182;0.0076185548678040504;0.3011583089828491
1183;0.007433389313519001;0.36872586607933044
1184;0.007988281548023224;0.2818532884120941
1185;0.008121639490127563;0.26061776280403137
1186;0.007772700861096382;0.29729729890823364
1187;0.0075418162159621716;0.3339768350124359
1188;0.007810299284756184;0.2992278039455414
1189;0.007318518124520779;0.3899613916873932
1190;0.007685406133532524;0.3146718144416809
1191;0.0075082373805344105;0.3513513505458832
1192;0.007390688173472881;0.3320463299751282
1193;0.007442086469382048;0.35907337069511414
1194;0.007284826133400202;0.3629343509674072
1195;0.007381943985819817;0.3513513505458832
1196;0.00716458959504962;0.3764478862285614
1197;0.007527620065957308;0.3320463299751282
1198;0.007365747820585966;0.33590734004974365
1199;0.00754952197894454;0.3243243098258972
1200;0.007261323742568493;0.3667953610420227
1201;0.007598538883030415;0.3185328245162964
1202;0.0072900946252048016;0.3571428656578064
1203;0.007541390601545572;0.3629343509674072
1204;0.007621466647833586;0.3320463299751282
1205;0.007330925669521093;0.35907337069511414
1206;0.007373621687293053;0.3667953610420227
1207;0.007274008356034756;0.3571428656578064
1208;0.007540084887295961;0.3339768350124359
1209;0.007620892953127623;0.34555983543395996
1210;0.007234943099319935;0.38416987657546997
1211;0.007355877198278904;0.33590734004974365
1212;0.0073898364789783955;0.3378378450870514
1213;0.007100503426045179;0.37837839126586914
1214;0.007422358263283968;0.35521236062049866
1215;0.0073796226643025875;0.33011582493782043
1216;0.007236597128212452;0.3378378450870514
1217;0.007213071454316378;0.3725868761539459
1218;0.0073555586859583855;0.34169885516166687
1219;0.007187757641077042;0.37837839126586914
1220;0.007228024769574404;0.3996138870716095
1221;0.0072937412187457085;0.3667953610420227
1222;0.007163255009800196;0.3899613916873932
1223;0.007049225736409426;0.4150579273700714
1224;0.007400812115520239;0.35907337069511414
1225;0.00712592015042901;0.3899613916873932
1226;0.007162966299802065;0.403474897146225
1227;0.00723450118675828;0.3629343509674072
1228;0.007262557279318571;0.36486485600471497
1229;0.0070940665900707245;0.38416987657546997
1230;0.007027579937130213;0.3899613916873932
1231;0.007099056616425514;0.3996138870716095
1232;0.007172008045017719;0.3725868761539459
1233;0.007108774036169052;0.38416987657546997
1234;0.007052231580018997;0.39382240176200867
1235;0.007215924095362425;0.3918918967247009
1236;0.007156102452427149;0.39768341183662415
1237;0.007211857941001654;0.34169885516166687
1238;0.007332399487495422;0.3571428656578064
1239;0.007242788560688496;0.3513513505458832
1240;0.00725733395665884;0.3629343509674072
1241;0.0069632260128855705;0.3764478862285614
1242;0.007209169678390026;0.36486485600471497
1243;0.0072186593897640705;0.3918918967247009
1244;0.00701562874019146;0.4054054021835327
1245;0.00691165030002594;0.4189189076423645
1246;0.007105712313205004;0.38223937153816223
1247;0.006873916368931532;0.3918918967247009
1248;0.007021116092801094;0.3861003816127777
1249;0.007085785735398531;0.35907337069511414
1250;0.0069294762797653675;0.3706563711166382
1251;0.006865569856017828;0.41119691729545593
1252;0.00680540781468153;0.42084941267967224
1253;0.006809676066040993;0.42084941267967224
1254;0.006827250123023987;0.3899613916873932
1255;0.006885731127113104;0.38416987657546997
1256;0.006821494083851576;0.4247104227542877
1257;0.006784755736589432;0.4478764533996582
1258;0.0068300459533929825;0.4054054021835327
1259;0.006837331224232912;0.4285714328289032
1260;0.006798935122787952;0.41119691729545593
1261;0.006777995731681585;0.40154439210891724
1262;0.006804234813898802;0.4189189076423645
1263;0.006835144944489002;0.39768341183662415
1264;0.006806493271142244;0.4092664122581482
1265;0.006803495343774557;0.3996138870716095
1266;0.0067308018915355206;0.42664092779159546
1267;0.0067091272212564945;0.42664092779159546
1268;0.006722019519656897;0.38223937153816223
1269;0.0067551350221037865;0.4478764533996582
1270;0.006743563339114189;0.40733590722084045
1271;0.006678227800875902;0.43050193786621094
1272;0.006683208514004946;0.40154439210891724
1273;0.006741429679095745;0.4150579273700714
1274;0.006755977403372526;0.42084941267967224
1275;0.006624383851885796;0.4247104227542877
1276;0.006793039385229349;0.3918918967247009
1277;0.006728762295097113;0.442084938287735
1278;0.00676132133230567;0.39768341183662415
1279;0.006689704488962889;0.42277991771698
1280;0.00674314983189106;0.4440154433250427
1281;0.0067216577008366585;0.43050193786621094
1282;0.006659990176558495;0.4054054021835327
1283;0.006981328129768372;0.38803088665008545
1284;0.006594254169613123;0.44015443325042725
1285;0.006809398531913757;0.40154439210891724
1286;0.009059879928827286;0.2953667938709259
1287;0.006858223583549261;0.41698840260505676
1288;0.007489483803510666;0.3320463299751282
1289;0.00776629988104105;0.29343628883361816
1290;0.007540373131632805;0.3204633295536041
1291;0.007314600981771946;0.35521236062049866
1292;0.007350325584411621;0.34942084550857544
1293;0.007310009095817804;0.37451738119125366
1294;0.007559569086879492;0.3320463299751282
1295;0.007299267221242189;0.3725868761539459
1296;0.007179937791079283;0.38803088665008545
1297;0.0071412622928619385;0.38223937153816223
1298;0.007125051226466894;0.38803088665008545
1299;0.007199442945420742;0.37837839126586914
1300;0.007124383933842182;0.3610038757324219
1301;0.007460343651473522;0.34555983543395996
1302;0.007238443475216627;0.3610038757324219
1303;0.007130399812012911;0.3899613916873932
1304;0.007193984929472208;0.36872586607933044
1305;0.007147901691496372;0.3571428656578064
1306;0.007175092119723558;0.38416987657546997
1307;0.0071686566807329655;0.3532818555831909
1308;0.0070878248661756516;0.38803088665008545
1309;0.0070273382589221;0.38803088665008545
1310;0.007043531164526939;0.38803088665008545
1311;0.007054280024021864;0.37451738119125366
1312;0.006962682120501995;0.37837839126586914
1313;0.0070003424771130085;0.36486485600471497
1314;0.007015868555754423;0.3667953610420227
1315;0.006995805073529482;0.3629343509674072
1316;0.007010255474597216;0.3706563711166382
1317;0.007050869055092335;0.36872586607933044
1318;0.007100265007466078;0.3629343509674072
1319;0.007009693421423435;0.40154439210891724
1320;0.006862951442599297;0.4324324429035187
1321;0.006936684250831604;0.37837839126586914
1322;0.0069023179821670055;0.4092664122581482
1323;0.00694940285757184;0.3996138870716095
1324;0.007140632253140211;0.3610038757324219
1325;0.006890494842082262;0.38223937153816223
1326;0.006996976677328348;0.36872586607933044
1327;0.007017748896032572;0.40154439210891724
1328;0.006840450223535299;0.4054054021835327
1329;0.00704265246167779;0.35907337069511414
1330;0.006838408298790455;0.3899613916873932
1331;0.00702274776995182;0.35907337069511414
1332;0.006825601682066917;0.3861003816127777
1333;0.006811670493334532;0.40154439210891724
1334;0.006848183926194906;0.3996138870716095
1335;0.006833814550191164;0.40154439210891724
1336;0.006853213533759117;0.3957529067993164
1337;0.006769201252609491;0.41119691729545593
1338;0.006884328555315733;0.37451738119125366
1339;0.006903298664838076;0.40733590722084045
1340;0.0067861382849514484;0.4189189076423645
1341;0.0068933297879993916;0.3996138870716095
1342;0.006786065176129341;0.41312742233276367
1343;0.006897545885294676;0.37451738119125366
1344;0.00676414230838418;0.38803088665008545
1345;0.006860877387225628;0.38803088665008545
1346;0.006898899562656879;0.36872586607933044
1347;0.006853750441223383;0.3803088665008545
1348;0.006804998964071274;0.403474897146225
1349;0.006813860032707453;0.39382240176200867
1350;0.006788995116949081;0.3899613916873932
1351;0.00680658221244812;0.39768341183662415
1352;0.006802856456488371;0.4189189076423645
1353;0.00671649444848299;0.41312742233276367
1354;0.00682099349796772;0.40154439210891724
1355;0.0067407055757939816;0.42084941267967224
1356;0.006702147889882326;0.4247104227542877
1357;0.00669991597533226;0.42084941267967224
1358;0.006793431006371975;0.41312742233276367
1359;0.00670704897493124;0.4247104227542877
1360;0.0066671050153672695;0.41119691729545593
1361;0.006730200257152319;0.4343629479408264
1362;0.006731920875608921;0.38803088665008545
1363;0.006711887661367655;0.4092664122581482
1364;0.00665438175201416;0.4382239282131195
1365;0.006638023070991039;0.4092664122581482
1366;0.006652698386460543;0.4247104227542877
1367;0.006679956801235676;0.4150579273700714
1368;0.006640815641731024;0.3899613916873932
1369;0.006607602816075087;0.4189189076423645
1370;0.006618733983486891;0.3899613916873932
1371;0.00660153990611434;0.43629342317581177
1372;0.006614107638597488;0.42664092779159546
1373;0.0065728300251066685;0.4343629479408264
1374;0.006572382058948278;0.4343629479408264
1375;0.006511440500617027;0.4440154433250427
1376;0.006480497308075428;0.44980695843696594
1377;0.006617071572691202;0.40733590722084045
1378;0.006440699566155672;0.43050193786621094
1379;0.006495520006865263;0.4285714328289032
1380;0.006509400438517332;0.41698840260505676
1381;0.0065230452455580235;0.43629342317581177
1382;0.006476751063019037;0.4382239282131195
1383;0.006487729959189892;0.43629342317581177
1384;0.006440605036914349;0.43050193786621094
1385;0.00645591551437974;0.4285714328289032
1386;0.00650845468044281;0.4285714328289032
1387;0.006489671301096678;0.4054054021835327
1388;0.006420253310352564;0.4324324429035187
1389;0.006433064118027687;0.43629342317581177
1390;0.0064548891969025135;0.42277991771698
1391;0.006481152027845383;0.43629342317581177
1392;0.006389124784618616;0.44015443325042725
1393;0.006427047308534384;0.4285714328289032
1394;0.006409939378499985;0.4517374634742737
1395;0.006504599004983902;0.40733590722084045
1396;0.006360780447721481;0.442084938287735
1397;0.006391596980392933;0.44980695843696594
1398;0.006416308227926493;0.4247104227542877
1399;0.006443943828344345;0.4247104227542877
1400;0.0063679153099656105;0.45945945382118225
1401;0.006457536015659571;0.4324324429035187
1402;0.0064382534474134445;0.42664092779159546
1403;0.006372608710080385;0.44015443325042725
1404;0.006820698268711567;0.3899613916873932
1405;0.0063849445432424545;0.46332046389579773
1406;0.006514654029160738;0.39768341183662415
1407;0.006429348140954971;0.4382239282131195
1408;0.006405627354979515;0.4517374634742737
1409;0.0064574009738862514;0.4382239282131195
1410;0.006433195434510708;0.43629342317581177
1411;0.006584684364497662;0.38803088665008545
1412;0.0064360336400568485;0.4382239282131195
1413;0.00642382400110364;0.4285714328289032
1414;0.006535849999636412;0.4285714328289032
1415;0.006407891400158405;0.44015443325042725
1416;0.006479376461356878;0.4382239282131195
1417;0.00645798584446311;0.41698840260505676
1418;0.006404861342161894;0.4440154433250427
1419;0.006444123573601246;0.42664092779159546
1420;0.0065954625606536865;0.42664092779159546
1421;0.006404913030564785;0.44980695843696594
1422;0.0064013805240392685;0.44980695843696594
1423;0.0064202044159173965;0.4285714328289032
1424;0.0064453971572220325;0.4285714328289032
1425;0.0062779649160802364;0.480694979429245
1426;0.006407135631889105;0.4555984437465668
1427;0.006404957268387079;0.44980695843696594
1428;0.006395152769982815;0.43629342317581177
1429;0.006447954103350639;0.4478764533996582
1430;0.006389511749148369;0.4671814739704132
1431;0.006301592104136944;0.45945945382118225
1432;0.006401389371603727;0.442084938287735
1433;0.0063301133923232555;0.46138995885849
1434;0.006453674286603928;0.43629342317581177
1435;0.006391173228621483;0.44594594836235046
1436;0.006302312482148409;0.4555984437465668
1437;0.006359015125781298;0.442084938287735
1438;0.00636187382042408;0.442084938287735
1439;0.006344590801745653;0.4247104227542877
1440;0.006524339783936739;0.4536679685115814
1441;0.006416957825422287;0.44980695843696594
1442;0.006379764527082443;0.4864864945411682
1443;0.006412923336029053;0.4517374634742737
1444;0.0063611543737351894;0.43050193786621094
1445;0.0063958787359297276;0.4478764533996582
1446;0.006304534617811441;0.46332046389579773
1447;0.0062819356098771095;0.4710424840450287
1448;0.006381647195667028;0.44980695843696594
1449;0.006334769539535046;0.43629342317581177
1450;0.006353180389851332;0.480694979429245
1451;0.006294712424278259;0.4478764533996582
1452;0.006365112494677305;0.44980695843696594
1453;0.006364237517118454;0.43629342317581177
1454;0.006248177494853735;0.46332046389579773
1455;0.006262178532779217;0.46332046389579773
1456;0.00634731724858284;0.4343629479408264
1457;0.006309133023023605;0.48262548446655273
1458;0.006355633027851582;0.4285714328289032
1459;0.006346756126731634;0.4382239282131195
1460;0.006285405717790127;0.4382239282131195
1461;0.0062695760279893875;0.46525096893310547
1462;0.006287618074566126;0.4517374634742737
1463;0.0062947929836809635;0.44015443325042725
1464;0.00633810181170702;0.44015443325042725
1465;0.006270346697419882;0.442084938287735
1466;0.00634876498952508;0.4478764533996582
1467;0.006247689947485924;0.4961389899253845
1468;0.006448977626860142;0.43629342317581177
1469;0.006301203276962042;0.43629342317581177
1470;0.006294754333794117;0.44015443325042725
1471;0.006314190570265055;0.45945945382118225
1472;0.006344897672533989;0.4478764533996582
1473;0.006298036780208349;0.4555984437465668
1474;0.0062744999304413795;0.4845559895038605
1475;0.006230139173567295;0.46525096893310547
1476;0.006284469272941351;0.44980695843696594
1477;0.006248005665838718;0.4343629479408264
1478;0.006434716749936342;0.4343629479408264
1479;0.006263825111091137;0.48262548446655273
1480;0.0062182871624827385;0.47876447439193726
1481;0.006257103756070137;0.45945945382118225
1482;0.006265041418373585;0.44015443325042725
1483;0.006330338306725025;0.46525096893310547
1484;0.006339281797409058;0.4382239282131195
1485;0.006236589048057795;0.4749034643173218
1486;0.006263574585318565;0.43050193786621094
1487;0.006484978832304478;0.42664092779159546
1488;0.007517233490943909;0.30694979429244995
1489;0.0067326826974749565;0.39768341183662415
1490;0.007445557042956352;0.3513513505458832
1491;0.006405317690223455;0.4575289487838745
1492;0.006578858941793442;0.46138995885849
1493;0.006853999104350805;0.42664092779159546
1494;0.00670256745070219;0.44980695843696594
1495;0.006622054614126682;0.42664092779159546
1496;0.006604257971048355;0.403474897146225
1497;0.006528005003929138;0.42277991771698
1498;0.006586715113371611;0.41119691729545593
1499;0.006486134137958288;0.4440154433250427
