iteration;loss;accuracy
0;0.009460150264203548;0.019305018708109856
1;0.010046898387372494;0.009652509354054928
2;0.009344791993498802;0.04054053872823715
3;0.009275496937334538;0.04247104376554489
4;0.009423240087926388;0.055984556674957275
5;0.009404665790498257;0.054054055362939835
6;0.009269949048757553;0.06756756454706192
7;0.009170880541205406;0.052123550325632095
8;0.009192784316837788;0.03281853348016739
9;0.00924255233258009;0.055984556674957275
10;0.0092262402176857;0.06563706696033478
11;0.009173998609185219;0.06563706696033478
12;0.009121590293943882;0.05984555929899216
13;0.009101093746721745;0.04247104376554489
14;0.009092796593904495;0.057915057986974716
15;0.009107942692935467;0.052123550325632095
16;0.00910324975848198;0.04633204638957977
17;0.009077194146811962;0.05984555929899216
18;0.009048298932611942;0.07528957724571228
19;0.009034295566380024;0.07722007483243942
20;0.009029900655150414;0.08494208753108978
21;0.009021906182169914;0.0907335877418518
22;0.009016546420753002;0.0810810774564743
23;0.009003612212836742;0.08301158249378204
24;0.008971727453172207;0.09459459781646729
25;0.008968433365225792;0.08880309015512466
26;0.008959929458796978;0.08301158249378204
27;0.00895487517118454;0.09845560044050217
28;0.008936046622693539;0.10038609802722931
29;0.008937304839491844;0.09459459781646729
30;0.00891138520091772;0.08687258511781693
31;0.008886606432497501;0.10810811072587967
32;0.008878806605935097;0.10231660306453705
33;0.008874249644577503;0.09845560044050217
34;0.00885150395333767;0.10424710065126419
35;0.008839290589094162;0.12741312384605408
36;0.008831974118947983;0.10617760568857193
37;0.008844924159348011;0.11003860831260681
38;0.008876957930624485;0.10424710065126419
39;0.008796965703368187;0.11776062101125717
40;0.008773569948971272;0.12548261880874634
41;0.00876753032207489;0.12934362888336182
42;0.008733922615647316;0.13127413392066956
43;0.00872595701366663;0.14671814441680908
44;0.008727651089429855;0.1428571492433548
45;0.00868801586329937;0.1332046389579773
46;0.008672619238495827;0.13706563413143158
47;0.008644015528261662;0.14864864945411682
48;0.008648988790810108;0.1525096595287323
49;0.00873656664043665;0.13127413392066956
50;0.008661150000989437;0.13513512909412384
51;0.008607927709817886;0.13127413392066956
52;0.008650405332446098;0.15637065470218658
53;0.008650246076285839;0.13706563413143158
54;0.008604650385677814;0.12548261880874634
55;0.008610646240413189;0.1332046389579773
56;0.008654167875647545;0.14478763937950134
57;0.008644803427159786;0.13513512909412384
58;0.008641828782856464;0.1718146651983261
59;0.00853850319981575;0.1756756752729416
60;0.008618948049843311;0.13513512909412384
61;0.008576604537665844;0.13706563413143158
62;0.008564715273678303;0.14864864945411682
63;0.008573939092457294;0.16988417506217957
64;0.008488493040204048;0.14478763937950134
65;0.008553031831979752;0.14671814441680908
66;0.008540808223187923;0.13127413392066956
67;0.008492821827530861;0.14478763937950134
68;0.008505021221935749;0.16795367002487183
69;0.008505684323608875;0.1621621549129486
70;0.008469228632748127;0.15637065470218658
71;0.008487003855407238;0.14864864945411682
72;0.008453477174043655;0.16795367002487183
73;0.008442805148661137;0.1718146651983261
74;0.008432299830019474;0.1756756752729416
75;0.00843941979110241;0.1660231649875641
76;0.008413121104240417;0.1621621549129486
77;0.008437289856374264;0.14864864945411682
78;0.008424952626228333;0.15057915449142456
79;0.008401845581829548;0.16795367002487183
80;0.008403178304433823;0.16409265995025635
81;0.00838201493024826;0.1525096595287323
82;0.008397046476602554;0.15637065470218658
83;0.008389106020331383;0.16023166477680206
84;0.008360806852579117;0.17374517023563385
85;0.008378437720239162;0.16409265995025635
86;0.0083667216822505;0.16023166477680206
87;0.008361413143575191;0.1756756752729416
88;0.008364751935005188;0.15444014966487885
89;0.008353034034371376;0.16795367002487183
90;0.008320597000420094;0.20077219605445862
91;0.008331653662025928;0.17953668534755707
92;0.008327612653374672;0.1756756752729416
93;0.008318677544593811;0.1756756752729416
94;0.008328559808433056;0.1660231649875641
95;0.008304162882268429;0.1853281855583191
96;0.008291498757898808;0.18725869059562683
97;0.008294710889458656;0.15057915449142456
98;0.008283390663564205;0.1949806958436966
99;0.00827143806964159;0.19691120088100433
100;0.00826388318091631;0.16988417506217957
101;0.00825461558997631;0.20656371116638184
102;0.008264287374913692;0.17374517023563385
103;0.008221592754125595;0.19111968576908112
104;0.008246867917478085;0.20077219605445862
105;0.008217464201152325;0.1853281855583191
106;0.008196283131837845;0.18918919563293457
107;0.008236926980316639;0.2046332061290741
108;0.008202668279409409;0.20270270109176636
109;0.00820070318877697;0.19691120088100433
110;0.008191365748643875;0.18339768052101135
111;0.008189570158720016;0.18918919563293457
112;0.008154290728271008;0.22586873173713684
113;0.008180859498679638;0.18339768052101135
114;0.008179749362170696;0.1949806958436966
115;0.008198677562177181;0.2046332061290741
116;0.008239657618105412;0.20656371116638184
117;0.00821007415652275;0.20077219605445862
118;0.008141080848872662;0.18918919563293457
119;0.008185768499970436;0.21621622145175934
120;0.008198113180696964;0.16988417506217957
121;0.008137169294059277;0.20849420130252838
122;0.00817365013062954;0.19691120088100433
123;0.008142872713506222;0.2142857164144516
124;0.008103461936116219;0.21235521137714386
125;0.008136929012835026;0.22586873173713684
126;0.008100860752165318;0.19884170591831207
127;0.008123047649860382;0.2142857164144516
128;0.008084912784397602;0.18918919563293457
129;0.00810218695551157;0.19884170591831207
130;0.008107037283480167;0.17374517023563385
131;0.008099970407783985;0.1718146651983261
132;0.008055630140006542;0.21814671158790588
133;0.008072396740317345;0.17760618031024933
134;0.00803458597511053;0.24131274223327637
135;0.008038869127631187;0.2374517321586609
136;0.008038017898797989;0.21042470633983612
137;0.008027865551412106;0.21814671158790588
138;0.00802281778305769;0.2277992218732834
139;0.008055699057877064;0.22200772166252136
140;0.008011436089873314;0.23938223719596863
141;0.007986854761838913;0.24517375230789185
142;0.007989889942109585;0.2432432472705841
143;0.008010723628103733;0.21621622145175934
144;0.008016964420676231;0.21042470633983612
145;0.007968190126121044;0.24903474748134613
146;0.007955425418913364;0.2625482678413391
147;0.00797734223306179;0.2239382266998291
148;0.007950197905302048;0.25868725776672363
149;0.007966458797454834;0.22586873173713684
150;0.00792294554412365;0.24131274223327637
151;0.00799168273806572;0.25868725776672363
152;0.007945929653942585;0.2374517321586609
153;0.007962669245898724;0.2528957426548004
154;0.007926893420517445;0.2702702581882477
155;0.007912569679319859;0.2567567527294159
156;0.007922841235995293;0.2374517321586609
157;0.007920151576399803;0.26447877287864685
158;0.007927942089736462;0.23938223719596863
159;0.007918545044958591;0.2760617733001709
160;0.007937015034258366;0.2567567527294159
161;0.007884613238275051;0.27413126826286316
162;0.007904739119112492;0.25868725776672363
163;0.007884052582085133;0.2799227833747864
164;0.007905228063464165;0.24517375230789185
165;0.007991514168679714;0.2471042424440384
166;0.007955336943268776;0.25482624769210815
167;0.007905997335910797;0.27413126826286316
168;0.007907158695161343;0.2567567527294159
169;0.007887928746640682;0.2625482678413391
170;0.007898498326539993;0.2915057837963104
171;0.007899773307144642;0.2625482678413391
172;0.008003627881407738;0.23166023194789886
173;0.007946079596877098;0.2509652376174927
174;0.008053906261920929;0.2567567527294159
175;0.007942013442516327;0.26447877287864685
176;0.007923398166894913;0.2818532884120941
177;0.007973778992891312;0.2528957426548004
178;0.007898513227701187;0.27799227833747864
179;0.007855414412915707;0.27799227833747864
180;0.00791738461703062;0.2799227833747864
181;0.007859443314373493;0.30308881402015686
182;0.007805702276527882;0.27413126826286316
183;0.007826412096619606;0.26061776280403137
184;0.007794475648552179;0.2799227833747864
185;0.0077763707377016544;0.2953667938709259
186;0.007794287987053394;0.2818532884120941
187;0.007767106406390667;0.3050193190574646
188;0.0077381134033203125;0.2953667938709259
189;0.007777578197419643;0.2702702581882477
190;0.00770551385357976;0.2992278039455414
191;0.007739997934550047;0.33590734004974365
192;0.007742476649582386;0.32625481486320496
193;0.00769026717171073;0.3050193190574646
194;0.007690344005823135;0.3243243098258972
195;0.007667889818549156;0.32625481486320496
196;0.007635169196873903;0.33976835012435913
197;0.00765558797866106;0.30694979429244995
198;0.007629002910107374;0.3339768350124359
199;0.007606855593621731;0.3185328245162964
200;0.007678768131881952;0.31081080436706543
201;0.007674279622733593;0.32239383459091187
202;0.007778371684253216;0.3146718144416809
203;0.007990899495780468;0.2702702581882477
204;0.0077110761776566505;0.3050193190574646
205;0.00783932488411665;0.2722007632255554
206;0.007689470425248146;0.3011583089828491
207;0.007776726968586445;0.2953667938709259
208;0.0077674295753240585;0.2895752787590027
209;0.007674205116927624;0.29343628883361816
210;0.00781259872019291;0.27413126826286316
211;0.007776447106152773;0.3011583089828491
212;0.0077729178592562675;0.3204633295536041
213;0.007762603927403688;0.31081080436706543
214;0.007650741841644049;0.3011583089828491
215;0.007744765840470791;0.29729729890823364
216;0.007670000661164522;0.2895752787590027
217;0.0076513574458658695;0.31660231947898865
218;0.007609574589878321;0.3281853199005127
219;0.007582294754683971;0.35907337069511414
220;0.007623657118529081;0.30308881402015686
221;0.007547757588326931;0.34169885516166687
222;0.0075583565048873425;0.33011582493782043
223;0.007557054050266743;0.33590734004974365
224;0.007506700698286295;0.32625481486320496
225;0.007517891936004162;0.3474903404712677
226;0.007539689540863037;0.3474903404712677
227;0.007505670189857483;0.3378378450870514
228;0.00752016669139266;0.32625481486320496
229;0.0075053502805531025;0.3436293303966522
230;0.00749920355156064;0.3532818555831909
231;0.007518378086388111;0.31081080436706543
232;0.007449958473443985;0.3571428656578064
233;0.007444830611348152;0.35907337069511414
234;0.007450138218700886;0.3378378450870514
235;0.007424375973641872;0.33011582493782043
236;0.00741810817271471;0.38223937153816223
237;0.007424712181091309;0.3610038757324219
238;0.007425825577229261;0.3764478862285614
239;0.0074250055477023125;0.3532818555831909
240;0.0073491050861775875;0.4054054021835327
241;0.007424233015626669;0.35521236062049866
242;0.007401896174997091;0.3513513505458832
243;0.007369618397206068;0.35907337069511414
244;0.007392006926238537;0.3436293303966522
245;0.007413109764456749;0.3918918967247009
246;0.007294041570276022;0.42084941267967224
247;0.007571805268526077;0.33011582493782043
248;0.0076133208349347115;0.3571428656578064
249;0.007589107844978571;0.3803088665008545
250;0.007441128604114056;0.35521236062049866
251;0.0075164251029491425;0.32625481486320496
252;0.00745101273059845;0.3436293303966522
253;0.007362138479948044;0.3918918967247009
254;0.007419134955853224;0.40733590722084045
255;0.007354329340159893;0.42084941267967224
256;0.00736844539642334;0.36486485600471497
257;0.007321353070437908;0.38223937153816223
258;0.007295729126781225;0.38803088665008545
259;0.007290416397154331;0.40154439210891724
260;0.007327431347221136;0.40733590722084045
261;0.007306233048439026;0.3899613916873932
262;0.0072972397319972515;0.3803088665008545
263;0.007263201288878918;0.4054054021835327
264;0.007243456318974495;0.43050193786621094
265;0.007305641192942858;0.38223937153816223
266;0.0072500742971897125;0.38803088665008545
267;0.007329648360610008;0.4092664122581482
268;0.007184128277003765;0.43050193786621094
269;0.007327541243284941;0.3725868761539459
270;0.007407418452203274;0.37837839126586914
271;0.0072334157302975655;0.403474897146225
272;0.007574179675430059;0.35907337069511414
273;0.007411083206534386;0.3803088665008545
274;0.007665491197258234;0.3803088665008545
275;0.007687889505177736;0.3610038757324219
276;0.007456315215677023;0.36486485600471497
277;0.007712749298661947;0.29343628883361816
278;0.007638320326805115;0.32625481486320496
279;0.007403712719678879;0.403474897146225
280;0.007417395245283842;0.3861003816127777
281;0.007399514317512512;0.3996138870716095
282;0.007388176862150431;0.4189189076423645
283;0.007366002071648836;0.3957529067993164
284;0.007203025743365288;0.4247104227542877
285;0.007282064761966467;0.41312742233276367
286;0.007225332781672478;0.4343629479408264
287;0.007207310758531094;0.42664092779159546
288;0.007191346492618322;0.43629342317581177
289;0.007177421823143959;0.4150579273700714
290;0.007200814317911863;0.4189189076423645
291;0.007166550029069185;0.4324324429035187
292;0.007165741175413132;0.42084941267967224
293;0.007073746994137764;0.44015443325042725
294;0.007155199535191059;0.41312742233276367
295;0.0070879654958844185;0.4382239282131195
296;0.007098638452589512;0.41698840260505676
297;0.007047404069453478;0.44980695843696594
298;0.007024971302598715;0.4555984437465668
299;0.007021510042250156;0.44015443325042725
300;0.0069697280414402485;0.4324324429035187
301;0.007007130887359381;0.4517374634742737
302;0.006981592159718275;0.43629342317581177
303;0.0069230906665325165;0.4768339693546295
304;0.006948242895305157;0.4710424840450287
305;0.006925544701516628;0.43629342317581177
306;0.007062079850584269;0.4382239282131195
307;0.00719732278957963;0.4343629479408264
308;0.006983512081205845;0.4555984437465668
309;0.007003407925367355;0.44594594836235046
310;0.006997742690145969;0.4285714328289032
311;0.006947370711714029;0.46911197900772095
312;0.006996395997703075;0.46138995885849
313;0.006966722197830677;0.480694979429245
314;0.00688949367031455;0.46525096893310547
315;0.006936222780495882;0.4343629479408264
316;0.006918312981724739;0.4768339693546295
317;0.006904628127813339;0.480694979429245
318;0.006839446257799864;0.4671814739704132
319;0.006866116542369127;0.47876447439193726
320;0.006863319780677557;0.4575289487838745
321;0.006828020792454481;0.43629342317581177
322;0.006847688462585211;0.4536679685115814
323;0.00689444225281477;0.42084941267967224
324;0.00684369308874011;0.46332046389579773
325;0.006851314101368189;0.4864864945411682
326;0.00683656707406044;0.4555984437465668
327;0.00681306840851903;0.46911197900772095
328;0.006795597728341818;0.47876447439193726
329;0.006790110841393471;0.45945945382118225
330;0.006784211378544569;0.46525096893310547
331;0.006842182483524084;0.44015443325042725
332;0.006968607194721699;0.42084941267967224
333;0.0068426127545535564;0.47297295928001404
334;0.006849589757621288;0.4555984437465668
335;0.006762098055332899;0.46332046389579773
336;0.00684996647760272;0.43629342317581177
337;0.0067052775993943214;0.5019304752349854
338;0.006809653248637915;0.4903475046157837
339;0.006789684761315584;0.4555984437465668
340;0.006734506692737341;0.46525096893310547
341;0.006814269814640284;0.45945945382118225
342;0.006747131235897541;0.46911197900772095
343;0.006848894990980625;0.46138995885849
344;0.006750630214810371;0.47876447439193726
345;0.006922559812664986;0.442084938287735
346;0.006986342836171389;0.4324324429035187
347;0.006859663873910904;0.4440154433250427
348;0.006837957073003054;0.46138995885849
349;0.006840529385954142;0.43629342317581177
350;0.0067277587950229645;0.4768339693546295
351;0.006842751055955887;0.4555984437465668
352;0.0067636300809681416;0.4768339693546295
353;0.00668001314625144;0.4864864945411682
354;0.006710482761263847;0.47876447439193726
355;0.006689007859677076;0.480694979429245
356;0.00670858658850193;0.43050193786621094
357;0.006631636992096901;0.4768339693546295
358;0.006608063355088234;0.5173745155334473
359;0.006629749666899443;0.4768339693546295
360;0.006610059645026922;0.48262548446655273
361;0.006632434204220772;0.4845559895038605
362;0.006599829997867346;0.4671814739704132
363;0.006636727601289749;0.4768339693546295
364;0.006566329393535852;0.5038610100746155
365;0.0065511297434568405;0.5057914853096008
366;0.006565343588590622;0.46138995885849
367;0.006551073398441076;0.5289575457572937
368;0.006556823384016752;0.4942084848880768
369;0.006538286805152893;0.48262548446655273
370;0.006522750481963158;0.4671814739704132
371;0.006521302275359631;0.5038610100746155
372;0.0064818374812603;0.4942084848880768
373;0.006520835217088461;0.47876447439193726
374;0.006509500555694103;0.4671814739704132
375;0.006481175310909748;0.4710424840450287
376;0.006448341067880392;0.46911197900772095
377;0.006473969202488661;0.507722020149231
378;0.006445958744734526;0.5154440402984619
379;0.006409889552742243;0.5270270109176636
380;0.006433508358895779;0.48841699957847595
381;0.006472432054579258;0.4942084848880768
382;0.006421628408133984;0.5173745155334473
383;0.006457251962274313;0.5057914853096008
384;0.0064076329581439495;0.48262548446655273
385;0.006413785275071859;0.4903475046157837
386;0.006423234473913908;0.5038610100746155
387;0.006344744004309177;0.5115830302238464
388;0.0063815051689744;0.5038610100746155
389;0.006366195157170296;0.5212355256080627
390;0.006407259497791529;0.48841699957847595
391;0.006413153372704983;0.47297295928001404
392;0.006378567311912775;0.5
393;0.006344164721667767;0.5212355256080627
394;0.006388404406607151;0.4942084848880768
395;0.006330156698822975;0.4903475046157837
396;0.006434983108192682;0.49806949496269226
397;0.006376300007104874;0.47297295928001404
398;0.006380998995155096;0.507722020149231
399;0.00632577296346426;0.4864864945411682
400;0.006404908839613199;0.4710424840450287
401;0.0063444506376981735;0.5057914853096008
402;0.006382260471582413;0.48262548446655273
403;0.006335440091788769;0.5135135054588318
404;0.006281611975282431;0.5289575457572937
405;0.0063072023913264275;0.5115830302238464
406;0.006397088058292866;0.4768339693546295
407;0.006409547291696072;0.4961389899253845
408;0.006499632727354765;0.5173745155334473
409;0.0063292719423770905;0.5096524953842163
410;0.006439275108277798;0.46525096893310547
411;0.006373608019202948;0.48841699957847595
412;0.006532423663884401;0.46525096893310547
413;0.006453303620219231;0.4942084848880768
414;0.006399891339242458;0.4536679685115814
415;0.006465095095336437;0.4749034643173218
416;0.007134709507226944;0.442084938287735
417;0.006998385768383741;0.4517374634742737
418;0.006618240382522345;0.47876447439193726
419;0.007417988032102585;0.39382240176200867
420;0.006819501519203186;0.4382239282131195
421;0.00684189610183239;0.46138995885849
422;0.006993391551077366;0.4478764533996582
423;0.007565523963421583;0.41698840260505676
424;0.00706018740311265;0.40154439210891724
425;0.006779272574931383;0.48262548446655273
426;0.007294132839888334;0.4092664122581482
427;0.007038889452815056;0.42277991771698
428;0.007197429426014423;0.3918918967247009
429;0.00712603097781539;0.43050193786621094
430;0.007264861837029457;0.4285714328289032
431;0.00695954542607069;0.43050193786621094
432;0.007001220714300871;0.4285714328289032
433;0.007116756867617369;0.3899613916873932
434;0.006802199874073267;0.44015443325042725
435;0.006713659968227148;0.46332046389579773
436;0.00670789647847414;0.4671814739704132
437;0.006687761750072241;0.46332046389579773
438;0.006662498693913221;0.4961389899253845
439;0.006641986779868603;0.4575289487838745
440;0.006543316412717104;0.4536679685115814
441;0.006450645159929991;0.4903475046157837
442;0.0064663575030863285;0.44980695843696594
443;0.006470731925219297;0.4710424840450287
444;0.006439974997192621;0.5057914853096008
445;0.0063925995491445065;0.5173745155334473
446;0.006447189953178167;0.4575289487838745
447;0.006320835556834936;0.4942084848880768
448;0.006292965263128281;0.49806949496269226
449;0.006313549820333719;0.5366795659065247
450;0.006287978496402502;0.5173745155334473
451;0.006321742665022612;0.48262548446655273
452;0.0062104640528559685;0.5193049907684326
453;0.0062904320657253265;0.480694979429245
454;0.006247162818908691;0.5154440402984619
455;0.006273617967963219;0.5057914853096008
456;0.006236028857529163;0.4864864945411682
457;0.006196894682943821;0.5019304752349854
458;0.0061973463743925095;0.4903475046157837
459;0.006227040663361549;0.5366795659065247
460;0.006194033194333315;0.5173745155334473
461;0.006150295026600361;0.507722020149231
462;0.0062004802748560905;0.4749034643173218
463;0.006137059535831213;0.5019304752349854
464;0.006136659998446703;0.48841699957847595
465;0.006137235555797815;0.5
466;0.006083800923079252;0.5135135054588318
467;0.006177875213325024;0.4768339693546295
468;0.006125418934971094;0.5038610100746155
469;0.006047308444976807;0.5096524953842163
470;0.0061201732605695724;0.4942084848880768
471;0.006048328708857298;0.5347490310668945
472;0.006075849756598473;0.4961389899253845
473;0.006114643067121506;0.4961389899253845
474;0.006018930580466986;0.5193049907684326
475;0.006153294816613197;0.4942084848880768
476;0.006163854617625475;0.5115830302238464
477;0.006045348010957241;0.5250965356826782
478;0.0061064213514328;0.5270270109176636
479;0.006038252264261246;0.49227797985076904
480;0.006055036094039679;0.5038610100746155
481;0.00614585867151618;0.49227797985076904
482;0.006116294767707586;0.4845559895038605
483;0.006149651017040014;0.5193049907684326
484;0.006816067732870579;0.44594594836235046
485;0.006520735565572977;0.4749034643173218
486;0.006297544110566378;0.5057914853096008
487;0.006326879374682903;0.4864864945411682
488;0.006305936723947525;0.4961389899253845
489;0.006181849632412195;0.5212355256080627
490;0.006199223920702934;0.5115830302238464
491;0.006221884395927191;0.4864864945411682
492;0.00619684299454093;0.4845559895038605
493;0.006083714310079813;0.5115830302238464
494;0.006139712408185005;0.5038610100746155
495;0.006219170056283474;0.4768339693546295
496;0.006130194291472435;0.480694979429245
497;0.006078571546822786;0.5057914853096008
498;0.006009439937770367;0.5019304752349854
499;0.006097391713410616;0.5154440402984619
500;0.006051125004887581;0.5289575457572937
501;0.006028014235198498;0.5289575457572937
502;0.006019557826220989;0.5
503;0.005979998502880335;0.5231660008430481
504;0.005949724931269884;0.5231660008430481
505;0.005991350393742323;0.5173745155334473
506;0.005987394601106644;0.5656370520591736
507;0.00600986834615469;0.5250965356826782
508;0.005952620413154364;0.5115830302238464
509;0.005978351924568415;0.5231660008430481
510;0.0059860884211957455;0.47876447439193726
511;0.005945175886154175;0.530888020992279
512;0.005957783665508032;0.5405405163764954
513;0.0059020426124334335;0.5328185558319092
514;0.005911445245146751;0.530888020992279
515;0.005908845458179712;0.5289575457572937
516;0.005927280057221651;0.5289575457572937
517;0.005946737714111805;0.5135135054588318
518;0.005904213059693575;0.546332061290741
519;0.005904289893805981;0.5250965356826782
520;0.005980732850730419;0.5019304752349854
521;0.005909181199967861;0.5173745155334473
522;0.005968774668872356;0.5135135054588318
523;0.005950003396719694;0.5135135054588318
524;0.005987859796732664;0.5250965356826782
525;0.005923828110098839;0.5115830302238464
526;0.005944342818111181;0.546332061290741
527;0.005946332588791847;0.530888020992279
528;0.005892176181077957;0.5540540814399719
529;0.00591965252533555;0.5038610100746155
530;0.005849418696016073;0.5540540814399719
531;0.005892644636332989;0.5057914853096008
532;0.005933193024247885;0.5366795659065247
533;0.005865607876330614;0.5289575457572937
534;0.005876012612134218;0.5328185558319092
535;0.005808747839182615;0.546332061290741
536;0.0059031532146036625;0.5501930713653564
537;0.0058119893074035645;0.5733590722084045
538;0.005889079067856073;0.5270270109176636
539;0.00587876932695508;0.5289575457572937
540;0.005837808828800917;0.5482625365257263
541;0.005814771633595228;0.5328185558319092
542;0.005774844437837601;0.5598455667495728
543;0.005879498086869717;0.5193049907684326
544;0.005853025708347559;0.5038610100746155
545;0.005821138620376587;0.5424710512161255
546;0.005787620320916176;0.546332061290741
547;0.005783953703939915;0.5231660008430481
548;0.005807657726109028;0.5559845566749573
549;0.005818941164761782;0.5405405163764954
550;0.005790033843368292;0.5579150319099426
551;0.005837013013660908;0.5135135054588318
552;0.005793588701635599;0.5637065768241882
553;0.005921488627791405;0.5019304752349854
554;0.006144112441688776;0.5173745155334473
555;0.006323298439383507;0.4768339693546295
556;0.0058892457745969296;0.530888020992279
557;0.006022704299539328;0.53861004114151
558;0.006060400512069464;0.53861004114151
559;0.005879644770175219;0.5405405163764954
560;0.00593884103000164;0.5231660008430481
561;0.00591665506362915;0.5212355256080627
562;0.0058534336276352406;0.5521235466003418
563;0.005903136916458607;0.5405405163764954
564;0.005881099496036768;0.546332061290741
565;0.005827382206916809;0.5637065768241882
566;0.005794051103293896;0.57722008228302
567;0.005872607231140137;0.5714285969734192
568;0.005877016112208366;0.5270270109176636
569;0.005847491789609194;0.5289575457572937
570;0.005800085142254829;0.5540540814399719
571;0.005774672143161297;0.5617760419845581
572;0.005714885424822569;0.5752895474433899
573;0.005784270819276571;0.53861004114151
574;0.005812759976834059;0.5424710512161255
575;0.005746977403759956;0.5617760419845581
576;0.005729859694838524;0.546332061290741
577;0.005768094677478075;0.5212355256080627
578;0.005724884103983641;0.5559845566749573
579;0.005684015341103077;0.5926640629768372
580;0.005716053768992424;0.5540540814399719
581;0.005721595138311386;0.5212355256080627
582;0.005691580008715391;0.5926640629768372
583;0.00567981880158186;0.5675675868988037
584;0.005688812118023634;0.5675675868988037
585;0.0056898510083556175;0.5501930713653564
586;0.005719271954149008;0.5656370520591736
587;0.0057489462196826935;0.530888020992279
588;0.005698406603187323;0.5617760419845581
589;0.00566838076338172;0.5617760419845581
590;0.005708948243409395;0.5366795659065247
591;0.005698640365153551;0.5637065768241882
592;0.005673370324075222;0.5752895474433899
593;0.00569894490763545;0.5540540814399719
594;0.005647273734211922;0.53861004114151
595;0.005666700191795826;0.5752895474433899
596;0.005645109340548515;0.5598455667495728
597;0.005749902687966824;0.546332061290741
598;0.005809145048260689;0.546332061290741
599;0.005800073966383934;0.5328185558319092
600;0.005695634987205267;0.5405405163764954
601;0.005718480795621872;0.5637065768241882
602;0.005716744810342789;0.5694980621337891
603;0.005728329997509718;0.5637065768241882
604;0.005694195628166199;0.5752895474433899
605;0.005725750233978033;0.5598455667495728
606;0.005682656075805426;0.5540540814399719
607;0.005749985110014677;0.5289575457572937
608;0.005712531041353941;0.5656370520591736
609;0.005681081209331751;0.5501930713653564
610;0.005751078948378563;0.5328185558319092
611;0.005594431888312101;0.5714285969734192
612;0.005654586013406515;0.5656370520591736
613;0.005623515695333481;0.5637065768241882
614;0.005760368891060352;0.5733590722084045
615;0.005701250396668911;0.5830115675926208
616;0.005928052589297295;0.49227797985076904
617;0.006167413666844368;0.5250965356826782
618;0.006138646509498358;0.5231660008430481
619;0.005748992785811424;0.5366795659065247
620;0.006541960407048464;0.44980695843696594
621;0.005698857828974724;0.5637065768241882
622;0.006090647075325251;0.5521235466003418
623;0.00604229373857379;0.5250965356826782
624;0.005913859233260155;0.5579150319099426
625;0.005964100826531649;0.5250965356826782
626;0.00622321292757988;0.5154440402984619
627;0.006033772137016058;0.5019304752349854
628;0.006760948337614536;0.4478764533996582
629;0.006510300561785698;0.4845559895038605
630;0.006433906499296427;0.4903475046157837
631;0.006125056184828281;0.5424710512161255
632;0.006183673162013292;0.5212355256080627
633;0.0065377261489629745;0.4555984437465668
634;0.0064201802015304565;0.49227797985076904
635;0.006219453644007444;0.5212355256080627
636;0.006705788895487785;0.5019304752349854
637;0.0062859696336090565;0.507722020149231
638;0.0063270884566009045;0.530888020992279
639;0.006068249233067036;0.53861004114151
640;0.005994413048028946;0.530888020992279
641;0.006003554444760084;0.5501930713653564
642;0.005963414441794157;0.5482625365257263
643;0.006012090016156435;0.5231660008430481
644;0.0057653035037219524;0.5482625365257263
645;0.0057721794582903385;0.5501930713653564
646;0.005889060441404581;0.5714285969734192
647;0.005834105424582958;0.5559845566749573
648;0.005784267093986273;0.5559845566749573
649;0.005731601268053055;0.5444015264511108
650;0.005715235602110624;0.5501930713653564
651;0.0057001481764018536;0.6042470932006836
652;0.005748807918280363;0.5540540814399719
653;0.005697557236999273;0.5559845566749573
654;0.005698131397366524;0.5675675868988037
655;0.005659231450408697;0.5637065768241882
656;0.0057083554565906525;0.5444015264511108
657;0.00561185646802187;0.5617760419845581
658;0.005588844418525696;0.5637065768241882
659;0.005634378641843796;0.5945945978164673
660;0.005569341592490673;0.6138995885848999
661;0.005561955738812685;0.5791505575180054
662;0.005581723991781473;0.57722008228302
663;0.005524744279682636;0.5830115675926208
664;0.005544626619666815;0.5752895474433899
665;0.005540032871067524;0.57722008228302
666;0.005566759034991264;0.5579150319099426
667;0.005489405244588852;0.5926640629768372
668;0.005523472558706999;0.5444015264511108
669;0.00548682501539588;0.6003860831260681
670;0.005463945213705301;0.5810810923576355
671;0.005477117374539375;0.61583012342453
672;0.005442957393825054;0.5714285969734192
673;0.005497499834746122;0.5617760419845581
674;0.005474264733493328;0.5810810923576355
675;0.005464412737637758;0.5656370520591736
676;0.0054976195096969604;0.5733590722084045
677;0.005497691221535206;0.5521235466003418
678;0.005429485812783241;0.5965250730514526
679;0.005459568463265896;0.5656370520591736
680;0.005468902178108692;0.5637065768241882
681;0.005471357144415379;0.584942102432251
682;0.005427582189440727;0.6003860831260681
683;0.005413773003965616;0.5907335877418518
684;0.0054095727391541;0.6061776280403137
685;0.005396308843046427;0.5791505575180054
686;0.0053871143609285355;0.6216216087341309
687;0.005413582548499107;0.5888031125068665
688;0.005364443175494671;0.6003860831260681
689;0.005374584347009659;0.5984556078910828
690;0.005362221971154213;0.6100386381149292
691;0.0053836810402572155;0.57722008228302
692;0.005358453840017319;0.5965250730514526
693;0.005373906344175339;0.5868725776672363
694;0.005390603095293045;0.5521235466003418
695;0.005397336557507515;0.5810810923576355
696;0.005371062085032463;0.5868725776672363
697;0.005360988900065422;0.5810810923576355
698;0.00540069630369544;0.5907335877418518
699;0.005356503184884787;0.5984556078910828
700;0.005377048160880804;0.6177605986595154
701;0.005363323260098696;0.5733590722084045
702;0.005339682102203369;0.61583012342453
703;0.00536692701280117;0.5907335877418518
704;0.005368681158870459;0.5637065768241882
705;0.005384351592510939;0.5945945978164673
706;0.005373534746468067;0.5965250730514526
707;0.005344590172171593;0.6042470932006836
708;0.005369578022509813;0.61583012342453
709;0.005331171676516533;0.6119691133499146
710;0.005340280011296272;0.5945945978164673
711;0.005343698896467686;0.6293436288833618
712;0.00529783358797431;0.6119691133499146
713;0.005309705156832933;0.6003860831260681
714;0.005310192238539457;0.5984556078910828
715;0.0053783864714205265;0.5868725776672363
716;0.00549114216119051;0.5714285969734192
717;0.005397958680987358;0.623552143573761
718;0.0054359096102416515;0.5984556078910828
719;0.0053946999832987785;0.5907335877418518
720;0.005381507333368063;0.6061776280403137
721;0.00535508943721652;0.584942102432251
722;0.005398743785917759;0.6196911334991455
723;0.00529444171115756;0.6254826188087463
724;0.005321200471371412;0.6216216087341309
725;0.005399144720286131;0.5945945978164673
726;0.005293352995067835;0.6042470932006836
727;0.005356294102966785;0.57722008228302
728;0.005338400136679411;0.5714285969734192
729;0.005295432638376951;0.623552143573761
730;0.005345417186617851;0.5984556078910828
731;0.005300478544086218;0.5945945978164673
732;0.005260538309812546;0.623552143573761
733;0.005264561157673597;0.6254826188087463
734;0.0053650871850550175;0.6081081032752991
735;0.005260949954390526;0.6351351141929626
736;0.005336116533726454;0.5984556078910828
737;0.005295454990118742;0.6119691133499146
738;0.005279798060655594;0.61583012342453
739;0.0054154302924871445;0.6100386381149292
740;0.005349897313863039;0.6081081032752991
741;0.0053514111787080765;0.6351351141929626
742;0.00538140581920743;0.5965250730514526
743;0.005384990945458412;0.6081081032752991
744;0.005301098804920912;0.6216216087341309
745;0.005406183656305075;0.5945945978164673
746;0.00532333692535758;0.5830115675926208
747;0.005266372114419937;0.6293436288833618
748;0.005241460632532835;0.6389961242675781
749;0.005258740391582251;0.65444016456604
750;0.005279941018670797;0.6254826188087463
751;0.005207492504268885;0.6061776280403137
752;0.005351690575480461;0.6042470932006836
753;0.0052385781891644;0.6293436288833618
754;0.005303025245666504;0.6100386381149292
755;0.005202287808060646;0.6389961242675781
756;0.005238870158791542;0.6216216087341309
757;0.00522974506020546;0.6389961242675781
758;0.005293654277920723;0.6274131536483765
759;0.005217303521931171;0.6505791544914246
760;0.00522860512137413;0.6293436288833618
761;0.005196542013436556;0.6312741041183472
762;0.0052494751289486885;0.6351351141929626
763;0.00520674604922533;0.6293436288833618
764;0.005183901637792587;0.6312741041183472
765;0.0052084242925047874;0.6312741041183472
766;0.005162618588656187;0.6216216087341309
767;0.005175960250198841;0.6196911334991455
768;0.0051978896372020245;0.6293436288833618
769;0.00520462216809392;0.6274131536483765
770;0.00514764292165637;0.6718146800994873
771;0.005126748234033585;0.65444016456604
772;0.0051399157382547855;0.6467181444168091
773;0.005135498009622097;0.6061776280403137
774;0.005191028118133545;0.623552143573761
775;0.005187890492379665;0.6370656490325928
776;0.005265902262181044;0.6119691133499146
777;0.005192458163946867;0.6389961242675781
778;0.005201803054660559;0.6254826188087463
779;0.005132724065333605;0.6447876691818237
780;0.005203985143452883;0.6409266591072083
781;0.005085283890366554;0.6814671754837036
782;0.005136693827807903;0.6409266591072083
783;0.005267971660941839;0.623552143573761
784;0.00513180298730731;0.6679536700248718
785;0.005145968869328499;0.6428571343421936
786;0.0051515414379537106;0.6525096297264099
787;0.0051785982213914394;0.6254826188087463
788;0.005101770628243685;0.662162184715271
789;0.005180101841688156;0.6312741041183472
790;0.005164774134755135;0.6447876691818237
791;0.0051483954302966595;0.6332046389579773
792;0.0054099117405712605;0.6428571343421936
793;0.005590240471065044;0.5888031125068665
794;0.005290046334266663;0.6583011746406555
795;0.006251750513911247;0.5212355256080627
796;0.0062381792813539505;0.546332061290741
797;0.006395110860466957;0.5154440402984619
798;0.005728291813284159;0.5714285969734192
799;0.006014760117977858;0.5347490310668945
800;0.006712797097861767;0.5115830302238464
801;0.005735826678574085;0.5675675868988037
802;0.005841570440679789;0.6196911334991455
803;0.006422197446227074;0.5559845566749573
804;0.00581928389146924;0.6389961242675781
805;0.006458126939833164;0.5424710512161255
806;0.005805553402751684;0.5424710512161255
807;0.005642277654260397;0.5965250730514526
808;0.0058124917559325695;0.5579150319099426
809;0.005717375781387091;0.5945945978164673
810;0.005636858753859997;0.5926640629768372
811;0.005568297579884529;0.6081081032752991
812;0.005455251317471266;0.6061776280403137
813;0.0056623234413564205;0.57722008228302
814;0.005571209825575352;0.6138995885848999
815;0.0054640742018818855;0.6254826188087463
816;0.005460025742650032;0.6216216087341309
817;0.00536990724503994;0.6023166179656982
818;0.005419270601123571;0.5907335877418518
819;0.005421001464128494;0.5830115675926208
820;0.005205411929637194;0.6776061654090881
821;0.005417610518634319;0.5965250730514526
822;0.005471068434417248;0.5830115675926208
823;0.005274854134768248;0.6583011746406555
824;0.005257135257124901;0.61583012342453
825;0.005251780617982149;0.6216216087341309
826;0.005384426563978195;0.6196911334991455
827;0.005255629308521748;0.623552143573761
828;0.0051594991236925125;0.6505791544914246
829;0.00515863997861743;0.6409266591072083
830;0.005155167076736689;0.6216216087341309
831;0.005160749424248934;0.6177605986595154
832;0.005089129786938429;0.6563706398010254
833;0.005161264445632696;0.623552143573761
834;0.00505498331040144;0.65444016456604
835;0.0051669650711119175;0.6293436288833618
836;0.0051401276141405106;0.6332046389579773
837;0.00507317204028368;0.6486486196517944
838;0.005033643450587988;0.6737451553344727
839;0.005042862147092819;0.6389961242675781
840;0.005077640991657972;0.6428571343421936
841;0.00502324104309082;0.662162184715271
842;0.005006389692425728;0.6467181444168091
843;0.004996028728783131;0.6409266591072083
844;0.004999643657356501;0.6370656490325928
845;0.004998393356800079;0.6660231947898865
846;0.004975573625415564;0.6660231947898865
847;0.004930601455271244;0.6660231947898865
848;0.005032830871641636;0.6602316498756409
849;0.0049408916383981705;0.6447876691818237
850;0.004973213188350201;0.65444016456604
851;0.004964987747371197;0.6486486196517944
852;0.004952976480126381;0.662162184715271
853;0.004919671919196844;0.7046331763267517
854;0.004975150339305401;0.6602316498756409
855;0.004927118308842182;0.69305020570755
856;0.004960726946592331;0.6447876691818237
857;0.0049374159425497055;0.6467181444168091
858;0.004950458183884621;0.6351351141929626
859;0.004893421661108732;0.6776061654090881
860;0.004980386700481176;0.662162184715271
861;0.005051578860729933;0.61583012342453
862;0.005016956944018602;0.6332046389579773
863;0.004890384152531624;0.6911196708679199
864;0.004914790391921997;0.6776061654090881
865;0.004921767860651016;0.6718146800994873
866;0.00507927592843771;0.6293436288833618
867;0.0051311105489730835;0.6293436288833618
868;0.005033529829233885;0.6505791544914246
869;0.004928394686430693;0.662162184715271
870;0.004974460694938898;0.6640926599502563
871;0.004902367480099201;0.6640926599502563
872;0.0049027069471776485;0.6737451553344727
873;0.0049357968382537365;0.6718146800994873
874;0.0049149454571306705;0.6602316498756409
875;0.004919018130749464;0.6505791544914246
876;0.004915974102914333;0.6679536700248718
877;0.004866507835686207;0.6486486196517944
878;0.004913560580462217;0.6505791544914246
879;0.004835693631321192;0.6718146800994873
880;0.004878048785030842;0.662162184715271
881;0.004877595696598291;0.6718146800994873
882;0.0048945508897304535;0.662162184715271
883;0.004840213339775801;0.700772225856781
884;0.004845941439270973;0.6853281855583191
885;0.004883082117885351;0.6679536700248718
886;0.004833956249058247;0.7065637111663818
887;0.004811125807464123;0.6853281855583191
888;0.0048819598741829395;0.662162184715271
889;0.004844327457249165;0.6602316498756409
890;0.0048202089965343475;0.6447876691818237
891;0.004845728166401386;0.6698841452598572
892;0.0047971163876354694;0.6756756901741028
893;0.004930812865495682;0.6737451553344727
894;0.0047895340248942375;0.6795367002487183
895;0.004835690371692181;0.700772225856781
896;0.0048498911783099174;0.6640926599502563
897;0.004834129009395838;0.6776061654090881
898;0.004826234187930822;0.6467181444168091
899;0.004896096885204315;0.65444016456604
900;0.004840248730033636;0.6640926599502563
901;0.004795261193066835;0.6795367002487183
902;0.004815344698727131;0.6583011746406555
903;0.004798767156898975;0.6679536700248718
904;0.004762246273458004;0.6872586607933044
905;0.004757183603942394;0.6718146800994873
906;0.00485269958153367;0.6660231947898865
907;0.00493374839425087;0.6583011746406555
908;0.004855465143918991;0.662162184715271
909;0.004857971798628569;0.6602316498756409
910;0.004807539749890566;0.6718146800994873
911;0.0050695957615971565;0.6486486196517944
912;0.0048102447763085365;0.662162184715271
913;0.004751371219754219;0.6776061654090881
914;0.00479034474119544;0.6969112157821655
915;0.004805103875696659;0.6949806809425354
916;0.004823705181479454;0.65444016456604
917;0.004801943898200989;0.6505791544914246
918;0.004751549102365971;0.6409266591072083
919;0.004846991505473852;0.6505791544914246
920;0.004774055909365416;0.6447876691818237
921;0.004798389505594969;0.6525096297264099
922;0.0049651688896119595;0.6293436288833618
923;0.006719040684401989;0.5173745155334473
924;0.006702820770442486;0.5559845566749573
925;0.006516698747873306;0.5501930713653564
926;0.006567011587321758;0.4942084848880768
927;0.006438245996832848;0.5521235466003418
928;0.006351528689265251;0.5193049907684326
929;0.006192386616021395;0.5270270109176636
930;0.005932916421443224;0.546332061290741
931;0.006348030176013708;0.5057914853096008
932;0.005994332488626242;0.5830115675926208
933;0.005905424244701862;0.5598455667495728
934;0.005996770225465298;0.5617760419845581
935;0.00589050492271781;0.6138995885848999
936;0.006423573009669781;0.5366795659065247
937;0.005851011723279953;0.6196911334991455
938;0.005651623010635376;0.5752895474433899
939;0.005541629157960415;0.6216216087341309
940;0.005435217637568712;0.61583012342453
941;0.005715315230190754;0.6138995885848999
942;0.005089509300887585;0.6505791544914246
943;0.005533070769160986;0.6274131536483765
944;0.005494327750056982;0.6447876691818237
945;0.0060757179744541645;0.6042470932006836
946;0.005431078840047121;0.6428571343421936
947;0.005472834687680006;0.6332046389579773
948;0.005428416654467583;0.6409266591072083
949;0.005422387272119522;0.6312741041183472
950;0.005328561645001173;0.6370656490325928
951;0.005269418936222792;0.6293436288833618
952;0.005519566126167774;0.6081081032752991
953;0.005240272730588913;0.6486486196517944
954;0.005453526973724365;0.6042470932006836
955;0.005412024445831776;0.5907335877418518
956;0.005955346394330263;0.5521235466003418
957;0.005425944924354553;0.6254826188087463
958;0.005472711753100157;0.5791505575180054
959;0.005438143387436867;0.5907335877418518
960;0.0051752435974776745;0.662162184715271
961;0.005185616202652454;0.6409266591072083
962;0.0054529327899217606;0.5926640629768372
963;0.005018030293285847;0.6486486196517944
964;0.0050463564693927765;0.6332046389579773
965;0.00524533074349165;0.6254826188087463
966;0.005132156424224377;0.6254826188087463
967;0.005086131859570742;0.6274131536483765
968;0.00494437525048852;0.65444016456604
969;0.004954649601131678;0.6949806809425354
970;0.004957013297826052;0.6447876691818237
971;0.004932789597660303;0.6718146800994873
972;0.004991015885025263;0.6679536700248718
973;0.004991644062101841;0.65444016456604
974;0.004896646365523338;0.6718146800994873
975;0.004863518290221691;0.6737451553344727
976;0.004884710535407066;0.6698841452598572
977;0.004909025505185127;0.6814671754837036
978;0.0048888083547353745;0.6602316498756409
979;0.004838984459638596;0.6718146800994873
980;0.004904772154986858;0.6525096297264099
981;0.004915719386190176;0.6389961242675781
982;0.004832480102777481;0.6679536700248718
983;0.004865308292210102;0.6254826188087463
984;0.0048670475371181965;0.662162184715271
985;0.004768781829625368;0.6718146800994873
986;0.004876127932220697;0.6467181444168091
987;0.00475575914606452;0.6776061654090881
988;0.004780479706823826;0.65444016456604
989;0.004785133060067892;0.6640926599502563
990;0.00475310767069459;0.6718146800994873
991;0.004774482920765877;0.6640926599502563
992;0.004762276541441679;0.6776061654090881
993;0.004700251389294863;0.6853281855583191
994;0.004731102846562862;0.6718146800994873
995;0.004710386507213116;0.6911196708679199
996;0.0047004688531160355;0.6988416910171509
997;0.00468659121543169;0.6853281855583191
998;0.004674629773944616;0.6640926599502563
999;0.004719557240605354;0.6891891956329346
1000;0.004710126202553511;0.6853281855583191
1001;0.004660271108150482;0.7046331763267517
1002;0.0046990071423351765;0.6698841452598572
1003;0.00466508325189352;0.6853281855583191
1004;0.004649242386221886;0.6814671754837036
1005;0.004592281766235828;0.6853281855583191
1006;0.004615454934537411;0.6756756901741028
1007;0.0046499441377818584;0.6718146800994873
1008;0.0046827178448438644;0.6737451553344727
1009;0.004645931534469128;0.6853281855583191
1010;0.004696768242865801;0.6486486196517944
1011;0.004637277685105801;0.7065637111663818
1012;0.004662761464715004;0.6911196708679199
1013;0.004602836910635233;0.7065637111663818
1014;0.004644119646400213;0.6756756901741028
1015;0.004636889323592186;0.6891891956329346
1016;0.004591090604662895;0.6891891956329346
1017;0.004627610556781292;0.6660231947898865
1018;0.004640041384845972;0.6891891956329346
1019;0.004633629694581032;0.6718146800994873
1020;0.004649006761610508;0.69305020570755
1021;0.004602174274623394;0.6949806809425354
1022;0.00461655855178833;0.6891891956329346
1023;0.004671045113354921;0.6602316498756409
1024;0.004624790512025356;0.6872586607933044
1025;0.004603096749633551;0.69305020570755
1026;0.004608670715242624;0.69305020570755
1027;0.004621567204594612;0.6872586607933044
1028;0.00459173833951354;0.700772225856781
1029;0.004552071914076805;0.7027027010917664
1030;0.004595700651407242;0.6911196708679199
1031;0.00461748568341136;0.7027027010917664
1032;0.004573673941195011;0.7027027010917664
1033;0.004567421972751617;0.6988416910171509
1034;0.004585525952279568;0.7046331763267517
1035;0.004581345710903406;0.6988416910171509
1036;0.004643200431019068;0.6853281855583191
1037;0.0046241977252066135;0.7027027010917664
1038;0.004626831039786339;0.6679536700248718
1039;0.004571732133626938;0.6718146800994873
1040;0.004679766949266195;0.6718146800994873
1041;0.0049334196373820305;0.6833977103233337
1042;0.004765864461660385;0.6969112157821655
1043;0.004905806854367256;0.6833977103233337
1044;0.005006986670196056;0.6409266591072083
1045;0.005210167728364468;0.6042470932006836
1046;0.005564907565712929;0.5482625365257263
1047;0.005696249194443226;0.5791505575180054
1048;0.005309482105076313;0.6254826188087463
1049;0.0054080490954220295;0.5984556078910828
1050;0.005232709459960461;0.5714285969734192
1051;0.005004224367439747;0.662162184715271
1052;0.005320640746504068;0.6351351141929626
1053;0.005025888793170452;0.662162184715271
1054;0.005016457289457321;0.6447876691818237
1055;0.005083994474261999;0.6447876691818237
1056;0.005069074220955372;0.6525096297264099
1057;0.00490427715703845;0.6583011746406555
1058;0.004993891809135675;0.6409266591072083
1059;0.005009666085243225;0.6370656490325928
1060;0.005343952681869268;0.6274131536483765
1061;0.0051573337987065315;0.6679536700248718
1062;0.0051168473437428474;0.6602316498756409
1063;0.005100748036056757;0.6737451553344727
1064;0.004990690853446722;0.6563706398010254
1065;0.005204581189900637;0.6023166179656982
1066;0.005106180906295776;0.6003860831260681
1067;0.005068751983344555;0.6467181444168091
1068;0.004973779432475567;0.662162184715271
1069;0.005050676874816418;0.6525096297264099
1070;0.005062013398855925;0.6660231947898865
1071;0.0048616798594594;0.6949806809425354
1072;0.00509373564273119;0.6679536700248718
1073;0.005022447090595961;0.6486486196517944
1074;0.004831092897802591;0.6467181444168091
1075;0.004763715900480747;0.662162184715271
1076;0.0047636316157877445;0.65444016456604
1077;0.004931231960654259;0.6505791544914246
1078;0.0048389374278485775;0.6795367002487183
1079;0.0047720205038785934;0.6660231947898865
1080;0.004806452430784702;0.6679536700248718
1081;0.004832394886761904;0.6718146800994873
1082;0.0047678593546152115;0.6814671754837036
1083;0.004758838564157486;0.6795367002487183
1084;0.004741661250591278;0.6795367002487183
1085;0.004720085766166449;0.6891891956329346
1086;0.004748130217194557;0.6814671754837036
1087;0.004716045223176479;0.6795367002487183
1088;0.004756872076541185;0.6698841452598572
1089;0.004719227086752653;0.6698841452598572
1090;0.0045851231552660465;0.6969112157821655
1091;0.00468796119093895;0.6833977103233337
1092;0.004657241981476545;0.6949806809425354
1093;0.004644939210265875;0.6660231947898865
1094;0.004716769326478243;0.65444016456604
1095;0.004615855403244495;0.6795367002487183
1096;0.00454033724963665;0.7123551964759827
1097;0.004619855433702469;0.69305020570755
1098;0.0045701805502176285;0.7084941864013672
1099;0.004528011195361614;0.7123551964759827
1100;0.004498818423599005;0.7084941864013672
1101;0.004572446458041668;0.7084941864013672
1102;0.004520195536315441;0.6911196708679199
1103;0.004567055497318506;0.662162184715271
1104;0.0045713321305811405;0.7046331763267517
1105;0.004520832560956478;0.69305020570755
1106;0.0044974107295274734;0.7065637111663818
1107;0.004491375759243965;0.7277992367744446
1108;0.0045072403736412525;0.6969112157821655
1109;0.0044676209799945354;0.7162162065505981
1110;0.0044765230268239975;0.7162162065505981
1111;0.004501041024923325;0.700772225856781
1112;0.004452256951481104;0.7181467413902283
1113;0.004463818855583668;0.6891891956329346
1114;0.004504680167883635;0.6891891956329346
1115;0.004488059319555759;0.700772225856781
1116;0.00446672597900033;0.7065637111663818
1117;0.004449458327144384;0.6949806809425354
1118;0.00449711037799716;0.6833977103233337
1119;0.004494694527238607;0.6988416910171509
1120;0.0044311052188277245;0.7084941864013672
1121;0.004466627724468708;0.6698841452598572
1122;0.004509414080530405;0.6853281855583191
1123;0.004428526386618614;0.6988416910171509
1124;0.004485774785280228;0.7065637111663818
1125;0.004429082851856947;0.6969112157821655
1126;0.0044372365809977055;0.700772225856781
1127;0.004440966993570328;0.6718146800994873
1128;0.004433094058185816;0.6988416910171509
1129;0.00445043109357357;0.6988416910171509
1130;0.004432672634720802;0.700772225856781
1131;0.004458459559828043;0.6737451553344727
1132;0.00443168543279171;0.69305020570755
1133;0.00442443136125803;0.7046331763267517
1134;0.004426510538905859;0.6872586607933044
1135;0.004432295449078083;0.6949806809425354
1136;0.004433905705809593;0.6737451553344727
1137;0.004363548941910267;0.7084941864013672
1138;0.004372000694274902;0.7181467413902283
1139;0.004390716087073088;0.6891891956329346
1140;0.00435823667794466;0.6872586607933044
1141;0.004348408430814743;0.7084941864013672
1142;0.004398197401314974;0.7142857313156128
1143;0.004327742848545313;0.7162162065505981
1144;0.0043654912151396275;0.6911196708679199
1145;0.00440583098679781;0.7027027010917664
1146;0.004395300056785345;0.7277992367744446
1147;0.004339572507888079;0.6872586607933044
1148;0.004397657699882984;0.69305020570755
1149;0.00430831266567111;0.7065637111663818
1150;0.004424282815307379;0.7046331763267517
1151;0.004345364402979612;0.7162162065505981
1152;0.004398893564939499;0.6988416910171509
1153;0.004393731709569693;0.7046331763267517
1154;0.004340969957411289;0.6969112157821655
1155;0.004419214092195034;0.6969112157821655
1156;0.004393933806568384;0.6795367002487183
1157;0.0043561579659581184;0.7181467413902283
1158;0.004392313305288553;0.7027027010917664
1159;0.004346931353211403;0.7046331763267517
1160;0.004299080464988947;0.7220077514648438
1161;0.004441628698259592;0.6969112157821655
1162;0.004327449016273022;0.6969112157821655
1163;0.004367204383015633;0.6872586607933044
1164;0.004466644953936338;0.6988416910171509
1165;0.004326960071921349;0.7162162065505981
1166;0.004406841471791267;0.6969112157821655
1167;0.004405607469379902;0.69305020570755
1168;0.004331052768975496;0.7181467413902283
1169;0.004359909798949957;0.7046331763267517
1170;0.004379022866487503;0.7239382266998291
1171;0.004380354657769203;0.6891891956329346
1172;0.0043976763263344765;0.6911196708679199
1173;0.004391826223582029;0.7123551964759827
1174;0.004467120859771967;0.7065637111663818
1175;0.0043222722597420216;0.7046331763267517
1176;0.004494456108659506;0.6776061654090881
1177;0.004349215421825647;0.6795367002487183
1178;0.00443791039288044;0.7027027010917664
1179;0.004392683040350676;0.700772225856781
1180;0.004388949368149042;0.6872586607933044
1181;0.005058579612523317;0.6332046389579773
1182;0.004655031021684408;0.6795367002487183
1183;0.004882811103016138;0.6602316498756409
1184;0.004602518398314714;0.6891891956329346
1185;0.005076815374195576;0.6274131536483765
1186;0.004563553258776665;0.7084941864013672
1187;0.005078726913779974;0.6003860831260681
1188;0.0046194568276405334;0.6776061654090881
1189;0.004600165411829948;0.6833977103233337
1190;0.004906654357910156;0.6312741041183472
1191;0.004596000537276268;0.6776061654090881
1192;0.0045142341405153275;0.69305020570755
1193;0.004694108851253986;0.6563706398010254
1194;0.004509455058723688;0.69305020570755
1195;0.004580942913889885;0.7142857313156128
1196;0.004623016808182001;0.6602316498756409
1197;0.004563506692647934;0.6795367002487183
1198;0.004846715368330479;0.6505791544914246
1199;0.00473709125071764;0.6814671754837036
1200;0.004992167931050062;0.6679536700248718
1201;0.00510504562407732;0.6389961242675781
1202;0.004926764406263828;0.6814671754837036
1203;0.006409088149666786;0.5424710512161255
1204;0.00789808388799429;0.403474897146225
1205;0.008532965555787086;0.33011582493782043
1206;0.008827395737171173;0.29343628883361816
1207;0.00988562311977148;0.1814671754837036
1208;0.01013050228357315;0.1621621549129486
1209;0.009920299053192139;0.16988417506217957
1210;0.009541449137032032;0.20077219605445862
1211;0.009160332381725311;0.1949806958436966
1212;0.008891996927559376;0.21621622145175934
1213;0.008740660734474659;0.23166023194789886
1214;0.00862109661102295;0.24517375230789185
1215;0.008783566765487194;0.22200772166252136
1216;0.008647956885397434;0.2432432472705841
1217;0.008546845056116581;0.26061776280403137
1218;0.008468028157949448;0.26447877287864685
1219;0.008360397070646286;0.31660231947898865
1220;0.008165903389453888;0.33590734004974365
1221;0.007787991315126419;0.3474903404712677
1222;0.007486435119062662;0.3861003816127777
1223;0.007382288575172424;0.39768341183662415
1224;0.007283004932105541;0.403474897146225
1225;0.007102710660547018;0.42084941267967224
1226;0.007237739395350218;0.4092664122581482
1227;0.007011452689766884;0.45945945382118225
1228;0.0067952657118439674;0.5
1229;0.006738518364727497;0.5250965356826782
1230;0.006678314413875341;0.5328185558319092
1231;0.0064559574238955975;0.53861004114151
1232;0.006352641619741917;0.5328185558319092
1233;0.006322236265987158;0.5366795659065247
1234;0.006235682405531406;0.5521235466003418
1235;0.006171920336782932;0.5521235466003418
1236;0.00609895633533597;0.5752895474433899
1237;0.006040573585778475;0.5617760419845581
1238;0.005858606658875942;0.5965250730514526
1239;0.005884596612304449;0.5752895474433899
1240;0.00587635999545455;0.5791505575180054
1241;0.005785936489701271;0.5984556078910828
1242;0.005815416108816862;0.5965250730514526
1243;0.005671249236911535;0.5907335877418518
1244;0.005747067742049694;0.5637065768241882
1245;0.005628362763673067;0.5888031125068665
1246;0.005575147457420826;0.5868725776672363
1247;0.005532864946871996;0.6003860831260681
1248;0.0053233858197927475;0.6409266591072083
1249;0.005474994890391827;0.6119691133499146
1250;0.005488008260726929;0.6332046389579773
1251;0.005370391067117453;0.6428571343421936
1252;0.005505378358066082;0.623552143573761
1253;0.005254211835563183;0.6505791544914246
1254;0.005334530957043171;0.6370656490325928
1255;0.005165928974747658;0.6563706398010254
1256;0.005221566651016474;0.6467181444168091
1257;0.005164852365851402;0.6583011746406555
1258;0.005090696271508932;0.662162184715271
1259;0.004988451488316059;0.65444016456604
1260;0.005069580860435963;0.6602316498756409
1261;0.00502626970410347;0.6583011746406555
1262;0.004931637551635504;0.6563706398010254
1263;0.004919392988085747;0.6679536700248718
1264;0.004937838297337294;0.6486486196517944
1265;0.004897064063698053;0.6795367002487183
1266;0.004836915526539087;0.6891891956329346
1267;0.004760573618113995;0.6756756901741028
1268;0.0048067462630569935;0.6756756901741028
1269;0.004785205237567425;0.6583011746406555
1270;0.004719776567071676;0.6718146800994873
1271;0.004697335883975029;0.7084941864013672
1272;0.004668195731937885;0.7046331763267517
1273;0.004631658084690571;0.6891891956329346
1274;0.004567604511976242;0.7181467413902283
1275;0.004650724120438099;0.65444016456604
1276;0.004614199046045542;0.6949806809425354
1277;0.00459128525108099;0.6833977103233337
1278;0.00453643873333931;0.6949806809425354
1279;0.0045373826287686825;0.6949806809425354
1280;0.004565542563796043;0.6949806809425354
1281;0.004651624709367752;0.6756756901741028
1282;0.004466318525373936;0.7220077514648438
1283;0.004692754242569208;0.6911196708679199
1284;0.004502440802752972;0.6911196708679199
1285;0.0044922977685928345;0.6949806809425354
1286;0.0045294142328202724;0.6949806809425354
1287;0.0046097030863165855;0.6949806809425354
1288;0.004563511349260807;0.6872586607933044
1289;0.004421971272677183;0.7239382266998291
1290;0.004435580689460039;0.7123551964759827
1291;0.004425546154379845;0.6776061654090881
1292;0.0044335732236504555;0.6814671754837036
1293;0.004440091550350189;0.7123551964759827
1294;0.00435486389324069;0.7104247212409973
1295;0.004414001014083624;0.6814671754837036
1296;0.004359239712357521;0.7297297120094299
1297;0.004391313996165991;0.7027027010917664
1298;0.004413499031215906;0.7239382266998291
1299;0.004355390556156635;0.6853281855583191
1300;0.004404705949127674;0.69305020570755
1301;0.0042910524643957615;0.7084941864013672
1302;0.004443080630153418;0.700772225856781
1303;0.004621646832674742;0.6872586607933044
1304;0.004450063221156597;0.700772225856781
1305;0.004563252441585064;0.6795367002487183
1306;0.004548488650470972;0.6795367002487183
1307;0.004656136967241764;0.6640926599502563
1308;0.004478227812796831;0.69305020570755
1309;0.004540482070297003;0.6833977103233337
1310;0.004402502905577421;0.7123551964759827
1311;0.004434483125805855;0.6969112157821655
1312;0.004360444378107786;0.7239382266998291
1313;0.0044908709824085236;0.6718146800994873
1314;0.004429755732417107;0.69305020570755
1315;0.004824779462069273;0.6505791544914246
1316;0.004392835311591625;0.7065637111663818
1317;0.00435126107186079;0.6872586607933044
1318;0.0045282538048923016;0.6872586607933044
1319;0.004517734050750732;0.6698841452598572
1320;0.0043855090625584126;0.6833977103233337
1321;0.004420111421495676;0.7104247212409973
1322;0.0043631489388644695;0.6988416910171509
1323;0.004292352590709925;0.69305020570755
1324;0.00439094565808773;0.6660231947898865
1325;0.004396127536892891;0.7065637111663818
1326;0.004315835423767567;0.7239382266998291
1327;0.004331574309617281;0.6969112157821655
1328;0.004311644472181797;0.6969112157821655
1329;0.004421395715326071;0.6776061654090881
1330;0.004396077245473862;0.6853281855583191
1331;0.004306436982005835;0.7335907220840454
1332;0.004359599202871323;0.7027027010917664
1333;0.004263719078153372;0.7084941864013672
1334;0.004336107522249222;0.6795367002487183
1335;0.004294285550713539;0.7084941864013672
1336;0.004573096986860037;0.6776061654090881
1337;0.004431883804500103;0.6853281855583191
1338;0.005133396480232477;0.6332046389579773
1339;0.004432985559105873;0.6737451553344727
1340;0.004495834466069937;0.6563706398010254
1341;0.0045365747064352036;0.69305020570755
1342;0.0046900599263608456;0.6756756901741028
1343;0.004521540831774473;0.6737451553344727
1344;0.0056099905632436275;0.5945945978164673
1345;0.005727067124098539;0.6042470932006836
1346;0.005495443474501371;0.6196911334991455
1347;0.0052364785224199295;0.6216216087341309
1348;0.0053621153347194195;0.6216216087341309
1349;0.004985179752111435;0.6563706398010254
1350;0.004895906895399094;0.6679536700248718
1351;0.004989570938050747;0.6833977103233337
1352;0.004777423571795225;0.6776061654090881
1353;0.004945381078869104;0.6679536700248718
1354;0.004721453879028559;0.6737451553344727
1355;0.004858987405896187;0.6583011746406555
1356;0.005522467661648989;0.6119691133499146
1357;0.004918678198009729;0.6563706398010254
1358;0.004706570878624916;0.6737451553344727
1359;0.004736071918159723;0.6756756901741028
1360;0.004851463250815868;0.6737451553344727
1361;0.004805469885468483;0.6776061654090881
1362;0.004551485646516085;0.6718146800994873
1363;0.0045852335169911385;0.65444016456604
1364;0.004688191693276167;0.6525096297264099
1365;0.004884917289018631;0.6505791544914246
1366;0.004508538171648979;0.7065637111663818
1367;0.004841679707169533;0.6640926599502563
1368;0.00463665509596467;0.6583011746406555
1369;0.004594694823026657;0.6911196708679199
1370;0.004667578265070915;0.6486486196517944
1371;0.004617483355104923;0.6640926599502563
1372;0.004436521790921688;0.6949806809425354
1373;0.004430541768670082;0.7046331763267517
1374;0.0044434224255383015;0.7065637111663818
1375;0.004495011176913977;0.6872586607933044
1376;0.004417294170707464;0.6911196708679199
1377;0.004308430943638086;0.6833977103233337
1378;0.004355952609330416;0.6988416910171509
1379;0.004360418766736984;0.6718146800994873
1380;0.00439543928951025;0.6795367002487183
1381;0.004317747429013252;0.7065637111663818
1382;0.004279238171875477;0.6776061654090881
1383;0.0043560778722167015;0.6853281855583191
1384;0.004314493387937546;0.7046331763267517
1385;0.00426901038736105;0.7065637111663818
1386;0.004251426085829735;0.7046331763267517
1387;0.004217744339257479;0.7142857313156128
1388;0.004265102557837963;0.6949806809425354
1389;0.004199842922389507;0.7142857313156128
1390;0.004226359073072672;0.7027027010917664
1391;0.004185093566775322;0.6872586607933044
1392;0.004228902980685234;0.6969112157821655
1393;0.004273066762834787;0.6737451553344727
1394;0.004184639547020197;0.6795367002487183
1395;0.0043031019158661366;0.69305020570755
1396;0.0041641234420239925;0.7046331763267517
1397;0.004146981053054333;0.7084941864013672
1398;0.004207426682114601;0.6949806809425354
1399;0.0041952114552259445;0.7046331763267517
1400;0.004156241659075022;0.6949806809425354
1401;0.004156118258833885;0.6969112157821655
1402;0.004127419088035822;0.6988416910171509
1403;0.004152817651629448;0.6949806809425354
1404;0.004131223540753126;0.7084941864013672
1405;0.0040980237536132336;0.7374517321586609
1406;0.004218477755784988;0.6756756901741028
1407;0.004223921801894903;0.7027027010917664
1408;0.004105812404304743;0.700772225856781
1409;0.004132510628551245;0.69305020570755
1410;0.004130726680159569;0.6891891956329346
1411;0.004157608840614557;0.6853281855583191
1412;0.004149452317506075;0.7065637111663818
1413;0.0042161704041063786;0.6853281855583191
1414;0.004100925754755735;0.7181467413902283
1415;0.004103340674191713;0.6891891956329346
1416;0.00415022624656558;0.7065637111663818
1417;0.004131393041461706;0.700772225856781
1418;0.004075700882822275;0.7084941864013672
1419;0.0040789879858493805;0.6911196708679199
1420;0.004103631246834993;0.7027027010917664
1421;0.004155216738581657;0.6911196708679199
1422;0.004109036177396774;0.6988416910171509
1423;0.004159647971391678;0.6833977103233337
1424;0.004081836901605129;0.6814671754837036
1425;0.004088756628334522;0.6949806809425354
1426;0.0040814438834786415;0.7162162065505981
1427;0.004058804363012314;0.6988416910171509
1428;0.0040848590433597565;0.69305020570755
1429;0.0040374333038926125;0.6988416910171509
1430;0.004065514076501131;0.6949806809425354
1431;0.004064361099153757;0.7027027010917664
1432;0.004086701665073633;0.69305020570755
1433;0.004065880551934242;0.700772225856781
1434;0.004028050694614649;0.6891891956329346
1435;0.004078051075339317;0.7162162065505981
1436;0.004051086492836475;0.7142857313156128
1437;0.004045599605888128;0.7181467413902283
1438;0.004054361488670111;0.6949806809425354
1439;0.004017374943941832;0.6969112157821655
1440;0.004028903320431709;0.6988416910171509
1441;0.00408994359895587;0.6891891956329346
1442;0.0040522292256355286;0.7104247212409973
1443;0.004092052113264799;0.7027027010917664
1444;0.004035949241369963;0.7084941864013672
1445;0.004055646248161793;0.6988416910171509
1446;0.004053920973092318;0.6911196708679199
1447;0.0040794117376208305;0.7027027010917664
1448;0.0040211984887719154;0.7027027010917664
1449;0.004042254760861397;0.6988416910171509
1450;0.004008593503385782;0.6911196708679199
1451;0.004053443670272827;0.7084941864013672
1452;0.003997992258518934;0.7046331763267517
1453;0.004029127303510904;0.7027027010917664
1454;0.004008481279015541;0.7027027010917664
1455;0.004073368385434151;0.7027027010917664
1456;0.004000237211585045;0.7084941864013672
1457;0.003988067153841257;0.7046331763267517
1458;0.00404843594878912;0.7181467413902283
1459;0.004008641000837088;0.6911196708679199
1460;0.004016988445073366;0.6949806809425354
1461;0.0040536243468523026;0.7065637111663818
1462;0.003999031614512205;0.7046331763267517
1463;0.004013226833194494;0.69305020570755
1464;0.004029185976833105;0.6988416910171509
1465;0.0040034581907093525;0.7065637111663818
1466;0.004077606834471226;0.7239382266998291
1467;0.003985648043453693;0.6969112157821655
1468;0.004019246436655521;0.7200772166252136
1469;0.004058558493852615;0.6988416910171509
1470;0.004027560353279114;0.6988416910171509
1471;0.004019902087748051;0.7123551964759827
1472;0.004012474790215492;0.700772225856781
1473;0.003981319256126881;0.6969112157821655
1474;0.004004239570349455;0.6698841452598572
1475;0.004007076844573021;0.7084941864013672
1476;0.003999730572104454;0.7239382266998291
1477;0.003968353848904371;0.7142857313156128
1478;0.004039432387799025;0.69305020570755
1479;0.003961506299674511;0.7239382266998291
1480;0.0039656199514865875;0.6853281855583191
1481;0.003966683987528086;0.7123551964759827
1482;0.003963293507695198;0.7104247212409973
1483;0.003970320336520672;0.7084941864013672
1484;0.003948623780161142;0.7142857313156128
1485;0.004017165396362543;0.700772225856781
1486;0.0040066856890916824;0.7162162065505981
1487;0.003959266934543848;0.7142857313156128
1488;0.00395282544195652;0.7104247212409973
1489;0.003931275103241205;0.7258687019348145
1490;0.003962748218327761;0.7123551964759827
1491;0.003929492551833391;0.7181467413902283
1492;0.003951741848140955;0.6988416910171509
1493;0.003972222097218037;0.7046331763267517
1494;0.0039694844745099545;0.6891891956329346
1495;0.0039664325304329395;0.6969112157821655
1496;0.0039899046532809734;0.700772225856781
1497;0.003950189799070358;0.7084941864013672
1498;0.004056223668158054;0.6891891956329346
1499;0.004197469912469387;0.6718146800994873
