iteration;loss;accuracy
0;0.09567900002002716;0.32258063554763794
1;0.08406952768564224;0.3870967626571655
2;0.07397424429655075;0.4838709533214569
3;0.06509554386138916;0.5483871102333069
4;0.06809907406568527;0.35483869910240173
5;0.0711049884557724;0.29032257199287415
6;0.06546519696712494;0.5483871102333069
7;0.0659525915980339;0.29032257199287415
8;0.06407685577869415;0.4193548262119293
9;0.06242439150810242;0.35483869910240173
10;0.06338001042604446;0.3870967626571655
11;0.06439676880836487;0.35483869910240173
12;0.06465039402246475;0.32258063554763794
13;0.061602406203746796;0.4516128897666931
14;0.062351856380701065;0.3870967626571655
15;0.06171909347176552;0.5806451439857483
16;0.061057090759277344;0.5161290168762207
17;0.060128506273031235;0.4516128897666931
18;0.06236277148127556;0.32258063554763794
19;0.05896354839205742;0.4838709533214569
20;0.05771568790078163;0.6451612710952759
21;0.05637584999203682;0.5483871102333069
22;0.05354583263397217;0.6451612710952759
23;0.05353884771466255;0.7096773982048035
24;0.054844263941049576;0.6774193644523621
25;0.051973339170217514;0.6451612710952759
26;0.049765657633543015;0.7096773982048035
27;0.049067799001932144;0.6451612710952759
28;0.04511049762368202;0.7096773982048035
29;0.04307853803038597;0.6451612710952759
30;0.040531255304813385;0.774193525314331
31;0.03877268359065056;0.8064516186714172
32;0.04004155099391937;0.7096773982048035
33;0.036812443286180496;0.8064516186714172
34;0.035214412957429886;0.8387096524238586
35;0.03665853291749954;0.9032257795333862
36;0.033752311021089554;0.8387096524238586
37;0.03516802936792374;0.8387096524238586
38;0.032235633581876755;0.8709677457809448
39;0.03254852816462517;0.8709677457809448
40;0.03244350105524063;0.9032257795333862
41;0.029021041467785835;0.8709677457809448
42;0.031015446409583092;0.8709677457809448
43;0.027151022106409073;0.9032257795333862
44;0.02642509527504444;0.9032257795333862
45;0.023398064076900482;0.9032257795333862
46;0.021788863465189934;0.9354838728904724
47;0.022583311423659325;0.9354838728904724
48;0.020050808787345886;0.9677419066429138
49;0.018468037247657776;1.0
50;0.01563391275703907;1.0
51;0.014934561215341091;1.0
52;0.014892274513840675;1.0
53;0.014022979885339737;1.0
54;0.01417827233672142;1.0
55;0.013366719707846642;1.0
56;0.012287165969610214;1.0
57;0.012719723396003246;1.0
58;0.011333877220749855;1.0
59;0.015303291380405426;1.0
60;0.012324180454015732;1.0
61;0.014180107042193413;1.0
62;0.010892496444284916;1.0
63;0.010606162250041962;1.0
64;0.013565758243203163;1.0
65;0.009388494305312634;1.0
66;0.010084721259772778;1.0
67;0.010021110996603966;1.0
68;0.011431626975536346;1.0
69;0.011667560786008835;1.0
70;0.009108955040574074;1.0
71;0.011002213694155216;1.0
72;0.009730910882353783;1.0
73;0.008209911175072193;1.0
74;0.010486249811947346;1.0
75;0.009165597148239613;1.0
76;0.008090335875749588;1.0
77;0.007876155897974968;1.0
78;0.009191736578941345;1.0
79;0.009025344625115395;1.0
80;0.008115895092487335;1.0
81;0.007820554077625275;1.0
82;0.008306062780320644;1.0
83;0.00754523416981101;1.0
84;0.007949462160468102;1.0
85;0.007343748118728399;1.0
86;0.007299012504518032;1.0
87;0.006740340031683445;1.0
88;0.006750169210135937;1.0
89;0.007619308773428202;1.0
90;0.006360155530273914;1.0
91;0.006724473088979721;1.0
92;0.005915921181440353;1.0
93;0.00780580984428525;1.0
94;0.005535997916013002;1.0
95;0.005742353852838278;1.0
96;0.006325537338852882;1.0
97;0.005473085213452578;1.0
98;0.004963809624314308;1.0
99;0.0056847454980015755;1.0
100;0.0058497898280620575;1.0
101;0.006882278248667717;1.0
102;0.00513002322986722;1.0
103;0.00497124157845974;1.0
104;0.006148156709969044;1.0
105;0.0051558781415224075;1.0
106;0.005102892406284809;1.0
107;0.004625928122550249;1.0
108;0.0057377503253519535;1.0
109;0.004823099356144667;1.0
110;0.004326328169554472;1.0
111;0.004608983173966408;1.0
112;0.004690788220614195;1.0
113;0.004599257837980986;1.0
114;0.0037159803323447704;1.0
115;0.004247946664690971;1.0
116;0.004419094882905483;1.0
117;0.003834405215457082;1.0
118;0.0036827116273343563;1.0
119;0.004203789867460728;1.0
120;0.003906052792444825;1.0
121;0.0035014597233384848;1.0
122;0.003904948476701975;1.0
123;0.0037890824023634195;1.0
124;0.0026587501633912325;1.0
125;0.004145246930420399;1.0
126;0.003605618141591549;1.0
127;0.003246012842282653;1.0
128;0.0039027261082082987;1.0
129;0.003019606228917837;1.0
130;0.0035867250990122557;1.0
131;0.0032215395476669073;1.0
132;0.00316397612914443;1.0
133;0.0032289745286107063;1.0
134;0.0031399978324770927;1.0
135;0.004490463063120842;1.0
136;0.0037472588010132313;1.0
137;0.0032992386259138584;1.0
138;0.0030895823147147894;1.0
139;0.003351446706801653;1.0
140;0.0034578631166368723;1.0
141;0.003318536328151822;1.0
142;0.0021023645531386137;1.0
143;0.0026005676481872797;1.0
144;0.0028410714585334063;1.0
145;0.0027831203769892454;1.0
146;0.002848417731001973;1.0
147;0.0030089481733739376;1.0
148;0.0033196061849594116;1.0
149;0.003931011073291302;1.0
150;0.003666289383545518;1.0
151;0.00253488146699965;1.0
152;0.0034562500659376383;1.0
153;0.003068654565140605;1.0
154;0.0031046359799802303;1.0
155;0.0029269668739289045;1.0
156;0.004102532286196947;1.0
157;0.0024339009542018175;1.0
158;0.0026292516849935055;1.0
159;0.002547034528106451;1.0
160;0.0023974538780748844;1.0
161;0.0017789616249501705;1.0
162;0.002355509204789996;1.0
163;0.002865743124857545;1.0
164;0.001834985800087452;1.0
165;0.0025572918821126223;1.0
166;0.002244270872324705;1.0
167;0.0021989461965858936;1.0
168;0.002019142499193549;1.0
169;0.0022340889554470778;1.0
170;0.0026633560191839933;1.0
171;0.002103616250678897;1.0
172;0.002661466831341386;1.0
173;0.0022558108903467655;1.0
174;0.0024956006091088057;1.0
175;0.0020491555333137512;1.0
176;0.0023492237087339163;1.0
177;0.002761480398476124;1.0
178;0.002728401217609644;1.0
179;0.0026721626054495573;1.0
180;0.0018021769355982542;1.0
181;0.0023069640155881643;1.0
182;0.0021721781231462955;1.0
183;0.0017895980272442102;1.0
184;0.0021200033370405436;1.0
185;0.0018446305766701698;1.0
186;0.0026017045602202415;1.0
187;0.0021833577193319798;1.0
188;0.0028766326140612364;1.0
189;0.002229738747701049;1.0
190;0.002182142110541463;1.0
191;0.0023543918505311012;1.0
192;0.0021907540503889322;1.0
193;0.0035820340272039175;1.0
194;0.0022910968400537968;1.0
195;0.0024118435103446245;1.0
196;0.0031942182686179876;1.0
197;0.0022346742916852236;1.0
198;0.0021763017866760492;1.0
199;0.0027772686444222927;1.0
200;0.0028203013353049755;1.0
201;0.002137375995516777;1.0
202;0.0021843293216079473;1.0
203;0.00294458563439548;1.0
204;0.002207743702456355;1.0
205;0.001655785134062171;1.0
206;0.0020312482956796885;1.0
207;0.0020414807368069887;1.0
208;0.0028509937692433596;1.0
209;0.0016214554198086262;1.0
210;0.00190692616160959;1.0
211;0.002136744325980544;1.0
212;0.002322084503248334;1.0
213;0.002423633821308613;1.0
214;0.0021818659733980894;1.0
215;0.0022013417910784483;1.0
216;0.0019290115451440215;1.0
217;0.0018466954352334142;1.0
218;0.0022007660008966923;1.0
219;0.002215005224570632;1.0
220;0.0018030659994110465;1.0
221;0.0022257885430008173;1.0
222;0.0018445283640176058;1.0
223;0.0021001251880079508;1.0
224;0.0020591672509908676;1.0
225;0.002067746827378869;1.0
226;0.0016812417889013886;1.0
227;0.0019774124957621098;1.0
228;0.001970703713595867;1.0
229;0.0021192962303757668;1.0
230;0.0013246028684079647;1.0
231;0.0017996905371546745;1.0
232;0.0015700134681537747;1.0
233;0.0016069719567894936;1.0
234;0.001866452395915985;1.0
235;0.0018612539861351252;1.0
236;0.0015981688629835844;1.0
237;0.0017434287583455443;1.0
238;0.001481174724176526;1.0
239;0.001731928437948227;1.0
240;0.0016592987813055515;1.0
241;0.0017253790283575654;1.0
242;0.0017684351187199354;1.0
243;0.001326700788922608;1.0
244;0.0016717449761927128;1.0
245;0.0016488429391756654;1.0
246;0.002029978670179844;1.0
247;0.0015637188917025924;1.0
248;0.002148823346942663;1.0
249;0.0019522823859006166;1.0
250;0.0016345343319699168;1.0
251;0.0014849597355350852;1.0
252;0.0016376851126551628;1.0
253;0.0012928304495289922;1.0
254;0.0014953656354919076;1.0
255;0.0012010622303932905;1.0
256;0.0019167910795658827;1.0
257;0.0017354429000988603;1.0
258;0.0012857080437242985;1.0
259;0.0014320056652650237;1.0
260;0.001370724756270647;1.0
261;0.0018529106164351106;1.0
262;0.0017776794265955687;1.0
263;0.001265144906938076;1.0
264;0.0011583509622141719;1.0
265;0.00172038609161973;1.0
266;0.002204425632953644;1.0
267;0.0013539317296817899;1.0
268;0.0010284720920026302;1.0
269;0.0014704099157825112;1.0
270;0.0016824784688651562;1.0
271;0.0016104584792628884;1.0
272;0.001033282489515841;1.0
273;0.0013139029033482075;1.0
274;0.0012815388618037105;1.0
275;0.0013518142513930798;1.0
276;0.0013714405940845609;1.0
277;0.0014485321007668972;1.0
278;0.001408267766237259;1.0
279;0.0014679973246529698;1.0
280;0.0016096660401672125;1.0
281;0.0012044570175930858;1.0
282;0.0014691833639517426;1.0
283;0.0014262610347941518;1.0
284;0.0018539270386099815;1.0
285;0.0014609768986701965;1.0
286;0.0012501752935349941;1.0
287;0.0015934677794575691;1.0
288;0.0017214809777215123;1.0
289;0.001813547220081091;1.0
290;0.0012702916283160448;1.0
291;0.0016408159863203764;1.0
292;0.001181654166430235;1.0
293;0.0012278369395062327;1.0
294;0.0015168898971751332;1.0
295;0.0014857943169772625;1.0
296;0.0013803860638290644;1.0
297;0.0013362594181671739;1.0
298;0.0011642659083008766;1.0
299;0.001755214179866016;1.0
300;0.0015201813075691462;1.0
301;0.0015771673060953617;1.0
302;0.0010287847835570574;1.0
303;0.0010428385576233268;1.0
304;0.0011330238776281476;1.0
305;0.0010145140113309026;1.0
306;0.001204299391247332;1.0
307;0.0013807393843308091;1.0
308;0.001711816294118762;1.0
309;0.0013412509579211473;1.0
310;0.0014655932318419218;1.0
311;0.001249958062544465;1.0
312;0.0016746856272220612;1.0
313;0.001180010731332004;1.0
314;0.001360538648441434;1.0
315;0.001391633995808661;1.0
316;0.0011085285805165768;1.0
317;0.001252720016054809;1.0
318;0.0012391000054776669;1.0
319;0.001539504388347268;1.0
320;0.0017859208164736629;1.0
321;0.0013797321589663625;1.0
322;0.0012190542183816433;1.0
323;0.0012991083785891533;1.0
324;0.0012160333571955562;1.0
325;0.001297674491070211;1.0
326;0.0013290670467540622;1.0
327;0.00150020990986377;1.0
328;0.0008071967167779803;1.0
329;0.0010172019246965647;1.0
330;0.001364983501844108;1.0
331;0.0011404529213905334;1.0
332;0.001072231330908835;1.0
333;0.0011975043453276157;1.0
334;0.0010294527746737003;1.0
335;0.0014029284939169884;1.0
336;0.000996007351204753;1.0
337;0.0016615762142464519;1.0
338;0.0009472204837948084;1.0
339;0.0012524526100605726;1.0
340;0.0016749585047364235;1.0
341;0.0013407914666458964;1.0
342;0.0008682560874149203;1.0
343;0.0014922554837539792;1.0
344;0.000984647311270237;1.0
345;0.0011511549819260836;1.0
346;0.0012246606638655066;1.0
347;0.00146034627687186;1.0
348;0.0012153384741395712;1.0
349;0.0009964116616174579;1.0
350;0.000961960875429213;1.0
351;0.001405063085258007;1.0
352;0.001159511972218752;1.0
353;0.0013957145856693387;1.0
354;0.0011729641119018197;1.0
355;0.001064517069607973;1.0
356;0.0014178907731547952;1.0
357;0.0013774360995739698;1.0
358;0.0012167089153081179;1.0
359;0.0017889137379825115;1.0
360;0.0010929158888757229;1.0
361;0.000968049862422049;1.0
362;0.000803222123067826;1.0
363;0.0008442757534794509;1.0
364;0.0009977794252336025;1.0
365;0.001306667341850698;1.0
366;0.0011679233284667134;1.0
367;0.0007310148794203997;1.0
368;0.0009211461874656379;1.0
369;0.0013837404549121857;1.0
370;0.0011573618976399302;1.0
371;0.0010526382829993963;1.0
372;0.001355789485387504;1.0
373;0.0013695190427824855;1.0
374;0.0009445050382055342;1.0
375;0.0011023052502423525;1.0
376;0.001087843906134367;1.0
377;0.001065623015165329;1.0
378;0.0006427171756513417;1.0
379;0.0009141000919044018;1.0
380;0.0013269929913803935;1.0
381;0.0013372590765357018;1.0
382;0.0009759681415744126;1.0
383;0.000768480240367353;1.0
384;0.0008618215215392411;1.0
385;0.0010558920912444592;1.0
386;0.0008716487209312618;1.0
387;0.0007603155099786818;1.0
388;0.0013193720951676369;1.0
389;0.001147811533883214;1.0
390;0.000881460087839514;1.0
391;0.001274312729947269;1.0
392;0.0008760190103203058;1.0
393;0.00091873126802966;1.0
394;0.0013164818519726396;1.0
395;0.0010616492945700884;1.0
396;0.0008459656964987516;1.0
397;0.0011585188331082463;1.0
398;0.0011281693587079644;1.0
399;0.0009429627098143101;1.0
400;0.0006268189754337072;1.0
401;0.0009742188267409801;1.0
402;0.000768615398555994;1.0
403;0.0009024182800203562;1.0
404;0.0007590387831442058;1.0
405;0.0011218733852729201;1.0
406;0.0010827502701431513;1.0
407;0.000902313448023051;1.0
408;0.0009168466203846037;1.0
409;0.0007342041353695095;1.0
410;0.0008724629878997803;1.0
411;0.0008256880100816488;1.0
412;0.0009656550246290863;1.0
413;0.0009238434722647071;1.0
414;0.0007622750126756728;1.0
415;0.0006807497702538967;1.0
416;0.0014145587338134646;1.0
417;0.0009889502543956041;1.0
418;0.0009099279996007681;1.0
419;0.0010550686856731772;1.0
420;0.0009400600101798773;1.0
421;0.0008763769874349236;1.0
422;0.0011034286580979824;1.0
423;0.0008713794522918761;1.0
424;0.0006733790505677462;1.0
425;0.001092763151973486;1.0
426;0.0013307178160175681;1.0
427;0.0011167885968461633;1.0
428;0.0008341090870089829;1.0
429;0.0009368056198582053;1.0
430;0.0008196580456569791;1.0
431;0.0009464874165132642;1.0
432;0.0010303021408617496;1.0
433;0.0011565283639356494;1.0
434;0.0014979923143982887;1.0
435;0.0010357586434111;1.0
436;0.0007921471260488033;1.0
437;0.0009610445122234523;1.0
438;0.0008339898777194321;1.0
439;0.0008730941917747259;1.0
440;0.0007034711306914687;1.0
441;0.0007428287644870579;1.0
442;0.0006923446198925376;1.0
443;0.0008903080015443265;1.0
444;0.0008211087551899254;1.0
445;0.0008194760885089636;1.0
446;0.000827327836304903;1.0
447;0.0009435258689336479;1.0
448;0.0008081610430963337;1.0
449;0.0008483665296807885;1.0
450;0.0009556508739478886;1.0
451;0.0009012909722514451;1.0
452;0.0008774251327849925;1.0
453;0.0008935699006542563;1.0
454;0.001267262501642108;1.0
455;0.0007705140742473304;1.0
456;0.0008539422415196896;1.0
457;0.0006155612063594162;1.0
458;0.0012782554840669036;1.0
459;0.0010083704255521297;1.0
460;0.0007523311651311815;1.0
461;0.0009996338048949838;1.0
462;0.0009875793475657701;1.0
463;0.0007788143120706081;1.0
464;0.0008255080319941044;1.0
465;0.0007694305968470871;1.0
466;0.0007384951459243894;1.0
467;0.0009175369050353765;1.0
468;0.0006231311708688736;1.0
469;0.0009998541790992022;1.0
470;0.0009386956808157265;1.0
471;0.0010503875091671944;1.0
472;0.0007154996856115758;1.0
473;0.0011703966883942485;1.0
474;0.0006115871947258711;1.0
475;0.0009937465656548738;1.0
476;0.0006050053634680808;1.0
477;0.0007226273883134127;1.0
478;0.0009938101284205914;1.0
479;0.0009139201720245183;1.0
480;0.0008669259259477258;1.0
481;0.0006999439210630953;1.0
482;0.0009054036345332861;1.0
483;0.0008815256296657026;1.0
484;0.0007011606357991695;1.0
485;0.000536637264303863;1.0
486;0.0010612420737743378;1.0
487;0.000899792998097837;1.0
488;0.0005780891515314579;1.0
489;0.0010069898562505841;1.0
490;0.0007552337483502924;1.0
491;0.000998825766146183;1.0
492;0.0008222353644669056;1.0
493;0.0007156485226005316;1.0
494;0.0006318606319837272;1.0
495;0.0005070366314612329;1.0
496;0.0005315670859999955;1.0
497;0.000730480533093214;1.0
498;0.0007501400541514158;1.0
499;0.0006952019175514579;1.0
500;0.0008278433815576136;1.0
501;0.0006741200922988355;1.0
502;0.0006719687371514738;1.0
503;0.0007842351333238184;1.0
504;0.000849189527798444;1.0
505;0.0006239295471459627;1.0
506;0.0007092820596881211;1.0
507;0.0006791881751269102;1.0
508;0.0010123946703970432;1.0
509;0.0007729113567620516;1.0
510;0.0008060030522756279;1.0
511;0.0009145883377641439;1.0
512;0.0008919371175579727;1.0
513;0.0007806535577401519;1.0
514;0.0007983879186213017;1.0
515;0.0005691968835890293;1.0
516;0.0008502434939146042;1.0
517;0.0008404970285482705;1.0
518;0.0008730748086236417;1.0
519;0.0007149148732423782;1.0
520;0.000508500321302563;1.0
521;0.0006291361059993505;1.0
522;0.0009969176026061177;1.0
523;0.0006658982019871473;1.0
524;0.0007500034407712519;1.0
525;0.0006998269818723202;1.0
526;0.0005936810048297048;1.0
527;0.0009029454085975885;1.0
528;0.0007140703382901847;1.0
529;0.0005396375781856477;1.0
530;0.0007212508353404701;1.0
531;0.0006358003010973334;1.0
532;0.0008331662393175066;1.0
533;0.0008360652136616409;1.0
534;0.0007095712935552001;1.0
535;0.0005517551908269525;1.0
536;0.0006012307130731642;1.0
537;0.000794652325566858;1.0
538;0.0006640657666139305;1.0
539;0.0007199599058367312;1.0
540;0.000562043278478086;1.0
541;0.0006489278166554868;1.0
542;0.0007754579419270158;1.0
543;0.0006689163274131715;1.0
544;0.0005811806186102331;1.0
545;0.0004810316604562104;1.0
546;0.000529227836523205;1.0
547;0.0005222858744673431;1.0
548;0.0006078756414353848;1.0
549;0.0007230131886899471;1.0
550;0.0004516057961154729;1.0
551;0.0006546091753989458;1.0
552;0.0005389458383433521;1.0
553;0.0006244402611628175;1.0
554;0.0006983113125897944;1.0
555;0.0008854874176904559;1.0
556;0.0004746148770209402;1.0
557;0.0005089060286991298;1.0
558;0.000575815502088517;1.0
559;0.0006393763469532132;1.0
560;0.0005395385669544339;1.0
561;0.0006274206680245697;1.0
562;0.0007729858625680208;1.0
563;0.0006342954002320766;1.0
564;0.0006174836889840662;1.0
565;0.0005271703121252358;1.0
566;0.0005237466539256275;1.0
567;0.0006689613801427186;1.0
568;0.0005658831214532256;1.0
569;0.0005932568456046283;1.0
570;0.0006337843951769173;1.0
571;0.0005305217346176505;1.0
572;0.0006407459732145071;1.0
573;0.0005868285079486668;1.0
574;0.0007502216030843556;1.0
575;0.0005498550599440932;1.0
576;0.0006394521333277225;1.0
577;0.000540020817425102;1.0
578;0.0006858528358861804;1.0
579;0.0008745857048779726;1.0
580;0.00044888374395668507;1.0
581;0.0004222274583298713;1.0
582;0.0006075047422200441;1.0
583;0.0004978666547685862;1.0
584;0.0005924466531723738;1.0
585;0.0006108413799665868;1.0
586;0.0005917213275097311;1.0
587;0.00041018001502379775;1.0
588;0.0006990641122683883;1.0
589;0.0004930759314447641;1.0
590;0.0005937480018474162;1.0
591;0.0006281592068262398;1.0
592;0.0005667669465765357;1.0
593;0.0004823111812584102;1.0
594;0.0005570852663367987;1.0
595;0.0005173951503820717;1.0
596;0.0004959474899806082;1.0
597;0.0006778723909519613;1.0
598;0.0005362490192055702;1.0
599;0.0005932528292760253;1.0
600;0.0006312501500360668;1.0
601;0.0005901919212192297;1.0
602;0.000639505626168102;1.0
603;0.0005822324892506003;1.0
604;0.0005321798380464315;1.0
605;0.0005278331227600574;1.0
606;0.000672826892696321;1.0
607;0.0005906865117140114;1.0
608;0.0006114722928032279;1.0
609;0.00043897918658331037;1.0
610;0.0005346607649698853;1.0
611;0.0004545601550489664;1.0
612;0.0004927308764308691;1.0
613;0.0004027664544992149;1.0
614;0.0005268714739941061;1.0
615;0.0005046905716881156;1.0
616;0.0006347349262796342;1.0
617;0.000472494401037693;1.0
618;0.000618761929217726;1.0
619;0.0004942493396811187;1.0
620;0.00046509626554325223;1.0
621;0.0005370743456296623;1.0
622;0.0005110296769998968;1.0
623;0.0006656098994426429;1.0
624;0.0005592135712504387;1.0
625;0.0005714354920201004;1.0
626;0.0004378527810331434;1.0
627;0.0004977171774953604;1.0
628;0.0005541231366805732;1.0
629;0.0005923109129071236;1.0
630;0.0006731541943736374;1.0
631;0.0006634457386098802;1.0
632;0.0005445973947644234;1.0
633;0.0005613589310087264;1.0
634;0.0005552339134737849;1.0
635;0.0005106435855850577;1.0
636;0.0007014512084424496;1.0
637;0.0005648351507261395;1.0
638;0.0005366551922634244;1.0
639;0.00039193109842017293;1.0
640;0.00043866282794624567;1.0
641;0.0007341065793298185;1.0
642;0.00048169904039241374;1.0
643;0.00036883619031868875;1.0
644;0.00036493033985607326;1.0
645;0.0006770006730221212;1.0
646;0.0006611342541873455;1.0
647;0.00042184916674159467;1.0
648;0.0005643097101710737;1.0
649;0.0004405733197927475;1.0
650;0.0004973909817636013;1.0
651;0.0005787071422673762;1.0
652;0.0005892158951610327;1.0
653;0.0004632087075151503;1.0
654;0.0005069716135039926;1.0
655;0.0005385829717852175;1.0
656;0.0004442518693394959;1.0
657;0.00041343821794725955;1.0
658;0.0006385078886523843;1.0
659;0.0005456564831547439;1.0
660;0.0005957309622317553;1.0
661;0.0004102757666260004;1.0
662;0.0005862755933776498;1.0
663;0.00044277936103753746;1.0
664;0.0004947444540448487;1.0
665;0.00044346682261675596;1.0
666;0.0004177665105089545;1.0
667;0.0005124658928252757;1.0
668;0.0005381284863688052;1.0
669;0.0006333762430585921;1.0
670;0.0005538350669667125;1.0
671;0.0004092794260941446;1.0
672;0.0004461296775843948;1.0
673;0.0004830007965210825;1.0
674;0.0005046296282671392;1.0
675;0.0003687714342959225;1.0
676;0.0006484865443781018;1.0
677;0.000598176964558661;1.0
678;0.0004022379871457815;1.0
679;0.00036416362854652107;1.0
680;0.00039902274147607386;1.0
681;0.000378656288376078;1.0
682;0.0006511355168186128;1.0
683;0.000430732179665938;1.0
684;0.0005296761519275606;1.0
685;0.0006624204106628895;1.0
686;0.00040029146475717425;1.0
687;0.0004798169538844377;1.0
688;0.00038239496643655;1.0
689;0.0005506431916728616;1.0
690;0.000544366892427206;1.0
691;0.0006221219664439559;1.0
692;0.0004883274668827653;1.0
693;0.0005623996839858592;1.0
694;0.0005960704875178635;1.0
695;0.00042015212238766253;1.0
696;0.000520779867656529;1.0
697;0.00043998993351124227;1.0
698;0.0009355556103400886;1.0
699;0.00045935000525787473;1.0
700;0.000691726803779602;1.0
701;0.00030161088216118515;1.0
702;0.0006346006412059069;1.0
703;0.0005478098173625767;1.0
704;0.000632751383818686;1.0
705;0.0006061336025595665;1.0
706;0.0004547767748590559;1.0
707;0.0005726111703552306;1.0
708;0.0005311311688274145;1.0
709;0.00048227549996227026;1.0
710;0.0004846385563723743;1.0
711;0.00045955690438859165;1.0
712;0.00035292201209813356;1.0
713;0.00038715620758011937;1.0
714;0.0003703265974763781;1.0
715;0.0005105544114485383;1.0
716;0.0004027120885439217;1.0
717;0.00029957396327517927;1.0
718;0.00041747369687072933;1.0
719;0.00034121028147637844;1.0
720;0.000438764865975827;1.0
721;0.0005489616305567324;1.0
722;0.00029807997634634376;1.0
723;0.00035551685141399503;1.0
724;0.0005989664932712913;1.0
725;0.00029951584292575717;1.0
726;0.00043344710138626397;1.0
727;0.00041726240306161344;1.0
728;0.0004580436507239938;1.0
729;0.0004845076473429799;1.0
730;0.0005804274696856737;1.0
731;0.00032799888867884874;1.0
732;0.0005010352469980717;1.0
733;0.000539399974513799;1.0
734;0.0004777800349984318;1.0
735;0.00041592682828195393;1.0
736;0.0004279950517229736;1.0
737;0.0003949026286136359;1.0
738;0.0004913545562885702;1.0
739;0.0003662044182419777;1.0
740;0.0005309210391715169;1.0
741;0.000289623043499887;1.0
742;0.0004330648807808757;1.0
743;0.00037495928700082004;1.0
744;0.00034402505843900144;1.0
745;0.0002917491947300732;1.0
746;0.0003792506468016654;1.0
747;0.000513920676894486;1.0
748;0.000394910981412977;1.0
749;0.00039369723526760936;1.0
750;0.0002971504582092166;1.0
751;0.0003710307937581092;1.0
752;0.00035393101279623806;1.0
753;0.00031211611349135637;1.0
754;0.00038865895476192236;1.0
755;0.0004315653059165925;1.0
756;0.0003404940362088382;1.0
757;0.00021424522856250405;1.0
758;0.00047286562039516866;1.0
759;0.00037226680433377624;1.0
760;0.00035830456181429327;1.0
761;0.00033358842483721673;1.0
762;0.0003031501255463809;1.0
763;0.0004326410125941038;1.0
764;0.00044569370220415294;1.0
765;0.00045043881982564926;1.0
766;0.0004403420025482774;1.0
767;0.0004493674205150455;1.0
768;0.0003791923518292606;1.0
769;0.000461308634839952;1.0
770;0.00037772837094962597;1.0
771;0.0003890142252203077;1.0
772;0.00047632172936573625;1.0
773;0.00039294097223319113;1.0
774;0.00028826211928389966;1.0
775;0.00037869278457947075;1.0
776;0.00030803019762970507;1.0
777;0.0003203376254532486;1.0
778;0.00027360397507436574;1.0
779;0.00035790924448519945;1.0
780;0.000320267747156322;1.0
781;0.0003135374572593719;1.0
782;0.00031981465872377157;1.0
783;0.0003338783571962267;1.0
784;0.0004366014036349952;1.0
785;0.0002932948700617999;1.0
786;0.00027301631052978337;1.0
787;0.00032324090716429055;1.0
788;0.00034304099972359836;1.0
789;0.0004488375270739198;1.0
790;0.000365979882190004;1.0
791;0.000351287133526057;1.0
792;0.000259275984717533;1.0
793;0.00038531713653355837;1.0
794;0.0003330452018417418;1.0
795;0.0003358644316904247;1.0
796;0.0003229884896427393;1.0
797;0.0003129712422378361;1.0
798;0.0004737249400932342;1.0
799;0.0003483541077002883;1.0
800;0.0003054200788028538;1.0
801;0.00029708765214309096;1.0
802;0.0003575191367417574;1.0
803;0.0002745355013757944;1.0
804;0.00045019426033832133;1.0
805;0.00031024691998027265;1.0
806;0.00046760612167418003;1.0
807;0.0002852154430001974;1.0
808;0.00043163204099982977;1.0
809;0.0003909062361344695;1.0
810;0.0004260866262484342;1.0
811;0.0003254992770962417;1.0
812;0.0003278920485172421;1.0
813;0.00018724906840361655;1.0
814;0.0002410264714853838;1.0
815;0.0002754929300863296;1.0
816;0.0003320400428492576;1.0
817;0.00036988090141676366;1.0
818;0.0003699833760038018;1.0
819;0.0004038314800709486;1.0
820;0.0003983710194006562;1.0
821;0.0003060398157685995;1.0
822;0.00036025329609401524;1.0
823;0.00021873349032830447;1.0
824;0.0003688350261654705;1.0
825;0.0003101552720181644;1.0
826;0.00022689567413181067;1.0
827;0.0003468146314844489;1.0
828;0.00025060397456400096;1.0
829;0.000310346222249791;1.0
830;0.00033697494654916227;1.0
831;0.0003123003989458084;1.0
832;0.0003449051873758435;1.0
833;0.0003634667082224041;1.0
834;0.00030158893787302077;1.0
835;0.0002773991145659238;1.0
836;0.000363139872206375;1.0
837;0.00032185076270252466;1.0
838;0.0002991924120578915;1.0
839;0.0004122226673644036;1.0
840;0.0002811715239658952;1.0
841;0.00037144351517781615;1.0
842;0.00024582838523201644;1.0
843;0.0003276005736552179;1.0
844;0.0003797885146923363;1.0
845;0.0003605712263379246;1.0
846;0.00031215453054755926;1.0
847;0.0003782524145208299;1.0
848;0.00027755810879170895;1.0
849;0.0003257184580434114;1.0
850;0.00042225385550409555;1.0
851;0.0002707667008507997;1.0
852;0.00023755591246299446;1.0
853;0.0002785139949992299;1.0
854;0.0003630892315413803;1.0
855;0.00018277426715940237;1.0
856;0.00027137657161802053;1.0
857;0.0002722436038311571;1.0
858;0.00040286604780703783;1.0
859;0.00035461102379485965;1.0
860;0.0002119328419212252;1.0
861;0.00026089142193086445;1.0
862;0.0002475347137078643;1.0
863;0.00025225584977306426;1.0
864;0.0002750878920778632;1.0
865;0.00028310660854913294;1.0
866;0.00021633942378684878;1.0
867;0.0003409801865927875;1.0
868;0.0002478766837157309;1.0
869;0.00029633750091306865;1.0
870;0.00028642898541875184;1.0
871;0.00027181184850633144;1.0
872;0.0002806389529723674;1.0
873;0.00034039665479213;1.0
874;0.00021944876061752439;1.0
875;0.00035335260326974094;1.0
876;0.00032734169508330524;1.0
877;0.00020362355280667543;1.0
878;0.00022945577802602202;1.0
879;0.0002441514516249299;1.0
880;0.00037548114778473973;1.0
881;0.00035722029861062765;1.0
882;0.00025047530652955174;1.0
883;0.00032639893470332026;1.0
884;0.0003117350861430168;1.0
885;0.000209969119168818;1.0
886;0.0003066618228331208;1.0
887;0.000390786852221936;1.0
888;0.00028815888799726963;1.0
889;0.0002658268786035478;1.0
890;0.0002974157687276602;1.0
891;0.00030854748911224306;1.0
892;0.0002336077013751492;1.0
893;0.00027581717586144805;1.0
894;0.0002715066366363317;1.0
895;0.00021434735390357673;1.0
896;0.00037027557846158743;1.0
897;0.00025331336655654013;1.0
898;0.0002998941345140338;1.0
899;0.0003577518800739199;1.0
900;0.000323652260703966;1.0
901;0.00026770945987664163;1.0
902;0.0002777505142148584;1.0
903;0.0002673826238606125;1.0
904;0.00031356318504549563;1.0
905;0.00023198348935693502;1.0
906;0.00026156476815231144;1.0
907;0.0003096967120654881;1.0
908;0.00028964297962374985;1.0
909;0.00022773529053665698;1.0
910;0.0002812650636769831;1.0
911;0.00025286641903221607;1.0
912;0.0002962620637845248;1.0
913;0.00031388222123496234;1.0
914;0.0002051609189948067;1.0
915;0.00025616970378905535;1.0
916;0.0002764524251688272;1.0
917;0.00024880465934984386;1.0
918;0.00023970215988811105;1.0
919;0.00018110148084815592;1.0
920;0.00027852875064127147;1.0
921;0.0003383386065252125;1.0
922;0.00032042720704339445;1.0
923;0.00024063567980192602;1.0
924;0.00024164924980141222;1.0
925;0.0003667694691102952;1.0
926;0.00022704382718075067;1.0
927;0.00022091978462412953;1.0
928;0.00024761370150372386;1.0
929;0.0003303945413790643;1.0
930;0.0002683659549802542;1.0
931;0.00022400195302907377;1.0
932;0.00028619420481845737;1.0
933;0.0002442212135065347;1.0
934;0.00025152540183626115;1.0
935;0.0003020551521331072;1.0
936;0.00023617873375769705;1.0
937;0.00022817362332716584;1.0
938;0.00023738514573778957;1.0
939;0.0002776407345663756;1.0
940;0.00030056628747843206;1.0
941;0.0002622906758915633;1.0
942;0.00024237515754066408;1.0
943;0.00031212755129672587;1.0
944;0.00024122071044985205;1.0
945;0.0003354947257321328;1.0
946;0.00032696270500309765;1.0
947;0.0002956545213237405;1.0
948;0.0002769425918813795;1.0
949;0.00031779808341525495;1.0
950;0.00022065211669541895;1.0
951;0.00020792419672943652;1.0
952;0.00022702032583765686;1.0
953;0.00024491295334883034;1.0
954;0.00027403386775404215;1.0
955;0.0002721229684539139;1.0
956;0.00036365800769999623;1.0
957;0.00022874372371006757;1.0
958;0.00024613772984594107;1.0
959;0.00028914574068039656;1.0
960;0.00022599312069360167;1.0
961;0.00034368480555713177;1.0
962;0.000244922935962677;1.0
963;0.00022541671933140606;1.0
964;0.00030167849035933614;1.0
965;0.00020659109577536583;1.0
966;0.00023126258747652173;1.0
967;0.00026443172828294337;1.0
968;0.0002427152794552967;1.0
969;0.0002180077281082049;1.0
970;0.0002777142508421093;1.0
971;0.00034683060948736966;1.0
972;0.0002374932519160211;1.0
973;0.0003325345751363784;1.0
974;0.00030750149744562805;1.0
975;0.00033626880031079054;1.0
976;0.0002454435743857175;1.0
977;0.00024652990396134555;1.0
978;0.0002812245802488178;1.0
979;0.00024990696692839265;1.0
980;0.00021434263908304274;1.0
981;0.0001867686223704368;1.0
982;0.0002072244678856805;1.0
983;0.00025630564778111875;1.0
984;0.00020663702161982656;1.0
985;0.00022520165657624602;1.0
986;0.000254010665230453;1.0
987;0.0002985214814543724;1.0
988;0.00017718522576615214;1.0
989;0.00018351592007093132;1.0
990;0.00022287227329798043;1.0
991;0.0003101640322711319;1.0
992;0.00023732095723971725;1.0
993;0.00020948074234183878;1.0
994;0.00021850662596989423;1.0
995;0.00017862820823211223;1.0
996;0.0003305717546027154;1.0
997;0.00022105321113485843;1.0
998;0.00023871540906839073;1.0
999;0.00030768278520554304;1.0
1000;0.00026525615248829126;1.0
1001;0.00021833748905919492;1.0
1002;0.00020844688697252423;1.0
1003;0.00020064479031134397;1.0
1004;0.00022387296485248953;1.0
1005;0.0002921600535046309;1.0
1006;0.0002487037272658199;1.0
1007;0.0001979828957701102;1.0
1008;0.00018246695981360972;1.0
1009;0.0002513923682272434;1.0
1010;0.00018159380124416202;1.0
1011;0.0002168663195334375;1.0
1012;0.00021039486455265433;1.0
1013;0.0002310176205355674;1.0
1014;0.00025649211602285504;1.0
1015;0.00026019001961685717;1.0
1016;0.00020553338981699198;1.0
1017;0.000267856870777905;1.0
1018;0.00015304909902624786;1.0
1019;0.0002748044498730451;1.0
1020;0.00020972255151718855;1.0
1021;0.00019646201690193266;1.0
1022;0.0002465030993334949;1.0
1023;0.0003252580645494163;1.0
1024;0.00019179652736056596;1.0
1025;0.00026928994338959455;1.0
1026;0.00033780609373934567;1.0
1027;0.00025737599935382605;1.0
1028;0.00027629322721622884;1.0
1029;0.00020847105770371854;1.0
1030;0.00023771164705976844;1.0
1031;0.0002733892179094255;1.0
1032;0.00026967452140524983;1.0
1033;0.00022533700393978506;1.0
1034;0.00034764985321089625;1.0
1035;0.0001987499708775431;1.0
1036;0.0003445713664405048;1.0
1037;0.00018833103240467608;1.0
1038;0.0002657153527252376;1.0
1039;0.0002150919463019818;1.0
1040;0.0002907330053858459;1.0
1041;0.00022410257952287793;1.0
1042;0.0002678196760825813;1.0
1043;0.0002308822440681979;1.0
1044;0.00016186288848984987;1.0
1045;0.00023504052660427988;1.0
1046;0.0001751371892169118;1.0
1047;0.0002042858541244641;1.0
1048;0.0002668938541319221;1.0
1049;0.00016867349040694535;1.0
1050;0.0002382096863584593;1.0
1051;0.0002008999144891277;1.0
1052;0.00018983987683895975;1.0
1053;0.00018057441047858447;1.0
1054;0.00016151860472746193;1.0
1055;0.00019581969536375254;1.0
1056;0.00015038932906463742;1.0
1057;0.00013521018263418227;1.0
1058;0.00019324604363646358;1.0
1059;0.0001969021395780146;1.0
1060;0.00022041478950995952;1.0
1061;0.00019724572484847158;1.0
1062;0.00016995731857605278;1.0
1063;0.00013158834190107882;1.0
1064;0.0002570209326222539;1.0
1065;0.00021630007540807128;1.0
1066;0.00019682037236634642;1.0
1067;0.00023244063777383417;1.0
1068;0.00019594818877521902;1.0
1069;0.00025556638138368726;1.0
1070;0.0002850419550668448;1.0
1071;0.00020687520736828446;1.0
1072;0.0001955450134119019;1.0
1073;0.0002001987159019336;1.0
1074;0.00016498153854627162;1.0
1075;0.00023274934210348874;1.0
1076;0.0001418970205122605;1.0
1077;0.00020977584063075483;1.0
1078;0.0002870856842491776;1.0
1079;0.00021983464830555022;1.0
1080;0.00019545189570635557;1.0
1081;0.00014173467934597284;1.0
1082;0.00016198292723856866;1.0
1083;0.00019302083819638938;1.0
1084;0.00020011425658594817;1.0
1085;0.00017426488921046257;1.0
1086;0.0001901215873658657;1.0
1087;0.0002749937120825052;1.0
1088;0.00020378449698910117;1.0
1089;0.00020714671700261533;1.0
1090;0.00023324442736338824;1.0
1091;0.0001988961303140968;1.0
1092;0.00019823163165710866;1.0
1093;0.00017363984079565853;1.0
1094;0.00019203107513021678;1.0
1095;0.00016041871276684105;1.0
1096;0.00021916435798630118;1.0
1097;0.00017469401063863188;1.0
1098;0.00015718117356300354;1.0
1099;0.00016918651817832142;1.0
1100;0.00014232507965061814;1.0
1101;0.0001955874467967078;1.0
1102;0.00013523366942536086;1.0
1103;0.00018382664711680263;1.0
1104;0.00027430232148617506;1.0
1105;0.0001924968819366768;1.0
1106;0.00017287158698309213;1.0
1107;0.00014571024803444743;1.0
1108;0.00027637442690320313;1.0
1109;0.00021013867808505893;1.0
1110;0.00015507228090427816;1.0
1111;0.00015275593614205718;1.0
1112;0.0001361026952508837;1.0
1113;0.00020515818323474377;1.0
1114;0.00016579622752033174;1.0
1115;0.00017254419799428433;1.0
1116;0.0003152813878841698;1.0
1117;0.00021965814812574536;1.0
1118;0.00018706711125560105;1.0
1119;0.00018105369235854596;1.0
1120;0.00012532160326372832;1.0
1121;0.00016751214570831507;1.0
1122;0.00014747124805580825;1.0
1123;0.00018838746473193169;1.0
1124;0.00017265822680201381;1.0
1125;0.00021039157581981272;1.0
1126;0.00013749416393693537;1.0
1127;0.00018993971752934158;1.0
1128;0.00016969343414530158;1.0
1129;0.0002439032687107101;1.0
1130;0.0001751322124619037;1.0
1131;0.0001643417199375108;1.0
1132;0.00018291523156221956;1.0
1133;0.0002599164436105639;1.0
1134;0.00017349550034850836;1.0
1135;0.00021925062173977494;1.0
1136;0.00018340055248700082;1.0
1137;0.0001463187363697216;1.0
1138;0.00017104818834923208;1.0
1139;0.0002284514339407906;1.0
1140;0.00018007958715315908;1.0
1141;0.0001826053485274315;1.0
1142;0.00019997112394776195;1.0
1143;0.0002375610201852396;1.0
1144;0.00014619827561546117;1.0
1145;0.00019051101116929203;1.0
1146;0.0001690716453595087;1.0
1147;0.00017023929103743285;1.0
1148;0.0001733853860059753;1.0
1149;0.00018401937268208712;1.0
1150;0.00022601849923375994;1.0
1151;0.00017911090981215239;1.0
1152;0.00020392706210259348;1.0
1153;0.00013776173000223935;1.0
1154;0.00015195719606708735;1.0
1155;0.00022669981990475208;1.0
1156;0.0001755607663653791;1.0
1157;0.000158549242769368;1.0
1158;0.00013491841673385352;1.0
1159;0.00014607144112233073;1.0
1160;0.00016261349082924426;1.0
1161;0.00019543265807442367;1.0
1162;0.0002478497044648975;1.0
1163;0.00019016214355360717;1.0
1164;0.00017152188229374588;1.0
1165;0.0002155698894057423;1.0
1166;0.00021042596199549735;1.0
1167;0.00015057290147524327;1.0
1168;0.00016575439076405019;1.0
1169;0.00018961861496791244;1.0
1170;0.0001907551777549088;1.0
1171;0.00019172792963217944;1.0
1172;0.00017330549599137157;1.0
1173;0.00017527802265249193;1.0
1174;0.0001681460562394932;1.0
1175;0.00016876707377377898;1.0
1176;0.00021457657567225397;1.0
1177;0.00018815483781509101;1.0
1178;0.00017260295862797648;1.0
1179;0.0002107684122165665;1.0
1180;0.00015700444055255502;1.0
1181;0.0002452275075484067;1.0
1182;0.00013517632032744586;1.0
1183;0.00018284952966496348;1.0
1184;0.00019433443958405405;1.0
1185;0.00018373638158664107;1.0
1186;0.00017563701840117574;1.0
1187;0.00018888228805735707;1.0
1188;0.00020971171034034342;1.0
1189;0.00016312107618432492;1.0
1190;0.00017450971063226461;1.0
1191;0.00016857023001648486;1.0
1192;0.0001962291862582788;1.0
1193;0.00016883134958334267;1.0
1194;0.0002059088583337143;1.0
1195;0.00022439647000283003;1.0
1196;0.0002531623758841306;1.0
1197;0.00023629414499737322;1.0
1198;0.0001771504175849259;1.0
1199;0.00021954761177767068;1.0
1200;0.00025519757764413953;1.0
1201;0.0001591080945217982;1.0
1202;0.0001556804054416716;1.0
1203;0.00032498431392014027;1.0
1204;0.00025098957121372223;1.0
1205;0.00012403976870700717;1.0
1206;0.0003124899521935731;1.0
1207;0.00023286588839255273;1.0
1208;0.0002076541568385437;1.0
1209;0.00018685018585529178;1.0
1210;0.00016500215861015022;1.0
1211;0.00015587684174533933;1.0
1212;0.00016409125237260014;1.0
1213;0.00012324344424996525;1.0
1214;0.00016791565576568246;1.0
1215;0.00022036941663827747;1.0
1216;0.00013099517673254013;1.0
1217;0.00019041415362153202;1.0
1218;0.0002024841378442943;1.0
1219;0.00014963740250095725;1.0
1220;0.0001842179335653782;1.0
1221;0.0001573697227286175;1.0
1222;0.0002232218103017658;1.0
1223;0.00015531061217188835;1.0
1224;0.00018175826699007303;1.0
1225;0.0001182391497422941;1.0
1226;0.00016572918684687465;1.0
1227;0.00019705809245351702;1.0
1228;0.00016570408479310572;1.0
1229;0.00013719825074076653;1.0
1230;0.0001691988145466894;1.0
1231;0.00018644172814674675;1.0
1232;0.00014268849918153137;1.0
1233;0.0001546296407468617;1.0
1234;0.00013451043923851103;1.0
1235;9.817041427595541e-05;1.0
1236;0.00017647614004090428;1.0
1237;0.00018908198399003595;1.0
1238;0.00015860545681789517;1.0
1239;0.00016549088468309492;1.0
1240;0.00019636418437585235;1.0
1241;0.00014300619659479707;1.0
1242;0.00013441074406728148;1.0
1243;0.0001424109359504655;1.0
1244;0.00018189749971497804;1.0
1245;0.00015971668472047895;1.0
1246;0.0002028992894338444;1.0
1247;0.00015076028648763895;1.0
1248;0.00014660443412140012;1.0
1249;0.00014513805217575282;1.0
1250;0.0001146430367953144;1.0
1251;0.00015126579091884196;1.0
1252;0.00015815149527043104;1.0
1253;0.0001506730477558449;1.0
1254;0.00017863493121694773;1.0
1255;0.00012208324915263802;1.0
1256;0.00020378218323457986;1.0
1257;0.0001401821937179193;1.0
1258;0.00020141260756645352;1.0
1259;0.00014258213923312724;1.0
1260;0.00015301897656172514;1.0
1261;0.00023892160970717669;1.0
1262;0.00010547167039476335;1.0
1263;0.00015797113883309066;1.0
1264;0.000208904457394965;1.0
1265;0.00016188689914997667;1.0
1266;0.00016279489500448108;1.0
1267;0.00020451266027521342;1.0
1268;0.00018751811876427382;1.0
1269;0.00013493650476448238;1.0
1270;0.00012179589975858107;1.0
1271;0.0001416259037796408;1.0
1272;0.0001287839695578441;1.0
1273;0.0001404836802976206;1.0
1274;0.00018666511459741741;1.0
1275;0.00011884712876053527;1.0
1276;0.00011814912431873381;1.0
1277;0.0001549597509438172;1.0
1278;0.0001931436127051711;1.0
1279;0.00015694367175456136;1.0
1280;0.00013871934788767248;1.0
1281;0.00011119678674731404;1.0
1282;0.0001241578720510006;1.0
1283;0.00021991427638567984;1.0
1284;0.00016469108231831342;1.0
1285;9.227391274180263e-05;1.0
1286;0.0001643788127694279;1.0
1287;0.00015215988969430327;1.0
1288;0.00015024226740933955;1.0
1289;0.00022150487347971648;1.0
1290;0.0001668792829150334;1.0
1291;0.00014546079910360277;1.0
1292;0.0001513020833954215;1.0
1293;0.00019280691049061716;1.0
1294;0.00020883280376438051;1.0
1295;0.0001616079534869641;1.0
1296;0.0001802644255803898;1.0
1297;0.0001183315907837823;1.0
1298;0.00018159292812924832;1.0
1299;0.0001942837261594832;1.0
1300;0.00012100748426746577;1.0
1301;0.00011336168245179579;1.0
1302;0.000120050463010557;1.0
1303;0.00011360825010342523;1.0
1304;0.00013785625924356282;1.0
1305;0.00015743283438496292;1.0
1306;0.00017066823784261942;1.0
1307;0.00018694296886678785;1.0
1308;0.00017818414198700339;1.0
1309;0.00017649341316428035;1.0
1310;0.00016143900575116277;1.0
1311;0.0001356857392238453;1.0
1312;0.00014745346561539918;1.0
1313;0.00016310154751408845;1.0
1314;0.00015516184794250876;1.0
1315;0.00015942641766741872;1.0
1316;0.00013444643991533667;1.0
1317;0.00013499194756150246;1.0
1318;0.00011555458331713453;1.0
1319;0.00012997009616810828;1.0
1320;0.00013366751954890788;1.0
1321;0.00012521998723968863;1.0
1322;0.00015419819101225585;1.0
1323;0.0001549028092995286;1.0
1324;0.00014208727225195616;1.0
1325;0.00017461489187553525;1.0
1326;0.00029439450008794665;1.0
1327;0.0001448565162718296;1.0
1328;0.00014955492224544287;1.0
1329;0.00020060857059434056;1.0
1330;0.00013291560753714293;1.0
1331;0.00013633612252306193;1.0
1332;0.0001538511860417202;1.0
1333;0.00015340489335358143;1.0
1334;0.00012125174544053152;1.0
1335;0.0001301613956457004;1.0
1336;0.00018308518338017166;1.0
1337;0.00010693044168874621;1.0
1338;0.00015424088633153588;1.0
1339;0.00011355280730640516;1.0
1340;0.00013685644080396742;1.0
1341;8.537639223504812e-05;1.0
1342;0.0001060961076291278;1.0
1343;0.00012336242070887238;1.0
1344;0.00015577644808217883;1.0
1345;0.00014469776942860335;1.0
1346;9.940926247509196e-05;1.0
1347;0.00016794637485872954;1.0
1348;0.00012497470015659928;1.0
1349;0.00013413884153123945;1.0
1350;0.00011997085675830022;1.0
1351;0.00015427680045831949;1.0
1352;0.00012498561409302056;1.0
1353;0.00013047328684478998;1.0
1354;0.000143962271977216;1.0
1355;0.0001327943173237145;1.0
1356;0.0001582474069437012;1.0
1357;0.00016312841034960002;1.0
1358;0.00017218472203239799;1.0
1359;0.0001934192841872573;1.0
1360;0.00010824180935742334;1.0
1361;0.00011256376456003636;1.0
1362;0.00013971277803648263;1.0
1363;0.00015353331400547177;1.0
1364;0.0001580765820108354;1.0
1365;0.00012103246262995526;1.0
1366;0.00012671673903241754;1.0
1367;0.00017460795061197132;1.0
1368;0.00012946546485181898;1.0
1369;0.00015980370517354459;1.0
1370;0.00014923182607162744;1.0
1371;0.0001684812450548634;1.0
1372;0.00014512396592181176;1.0
1373;0.00013768133067060262;1.0
1374;0.00011238222214160487;1.0
1375;0.00011391888256184757;1.0
1376;0.00016625432181172073;1.0
1377;0.0001434689329471439;1.0
1378;0.00011123940203106031;1.0
1379;0.00017846054106485099;1.0
1380;0.00017637369455769658;1.0
1381;0.0001427407842129469;1.0
1382;0.00011293526767985895;1.0
1383;0.00014982705761212856;1.0
1384;0.00019873374549206346;1.0
1385;0.00011244093184359372;1.0
1386;0.00018949985678773373;1.0
1387;0.00013682198186870664;1.0
1388;0.0001374031271552667;1.0
1389;0.0001083852257579565;1.0
1390;0.00013076397590339184;1.0
1391;0.00013247097376734018;1.0
1392;0.00013724062591791153;1.0
1393;0.00018521961465012282;1.0
1394;0.00013231967750471085;1.0
1395;0.000121840595966205;1.0
1396;0.00019013197743333876;1.0
1397;8.868003351381049e-05;1.0
1398;0.00011180293950019404;1.0
1399;0.00012325473653618246;1.0
1400;0.00013265300367493182;1.0
1401;0.00013750407379120588;1.0
1402;0.0001429677358828485;1.0
1403;0.00012129604147048667;1.0
1404;0.00019815683481283486;1.0
1405;0.00013238174142315984;1.0
1406;0.00014344838564284146;1.0
1407;0.00014572717191185802;1.0
1408;0.00011720843031071126;1.0
1409;0.00012944091577082872;1.0
1410;0.000135161928483285;1.0
1411;0.00013608137669507414;1.0
1412;0.00012431755021680146;1.0
1413;0.000152136868564412;1.0
1414;0.0001248578046215698;1.0
1415;0.00013127159036230296;1.0
1416;0.00018022514996118844;1.0
1417;0.00012498066644184291;1.0
1418;0.00010068569099530578;1.0
1419;0.00011380371870473027;1.0
1420;0.00011882401304319501;1.0
1421;0.00018783863924909383;1.0
1422;0.00012812137720175087;1.0
1423;0.0001515996118541807;1.0
1424;0.00017330011178273708;1.0
1425;0.00016488219262100756;1.0
1426;0.000126356040709652;1.0
1427;0.0001239405683008954;1.0
1428;0.00011381370859453455;1.0
1429;0.00011794387683039531;1.0
1430;9.931947715813294e-05;1.0
1431;0.00011257890582783148;1.0
1432;0.00012184509978396818;1.0
1433;0.00011874738265760243;1.0
1434;0.0001696213730610907;1.0
1435;0.00011691785766743124;1.0
1436;0.00012145854270784184;1.0
1437;0.00013519053754862398;1.0
1438;0.00010585076961433515;1.0
1439;0.00013890092668589205;1.0
1440;0.00016069505363702774;1.0
1441;0.00012150301336077973;1.0
1442;0.00013401283649727702;1.0
1443;0.00012501838500611484;1.0
1444;0.0001218334655277431;1.0
1445;0.00013737173867411911;1.0
1446;0.00011611247464315966;1.0
1447;0.00012735290511045605;1.0
1448;0.00011324307706672698;1.0
1449;0.00011188953794771805;1.0
1450;0.0001236874668393284;1.0
1451;0.00013683276483789086;1.0
1452;0.00012159982725279406;1.0
1453;0.0001512671442469582;1.0
1454;0.00010458137694513425;1.0
1455;9.228208364220336e-05;1.0
1456;0.00011002321116393432;1.0
1457;0.00014424265827983618;1.0
1458;0.00013908222899772227;1.0
1459;0.00011494287173263729;1.0
1460;0.00011110392370028421;1.0
1461;0.00014373981684911996;1.0
1462;0.00011478512897156179;1.0
1463;0.0001022585274768062;1.0
1464;0.00014640041626989841;1.0
1465;0.0001264114980585873;1.0
1466;0.0001054678505170159;1.0
1467;8.472453919239342e-05;1.0
1468;0.00012391796917654574;1.0
1469;0.00012198719923617318;1.0
1470;0.00014180870493873954;1.0
1471;0.00014351969002746046;1.0
1472;7.627407467225567e-05;1.0
1473;0.00011469479068182409;1.0
1474;0.000125952108646743;1.0
1475;0.00010757415293483064;1.0
1476;0.00013714944361709058;1.0
1477;0.0001200026017613709;1.0
1478;0.000123964375234209;1.0
1479;0.00012012712977593765;1.0
1480;0.00012349254393484443;1.0
1481;0.00011202138557564467;1.0
1482;0.0001205011285492219;1.0
1483;9.784549183677882e-05;1.0
1484;0.00010283925803378224;1.0
1485;9.43137492868118e-05;1.0
1486;0.00014620096771977842;1.0
1487;7.944122626213357e-05;1.0
1488;0.00011428524157963693;1.0
1489;0.00012241813237778842;1.0
1490;0.0001205465232487768;1.0
1491;7.958462811075151e-05;1.0
1492;0.00011337741307215765;1.0
1493;0.00016011728439480066;1.0
1494;0.00014351907884702086;1.0
1495;0.00010455043229740113;1.0
1496;0.0001168640301330015;1.0
1497;0.00010474507871549577;1.0
1498;0.00010139622463611886;1.0
1499;0.00011157184781040996;1.0
