iteration;loss;accuracy
0;0.017654312774538994;0.0699300691485405
1;0.016562901437282562;0.0839160829782486
2;0.016957459971308708;0.0699300691485405
3;0.01683148182928562;0.10489510744810104
4;0.016602760180830956;0.0979020968079567
5;0.01650898903608322;0.0699300691485405
6;0.016514068469405174;0.0699300691485405
7;0.01655290275812149;0.1258741319179535
8;0.016554132103919983;0.06293706595897675
9;0.01648801937699318;0.0699300691485405
10;0.016367828473448753;0.13286712765693665
11;0.016357481479644775;0.06293706595897675
12;0.01630164124071598;0.10489510744810104
13;0.016262972727417946;0.0839160829782486
14;0.01614106073975563;0.1538461595773697
15;0.016094278544187546;0.1258741319179535
16;0.01597624458372593;0.16083915531635284
17;0.015942370519042015;0.13286712765693665
18;0.01586809940636158;0.1538461595773697
19;0.015858804807066917;0.16083915531635284
20;0.01575530879199505;0.1678321659564972
21;0.015729831531643867;0.14685314893722534
22;0.015719369053840637;0.139860138297081
23;0.01569923758506775;0.139860138297081
24;0.01571701280772686;0.11888112127780914
25;0.015602334402501583;0.13286712765693665
26;0.015552332624793053;0.17482517659664154
27;0.015530740842223167;0.18881118297576904
28;0.015542225912213326;0.1818181872367859
29;0.0154269989579916;0.17482517659664154
30;0.015311043709516525;0.21678321063518524
31;0.015368325635790825;0.1958041936159134
32;0.015300881117582321;0.20279720425605774
33;0.015290758572518826;0.1958041936159134
34;0.015289838425815105;0.2237762212753296
35;0.015197111293673515;0.2377622425556183
36;0.015173571184277534;0.27272728085517883
37;0.015208461321890354;0.18881118297576904
38;0.015081515535712242;0.21678321063518524
39;0.015127608552575111;0.18881118297576904
40;0.015037599951028824;0.251748263835907
41;0.014898964203894138;0.2097902148962021
42;0.01484244130551815;0.279720276594162
43;0.014879481866955757;0.3076923191547394
44;0.01487808022648096;0.24475523829460144
45;0.015049988403916359;0.21678321063518524
46;0.014788277447223663;0.2937062978744507
47;0.014751872979104519;0.27272728085517883
48;0.0148695083335042;0.25874125957489014
49;0.014596903696656227;0.30069929361343384
50;0.014846937730908394;0.25874125957489014
51;0.014847749844193459;0.2377622425556183
52;0.014559226110577583;0.279720276594162
53;0.015190470963716507;0.23076923191547394
54;0.014590843580663204;0.2657342553138733
55;0.014851264655590057;0.2657342553138733
56;0.014557922258973122;0.27272728085517883
57;0.014680150896310806;0.25874125957489014
58;0.014539174735546112;0.251748263835907
59;0.014522657729685307;0.2937062978744507
60;0.014513074420392513;0.3216783106327057
61;0.014489727094769478;0.31468531489372253
62;0.014514880254864693;0.27272728085517883
63;0.014421016909182072;0.31468531489372253
64;0.0145560372620821;0.3496503531932831
65;0.014381377957761288;0.3496503531932831
66;0.014315532520413399;0.3076923191547394
67;0.014242231845855713;0.3216783106327057
68;0.01414727047085762;0.3986014127731323
69;0.014318878762423992;0.25874125957489014
70;0.014117839746177197;0.38461539149284363
71;0.014282855205237865;0.35664334893226624
72;0.01409286167472601;0.30069929361343384
73;0.014052391983568668;0.3426573574542999
74;0.014109249226748943;0.4055944085121155
75;0.014068962074816227;0.3916083872318268
76;0.01411990262567997;0.3496503531932831
77;0.014008061029016972;0.31468531489372253
78;0.013902471400797367;0.3636363744735718
79;0.013841340318322182;0.37062937021255493
80;0.013885349035263062;0.37062937021255493
81;0.014048133045434952;0.37062937021255493
82;0.01412779837846756;0.2937062978744507
83;0.01378989964723587;0.3916083872318268
84;0.01386318076401949;0.3986014127731323
85;0.013893245719373226;0.3916083872318268
86;0.013724514283239841;0.3776223659515381
87;0.013737000524997711;0.32867133617401123
88;0.013560542836785316;0.4055944085121155
89;0.01365660224109888;0.3426573574542999
90;0.013518840074539185;0.4055944085121155
91;0.013459734618663788;0.4545454680919647
92;0.013462543487548828;0.440559446811676
93;0.013606388121843338;0.3776223659515381
94;0.013408653438091278;0.42657342553138733
95;0.013269246555864811;0.4335664212703705
96;0.013463485985994339;0.4055944085121155
97;0.01321187149733305;0.4755244851112366
98;0.013320991769433022;0.4475524425506592
99;0.013365508057177067;0.4335664212703705
100;0.013399818912148476;0.440559446811676
101;0.013054353184998035;0.4335664212703705
102;0.01316089741885662;0.4475524425506592
103;0.012986344285309315;0.4615384638309479
104;0.012935865670442581;0.4965035021305084
105;0.012938158586621284;0.4825174808502197
106;0.013058396987617016;0.4545454680919647
107;0.012833822518587112;0.4895104765892029
108;0.012648595497012138;0.4825174808502197
109;0.01283947378396988;0.4475524425506592
110;0.013430139049887657;0.4615384638309479
111;0.012988702394068241;0.4195804297924042
112;0.013219892978668213;0.4195804297924042
113;0.012675018049776554;0.5244755148887634
114;0.013195058330893517;0.4895104765892029
115;0.012901609763503075;0.5104895234107971
116;0.012675425969064236;0.5244755148887634
117;0.012478767894208431;0.5314685106277466
118;0.012906081974506378;0.440559446811676
119;0.012595683336257935;0.5244755148887634
120;0.012757464312016964;0.5244755148887634
121;0.012576916255056858;0.4615384638309479
122;0.012463916093111038;0.4755244851112366
123;0.012355116195976734;0.5524475574493408
124;0.011982861906290054;0.5174825191497803
125;0.012179696932435036;0.4615384638309479
126;0.012193815782666206;0.5174825191497803
127;0.01206059381365776;0.5734265446662903
128;0.011890355497598648;0.5524475574493408
129;0.011780787259340286;0.6293706297874451
130;0.011820188723504543;0.559440553188324
131;0.01187928393483162;0.6293706297874451
132;0.0118445148691535;0.5384615659713745
133;0.011630934663116932;0.5734265446662903
134;0.011802897788584232;0.6223776340484619
135;0.011779305525124073;0.5524475574493408
136;0.011581365950405598;0.6223776340484619
137;0.011642469093203545;0.6013985872268677
138;0.011613951064646244;0.6153846383094788
139;0.011506693437695503;0.5804196000099182
140;0.011366303078830242;0.6503496766090393
141;0.011304806917905807;0.6223776340484619
142;0.011226640082895756;0.6223776340484619
143;0.011424455791711807;0.5874125957489014
144;0.011297190561890602;0.5874125957489014
145;0.011304829269647598;0.6433566212654114
146;0.011103639379143715;0.6363636255264282
147;0.011034948751330376;0.6293706297874451
148;0.010985065251588821;0.6643356680870056
149;0.01102596614509821;0.6433566212654114
150;0.011150771751999855;0.5664335489273071
151;0.011219523847103119;0.5944055914878845
152;0.011016055010259151;0.6013985872268677
153;0.010920596309006214;0.6293706297874451
154;0.010773055255413055;0.6503496766090393
155;0.011414607986807823;0.6153846383094788
156;0.01100015640258789;0.6783216595649719
157;0.010722409933805466;0.6433566212654114
158;0.01061357744038105;0.7062937021255493
159;0.01081952452659607;0.6713286638259888
160;0.010560330003499985;0.6503496766090393
161;0.010712016373872757;0.5874125957489014
162;0.010610341094434261;0.6853147149085999
163;0.01058888342231512;0.7552447319030762
164;0.010755772702395916;0.6993007063865662
165;0.010397064499557018;0.692307710647583
166;0.010510635562241077;0.6573426723480225
167;0.010334487073123455;0.6293706297874451
168;0.010192090645432472;0.7132866978645325
169;0.010276367887854576;0.692307710647583
170;0.010135666467249393;0.7132866978645325
171;0.01023429911583662;0.6573426723480225
172;0.010443192906677723;0.6363636255264282
173;0.010352731682360172;0.7062937021255493
174;0.010490493848919868;0.6573426723480225
175;0.01027477253228426;0.6993007063865662
176;0.009956873953342438;0.7412587404251099
177;0.01004792656749487;0.7412587404251099
178;0.010046844370663166;0.6713286638259888
179;0.010247009806334972;0.6713286638259888
180;0.00987650640308857;0.6433566212654114
181;0.010256980545818806;0.7132866978645325
182;0.00987973716109991;0.7202796936035156
183;0.009984408505260944;0.6853147149085999
184;0.009666689671576023;0.7552447319030762
185;0.009746463038027287;0.7552447319030762
186;0.009555217809975147;0.7272727489471436
187;0.009667116217315197;0.7272727489471436
188;0.009326218627393246;0.7622377872467041
189;0.009790495969355106;0.7412587404251099
190;0.009578666649758816;0.7902097702026367
191;0.009531183168292046;0.7762237787246704
192;0.009623358957469463;0.6783216595649719
193;0.009504267945885658;0.7692307829856873
194;0.009431940503418446;0.8041958212852478
195;0.009617544710636139;0.7622377872467041
196;0.0095018669962883;0.748251736164093
197;0.009555269964039326;0.7412587404251099
198;0.009322388097643852;0.7622377872467041
199;0.009546034969389439;0.7062937021255493
200;0.0095863351598382;0.7202796936035156
201;0.009434293955564499;0.7902097702026367
202;0.009010669775307178;0.8181818127632141
203;0.009419509209692478;0.7692307829856873
204;0.008890743367373943;0.7972028255462646
205;0.009234997443854809;0.8041958212852478
206;0.0094490060582757;0.7272727489471436
207;0.008798355236649513;0.7972028255462646
208;0.009367306716740131;0.8181818127632141
209;0.008778924122452736;0.8321678042411804
210;0.008883646689355373;0.7972028255462646
211;0.008876515552401543;0.7622377872467041
212;0.008969064801931381;0.7762237787246704
213;0.008920779451727867;0.8041958212852478
214;0.008565345779061317;0.7972028255462646
215;0.008541082963347435;0.8251748085021973
216;0.00866946205496788;0.8601398468017578
217;0.008588563650846481;0.7552447319030762
218;0.008638862520456314;0.8181818127632141
219;0.008722027763724327;0.8041958212852478
220;0.008601831272244453;0.7832167744636536
221;0.008485071361064911;0.8461538553237915
222;0.008475885726511478;0.8461538553237915
223;0.008590654470026493;0.8321678042411804
224;0.008496157824993134;0.867132842540741
225;0.008356286212801933;0.8251748085021973
226;0.008674468845129013;0.7972028255462646
227;0.008699823170900345;0.7972028255462646
228;0.008259379304945469;0.8181818127632141
229;0.008492331951856613;0.8041958212852478
230;0.008382161147892475;0.8601398468017578
231;0.008397753350436687;0.8391608595848083
232;0.008385060355067253;0.811188817024231
233;0.008260820060968399;0.8181818127632141
234;0.008222219534218311;0.7972028255462646
235;0.008219984360039234;0.867132842540741
236;0.008093753829598427;0.8251748085021973
237;0.008032367564737797;0.8601398468017578
238;0.008298839442431927;0.8601398468017578
239;0.008151331916451454;0.8461538553237915
240;0.007963147945702076;0.8181818127632141
241;0.00827024132013321;0.8251748085021973
242;0.008221874013543129;0.8251748085021973
243;0.008268211968243122;0.8461538553237915
244;0.007887104526162148;0.8251748085021973
245;0.008039653301239014;0.8601398468017578
246;0.008116105571389198;0.8391608595848083
247;0.008111085742712021;0.8461538553237915
248;0.008184190839529037;0.8391608595848083
249;0.007880073972046375;0.8391608595848083
250;0.007860441692173481;0.8741258978843689
251;0.008516411297023296;0.7972028255462646
252;0.007855542935431004;0.867132842540741
253;0.008211861364543438;0.7762237787246704
254;0.00783234741538763;0.8391608595848083
255;0.008110765367746353;0.7972028255462646
256;0.0077930898405611515;0.8321678042411804
257;0.007697152905166149;0.8601398468017578
258;0.008029473014175892;0.8601398468017578
259;0.008000981993973255;0.8391608595848083
260;0.0077463556081056595;0.9160839319229126
261;0.008117632009088993;0.8601398468017578
262;0.008714419789612293;0.8041958212852478
263;0.0078142574056983;0.8391608595848083
264;0.008216243237257004;0.7762237787246704
265;0.007941924035549164;0.8461538553237915
266;0.007876940071582794;0.8391608595848083
267;0.007685140240937471;0.8601398468017578
268;0.007922446355223656;0.8531468510627747
269;0.007448865566402674;0.881118893623352
270;0.007232203613966703;0.8531468510627747
271;0.007374284788966179;0.8741258978843689
272;0.007571956608444452;0.8601398468017578
273;0.007123264484107494;0.9160839319229126
274;0.007342249155044556;0.8461538553237915
275;0.00718885799869895;0.881118893623352
276;0.007379002403467894;0.8601398468017578
277;0.0071593779139220715;0.8951048851013184
278;0.007127546239644289;0.867132842540741
279;0.007561377249658108;0.8461538553237915
280;0.0069004143588244915;0.8881118893623352
281;0.00751835061237216;0.8881118893623352
282;0.0072801620699465275;0.881118893623352
283;0.007183372508734465;0.8461538553237915
284;0.007007562555372715;0.881118893623352
285;0.007142318412661552;0.8741258978843689
286;0.007093155290931463;0.8741258978843689
287;0.006819356232881546;0.9020978808403015
288;0.006974626332521439;0.9090909361839294
289;0.006757776252925396;0.9160839319229126
290;0.00666237436234951;0.9090909361839294
291;0.007071052677929401;0.8391608595848083
292;0.006885465234518051;0.8951048851013184
293;0.006733315531164408;0.8951048851013184
294;0.006812369916588068;0.8951048851013184
295;0.006805648095905781;0.867132842540741
296;0.00639952439814806;0.9230769276618958
297;0.006499503273516893;0.9300699234008789
298;0.006411460228264332;0.8881118893623352
299;0.0065629733726382256;0.8531468510627747
300;0.006684405729174614;0.8601398468017578
301;0.006667056120932102;0.8951048851013184
302;0.006661687511950731;0.8881118893623352
303;0.006590790580958128;0.8741258978843689
304;0.006476349662989378;0.9020978808403015
305;0.006300067994743586;0.9090909361839294
306;0.006454518064856529;0.9090909361839294
307;0.006301630288362503;0.9020978808403015
308;0.006578024476766586;0.8881118893623352
309;0.006441804114729166;0.867132842540741
310;0.007369425147771835;0.8181818127632141
311;0.006453083362430334;0.9230769276618958
312;0.007967024110257626;0.8181818127632141
313;0.006730371620506048;0.8881118893623352
314;0.006438748445361853;0.8741258978843689
315;0.006373805459588766;0.9020978808403015
316;0.0065879481844604015;0.8881118893623352
317;0.006436923518776894;0.9020978808403015
318;0.0062006693333387375;0.9020978808403015
319;0.00653456337749958;0.8881118893623352
320;0.006306763738393784;0.8881118893623352
321;0.006380225997418165;0.8951048851013184
322;0.006070520728826523;0.9230769276618958
323;0.006552855484187603;0.8881118893623352
324;0.0060600764118134975;0.9510489702224731
325;0.0061240773648023605;0.9300699234008789
326;0.005961432587355375;0.8881118893623352
327;0.006415465380996466;0.8881118893623352
328;0.006206172052770853;0.8951048851013184
329;0.00569892069324851;0.9160839319229126
330;0.006334160454571247;0.9020978808403015
331;0.0057882205583155155;0.9160839319229126
332;0.0061166975647211075;0.9020978808403015
333;0.00612521031871438;0.9020978808403015
334;0.005818226840347052;0.9020978808403015
335;0.005834026727825403;0.867132842540741
336;0.005730799399316311;0.9160839319229126
337;0.00614077877253294;0.8951048851013184
338;0.005938400514423847;0.8951048851013184
339;0.006102076265960932;0.8881118893623352
340;0.0058363634161651134;0.9020978808403015
341;0.005900300573557615;0.881118893623352
342;0.005650814156979322;0.9230769276618958
343;0.0057602147571742535;0.9230769276618958
344;0.005601853132247925;0.9230769276618958
345;0.005806901957839727;0.9090909361839294
346;0.005730002652853727;0.9230769276618958
347;0.005557667464017868;0.9300699234008789
348;0.005524979438632727;0.8881118893623352
349;0.00559028796851635;0.9090909361839294
350;0.005443861708045006;0.9020978808403015
351;0.005883816629648209;0.8951048851013184
352;0.005439017433673143;0.9020978808403015
353;0.006294503342360258;0.867132842540741
354;0.005642284639179707;0.881118893623352
355;0.005694342777132988;0.9230769276618958
356;0.0057428921572864056;0.9090909361839294
357;0.005386060103774071;0.8951048851013184
358;0.005396195687353611;0.9300699234008789
359;0.005714580416679382;0.9160839319229126
360;0.005551319103688002;0.9020978808403015
361;0.00556193757802248;0.9230769276618958
362;0.005436331033706665;0.9300699234008789
363;0.005529853515326977;0.9300699234008789
364;0.0054888976737856865;0.9580419659614563
365;0.0056024775840342045;0.881118893623352
366;0.005352087784558535;0.9370629191398621
367;0.005433674436062574;0.9370629191398621
368;0.006174332927912474;0.867132842540741
369;0.005129992961883545;0.9160839319229126
370;0.0055134291760623455;0.8951048851013184
371;0.005550013855099678;0.9090909361839294
372;0.005359131842851639;0.9720279574394226
373;0.005255803465843201;0.9300699234008789
374;0.005562806036323309;0.867132842540741
375;0.005223212298005819;0.9090909361839294
376;0.005377884488552809;0.9370629191398621
377;0.005217464175075293;0.9370629191398621
378;0.00529457489028573;0.9300699234008789
379;0.00488125067204237;0.9300699234008789
380;0.0049574412405490875;0.9440559148788452
381;0.004856158047914505;0.9510489702224731
382;0.004917418584227562;0.9440559148788452
383;0.004889394156634808;0.9090909361839294
384;0.005270849913358688;0.9300699234008789
385;0.004812399856746197;0.9300699234008789
386;0.004928882699459791;0.9230769276618958
387;0.005011145491153002;0.9440559148788452
388;0.004890305455774069;0.9300699234008789
389;0.004584152717143297;0.9510489702224731
390;0.004933485761284828;0.9300699234008789
391;0.0051423730328679085;0.9090909361839294
392;0.0053329747170209885;0.9020978808403015
393;0.00500781275331974;0.9230769276618958
394;0.00496645038947463;0.9020978808403015
395;0.005361974239349365;0.9020978808403015
396;0.004796952474862337;0.9510489702224731
397;0.005917191039770842;0.8951048851013184
398;0.005094864871352911;0.9230769276618958
399;0.0047179218381643295;0.9370629191398621
400;0.005021188873797655;0.9370629191398621
401;0.00494171679019928;0.9300699234008789
402;0.004736355971544981;0.9370629191398621
403;0.004447643645107746;0.9440559148788452
404;0.004757213406264782;0.9020978808403015
405;0.004737836308777332;0.9580419659614563
406;0.004461037926375866;0.9440559148788452
407;0.00460481271147728;0.9160839319229126
408;0.004884929861873388;0.9230769276618958
409;0.004754416178911924;0.9370629191398621
410;0.004538991954177618;0.9160839319229126
411;0.0049198828637599945;0.9440559148788452
412;0.004666640888899565;0.9510489702224731
413;0.005171784199774265;0.9090909361839294
414;0.004588733427226543;0.9300699234008789
415;0.0046175397001206875;0.9300699234008789
416;0.004773106891661882;0.8881118893623352
417;0.004787903279066086;0.9370629191398621
418;0.005053865723311901;0.9090909361839294
419;0.0055078924633562565;0.9020978808403015
420;0.0047486950643360615;0.9230769276618958
421;0.005083093419671059;0.8951048851013184
422;0.004862161818891764;0.9090909361839294
423;0.004818748217076063;0.9440559148788452
424;0.004901540465652943;0.9370629191398621
425;0.004979260265827179;0.9440559148788452
426;0.004568312782794237;0.9370629191398621
427;0.004815076477825642;0.9230769276618958
428;0.0044687832705676556;0.9720279574394226
429;0.004935352131724358;0.9020978808403015
430;0.004820019006729126;0.9650349617004395
431;0.0045535569079220295;0.9440559148788452
432;0.004414236173033714;0.9650349617004395
433;0.004668067675083876;0.9440559148788452
434;0.004618738777935505;0.9440559148788452
435;0.004455246962606907;0.9300699234008789
436;0.004503857810050249;0.9300699234008789
437;0.004224368836730719;0.9370629191398621
438;0.004317322745919228;0.9300699234008789
439;0.004232316743582487;0.9510489702224731
440;0.004096546210348606;0.9790209531784058
441;0.004330730531364679;0.9650349617004395
442;0.0043797120451927185;0.9440559148788452
443;0.004056903533637524;0.9440559148788452
444;0.004459003917872906;0.9370629191398621
445;0.004263403359800577;0.9580419659614563
446;0.004356876946985722;0.9580419659614563
447;0.004442012403160334;0.9440559148788452
448;0.004631643649190664;0.9300699234008789
449;0.004323660861700773;0.9510489702224731
450;0.004040696192532778;0.9440559148788452
451;0.004572815727442503;0.9300699234008789
452;0.004319842904806137;0.9370629191398621
453;0.004430128261446953;0.9300699234008789
454;0.004182029981166124;0.9440559148788452
455;0.004581717774271965;0.9230769276618958
456;0.00451196264475584;0.9370629191398621
457;0.004793107975274324;0.9370629191398621
458;0.0043949526734650135;0.9510489702224731
459;0.004443881567567587;0.9370629191398621
460;0.004602381493896246;0.9300699234008789
461;0.004077911842614412;0.9370629191398621
462;0.0040508657693862915;0.9580419659614563
463;0.004429578315466642;0.9720279574394226
464;0.004316089674830437;0.9650349617004395
465;0.004351654089987278;0.9370629191398621
466;0.004146400839090347;0.9650349617004395
467;0.0038983416743576527;0.9370629191398621
468;0.004136251285672188;0.9580419659614563
469;0.004480078816413879;0.9230769276618958
470;0.004051435738801956;0.9440559148788452
471;0.0040215617045760155;0.9440559148788452
472;0.004217423032969236;0.9440559148788452
473;0.004164171405136585;0.9440559148788452
474;0.003998317290097475;0.9370629191398621
475;0.004361732397228479;0.9230769276618958
476;0.004236970096826553;0.9090909361839294
477;0.0039423075504601;0.9650349617004395
478;0.004325303249061108;0.9510489702224731
479;0.004294033162295818;0.9160839319229126
480;0.004098845645785332;0.9510489702224731
481;0.004017380997538567;0.9370629191398621
482;0.003950842656195164;0.9720279574394226
483;0.003990350291132927;0.9370629191398621
484;0.003928228747099638;0.9650349617004395
485;0.004120131488889456;0.9510489702224731
486;0.00397242046892643;0.9440559148788452
487;0.003874944755807519;0.9440559148788452
488;0.003734937636181712;0.9440559148788452
489;0.004061061888933182;0.9650349617004395
490;0.0036295971367508173;0.9510489702224731
491;0.003859576303511858;0.9650349617004395
492;0.003874541260302067;0.9370629191398621
493;0.003781847655773163;0.9720279574394226
494;0.0038895043544471264;0.9790209531784058
495;0.0037731120828539133;0.9580419659614563
496;0.003641911782324314;0.9580419659614563
497;0.003873579204082489;0.9440559148788452
498;0.004020788706839085;0.9440559148788452
499;0.003639393951743841;0.9580419659614563
500;0.0035940688103437424;0.9720279574394226
501;0.0034622957464307547;0.9930070042610168
502;0.0037717712111771107;0.9650349617004395
503;0.0037218392826616764;0.9300699234008789
504;0.0036085236351937056;0.9650349617004395
505;0.0036110421642661095;0.9440559148788452
506;0.0037220630329102278;0.9580419659614563
507;0.003646011697128415;0.9300699234008789
508;0.0034392722882330418;0.9720279574394226
509;0.0035830247215926647;0.9580419659614563
510;0.003464335110038519;0.9510489702224731
511;0.0036320218350738287;0.9580419659614563
512;0.0036153290420770645;0.9650349617004395
513;0.0033805558923631907;0.9720279574394226
514;0.003662064904347062;0.9650349617004395
515;0.0036271270364522934;0.9510489702224731
516;0.0035401475615799427;0.9720279574394226
517;0.0034386077895760536;0.9720279574394226
518;0.0035407785326242447;0.9650349617004395
519;0.00355195882730186;0.9510489702224731
520;0.0035082935355603695;0.9650349617004395
521;0.003503812476992607;0.9650349617004395
522;0.0035608336329460144;0.9650349617004395
523;0.003519331105053425;0.9440559148788452
524;0.003564360784366727;0.9440559148788452
525;0.003328931052237749;0.9580419659614563
526;0.00365309021435678;0.9580419659614563
527;0.003419519867748022;0.9510489702224731
528;0.0034844325855374336;0.9580419659614563
529;0.0033640849869698286;0.9580419659614563
530;0.0034850386437028646;0.9650349617004395
531;0.0033005494624376297;0.9650349617004395
532;0.003395073115825653;0.9650349617004395
533;0.0034083023201674223;0.9580419659614563
534;0.003670631442219019;0.9650349617004395
535;0.0033614656422287226;0.9720279574394226
536;0.003180350875481963;0.9860140085220337
537;0.0032453055027872324;1.0
538;0.0031281039118766785;0.9720279574394226
539;0.003322901204228401;0.9510489702224731
540;0.003366508288308978;0.9510489702224731
541;0.0033738038036972284;0.9720279574394226
542;0.003521433798596263;0.9860140085220337
543;0.00333148124627769;0.9650349617004395
544;0.0035211897920817137;0.9720279574394226
545;0.0032358570024371147;0.9580419659614563
546;0.003417152678593993;0.9650349617004395
547;0.003631595754995942;0.9230769276618958
548;0.0033550423104315996;0.9650349617004395
549;0.004028754308819771;0.9300699234008789
550;0.003722021821886301;0.9720279574394226
551;0.003782554529607296;0.9300699234008789
552;0.003400020534172654;0.9510489702224731
553;0.003750244388356805;0.9580419659614563
554;0.003411918645724654;0.9790209531784058
555;0.0035713971592485905;0.9580419659614563
556;0.0036995625123381615;0.9370629191398621
557;0.0036210089456290007;0.9440559148788452
558;0.003375160740688443;0.9790209531784058
559;0.0033940616995096207;0.9580419659614563
560;0.0033834076020866632;0.9720279574394226
561;0.0032670798245817423;0.9790209531784058
562;0.003156291786581278;0.9790209531784058
563;0.003278124611824751;0.9790209531784058
564;0.0032019338104873896;0.9790209531784058
565;0.0032210778445005417;0.9650349617004395
566;0.003402033820748329;0.9580419659614563
567;0.0032003745436668396;0.9650349617004395
568;0.0031765135936439037;0.9790209531784058
569;0.0032166466116905212;0.9580419659614563
570;0.0031992646399885416;0.9510489702224731
571;0.0030454001389443874;0.9930070042610168
572;0.003287276951596141;0.9580419659614563
573;0.003200535662472248;0.9790209531784058
574;0.003123705741018057;0.9580419659614563
575;0.0032001021318137646;0.9650349617004395
576;0.0031298832036554813;0.9650349617004395
577;0.0031840321607887745;0.9930070042610168
578;0.003229710506275296;0.9790209531784058
579;0.003237081691622734;0.9930070042610168
580;0.003095682943239808;0.9790209531784058
581;0.003193102078512311;0.9860140085220337
582;0.0031371170189231634;0.9790209531784058
583;0.0031401568558067083;0.9790209531784058
584;0.003283657133579254;0.9650349617004395
585;0.003033551387488842;0.9790209531784058
586;0.003021874465048313;0.9720279574394226
587;0.0032444018870592117;0.9650349617004395
588;0.003298721509054303;0.9790209531784058
589;0.0033043520525097847;0.9860140085220337
590;0.003012928646057844;0.9720279574394226
591;0.0030424182768911123;0.9790209531784058
592;0.0032617521937936544;0.9860140085220337
593;0.0033286206889897585;0.9720279574394226
594;0.0030430606566369534;0.9930070042610168
595;0.0031552272848784924;0.9650349617004395
596;0.0032239544671028852;0.9650349617004395
597;0.003179592778906226;0.9860140085220337
598;0.0031972334254533052;0.9860140085220337
599;0.002955796429887414;0.9720279574394226
600;0.003014332614839077;0.9720279574394226
601;0.003036938840523362;0.9790209531784058
602;0.003049832070246339;0.9440559148788452
603;0.0031753280200064182;0.9790209531784058
604;0.0031509005930274725;0.9790209531784058
605;0.0031636604107916355;0.9860140085220337
606;0.003205615561455488;1.0
607;0.0030138471629470587;0.9790209531784058
608;0.0032587721943855286;0.9790209531784058
609;0.003129571443423629;0.9790209531784058
610;0.0028536152094602585;0.9930070042610168
611;0.003242624457925558;0.9370629191398621
612;0.003191623603925109;0.9720279574394226
613;0.0030927411280572414;0.9650349617004395
614;0.0027614696882665157;0.9790209531784058
615;0.003242415376007557;0.9860140085220337
616;0.0030478485859930515;1.0
617;0.002987827640026808;1.0
618;0.003244098974391818;0.9860140085220337
619;0.0029025536496192217;0.9720279574394226
620;0.0028721820563077927;0.9930070042610168
621;0.0030736515764147043;0.9580419659614563
622;0.002841210924088955;0.9930070042610168
623;0.00317234150134027;0.9510489702224731
624;0.002979013603180647;0.9930070042610168
625;0.003276109928265214;0.9300699234008789
626;0.002659254940226674;1.0
627;0.0029579857364296913;0.9650349617004395
628;0.0030857676174491644;0.9440559148788452
629;0.0030036678072065115;0.9860140085220337
630;0.0030452185310423374;0.9790209531784058
631;0.002913730451837182;0.9930070042610168
632;0.002749737584963441;1.0
633;0.002828796161338687;0.9860140085220337
634;0.0029980933759361506;1.0
635;0.0028290841728448868;0.9930070042610168
636;0.00294190994463861;0.9860140085220337
637;0.0031197762582451105;0.9720279574394226
638;0.0029006791301071644;0.9860140085220337
639;0.002855967963114381;1.0
640;0.0030409819446504116;0.9860140085220337
641;0.0030574926640838385;0.9860140085220337
642;0.002896066289395094;0.9720279574394226
643;0.0029891175217926502;0.9790209531784058
644;0.0029573298525065184;0.9930070042610168
645;0.002630029572173953;1.0
646;0.0028184256516397;0.9720279574394226
647;0.0028004383202642202;0.9790209531784058
648;0.002824848284944892;0.9860140085220337
649;0.00279923970811069;0.9860140085220337
650;0.002715236507356167;1.0
651;0.0027164146304130554;1.0
652;0.002809788566082716;1.0
653;0.002741341944783926;1.0
654;0.002753918059170246;0.9790209531784058
655;0.0027758509386330843;1.0
656;0.0027959556318819523;0.9720279574394226
657;0.0025593808386474848;0.9930070042610168
658;0.002838523592799902;0.9790209531784058
659;0.002925366163253784;0.9580419659614563
660;0.0026841077487915754;0.9930070042610168
661;0.0031143680680543184;0.9440559148788452
662;0.0030411414336413145;0.9440559148788452
663;0.002755005145445466;0.9790209531784058
664;0.0025878227315843105;0.9930070042610168
665;0.00273689441382885;0.9930070042610168
666;0.0026693271938711405;1.0
667;0.0027046760078519583;0.9930070042610168
668;0.002619039034470916;0.9860140085220337
669;0.0025577181950211525;1.0
670;0.002563796006143093;0.9930070042610168
671;0.0026483931578695774;0.9720279574394226
672;0.0025173607282340527;1.0
673;0.0024474228266626596;0.9790209531784058
674;0.0025592746678739786;1.0
675;0.002568952040746808;0.9860140085220337
676;0.002570211188867688;1.0
677;0.002399902790784836;0.9930070042610168
678;0.0024958194699138403;0.9930070042610168
679;0.002441000659018755;0.9930070042610168
680;0.002394742565229535;0.9860140085220337
681;0.0023111910559237003;0.9930070042610168
682;0.0023641460575163364;1.0
683;0.00243752752430737;1.0
684;0.0023404553066939116;1.0
685;0.0024313570465892553;1.0
686;0.0027239026967436075;0.9860140085220337
687;0.0024162319023162127;1.0
688;0.0023619509302079678;0.9930070042610168
689;0.0025002602487802505;0.9930070042610168
690;0.002547337207943201;0.9790209531784058
691;0.002368532819673419;0.9930070042610168
692;0.002417407464236021;0.9930070042610168
693;0.0024151108227670193;1.0
694;0.002260796958580613;0.9860140085220337
695;0.002732784952968359;0.9790209531784058
696;0.002345991088077426;1.0
697;0.0024567903019487858;0.9790209531784058
698;0.002457392169162631;1.0
699;0.002325796289369464;1.0
700;0.0024705089163035154;0.9930070042610168
701;0.0022720859851688147;1.0
702;0.0022290977649390697;1.0
703;0.002680807374417782;0.9370629191398621
704;0.0023925204295665026;0.9930070042610168
705;0.0028463718481361866;0.9720279574394226
706;0.0022897564340382814;0.9860140085220337
707;0.0029932321049273014;0.9580419659614563
708;0.0022804690524935722;1.0
709;0.0023246759083122015;1.0
710;0.002448699437081814;1.0
711;0.0026334833819419146;1.0
712;0.0023945097345858812;1.0
713;0.0027348781004548073;0.9650349617004395
714;0.0025417881552129984;0.9860140085220337
715;0.0022505950182676315;0.9930070042610168
716;0.002292634453624487;1.0
717;0.002825528383255005;0.9650349617004395
718;0.002613583579659462;0.9720279574394226
719;0.002694654744118452;1.0
720;0.006181078497320414;0.8461538553237915
721;0.005381792783737183;0.867132842540741
722;0.0037375253159552813;0.9230769276618958
723;0.003444710047915578;0.9790209531784058
724;0.005676815286278725;0.9090909361839294
725;0.0032766086515039206;0.9580419659614563
726;0.004912457894533873;0.9090909361839294
727;0.005637199152261019;0.8601398468017578
728;0.005241528619080782;0.867132842540741
729;0.0055667865090072155;0.8531468510627747
730;0.004876183811575174;0.8881118893623352
731;0.004177475813776255;0.8881118893623352
732;0.003816481214016676;0.9370629191398621
733;0.004573472309857607;0.9090909361839294
734;0.0043974206782877445;0.9370629191398621
735;0.003938807174563408;0.9650349617004395
736;0.003825196297839284;1.0
737;0.003714518854394555;0.9650349617004395
738;0.0033890786580741405;1.0
739;0.0032420065253973007;1.0
740;0.003917683847248554;0.9510489702224731
741;0.003205707762390375;0.9720279574394226
742;0.00321919284760952;0.9930070042610168
743;0.003644178621470928;0.9650349617004395
744;0.002809325698763132;0.9930070042610168
745;0.0031455294229090214;0.9930070042610168
746;0.0033180657774209976;1.0
747;0.0027808290906250477;1.0
748;0.002648992231115699;1.0
749;0.0026906023267656565;1.0
750;0.0031275113578885794;0.9930070042610168
751;0.002774145919829607;1.0
752;0.002655845833942294;1.0
753;0.002442177152261138;0.9930070042610168
754;0.0022376885171979666;1.0
755;0.002459758659824729;0.9860140085220337
756;0.002531853038817644;0.9930070042610168
757;0.002553055062890053;0.9930070042610168
758;0.0023099579848349094;0.9930070042610168
759;0.002380793448537588;1.0
760;0.0023800889030098915;1.0
761;0.002274138852953911;1.0
762;0.002246985910460353;1.0
763;0.0021970453672111034;1.0
764;0.0021964048501104116;1.0
765;0.0021504235919564962;1.0
766;0.002130129374563694;1.0
767;0.0022929206024855375;1.0
768;0.002020469168201089;1.0
769;0.002180996350944042;1.0
770;0.001999196130782366;1.0
771;0.0021332819014787674;1.0
772;0.0020752595737576485;1.0
773;0.0020344993099570274;1.0
774;0.0018995238933712244;1.0
775;0.0021377913653850555;1.0
776;0.0022089704871177673;1.0
777;0.001911114901304245;1.0
778;0.0017955712974071503;1.0
779;0.0019782744348049164;1.0
780;0.001944420626387;1.0
781;0.0019069956615567207;1.0
782;0.0020198230631649494;0.9930070042610168
783;0.0019391098758205771;1.0
784;0.0019028227543458343;1.0
785;0.0017883493565022945;1.0
786;0.0019102594815194607;1.0
787;0.0018734607147052884;1.0
788;0.0017592263175174594;1.0
789;0.0020503350533545017;1.0
790;0.0018052838277071714;1.0
791;0.0018590007675811648;1.0
792;0.0020037738140672445;1.0
793;0.0018659504130482674;1.0
794;0.001969643635675311;1.0
795;0.0017372373258695006;1.0
796;0.0018813139759004116;1.0
797;0.002116742543876171;0.9930070042610168
798;0.0018265694379806519;1.0
799;0.0019127134000882506;1.0
800;0.0018340275855734944;1.0
801;0.0019385158084332943;1.0
802;0.0017164887394756079;1.0
803;0.0017884379485622048;1.0
804;0.0018542043399065733;1.0
805;0.0018007036997005343;1.0
806;0.0018582019256427884;1.0
807;0.001728844945318997;1.0
808;0.0017625073669478297;1.0
809;0.001854670699685812;1.0
810;0.0017867146525532007;1.0
811;0.0016809769440442324;1.0
812;0.001697084167972207;1.0
813;0.0021907109767198563;1.0
814;0.001776968245394528;1.0
815;0.0018077795393764973;1.0
816;0.001712285098619759;1.0
817;0.0017998525872826576;1.0
818;0.0017322020139545202;1.0
819;0.0017244634218513966;1.0
820;0.001650970778428018;1.0
821;0.001651585684157908;1.0
822;0.0016335990512743592;1.0
823;0.0018543254118412733;1.0
824;0.0018495668191462755;0.9860140085220337
825;0.001694077393040061;1.0
826;0.0016666544834151864;1.0
827;0.0021119355224072933;0.9860140085220337
828;0.0019772194791585207;1.0
829;0.001821934012696147;1.0
830;0.001748545910231769;1.0
831;0.0016752986703068018;1.0
832;0.0018735622288659215;1.0
833;0.0017902576364576817;1.0
834;0.0017172262305393815;1.0
835;0.0018994658021256328;0.9930070042610168
836;0.0017612867522984743;1.0
837;0.001752263866364956;1.0
838;0.002085226122289896;0.9720279574394226
839;0.0018610991537570953;1.0
840;0.002329113893210888;0.9860140085220337
841;0.00212707556784153;1.0
842;0.0017325680237263441;1.0
843;0.0018828102620318532;1.0
844;0.0020691195968538523;0.9930070042610168
845;0.001947724842466414;1.0
846;0.0018458478152751923;1.0
847;0.001710867159999907;1.0
848;0.0016623709816485643;1.0
849;0.0019177882932126522;0.9930070042610168
850;0.0017475176136940718;1.0
851;0.0017801597714424133;1.0
852;0.0016860481118783355;1.0
853;0.001693017198704183;1.0
854;0.001854656613431871;1.0
855;0.0018479040591046214;1.0
856;0.001671387581154704;1.0
857;0.0016952499281615019;1.0
858;0.0017321222694590688;1.0
859;0.0018845966551452875;1.0
860;0.0016052096616476774;1.0
861;0.0017532848287373781;1.0
862;0.0015626205131411552;1.0
863;0.0016096867620944977;1.0
864;0.001809371868148446;1.0
865;0.0016777005512267351;1.0
866;0.0017427547136321664;1.0
867;0.0015765659045428038;1.0
868;0.0018387328600510955;0.9860140085220337
869;0.0016576278721913695;1.0
870;0.0017780358903110027;1.0
871;0.0015500120352953672;1.0
872;0.001406780444085598;1.0
873;0.001771227573044598;0.9930070042610168
874;0.0016109519638121128;1.0
875;0.0017067663138732314;1.0
876;0.001818814896978438;1.0
877;0.0019425159553065896;0.9930070042610168
878;0.0016933049773797393;1.0
879;0.0021370211616158485;0.9790209531784058
880;0.0018626617966219783;1.0
881;0.0017214745748788118;1.0
882;0.0016549625433981419;1.0
883;0.001764961751177907;1.0
884;0.0017006369307637215;1.0
885;0.0016840287717059255;1.0
886;0.0016174153424799442;1.0
887;0.0016123547684401274;1.0
888;0.001646180171519518;1.0
889;0.001586775528267026;1.0
890;0.0016138475621119142;1.0
891;0.0015273690223693848;1.0
892;0.00165554229170084;1.0
893;0.0015055923722684383;1.0
894;0.0015775869833305478;1.0
895;0.0015230916906148195;1.0
896;0.0016627595759928226;1.0
897;0.0015445118770003319;1.0
898;0.001544447266496718;1.0
899;0.0015105137135833502;1.0
900;0.0014666416682302952;1.0
901;0.0016081579960882664;1.0
902;0.0014251660322770476;1.0
903;0.0016090006101876497;1.0
904;0.0016688082832843065;0.9930070042610168
905;0.0014676657738164067;1.0
906;0.0014709776733070612;1.0
907;0.0015415340894833207;1.0
908;0.0015949925873428583;1.0
909;0.001458886545151472;1.0
910;0.0015237253392115235;1.0
911;0.0014386322582140565;1.0
912;0.0014028288424015045;1.0
913;0.0015197135508060455;1.0
914;0.0013447622768580914;1.0
915;0.0015456476248800755;1.0
916;0.0015797100495547056;1.0
917;0.0015823320718482137;1.0
918;0.0015831360360607505;1.0
919;0.001455866266041994;1.0
920;0.0016142569947987795;1.0
921;0.0015402149874716997;1.0
922;0.0014894339255988598;1.0
923;0.0014959792606532574;1.0
924;0.0014527244493365288;1.0
925;0.00164449168369174;1.0
926;0.0015026491601020098;1.0
927;0.0015617550816386938;1.0
928;0.0014208657667040825;1.0
929;0.0014857277274131775;1.0
930;0.0014377236366271973;1.0
931;0.0014775890158489347;0.9930070042610168
932;0.001502496306784451;1.0
933;0.0015599664766341448;1.0
934;0.00157731503713876;1.0
935;0.0015203438233584166;1.0
936;0.001432550372555852;1.0
937;0.0013896445743739605;1.0
938;0.0014050914905965328;1.0
939;0.001543564023450017;1.0
940;0.0014657214051112533;1.0
941;0.0013675610534846783;1.0
942;0.0014429119182750583;1.0
943;0.0013941371580585837;1.0
944;0.001490177819505334;0.9930070042610168
945;0.0013916360912844539;1.0
946;0.0014428741997107863;1.0
947;0.0013986843405291438;1.0
948;0.001401973539032042;1.0
949;0.001400888548232615;1.0
950;0.0015022335574030876;1.0
951;0.0013771296944469213;1.0
952;0.001387145253829658;1.0
953;0.0014176468830555677;1.0
954;0.0013472193386405706;1.0
955;0.0014573675580322742;1.0
956;0.0013311202637851238;1.0
957;0.0014605883043259382;1.0
958;0.0012930360389873385;1.0
959;0.0012592240236699581;1.0
960;0.001365572796203196;1.0
961;0.001361060538329184;1.0
962;0.0013722958974540234;1.0
963;0.001346310367807746;1.0
964;0.0013354416005313396;1.0
965;0.0014229799853637815;1.0
966;0.0013411414111033082;1.0
967;0.0016755179967731237;0.9930070042610168
968;0.0013397270813584328;1.0
969;0.001399564789608121;1.0
970;0.0014428943395614624;1.0
971;0.0013294783420860767;1.0
972;0.0014073530910536647;0.9930070042610168
973;0.0013896167511120439;1.0
974;0.0014330320991575718;1.0
975;0.0013279856648296118;1.0
976;0.0013425367651507258;1.0
977;0.0012820959091186523;1.0
978;0.0013442514464259148;1.0
979;0.001261858968064189;1.0
980;0.0014168216148391366;1.0
981;0.0012610036646947265;1.0
982;0.0013180951355025172;1.0
983;0.001337498426437378;1.0
984;0.0013178125955164433;1.0
985;0.0013326420448720455;1.0
986;0.0013272571377456188;1.0
987;0.0013174249324947596;1.0
988;0.001512477407231927;1.0
989;0.001329137128777802;1.0
990;0.0013415887951850891;1.0
991;0.001546827144920826;1.0
992;0.0014814517926424742;1.0
993;0.0013767257332801819;1.0
994;0.0014254834968596697;1.0
995;0.0015387232415378094;1.0
996;0.001465679844841361;1.0
997;0.0013678226387128234;1.0
998;0.001418093335814774;1.0
999;0.001393263810314238;1.0
1000;0.001339274225756526;1.0
1001;0.0015214718878269196;1.0
1002;0.0014236723072826862;1.0
1003;0.0013206407893449068;1.0
1004;0.0013205577852204442;1.0
1005;0.0012970151146873832;1.0
1006;0.0014203110476955771;1.0
1007;0.0012934388360008597;1.0
1008;0.001303215161897242;1.0
1009;0.0012732103932648897;1.0
1010;0.0012981219915673137;1.0
1011;0.0013496056199073792;1.0
1012;0.0012638011248782277;1.0
1013;0.0013490570709109306;1.0
1014;0.001288791885599494;1.0
1015;0.0011435708729550242;1.0
1016;0.0012371290940791368;1.0
1017;0.0012236239854246378;1.0
1018;0.0012178251054137945;1.0
1019;0.001234977855347097;1.0
1020;0.0013230585027486086;1.0
1021;0.0012365737929940224;1.0
1022;0.001231763861142099;1.0
1023;0.0011224700137972832;1.0
1024;0.0013236654922366142;1.0
1025;0.0011809030547738075;1.0
1026;0.0012248395942151546;1.0
1027;0.0013237050734460354;1.0
1028;0.0012432620860636234;1.0
1029;0.0012071457458660007;1.0
1030;0.0012839443515986204;1.0
1031;0.0011702855117619038;1.0
1032;0.001269530039280653;1.0
1033;0.0012824374716728926;1.0
1034;0.0013146105920895934;0.9930070042610168
1035;0.0014066429575905204;1.0
1036;0.0012819486437365413;1.0
1037;0.0011698968010023236;1.0
1038;0.0013463287614285946;1.0
1039;0.0013024344807490706;1.0
1040;0.001238422584719956;1.0
1041;0.0012595802545547485;1.0
1042;0.0013616239884868264;1.0
1043;0.0012744554551318288;1.0
1044;0.0013294002274051309;1.0
1045;0.0011541483690962195;1.0
1046;0.0012678850907832384;1.0
1047;0.0013327517081052065;1.0
1048;0.0011926832376047969;1.0
1049;0.00127713184338063;1.0
1050;0.0012811548076570034;1.0
1051;0.0011522886343300343;1.0
1052;0.0013773925602436066;0.9930070042610168
1053;0.0013777170097455382;1.0
1054;0.001277400297112763;1.0
1055;0.0011964028235524893;1.0
1056;0.0013271932257339358;1.0
1057;0.0013048930559307337;1.0
1058;0.0012304122792556882;1.0
1059;0.0012001119321212173;1.0
1060;0.0011387479025870562;1.0
1061;0.001189794740639627;1.0
1062;0.0011897038202732801;1.0
1063;0.001281280186958611;1.0
1064;0.001181014347821474;1.0
1065;0.0011153649538755417;1.0
1066;0.001283039920963347;1.0
1067;0.001219304045662284;1.0
1068;0.0013649510219693184;1.0
1069;0.001298638409934938;1.0
1070;0.0012239835923537612;1.0
1071;0.0011785959359258413;1.0
1072;0.0013004412176087499;1.0
1073;0.0011879121884703636;1.0
1074;0.001318885711953044;1.0
1075;0.0011890758760273457;1.0
1076;0.0012485277839004993;1.0
1077;0.0012059437576681376;1.0
1078;0.0011972016654908657;1.0
1079;0.001124721486121416;1.0
1080;0.0010659575928002596;1.0
1081;0.0012584589421749115;1.0
1082;0.0012023665476590395;1.0
1083;0.0010892406571656466;1.0
1084;0.0011474683415144682;1.0
1085;0.0011516588274389505;1.0
1086;0.0011421376839280128;1.0
1087;0.0011565216118469834;1.0
1088;0.0012042078888043761;1.0
1089;0.001170015661045909;1.0
1090;0.0010980210499837995;1.0
1091;0.0011572942603379488;1.0
1092;0.0011321812635287642;1.0
1093;0.0011698086746037006;1.0
1094;0.0011755564482882619;1.0
1095;0.0011173111852258444;1.0
1096;0.0011691551189869642;1.0
1097;0.0011783557711169124;1.0
1098;0.0011252578115090728;1.0
1099;0.001209942507557571;1.0
1100;0.0010756122646853328;1.0
1101;0.0011151481885463;1.0
1102;0.0012817052192986012;1.0
1103;0.0012176857562735677;1.0
1104;0.001110793324187398;1.0
1105;0.0010896380990743637;1.0
1106;0.0011913655325770378;1.0
1107;0.001296986942179501;1.0
1108;0.0011660739546641707;1.0
1109;0.0011866077547892928;1.0
1110;0.0010503833182156086;1.0
1111;0.001343527459539473;1.0
1112;0.0012448040070012212;1.0
1113;0.0013933536829426885;0.9860140085220337
1114;0.0011322470381855965;1.0
1115;0.0012722068931907415;1.0
1116;0.0014773779548704624;0.9930070042610168
1117;0.0010955773759633303;1.0
1118;0.0019366800552234054;0.9790209531784058
1119;0.0013017336605116725;1.0
1120;0.0014300319598987699;1.0
1121;0.0012158710742369294;1.0
1122;0.0013940486824139953;1.0
1123;0.0013159126974642277;1.0
1124;0.0011969213373959064;1.0
1125;0.0012603214709088206;1.0
1126;0.0013337668497115374;1.0
1127;0.0012175675947219133;1.0
1128;0.0011137793771922588;1.0
1129;0.001111187506467104;1.0
1130;0.0011651917593553662;1.0
1131;0.0011576516553759575;1.0
1132;0.0011821582447737455;1.0
1133;0.0012432597577571869;1.0
1134;0.0010177603689953685;1.0
1135;0.0011417452478781343;1.0
1136;0.0011555973906069994;1.0
1137;0.0010631098411977291;1.0
1138;0.0011366002727299929;1.0
1139;0.0011235056445002556;1.0
1140;0.0010726728942245245;1.0
1141;0.0011083767749369144;1.0
1142;0.0012426725588738918;1.0
1143;0.0012021957663819194;1.0
1144;0.0012068721698597074;1.0
1145;0.0011014060582965612;1.0
1146;0.0010703867301344872;1.0
1147;0.0011470618192106485;1.0
1148;0.0011572546791285276;1.0
1149;0.0011988916667178273;1.0
1150;0.0011022095568478107;1.0
1151;0.0011022386606782675;1.0
1152;0.0010468410328030586;1.0
1153;0.0011085147270932794;1.0
1154;0.0011701276525855064;1.0
1155;0.001091614132747054;1.0
1156;0.0011160997673869133;1.0
1157;0.0010298495180904865;1.0
1158;0.0011233057593926787;1.0
1159;0.0010631162440404296;1.0
1160;0.0010847918456420302;1.0
1161;0.0009875554824247956;1.0
1162;0.001109514501877129;1.0
1163;0.001135516562499106;1.0
1164;0.0010563324904069304;1.0
1165;0.001042402465827763;1.0
1166;0.0010845697252079844;1.0
1167;0.0009795399382710457;1.0
1168;0.0010398426093161106;1.0
1169;0.0010041428031399846;1.0
1170;0.0010208982275798917;1.0
1171;0.0011208102805539966;1.0
1172;0.0010251256171613932;1.0
1173;0.0010672612115740776;1.0
1174;0.0010379098821431398;1.0
1175;0.001141729997470975;1.0
1176;0.0011075601214542985;1.0
1177;0.001019155140966177;1.0
1178;0.001051387982442975;1.0
1179;0.0009664020035415888;1.0
1180;0.0010545720579102635;1.0
1181;0.0010306485928595066;1.0
1182;0.001124614616855979;1.0
1183;0.0009839801350608468;1.0
1184;0.0010109192226082087;1.0
1185;0.0010011660633608699;1.0
1186;0.0010180589742958546;1.0
1187;0.0010728643974289298;1.0
1188;0.001066831056959927;1.0
1189;0.0009207366383634508;1.0
1190;0.0009980605682358146;1.0
1191;0.0010150863090530038;1.0
1192;0.001025377307087183;1.0
1193;0.001001410884782672;1.0
1194;0.0010532088344916701;1.0
1195;0.0009708591387607157;1.0
1196;0.0010205229045823216;1.0
1197;0.0010625221766531467;1.0
1198;0.000994944479316473;1.0
1199;0.0010974023025482893;1.0
1200;0.001052014995366335;1.0
1201;0.0010754467220976949;1.0
1202;0.0009872997179627419;1.0
1203;0.0010290852515026927;1.0
1204;0.0009980062022805214;1.0
1205;0.0011760148918256164;1.0
1206;0.0010416602017357945;1.0
1207;0.0009761521359905601;1.0
1208;0.0010572869796305895;1.0
1209;0.0011032185284420848;1.0
1210;0.0010555173503234982;1.0
1211;0.001132326084189117;1.0
1212;0.0010752574307844043;1.0
1213;0.0012698940699920058;0.9930070042610168
1214;0.001091067329980433;1.0
1215;0.004239599220454693;0.8531468510627747
1216;0.007619582582265139;0.7832167744636536
1217;0.0073139239102602005;0.8461538553237915
1218;0.006812445353716612;0.8321678042411804
1219;0.006577573250979185;0.8461538553237915
1220;0.0060680038295686245;0.8601398468017578
1221;0.005568884778767824;0.867132842540741
1222;0.005483426619321108;0.8881118893623352
1223;0.005821830593049526;0.881118893623352
1224;0.004985739942640066;0.881118893623352
1225;0.004971684422343969;0.8881118893623352
1226;0.004875791259109974;0.9090909361839294
1227;0.0047233677469193935;0.8881118893623352
1228;0.004413597751408815;0.9090909361839294
1229;0.0044696275144815445;0.9160839319229126
1230;0.004925791639834642;0.8951048851013184
1231;0.0042639682069420815;0.9090909361839294
1232;0.003677239641547203;0.9370629191398621
1233;0.003328929655253887;0.9510489702224731
1234;0.0034156355541199446;0.9440559148788452
1235;0.003080538474023342;0.9650349617004395
1236;0.0032172086648643017;0.9370629191398621
1237;0.003325848840177059;0.9510489702224731
1238;0.003440107451751828;0.9300699234008789
1239;0.003343822667375207;0.9370629191398621
1240;0.003020909149199724;0.9720279574394226
1241;0.003093759762123227;0.9860140085220337
1242;0.0023093735799193382;1.0
1243;0.0032066076528280973;0.9230769276618958
1244;0.00394601933658123;0.9230769276618958
1245;0.003102191025391221;0.9580419659614563
1246;0.002962738275527954;0.9440559148788452
1247;0.0033590360544621944;0.9440559148788452
1248;0.002713335445150733;1.0
1249;0.003748660907149315;0.9160839319229126
1250;0.003490304574370384;0.9020978808403015
1251;0.002357611432671547;0.9930070042610168
1252;0.0023226344492286444;0.9720279574394226
1253;0.00301497895270586;0.9650349617004395
1254;0.002540800254791975;0.9860140085220337
1255;0.0022321136202663183;1.0
1256;0.002220085822045803;0.9930070042610168
1257;0.002035236218944192;1.0
1258;0.0018622279167175293;1.0
1259;0.0017603368032723665;1.0
1260;0.001999212196096778;1.0
1261;0.0020579344127327204;0.9860140085220337
1262;0.0017362877260893583;1.0
1263;0.0018109208904206753;1.0
1264;0.0017530322074890137;1.0
1265;0.0018320768140256405;1.0
1266;0.0016611614264547825;1.0
1267;0.0014287050580605865;1.0
1268;0.0014302795752882957;1.0
1269;0.0015731911407783628;1.0
1270;0.00143374502658844;1.0
1271;0.0014040585374459624;1.0
1272;0.0014691699761897326;1.0
1273;0.0013607315486297011;0.9930070042610168
1274;0.001253263559192419;1.0
1275;0.001278107287362218;1.0
1276;0.0012920727021992207;1.0
1277;0.0012851047795265913;1.0
1278;0.0012251852313056588;1.0
1279;0.0012768168235197663;1.0
1280;0.0013871389674022794;1.0
1281;0.0012324494309723377;1.0
1282;0.0012121677864342928;1.0
1283;0.001217310898937285;1.0
1284;0.0012599715264514089;1.0
1285;0.0012208224507048726;1.0
1286;0.001131504657678306;1.0
1287;0.0011413696920499206;1.0
1288;0.0011735392035916448;1.0
1289;0.001129085780121386;1.0
1290;0.0010577677749097347;1.0
1291;0.0011472514597699046;1.0
1292;0.0010475515155121684;1.0
1293;0.0010808928636834025;1.0
1294;0.0011511617340147495;1.0
1295;0.0011308370158076286;1.0
1296;0.0010329243959859014;1.0
1297;0.0010565356351435184;1.0
1298;0.0010420673061162233;1.0
1299;0.0010899354238063097;1.0
1300;0.0009588366956450045;1.0
1301;0.0010294150561094284;1.0
1302;0.0011186874471604824;1.0
1303;0.0010336176492273808;1.0
1304;0.00105647137388587;1.0
1305;0.0009940286399796605;1.0
1306;0.001030560932122171;1.0
1307;0.0011098777176812291;1.0
1308;0.0010530285071581602;1.0
1309;0.0010617043590173125;1.0
1310;0.0009314526105299592;1.0
1311;0.0010742181912064552;1.0
1312;0.0009985838551074266;1.0
1313;0.0010723721934482455;1.0
1314;0.0009729628800414503;1.0
1315;0.0010676744859665632;1.0
1316;0.0009589445544406772;1.0
1317;0.0009859433630481362;1.0
1318;0.0009471500525251031;1.0
1319;0.0009673727909103036;1.0
1320;0.0009968620724976063;1.0
1321;0.001001799595542252;1.0
1322;0.001081943977624178;1.0
1323;0.0009589075343683362;1.0
1324;0.0009396069217473269;1.0
1325;0.0009883689926937222;1.0
1326;0.0009704072144813836;1.0
1327;0.0009307131404057145;1.0
1328;0.0008862389368005097;1.0
1329;0.0010803696932271123;1.0
1330;0.000953260634560138;1.0
1331;0.0009520987514406443;1.0
1332;0.0009304329287260771;1.0
1333;0.0009637476759962738;1.0
1334;0.0009181148489005864;1.0
1335;0.0009996674489229918;1.0
1336;0.0008898400701582432;1.0
1337;0.0008910038159228861;1.0
1338;0.0008713249699212611;1.0
1339;0.001007355866022408;1.0
1340;0.000897069345228374;1.0
1341;0.0009172951686196029;1.0
1342;0.0008640203741379082;1.0
1343;0.0008724050130695105;1.0
1344;0.0009707047138363123;1.0
1345;0.0009096246212720871;1.0
1346;0.0009217706974595785;1.0
1347;0.0009782887063920498;1.0
1348;0.0009271960589103401;1.0
1349;0.0008350659045390785;1.0
1350;0.0009031554800458252;1.0
1351;0.000957244192250073;1.0
1352;0.0009457756532356143;1.0
1353;0.0009019830031320453;1.0
1354;0.0008947919122874737;1.0
1355;0.0008580624125897884;1.0
1356;0.0008612999808974564;1.0
1357;0.000878728402312845;1.0
1358;0.0009277098579332232;1.0
1359;0.0009513787226751447;1.0
1360;0.0009116412838920951;1.0
1361;0.0008688627276569605;1.0
1362;0.0008807044941931963;1.0
1363;0.0009217645274475217;1.0
1364;0.0008387071429751813;1.0
1365;0.0009160669869743288;1.0
1366;0.0008237692527472973;1.0
1367;0.0007937419577501714;1.0
1368;0.0009637570474296808;1.0
1369;0.0009415475069545209;1.0
1370;0.0009358522947877645;1.0
1371;0.0008631460950709879;1.0
1372;0.0008473087218590081;1.0
1373;0.000849516480229795;1.0
1374;0.0009134989231824875;1.0
1375;0.0008818535716272891;1.0
1376;0.0008082657586783171;1.0
1377;0.0009258922073058784;1.0
1378;0.0008416401105932891;1.0
1379;0.0009009941131807864;1.0
1380;0.0008454045746475458;1.0
1381;0.0008468859596177936;1.0
1382;0.0008598864660598338;1.0
1383;0.0008785472600720823;1.0
1384;0.0008826146950013936;1.0
1385;0.0008642101311124861;1.0
1386;0.0009205221431329846;1.0
1387;0.0009410122293047607;1.0
1388;0.0008109289919957519;1.0
1389;0.0008483009878546;1.0
1390;0.0008366507827304304;1.0
1391;0.0008063502027653158;1.0
1392;0.000798273307736963;1.0
1393;0.0008163612219505012;1.0
1394;0.0008156986441463232;1.0
1395;0.0008766541141085327;1.0
1396;0.0009364482830278575;1.0
1397;0.0008142864098772407;1.0
1398;0.0009687002166174352;1.0
1399;0.0007977549103088677;1.0
1400;0.0008580036228522658;1.0
1401;0.0008481991244480014;1.0
1402;0.0008549257181584835;1.0
1403;0.0008307482348755002;1.0
1404;0.0009032126399688423;1.0
1405;0.000851782038807869;1.0
1406;0.0008885913994163275;1.0
1407;0.0008891171310096979;1.0
1408;0.0009116519941017032;1.0
1409;0.0008322034263983369;1.0
1410;0.000828684656880796;1.0
1411;0.0008932191412895918;1.0
1412;0.0008909042226150632;1.0
1413;0.0007740792352706194;1.0
1414;0.0008903488633222878;1.0
1415;0.0008928302559070289;1.0
1416;0.0008782102959230542;1.0
1417;0.000879867875482887;1.0
1418;0.0008858543587848544;1.0
1419;0.0008448365260846913;1.0
1420;0.000839413027279079;1.0
1421;0.000818576430901885;1.0
1422;0.0008872678154148161;1.0
1423;0.0008163772290572524;1.0
1424;0.0008925704169087112;1.0
1425;0.0007836773875169456;1.0
1426;0.0008462324622087181;1.0
1427;0.0008281234768219292;1.0
1428;0.0007902195211499929;1.0
1429;0.0008473806665278971;1.0
1430;0.0007921310607343912;1.0
1431;0.0008992289658635855;1.0
1432;0.0007887206738814712;1.0
1433;0.0008232846157625318;1.0
1434;0.0008419706136919558;1.0
1435;0.0009428978082723916;1.0
1436;0.0007751123048365116;1.0
1437;0.0008361980435438454;1.0
1438;0.0008466961444355547;1.0
1439;0.0008292003185488284;1.0
1440;0.0007980708032846451;1.0
1441;0.0008227293146774173;1.0
1442;0.0007910391432233155;1.0
1443;0.0008328359690494835;1.0
1444;0.0008612682577222586;1.0
1445;0.0008557070977985859;1.0
1446;0.0008072871132753789;1.0
1447;0.0008798670023679733;1.0
1448;0.0008157271659001708;1.0
1449;0.0009532693075016141;1.0
1450;0.0008810587460175157;1.0
1451;0.000783241936005652;1.0
1452;0.0008712941198609769;1.0
1453;0.0008395715849474072;1.0
1454;0.000802033522631973;1.0
1455;0.0008215246489271522;1.0
1456;0.0008198360446840525;1.0
1457;0.0008069772738963366;1.0
1458;0.0008794702007435262;1.0
1459;0.000920491642318666;1.0
1460;0.0008496649097651243;1.0
1461;0.0008190066437236965;1.0
1462;0.0007752595702186227;1.0
1463;0.0007889596163295209;1.0
1464;0.0009395937668159604;1.0
1465;0.0008700460311956704;1.0
1466;0.0007727812044322491;1.0
1467;0.0008097628597170115;1.0
1468;0.0008718952303752303;1.0
1469;0.0007729697390459478;1.0
1470;0.0008189140935428441;1.0
1471;0.0008146442705765367;1.0
1472;0.0007655337685719132;1.0
1473;0.0008631570381112397;1.0
1474;0.0007898233598098159;1.0
1475;0.0008233659900724888;1.0
1476;0.0007797250873409212;1.0
1477;0.0007819642778486013;1.0
1478;0.000779263733420521;1.0
1479;0.000722088385373354;1.0
1480;0.0008011993486434221;1.0
1481;0.0008198422146961093;1.0
1482;0.0008977644611150026;1.0
1483;0.0008013062179088593;1.0
1484;0.0008085031877271831;1.0
1485;0.0008560775895603001;1.0
1486;0.00084157899254933;1.0
1487;0.0008575657848268747;1.0
1488;0.000823216512799263;1.0
1489;0.0008659280720166862;1.0
1490;0.0007879890617914498;1.0
1491;0.0007953440654091537;1.0
1492;0.0007564167608506978;1.0
1493;0.0008753063739277422;1.0
1494;0.0007719206041656435;1.0
1495;0.0007734388345852494;1.0
1496;0.0007093572057783604;1.0
1497;0.0007321687298826873;1.0
1498;0.0007805977948009968;1.0
1499;0.0007907311664894223;1.0
