iteration;loss;accuracy
0;0.09567903727293015;0.32258063554763794
1;0.08415161073207855;0.29032257199287415
2;0.07296397536993027;0.4193548262119293
3;0.06897246092557907;0.25806450843811035
4;0.06809090822935104;0.4516128897666931
5;0.07169146835803986;0.32258063554763794
6;0.0679742842912674;0.4193548262119293
7;0.06490617990493774;0.35483869910240173
8;0.06433127820491791;0.3870967626571655
9;0.06426483392715454;0.4516128897666931
10;0.06696672737598419;0.25806450843811035
11;0.06434014439582825;0.25806450843811035
12;0.06119675934314728;0.4838709533214569
13;0.06202360987663269;0.4838709533214569
14;0.06097326800227165;0.4516128897666931
15;0.06108781322836876;0.4838709533214569
16;0.05865490064024925;0.6129032373428345
17;0.05778244510293007;0.6129032373428345
18;0.05690283328294754;0.5161290168762207
19;0.053389955312013626;0.7096773982048035
20;0.051878251135349274;0.6774193644523621
21;0.051289331167936325;0.774193525314331
22;0.048728037625551224;0.7419354915618896
23;0.045568838715553284;0.774193525314331
24;0.04317168891429901;0.7419354915618896
25;0.03958870470523834;0.774193525314331
26;0.03611373528838158;0.7419354915618896
27;0.040981605648994446;0.774193525314331
28;0.03883793577551842;0.8387096524238586
29;0.03835064172744751;0.8387096524238586
30;0.036846570670604706;0.8064516186714172
31;0.03380470350384712;0.8064516186714172
32;0.028797363862395287;0.8387096524238586
33;0.031020138412714005;0.8064516186714172
34;0.03106754831969738;0.8387096524238586
35;0.028696618974208832;0.8709677457809448
36;0.029442477971315384;0.8387096524238586
37;0.03193730115890503;0.8709677457809448
38;0.030269596725702286;0.8709677457809448
39;0.024409305304288864;0.8709677457809448
40;0.027433890849351883;0.9354838728904724
41;0.025037690997123718;0.9354838728904724
42;0.027582235634326935;0.8709677457809448
43;0.025516517460346222;0.9354838728904724
44;0.02185152843594551;0.9677419066429138
45;0.021163761615753174;0.9677419066429138
46;0.02233244851231575;0.9677419066429138
47;0.017559504136443138;1.0
48;0.017964348196983337;1.0
49;0.015584009699523449;1.0
50;0.01782667450606823;1.0
51;0.016078472137451172;1.0
52;0.0131943104788661;1.0
53;0.013607418164610863;1.0
54;0.014798342250287533;1.0
55;0.011464574374258518;1.0
56;0.011676535941660404;1.0
57;0.014539754018187523;1.0
58;0.011103535071015358;1.0
59;0.01199636422097683;1.0
60;0.009410900063812733;1.0
61;0.009210036136209965;1.0
62;0.011887558735907078;1.0
63;0.00934473518282175;1.0
64;0.009623824618756771;1.0
65;0.008521211333572865;1.0
66;0.008033775724470615;1.0
67;0.010303526185452938;1.0
68;0.009740564972162247;1.0
69;0.00829696748405695;1.0
70;0.007643044460564852;1.0
71;0.008081686682999134;1.0
72;0.007449735887348652;1.0
73;0.005459961947053671;1.0
74;0.006521904841065407;1.0
75;0.00719862524420023;1.0
76;0.006413430441170931;1.0
77;0.006657274905592203;1.0
78;0.0056405095383524895;1.0
79;0.006285400595515966;1.0
80;0.005827668122947216;1.0
81;0.005909951403737068;1.0
82;0.005433300510048866;1.0
83;0.005666553508490324;1.0
84;0.004690568894147873;1.0
85;0.0067255194298923016;1.0
86;0.005377550609409809;1.0
87;0.003760633058845997;1.0
88;0.003603391582146287;1.0
89;0.0040778652764856815;1.0
90;0.004401703365147114;1.0
91;0.00584603613242507;1.0
92;0.003974633291363716;1.0
93;0.003662015311419964;1.0
94;0.004865487106144428;1.0
95;0.005329949781298637;1.0
96;0.004994348157197237;1.0
97;0.003576500341296196;1.0
98;0.0038891909644007683;1.0
99;0.0036922949366271496;1.0
100;0.006145474500954151;1.0
101;0.005121299531310797;1.0
102;0.004258696921169758;1.0
103;0.0050149220041930676;1.0
104;0.004749891348183155;1.0
105;0.006893122103065252;1.0
106;0.004020540975034237;1.0
107;0.006545329000800848;1.0
108;0.00722134904935956;1.0
109;0.005130816716700792;1.0
110;0.004858366679400206;1.0
111;0.007196775171905756;1.0
112;0.0059325420297682285;1.0
113;0.00421486608684063;1.0
114;0.004017927218228579;1.0
115;0.004055861849337816;1.0
116;0.005403471644967794;1.0
117;0.003395912004634738;1.0
118;0.004445970524102449;1.0
119;0.004792626015841961;1.0
120;0.003551886882632971;1.0
121;0.003391982289031148;1.0
122;0.0034505047369748354;1.0
123;0.003657226450741291;1.0
124;0.004121548030525446;1.0
125;0.0027386031579226255;1.0
126;0.0029815658926963806;1.0
127;0.0020941568072885275;1.0
128;0.005373926367610693;1.0
129;0.002979035722091794;1.0
130;0.00402873894199729;1.0
131;0.002607791218906641;1.0
132;0.004204082768410444;1.0
133;0.0026042393874377012;1.0
134;0.003256698604673147;1.0
135;0.0036866320297122;1.0
136;0.002819221233949065;1.0
137;0.003354086773470044;1.0
138;0.0025217412039637566;1.0
139;0.00339949456974864;1.0
140;0.00305936555378139;1.0
141;0.0032124787103384733;1.0
142;0.0025260162074118853;1.0
143;0.003151520388200879;1.0
144;0.003380692331120372;1.0
145;0.0031332739163190126;1.0
146;0.0021906450856477022;1.0
147;0.0029004905372858047;1.0
148;0.003163968212902546;1.0
149;0.0035749662201851606;1.0
150;0.0033254390582442284;1.0
151;0.0022474764846265316;1.0
152;0.0028149455320090055;1.0
153;0.0028043005149811506;1.0
154;0.0027857006061822176;1.0
155;0.002946216380223632;1.0
156;0.0027042943984270096;1.0
157;0.00213041203096509;1.0
158;0.0027800435200333595;1.0
159;0.002748653991147876;1.0
160;0.002912563970312476;1.0
161;0.0036998444702476263;1.0
162;0.0028392786625772715;1.0
163;0.002669061766937375;1.0
164;0.002842435846105218;1.0
165;0.003569497261196375;1.0
166;0.00347049324773252;1.0
167;0.0021290872246026993;1.0
168;0.0024307260755449533;1.0
169;0.0023601981811225414;1.0
170;0.0023599641863256693;1.0
171;0.0029551442712545395;1.0
172;0.002241702051833272;1.0
173;0.0024278757628053427;1.0
174;0.002424000296741724;1.0
175;0.0021952283568680286;1.0
176;0.002092775423079729;1.0
177;0.0017870137235149741;1.0
178;0.002769641811028123;1.0
179;0.004013566765934229;1.0
180;0.003182140877470374;1.0
181;0.0020826742984354496;1.0
182;0.001784225576557219;1.0
183;0.0032265163026750088;1.0
184;0.002510645193979144;1.0
185;0.002702753758057952;1.0
186;0.002402671379968524;1.0
187;0.002725724596530199;1.0
188;0.0024321076925843954;1.0
189;0.002826586365699768;1.0
190;0.003010594518855214;1.0
191;0.0031625160481780767;1.0
192;0.0027126562781631947;1.0
193;0.003807441331446171;1.0
194;0.0029251822270452976;1.0
195;0.0027774882037192583;1.0
196;0.003167452523484826;1.0
197;0.0018591406987980008;1.0
198;0.0021047526970505714;1.0
199;0.002362071769312024;1.0
200;0.0017159543931484222;1.0
201;0.00298553379252553;1.0
202;0.0017053686315193772;1.0
203;0.0029521428514271975;1.0
204;0.002643593354150653;1.0
205;0.00176870240829885;1.0
206;0.001921526505611837;1.0
207;0.002025530906394124;1.0
208;0.002199654933065176;1.0
209;0.0022579156793653965;1.0
210;0.0020452747121453285;1.0
211;0.0017302862834185362;1.0
212;0.002416925737634301;1.0
213;0.0016509692650288343;1.0
214;0.002262075198814273;1.0
215;0.0025592211168259382;1.0
216;0.0017609414644539356;1.0
217;0.0023644014727324247;1.0
218;0.0016505594830960035;1.0
219;0.002362546743825078;1.0
220;0.0019398448057472706;1.0
221;0.0022746154572814703;1.0
222;0.0023070406168699265;1.0
223;0.001997813116759062;1.0
224;0.0021573342382907867;1.0
225;0.0013987886486575007;1.0
226;0.0012838878901675344;1.0
227;0.002032630378380418;1.0
228;0.0019104090752080083;1.0
229;0.001015839516185224;1.0
230;0.001655805273912847;1.0
231;0.0017695624846965075;1.0
232;0.001458765589632094;1.0
233;0.0019735952373594046;1.0
234;0.0016020468901842833;1.0
235;0.0015492804814130068;1.0
236;0.0013669600011780858;1.0
237;0.001989818876609206;1.0
238;0.0019627942238003016;1.0
239;0.001777195604518056;1.0
240;0.0014941573608666658;1.0
241;0.0015304392436519265;1.0
242;0.002066527958959341;1.0
243;0.0017171609215438366;1.0
244;0.002159691648557782;1.0
245;0.001165107823908329;1.0
246;0.0018630590057000518;1.0
247;0.0017676284769549966;1.0
248;0.001971621997654438;1.0
249;0.001334065105766058;1.0
250;0.001728945062495768;1.0
251;0.002119304146617651;1.0
252;0.0015765283023938537;1.0
253;0.00101928086951375;1.0
254;0.0014267279766499996;1.0
255;0.0009069200605154037;1.0
256;0.001625642878934741;1.0
257;0.0014216871932148933;1.0
258;0.0014560616109520197;1.0
259;0.0014887377619743347;1.0
260;0.001706792158074677;1.0
261;0.0018695673206821084;1.0
262;0.001999590778723359;1.0
263;0.0008812727755866945;1.0
264;0.0015534578124061227;1.0
265;0.001409768359735608;1.0
266;0.0015099066076800227;1.0
267;0.002175963716581464;1.0
268;0.001895948313176632;1.0
269;0.001636701519601047;1.0
270;0.0020943458657711744;1.0
271;0.001955666346475482;1.0
272;0.0016973784659057856;1.0
273;0.0013764454051852226;1.0
274;0.001281229080632329;1.0
275;0.0013121505035087466;1.0
276;0.0013819936430081725;1.0
277;0.0013172774342820048;1.0
278;0.001506503322161734;1.0
279;0.0013977610506117344;1.0
280;0.0013292029034346342;1.0
281;0.0013936673058196902;1.0
282;0.001304779900237918;1.0
283;0.0013006682274863124;1.0
284;0.0014886888675391674;1.0
285;0.0012320542009547353;1.0
286;0.001975678838789463;1.0
287;0.001379400142468512;1.0
288;0.00120045174844563;1.0
289;0.0011519964318722486;1.0
290;0.00158692488912493;1.0
291;0.001214781659655273;1.0
292;0.0008537843823432922;1.0
293;0.0011355350725352764;1.0
294;0.0012696599587798119;1.0
295;0.0010033623548224568;1.0
296;0.001086431904695928;1.0
297;0.0013560090446844697;1.0
298;0.0008415300399065018;1.0
299;0.0012574620777741075;1.0
300;0.0014966926537454128;1.0
301;0.0011795713799074292;1.0
302;0.0011387803824618459;1.0
303;0.0009657163172960281;1.0
304;0.0012751638423651457;1.0
305;0.0011054467177018523;1.0
306;0.0011603913735598326;1.0
307;0.0010621034307405353;1.0
308;0.001202140934765339;1.0
309;0.0011974856024608016;1.0
310;0.0012419610284268856;1.0
311;0.0011010733433067799;1.0
312;0.0011969574261456728;1.0
313;0.0007056075264699757;1.0
314;0.0010867735836654902;1.0
315;0.0008075084770098329;1.0
316;0.0009354832582175732;1.0
317;0.0014146046014502645;1.0
318;0.0010639847023412585;1.0
319;0.0010297521948814392;1.0
320;0.001082231872715056;1.0
321;0.0009937159484252334;1.0
322;0.0008744754013605416;1.0
323;0.0010501077631488442;1.0
324;0.00125426659360528;1.0
325;0.0007651353371329606;1.0
326;0.0011922353878617287;1.0
327;0.001218177261762321;1.0
328;0.001066786702722311;1.0
329;0.0009806558955460787;1.0
330;0.0011000421363860369;1.0
331;0.0008510619518347085;1.0
332;0.000752197636757046;1.0
333;0.0009990021353587508;1.0
334;0.000800390902440995;1.0
335;0.0009028378408402205;1.0
336;0.0008300024201162159;1.0
337;0.0008014982449822128;1.0
338;0.0006952128023840487;1.0
339;0.001149004208855331;1.0
340;0.0007585241110064089;1.0
341;0.001397921470925212;1.0
342;0.0008088872418738902;1.0
343;0.0006215926841832697;1.0
344;0.0007345416233874857;1.0
345;0.0009517078869976103;1.0
346;0.0010775491828098893;1.0
347;0.0008261647308245301;1.0
348;0.0008192665409296751;1.0
349;0.001374364597722888;1.0
350;0.0011159848654642701;1.0
351;0.0007877603638917208;1.0
352;0.001329772174358368;1.0
353;0.0010606516152620316;1.0
354;0.0012778075179085135;1.0
355;0.0008684510830789804;1.0
356;0.001140768057666719;1.0
357;0.0011215159902349114;1.0
358;0.001118163694627583;1.0
359;0.0007926644175313413;1.0
360;0.0006678078789263964;1.0
361;0.0011920931283384562;1.0
362;0.001008102553896606;1.0
363;0.000800451438408345;1.0
364;0.0009825011948123574;1.0
365;0.00110898376442492;1.0
366;0.0008520489209331572;1.0
367;0.0008778705960139632;1.0
368;0.0009787630988284945;1.0
369;0.0006511817337013781;1.0
370;0.0007091691950336099;1.0
371;0.0008975279051810503;1.0
372;0.0008898100932128727;1.0
373;0.0006214823806658387;1.0
374;0.0005767580005340278;1.0
375;0.0006500186864286661;1.0
376;0.0008686479413881898;1.0
377;0.0006796387024223804;1.0
378;0.0009851380018517375;1.0
379;0.0006745217251591384;1.0
380;0.0007078138878569007;1.0
381;0.0007382343173958361;1.0
382;0.0008421188686043024;1.0
383;0.0007914978195913136;1.0
384;0.0008143188315443695;1.0
385;0.0007277858094312251;1.0
386;0.0009611386340111494;1.0
387;0.000732886022888124;1.0
388;0.0007227935129776597;1.0
389;0.0006974320276640356;1.0
390;0.0008997126715257764;1.0
391;0.0011015607742592692;1.0
392;0.0006427129846997559;1.0
393;0.0007299596327356994;1.0
394;0.0008444372797384858;1.0
395;0.0011740089394152164;1.0
396;0.0006824207957834005;1.0
397;0.0007733295788057148;1.0
398;0.0006109502865001559;1.0
399;0.000803652626927942;1.0
400;0.00043649948202073574;1.0
401;0.0005031025502830744;1.0
402;0.0006217638147063553;1.0
403;0.0007875654846429825;1.0
404;0.0006939726881682873;1.0
405;0.0008875304483808577;1.0
406;0.0008912961347959936;1.0
407;0.0007434208528138697;1.0
408;0.000575995771214366;1.0
409;0.000662370934151113;1.0
410;0.0007283982122316957;1.0
411;0.00039107640623115003;1.0
412;0.0008174561080522835;1.0
413;0.0010582327377051115;1.0
414;0.0005507849273271859;1.0
415;0.0007209740579128265;1.0
416;0.0008797788759693503;1.0
417;0.0007720751455053687;1.0
418;0.0005344525561667979;1.0
419;0.0006952696130611002;1.0
420;0.00048076375969685614;1.0
421;0.0005501334089785814;1.0
422;0.0006585549563169479;1.0
423;0.0005702967173419893;1.0
424;0.0005284961080178618;1.0
425;0.0007024837541393936;1.0
426;0.0006590734701603651;1.0
427;0.0006377153913490474;1.0
428;0.0005456006620079279;1.0
429;0.0006514489068649709;1.0
430;0.00043054352863691747;1.0
431;0.0006492752581834793;1.0
432;0.00047986849676817656;1.0
433;0.0009351828484795988;1.0
434;0.0007230374030768871;1.0
435;0.0007131110760383308;1.0
436;0.000648503249976784;1.0
437;0.000435489637311548;1.0
438;0.000556176295503974;1.0
439;0.0005585539620369673;1.0
440;0.000428576284321025;1.0
441;0.0005586568149738014;1.0
442;0.0005562322912737727;1.0
443;0.0006140601471997797;1.0
444;0.0006082321633584797;1.0
445;0.0005893877241760492;1.0
446;0.0006278335931710899;1.0
447;0.0004088440036866814;1.0
448;0.00048340842477045953;1.0
449;0.0008835392654873431;1.0
450;0.0006567314267158508;1.0
451;0.0005964423762634397;1.0
452;0.00039728425326757133;1.0
453;0.0005120429559610784;1.0
454;0.0004903721273876727;1.0
455;0.00045761800720356405;1.0
456;0.0005388314602896571;1.0
457;0.0005965452874079347;1.0
458;0.0006361616542562842;1.0
459;0.00048360583605244756;1.0
460;0.0005181872402317822;1.0
461;0.0006652798037976027;1.0
462;0.0004793081316165626;1.0
463;0.00046908471267670393;1.0
464;0.0006550670368596911;1.0
465;0.0003704823611769825;1.0
466;0.0006241805385798216;1.0
467;0.00045985079486854374;1.0
468;0.0005860968958586454;1.0
469;0.0005440961685962975;1.0
470;0.0004436511662788689;1.0
471;0.0004089353606104851;1.0
472;0.000557589577510953;1.0
473;0.0004302304005250335;1.0
474;0.0007799042505212128;1.0
475;0.00047624658327549696;1.0
476;0.0004998404765501618;1.0
477;0.0004496873589232564;1.0
478;0.000675641349516809;1.0
479;0.0004940729704685509;1.0
480;0.00044031577999703586;1.0
481;0.00044660261482931674;1.0
482;0.0005242527113296092;1.0
483;0.0003898333525285125;1.0
484;0.00043823872692883015;1.0
485;0.0004827911907341331;1.0
486;0.0004690980422310531;1.0
487;0.00039745442336425185;1.0
488;0.0005345427780412138;1.0
489;0.000764243071898818;1.0
490;0.0004809431848116219;1.0
491;0.0008447428699582815;1.0
492;0.0005364484968595207;1.0
493;0.00038527417927980423;1.0
494;0.0004154984198976308;1.0
495;0.0005388267454691231;1.0
496;0.00042897919774986804;1.0
497;0.000387138279620558;1.0
498;0.00042394697084091604;1.0
499;0.0005112867802381516;1.0
500;0.0005560345016419888;1.0
501;0.0004902794025838375;1.0
502;0.0003585661470424384;1.0
503;0.00046583786024712026;1.0
504;0.0005701231420971453;1.0
505;0.000650543428491801;1.0
506;0.0007167203584685922;1.0
507;0.0004220399132464081;1.0
508;0.0005476705846376717;1.0
509;0.0004417021118570119;1.0
510;0.0005611064843833447;1.0
511;0.0007668510661460459;1.0
512;0.0003474304103292525;1.0
513;0.0006603234796784818;1.0
514;0.0005974759114906192;1.0
515;0.00040062543121166527;1.0
516;0.0003012792149093002;1.0
517;0.00047607667511329055;1.0
518;0.0006578436587005854;1.0
519;0.0004145597049500793;1.0
520;0.0005181659944355488;1.0
521;0.00042424286948516965;1.0
522;0.0003824353334493935;1.0
523;0.00045982858864590526;1.0
524;0.0003438199928496033;1.0
525;0.0005828067660331726;1.0
526;0.0005558752454817295;1.0
527;0.000410923472372815;1.0
528;0.00045949610648676753;1.0
529;0.00034755884553305805;1.0
530;0.0004108202119823545;1.0
531;0.0005405558040365577;1.0
532;0.0004088056448381394;1.0
533;0.0003661349765025079;1.0
534;0.000423333200160414;1.0
535;0.0004207557358313352;1.0
536;0.0002680406323634088;1.0
537;0.0005844342522323132;1.0
538;0.0005028476007282734;1.0
539;0.0003525441570673138;1.0
540;0.0004381314793135971;1.0
541;0.0002660561294760555;1.0
542;0.000319913582643494;1.0
543;0.0004880434717051685;1.0
544;0.00045599593431688845;1.0
545;0.00031531305285170674;1.0
546;0.00042894278885796666;1.0
547;0.0004070100258104503;1.0
548;0.0004704739258158952;1.0
549;0.0002976694086100906;1.0
550;0.0002489829494152218;1.0
551;0.0004126471758354455;1.0
552;0.00035663272137753665;1.0
553;0.0003052868996746838;1.0
554;0.00036467117024585605;1.0
555;0.0004212739586364478;1.0
556;0.0003283279365859926;1.0
557;0.0004050192655995488;1.0
558;0.0003792570496443659;1.0
559;0.0004262126749381423;1.0
560;0.0003362747956998646;1.0
561;0.000455759116448462;1.0
562;0.000386692670872435;1.0
563;0.00047469735727645457;1.0
564;0.0003541319747455418;1.0
565;0.00033728196285665035;1.0
566;0.00029093443299643695;1.0
567;0.0005596565897576511;1.0
568;0.00039730771095491946;1.0
569;0.0004880702181253582;1.0
570;0.00037660638918168843;1.0
571;0.0004330987576395273;1.0
572;0.0003737676015589386;1.0
573;0.0002977660624310374;1.0
574;0.00038945366395637393;1.0
575;0.00047914907918311656;1.0
576;0.00048370950389653444;1.0
577;0.0003838848206214607;1.0
578;0.00036201070179231465;1.0
579;0.00027066521579399705;1.0
580;0.0004075003380421549;1.0
581;0.000519794353749603;1.0
582;0.0004705666797235608;1.0
583;0.0004389186215121299;1.0
584;0.00032073218608275056;1.0
585;0.00040606409311294556;1.0
586;0.000370444031432271;1.0
587;0.0003820556157734245;1.0
588;0.0003117260057479143;1.0
589;0.0003544447827152908;1.0
590;0.0003256790805608034;1.0
591;0.0003523761697579175;1.0
592;0.0004889710689894855;1.0
593;0.00038115252391435206;1.0
594;0.00038418747135438025;1.0
595;0.0006443597958423197;1.0
596;0.0005842600367031991;1.0
597;0.00034881566534750164;1.0
598;0.00037454324774444103;1.0
599;0.0004249388293828815;1.0
600;0.0005048880120739341;1.0
601;0.00037838879507035017;1.0
602;0.0005571889341808856;1.0
603;0.00032962675322778523;1.0
604;0.00044745896593667567;1.0
605;0.00031383472378365695;1.0
606;0.00033523395541124046;1.0
607;0.00029785727383568883;1.0
608;0.00040153737063519657;1.0
609;0.0003299507370684296;1.0
610;0.0004718266718555242;1.0
611;0.00035837606992572546;1.0
612;0.00039885687874630094;1.0
613;0.00031758539262227714;1.0
614;0.0002678508753888309;1.0
615;0.0004520922957453877;1.0
616;0.00044691559742204845;1.0
617;0.0003222873783670366;1.0
618;0.0002771883155219257;1.0
619;0.00023341669293586165;1.0
620;0.00027873029466718435;1.0
621;0.00033512047957628965;1.0
622;0.00035373668652027845;1.0
623;0.00020650283840950578;1.0
624;0.000292629178147763;1.0
625;0.0002881746622733772;1.0
626;0.0003342704148963094;1.0
627;0.0002285372029291466;1.0
628;0.00032094816560857;1.0
629;0.0003912552201654762;1.0
630;0.00027651397977024317;1.0
631;0.00028770920471288264;1.0
632;0.0003245974949095398;1.0
633;0.000536528998054564;1.0
634;0.000447592930868268;1.0
635;0.0003126972878817469;1.0
636;0.0002972091606352478;1.0
637;0.0002753205189947039;1.0
638;0.0002672324771992862;1.0
639;0.0002686219522729516;1.0
640;0.0002986442414112389;1.0
641;0.0003339172399137169;1.0
642;0.00029164861189201474;1.0
643;0.0003920238232240081;1.0
644;0.00034177652560174465;1.0
645;0.0002498628164175898;1.0
646;0.00019418589363340288;1.0
647;0.00029590330086648464;1.0
648;0.0003514864656608552;1.0
649;0.00031776531250216067;1.0
650;0.00022726060706190765;1.0
651;0.0004009719123132527;1.0
652;0.0003024777106475085;1.0
653;0.000319967744871974;1.0
654;0.00026326029910705984;1.0
655;0.00019488322141114622;1.0
656;0.0002463717828504741;1.0
657;0.00037591453292407095;1.0
658;0.00036714886664412916;1.0
659;0.000195775501197204;1.0
660;0.00038838887121528387;1.0
661;0.00021468763588927686;1.0
662;0.0002808613935485482;1.0
663;0.00025413616094738245;1.0
664;0.0003869415959343314;1.0
665;0.0002537235850468278;1.0
666;0.0002590006624814123;1.0
667;0.00029160158010199666;1.0
668;0.00028803604072891176;1.0
669;0.0003391274076420814;1.0
670;0.0003153235593345016;1.0
671;0.0003166729584336281;1.0
672;0.00036237831227481365;1.0
673;0.0002676756412256509;1.0
674;0.00033946020994335413;1.0
675;0.00024128252698574215;1.0
676;0.00029239177820272744;1.0
677;0.0004380261816550046;1.0
678;0.00022605927370022982;1.0
679;0.00022948173864278942;1.0
680;0.00023605175374541432;1.0
681;0.0003017987764906138;1.0
682;0.000306061701849103;1.0
683;0.00041889731073752046;1.0
684;0.00023554678773507476;1.0
685;0.000264280301053077;1.0
686;0.0002478966780472547;1.0
687;0.00029568615718744695;1.0
688;0.00024658572510816157;1.0
689;0.0003660301154013723;1.0
690;0.00030458177207037807;1.0
691;0.00022124419047031552;1.0
692;0.0001524201943539083;1.0
693;0.0002445816935505718;1.0
694;0.0002688009408302605;1.0
695;0.00021555981948040426;1.0
696;0.00022824355983175337;1.0
697;0.0003107864176854491;1.0
698;0.0002831938909366727;1.0
699;0.00022203005210030824;1.0
700;0.00021058959828224033;1.0
701;0.00021906527399551123;1.0
702;0.0001958448119694367;1.0
703;0.0003668310528155416;1.0
704;0.0002501363633200526;1.0
705;0.00022059533512219787;1.0
706;0.00022382073802873492;1.0
707;0.000196114182472229;1.0
708;0.00020356329332571477;1.0
709;0.00025705675943754613;1.0
710;0.0003156129678245634;1.0
711;0.0002679773897398263;1.0
712;0.00015842821449041367;1.0
713;0.000205198215553537;1.0
714;0.00020604280871339142;1.0
715;0.00024063959426712245;1.0
716;0.000279701198451221;1.0
717;0.00027430441696196795;1.0
718;0.00022151906159706414;1.0
719;0.00025303513393737376;1.0
720;0.00016474597214255482;1.0
721;0.00020453838806133717;1.0
722;0.00023332078126259148;1.0
723;0.0002798336499836296;1.0
724;0.00021555539569817483;1.0
725;0.0001836697047110647;1.0
726;0.00016781427257228643;1.0
727;0.00032926109270192683;1.0
728;0.00029979494865983725;1.0
729;0.0002535197709221393;1.0
730;0.0001688859920250252;1.0
731;0.00020771798153873533;1.0
732;0.0002775941102299839;1.0
733;0.000182393952854909;1.0
734;0.00021292580640874803;1.0
735;0.0003193765878677368;1.0
736;0.0002331882278667763;1.0
737;0.00020106926967855543;1.0
738;0.00022001251636538655;1.0
739;0.00019786041229963303;1.0
740;0.00020182457228656858;1.0
741;0.00015710592560935766;1.0
742;0.00019275418890174478;1.0
743;0.0003084831696469337;1.0
744;0.00021841737907379866;1.0
745;0.0002344747044844553;1.0
746;0.00026325415819883347;1.0
747;0.0002727447426877916;1.0
748;0.0001847638632170856;1.0
749;0.0001552832400193438;1.0
750;0.00022660961258225143;1.0
751;0.00017640965234022588;1.0
752;0.00022325266036204994;1.0
753;0.0002517736575100571;1.0
754;0.0002598275023046881;1.0
755;0.0002623514737933874;1.0
756;0.00020400973153300583;1.0
757;0.0002022401604335755;1.0
758;0.00022842100588604808;1.0
759;0.00020965642761439085;1.0
760;0.00020397880871314555;1.0
761;0.00016454262367915362;1.0
762;0.00018954218830913305;1.0
763;0.0002662923070602119;1.0
764;0.00017597134865354747;1.0
765;0.00024262993247248232;1.0
766;0.0002674182178452611;1.0
767;0.00024256034521386027;1.0
768;0.00024992224643938243;1.0
769;0.00018941768212243915;1.0
770;0.00022771865769755095;1.0
771;0.00025164918042719364;1.0
772;0.00018099490262102336;1.0
773;0.00015475094551220536;1.0
774;0.000277828483376652;1.0
775;0.00022129873104859143;1.0
776;0.00023922102991491556;1.0
777;0.0002485952281858772;1.0
778;0.000302205269690603;1.0
779;0.00018260507204104215;1.0
780;0.0002005590358749032;1.0
781;0.00020397568005137146;1.0
782;0.00024838114040903747;1.0
783;0.0003063795738853514;1.0
784;0.0001810644898796454;1.0
785;0.0003026599297299981;1.0
786;0.00025676970835775137;1.0
787;0.0001337114372290671;1.0
788;0.00017942160775419325;1.0
789;0.00017857570492196828;1.0
790;0.00022020038159098476;1.0
791;0.00020398353808559477;1.0
792;0.00015509668446611613;1.0
793;0.00024505556211806834;1.0
794;0.00021211263083387166;1.0
795;0.0001394800201524049;1.0
796;0.00021000647393520921;1.0
797;0.00017581247084308416;1.0
798;0.00012143624917371199;1.0
799;0.00018885564350057393;1.0
800;0.00016834659618325531;1.0
801;0.00018138944869861007;1.0
802;0.00024368255981244147;1.0
803;0.00019592726312112063;1.0
804;0.00014554199879057705;1.0
805;0.00013874249998480082;1.0
806;0.00013705174205824733;1.0
807;0.00019340701692271978;1.0
808;0.0002115267707267776;1.0
809;0.00015346461441367865;1.0
810;0.00014557709801010787;1.0
811;0.00021042043226771057;1.0
812;0.0001577544171595946;1.0
813;0.00018418025865685195;1.0
814;0.0001532837632112205;1.0
815;0.00014055805513635278;1.0
816;0.0001459285558667034;1.0
817;0.0002140855067409575;1.0
818;0.00014371077122632414;1.0
819;0.0002186626079492271;1.0
820;0.00021828795433975756;1.0
821;0.0001915319444378838;1.0
822;0.00013317713455762714;1.0
823;0.0001467232796130702;1.0
824;0.0001679731358308345;1.0
825;0.00011550615454325452;1.0
826;0.00033934658858925104;1.0
827;0.0001192794443340972;1.0
828;0.00017731465050019324;1.0
829;0.0001900142087833956;1.0
830;0.00016242168203461915;1.0
831;0.0001444662775611505;1.0
832;0.0001736390549922362;1.0
833;0.00016261251585092396;1.0
834;0.0001745783956721425;1.0
835;0.0002592863456811756;1.0
836;0.0001533457252662629;1.0
837;0.0002146999177057296;1.0
838;0.00012498864089138806;1.0
839;0.0001270361099159345;1.0
840;0.00017687120998743922;1.0
841;0.00011935014481423423;1.0
842;0.00013251537166070193;1.0
843;0.00016741588478907943;1.0
844;0.0001488022826379165;1.0
845;0.00013180611131247133;1.0
846;0.00014442567771766335;1.0
847;0.0001302518940065056;1.0
848;0.0001725221227388829;1.0
849;0.00019333924865350127;1.0
850;0.0001515486219432205;1.0
851;0.00014250325330067426;1.0
852;0.00013395909627433866;1.0
853;0.00017380359349772334;1.0
854;0.00014717018348164856;1.0
855;0.0002004186826525256;1.0
856;0.00020161300199106336;1.0
857;0.00018188849207945168;1.0
858;0.00012205776874907315;1.0
859;0.00020706607028841972;1.0
860;0.00022523330699186772;1.0
861;0.00014168598863761872;1.0
862;0.0001416472514392808;1.0
863;0.00017618011042941362;1.0
864;0.00015469883510377258;1.0
865;0.00016286851314362139;1.0
866;0.0002236928412457928;1.0
867;0.000140466247103177;1.0
868;0.00021135818678885698;1.0
869;0.00021702311642002314;1.0
870;0.00014303663920145482;1.0
871;0.0001778801961336285;1.0
872;0.00019598718790803105;1.0
873;0.00013295240933075547;1.0
874;0.00017163975280709565;1.0
875;0.00015267585695255548;1.0
876;0.0001525688567198813;1.0
877;0.00023715576389804482;1.0
878;0.00016777560813352466;1.0
879;0.0002485680452082306;1.0
880;0.0001812486007111147;1.0
881;0.00016744653112255037;1.0
882;0.00011682490003295243;1.0
883;0.0001424081128789112;1.0
884;0.00012923979375045747;1.0
885;0.00017025956185534596;1.0
886;0.0001861423224909231;1.0
887;0.00018342964176554233;1.0
888;0.00011557790276128799;1.0
889;0.0004271093348506838;1.0
890;0.00014153022493701428;1.0
891;0.0001338011643383652;1.0
892;0.00018336482753511518;1.0
893;0.0001732826349325478;1.0
894;0.00015003442240413278;1.0
895;0.00011020901001757011;1.0
896;0.00014438971993513405;1.0
897;0.0001577396469656378;1.0
898;0.00020286609651520848;1.0
899;0.0001617310190340504;1.0
900;0.00015028630150482059;1.0
901;0.00018389589968137443;1.0
902;0.00015791835903655738;1.0
903;0.0001757204154273495;1.0
904;0.0001488308480475098;1.0
905;0.0001329476071987301;1.0
906;0.00013357825810089707;1.0
907;0.000145896861795336;1.0
908;0.00012129465903853998;1.0
909;0.00013739369751419872;1.0
910;0.0001304982288274914;1.0
911;0.0001211791459354572;1.0
912;0.00011816152255050838;1.0
913;0.0001264197053387761;1.0
914;0.00012566377699840814;1.0
915;0.000208675570320338;1.0
916;0.0001409925753250718;1.0
917;0.0001891495630843565;1.0
918;0.00014065862342249602;1.0
919;0.00013548642164096236;1.0
920;0.000134565110784024;1.0
921;0.0001399644825141877;1.0
922;0.0001478866470279172;1.0
923;0.00020933139603585005;1.0
924;9.742141992319375e-05;1.0
925;0.00012246303958818316;1.0
926;0.0001119485532399267;1.0
927;0.0001306682825088501;1.0
928;0.00015561614418402314;1.0
929;0.00017738550377544016;1.0
930;0.00011393543536541983;1.0
931;0.00016480185149703175;1.0
932;0.00011755649757105857;1.0
933;0.0001502351078670472;1.0
934;0.00021630672563333064;1.0
935;0.000136951231979765;1.0
936;0.00010623272828524932;1.0
937;0.00013664393918588758;1.0
938;0.00011211982928216457;1.0
939;0.0001566971477586776;1.0
940;0.00013468018732964993;1.0
941;0.000142805787618272;1.0
942;0.00014219817239791155;1.0
943;0.00014062912669032812;1.0
944;0.00015114124107640237;1.0
945;0.00011793572775786743;1.0
946;0.00012964567577000707;1.0
947;0.0001317589485552162;1.0
948;0.00014597561676055193;1.0
949;0.00017500347166787833;1.0
950;0.00013933215814176947;1.0
951;0.00011033424380002543;1.0
952;0.0001171491458080709;1.0
953;0.00010904725786531344;1.0
954;8.899586100596935e-05;1.0
955;0.0001339799491688609;1.0
956;0.0001618341339053586;1.0
957;8.49313655635342e-05;1.0
958;9.545077773509547e-05;1.0
959;0.00014252029359340668;1.0
960;0.00011985487071797252;1.0
961;0.00010492715227883309;1.0
962;0.00013048881373833865;1.0
963;9.788104944163933e-05;1.0
964;9.834298543864861e-05;1.0
965;9.422287985216826e-05;1.0
966;0.00010963041131617501;1.0
967;0.0001519793295301497;1.0
968;0.00012588585377670825;1.0
969;0.00011836917838081717;1.0
970;0.00012881991278845817;1.0
971;0.0001031696519930847;1.0
972;0.0001240439451066777;1.0
973;0.0001623757416382432;1.0
974;0.00010461699275765568;1.0
975;0.00017106581071857363;1.0
976;0.00017730947001837194;1.0
977;0.00016280596901196986;1.0
978;0.00012716752826236188;1.0
979;0.00011196785635547712;1.0
980;0.0001864045043475926;1.0
981;0.00025712314527481794;1.0
982;9.384978329762816e-05;1.0
983;0.00014744720829185098;1.0
984;0.00017759279580786824;1.0
985;0.0001521481608506292;1.0
986;0.0001452688593417406;1.0
987;0.00021598672901745886;1.0
988;0.00014193105744197965;1.0
989;0.00012054896797053516;1.0
990;0.00014833487512078136;1.0
991;0.0001710590295260772;1.0
992;0.00013172505714464933;1.0
993;0.00011930073378607631;1.0
994;0.00013078942720312625;1.0
995;0.00013966277765575796;1.0
996;0.000141455588163808;1.0
997;0.00019513884035404772;1.0
998;0.00025846261996775866;1.0
999;0.00016190658789128065;1.0
1000;0.00014110397023614496;1.0
1001;9.451503865420818e-05;1.0
1002;0.00014473855844698846;1.0
1003;0.0002120519638992846;1.0
1004;0.00015907350461930037;1.0
1005;9.448004857404158e-05;1.0
1006;0.00011500399705255404;1.0
1007;0.0001804498169803992;1.0
1008;0.00014205058687366545;1.0
1009;0.00013314357784111053;1.0
1010;0.0001330257800873369;1.0
1011;0.00013343409227672964;1.0
1012;0.00024846059386618435;1.0
1013;0.00019057717872783542;1.0
1014;0.00011933322093682364;1.0
1015;0.00017853479948826134;1.0
1016;0.00010699962876969948;1.0
1017;8.766418613959104e-05;1.0
1018;0.0001609597384231165;1.0
1019;9.954306005965918e-05;1.0
1020;0.00015698708011768758;1.0
1021;0.00014794139133300632;1.0
1022;0.00013141313684172928;1.0
1023;0.00010344119800720364;1.0
1024;0.00011204606562387198;1.0
1025;0.00011441062815720215;1.0
1026;9.890580258797854e-05;1.0
1027;0.00010877371823880821;1.0
1028;0.0001273385714739561;1.0
1029;7.717364496784285e-05;1.0
1030;7.886409730417654e-05;1.0
1031;0.00020335227600298822;1.0
1032;7.738790736766532e-05;1.0
1033;0.00011834836914204061;1.0
1034;0.00015104905469343066;1.0
1035;0.00012983505439478904;1.0
1036;8.049365715123713e-05;1.0
1037;0.00014168348570819944;1.0
1038;0.00011505383008625358;1.0
1039;9.788415627554059e-05;1.0
1040;0.00013563026732299477;1.0
1041;0.00010485872917342931;1.0
1042;0.00013644940918311477;1.0
1043;8.85065455804579e-05;1.0
1044;0.00011634400289040059;1.0
1045;8.668493683217093e-05;1.0
1046;0.00013776491687167436;1.0
1047;0.00012709431757684797;1.0
1048;0.0001470801653340459;1.0
1049;0.0001209955953527242;1.0
1050;0.00012413309013936669;1.0
1051;7.554146577604115e-05;1.0
1052;8.238368900492787e-05;1.0
1053;0.00011502869165269658;1.0
1054;0.0001855225273175165;1.0
1055;8.922995766624808e-05;1.0
1056;0.00010738820856204256;1.0
1057;0.0001638695248402655;1.0
1058;8.898222586140037e-05;1.0
1059;0.00013112272426951677;1.0
1060;0.0001116059283958748;1.0
1061;0.00015277188504114747;1.0
1062;0.0001174726930912584;1.0
1063;0.00010112408199347556;1.0
1064;0.000129686261061579;1.0
1065;9.574006253387779e-05;1.0
1066;0.00019416124268900603;1.0
1067;0.00011781989451264963;1.0
1068;7.519483915530145e-05;1.0
1069;0.00011347816325724125;1.0
1070;9.198323095915839e-05;1.0
1071;0.0001143228801083751;1.0
1072;0.00010432940325699747;1.0
1073;9.34532581595704e-05;1.0
1074;0.000112471345346421;1.0
1075;0.00010052210564026609;1.0
1076;0.00011113342043245211;1.0
1077;0.00011833367898361757;1.0
1078;8.493789209751412e-05;1.0
1079;0.00014249811647459865;1.0
1080;0.0001483591040596366;1.0
1081;9.474473336013034e-05;1.0
1082;0.0001542395184515044;1.0
1083;0.00013002792547922581;1.0
1084;0.00012805144069716334;1.0
1085;0.00010567277058726177;1.0
1086;0.0001430012780474499;1.0
1087;0.00012949516531080008;1.0
1088;0.00011322274076519534;1.0
1089;9.302561375079677e-05;1.0
1090;0.0001247534091817215;1.0
1091;6.356710946420208e-05;1.0
1092;9.260183287551627e-05;1.0
1093;8.916458318708465e-05;1.0
1094;8.365610847249627e-05;1.0
1095;0.000119622731290292;1.0
1096;6.934007978998125e-05;1.0
1097;0.00010843037307495251;1.0
1098;0.0001015726084006019;1.0
1099;9.485234477324411e-05;1.0
1100;0.00010789371299324557;1.0
1101;0.00010332804959034547;1.0
1102;8.899064414435998e-05;1.0
1103;9.616593888495117e-05;1.0
1104;0.00010628454037941992;1.0
1105;0.00010575634223641828;1.0
1106;9.170081466436386e-05;1.0
1107;6.711068999720737e-05;1.0
1108;8.934517973102629e-05;1.0
1109;8.685006469022483e-05;1.0
1110;0.00010160170495510101;1.0
1111;9.028561180457473e-05;1.0
1112;7.356702553806826e-05;1.0
1113;7.919005292933434e-05;1.0
1114;0.00021195066801737994;1.0
1115;9.787001908989623e-05;1.0
1116;0.00010156181815546006;1.0
1117;0.00011177844135090709;1.0
1118;9.478253923589364e-05;1.0
1119;8.230986713897437e-05;1.0
1120;0.00011052245099563152;1.0
1121;0.0001519844081485644;1.0
1122;0.00011090373300248757;1.0
1123;0.00010186633153352886;1.0
1124;8.315550076076761e-05;1.0
1125;0.00010610532626742497;1.0
1126;0.0001273015805054456;1.0
1127;6.0245041822781786e-05;1.0
1128;8.121199061861262e-05;1.0
1129;0.00010748060594778508;1.0
1130;5.830455120303668e-05;1.0
1131;6.141973426565528e-05;1.0
1132;8.765996608417481e-05;1.0
1133;0.00010814671986736357;1.0
1134;9.294826304540038e-05;1.0
1135;7.3762952524703e-05;1.0
1136;8.324173541041091e-05;1.0
1137;7.755189290037379e-05;1.0
1138;8.382385567529127e-05;1.0
1139;8.35220780572854e-05;1.0
1140;0.0001091796366381459;1.0
1141;0.00010577139619272202;1.0
1142;9.578791650710627e-05;1.0
1143;0.00012163993960712105;1.0
1144;8.871492900652811e-05;1.0
1145;7.664049917366356e-05;1.0
1146;8.529922342859209e-05;1.0
1147;8.826606790535152e-05;1.0
1148;7.728932541795075e-05;1.0
1149;0.000112116766104009;1.0
1150;7.896172610344365e-05;1.0
1151;8.878819062374532e-05;1.0
1152;0.00012697404599748552;1.0
1153;9.755478095030412e-05;1.0
1154;0.00013758923159912229;1.0
1155;0.00010366517381044105;1.0
1156;8.612711826572195e-05;1.0
1157;0.00020263990154489875;1.0
1158;9.279200457967818e-05;1.0
1159;5.911543848924339e-05;1.0
1160;9.805542504182085e-05;1.0
1161;8.869417797541246e-05;1.0
1162;5.7497629313729703e-05;1.0
1163;0.0001133269615820609;1.0
1164;0.00011446499411249533;1.0
1165;9.115046123042703e-05;1.0
1166;0.0001031067586154677;1.0
1167;8.383350359508768e-05;1.0
1168;8.755941962590441e-05;1.0
1169;8.936558151617646e-05;1.0
1170;0.00010365847265347838;1.0
1171;8.970734052127227e-05;1.0
1172;0.0001072935265256092;1.0
1173;8.807504491414875e-05;1.0
1174;7.647835445823148e-05;1.0
1175;8.866121788742021e-05;1.0
1176;0.00012259991490282118;1.0
1177;6.690661393804476e-05;1.0
1178;8.27270487206988e-05;1.0
1179;9.584547660779208e-05;1.0
1180;9.391715138917789e-05;1.0
1181;0.00012316762877162546;1.0
1182;9.000609861686826e-05;1.0
1183;7.026047387626022e-05;1.0
1184;9.896822302835062e-05;1.0
1185;7.121521775843576e-05;1.0
1186;8.115009404718876e-05;1.0
1187;8.297722524730489e-05;1.0
1188;9.356017835671082e-05;1.0
1189;0.00010338904394302517;1.0
1190;0.00011435002670623362;1.0
1191;7.884035585448146e-05;1.0
1192;0.0001112823374569416;1.0
1193;8.377302583539858e-05;1.0
1194;8.413795148953795e-05;1.0
1195;8.160458673955873e-05;1.0
1196;5.500467887031846e-05;1.0
1197;7.157046638894826e-05;1.0
1198;7.61876508477144e-05;1.0
1199;6.985452637309209e-05;1.0
1200;7.483675290131941e-05;1.0
1201;0.00014469549932982773;1.0
1202;6.765175930922851e-05;1.0
1203;0.00010892087448155507;1.0
1204;7.208978058770299e-05;1.0
1205;9.293959737988189e-05;1.0
1206;8.700488251633942e-05;1.0
1207;9.80979748419486e-05;1.0
1208;8.101388812065125e-05;1.0
1209;0.00016353942919522524;1.0
1210;8.60239306348376e-05;1.0
1211;9.477495041210204e-05;1.0
1212;9.659061470301822e-05;1.0
1213;8.659207378514111e-05;1.0
1214;0.00010922525689238682;1.0
1215;8.800034265732393e-05;1.0
1216;7.990603626240045e-05;1.0
1217;7.976253255037591e-05;1.0
1218;9.526614303467795e-05;1.0
1219;5.568097185459919e-05;1.0
1220;9.081020107259974e-05;1.0
1221;6.787968595745042e-05;1.0
1222;7.892507710494101e-05;1.0
1223;7.524466491304338e-05;1.0
1224;8.011791942408308e-05;1.0
1225;0.0001277160772588104;1.0
1226;7.20753741916269e-05;1.0
1227;7.451231067534536e-05;1.0
1228;6.576004670932889e-05;1.0
1229;7.12297551217489e-05;1.0
1230;9.481587767368183e-05;1.0
1231;9.284132102038711e-05;1.0
1232;6.177018076414242e-05;1.0
1233;9.471222438151017e-05;1.0
1234;7.678654947085306e-05;1.0
1235;6.065956404199824e-05;1.0
1236;6.913256220286712e-05;1.0
1237;8.20898640085943e-05;1.0
1238;7.975531480042264e-05;1.0
1239;7.225931767607108e-05;1.0
1240;8.004904520930722e-05;1.0
1241;7.348509097937495e-05;1.0
1242;7.362617907347158e-05;1.0
1243;7.89826808613725e-05;1.0
1244;7.297888078028336e-05;1.0
1245;7.376952999038622e-05;1.0
1246;7.635081419721246e-05;1.0
1247;9.411545761395246e-05;1.0
1248;5.6862070778151974e-05;1.0
1249;7.731014920864254e-05;1.0
1250;7.170946628320962e-05;1.0
1251;6.071604730095714e-05;1.0
1252;0.00011325820378260687;1.0
1253;8.215300476877019e-05;1.0
1254;6.683823448838666e-05;1.0
1255;8.244729542639107e-05;1.0
1256;8.006038115127012e-05;1.0
1257;8.455513307126239e-05;1.0
1258;0.00010322221351088956;1.0
1259;4.586959403241053e-05;1.0
1260;7.863021164666861e-05;1.0
1261;5.3389692766359076e-05;1.0
1262;3.933961852453649e-05;1.0
1263;9.957511065294966e-05;1.0
1264;6.15832832409069e-05;1.0
1265;6.0407910495996475e-05;1.0
1266;7.055277092149481e-05;1.0
1267;7.423679198836908e-05;1.0
1268;8.146192703861743e-05;1.0
1269;0.00010349974036216736;1.0
1270;5.882361438125372e-05;1.0
1271;4.74945773021318e-05;1.0
1272;9.465762559557334e-05;1.0
1273;7.703062874497846e-05;1.0
1274;9.723297989694402e-05;1.0
1275;6.310866592684761e-05;1.0
1276;6.156344898045063e-05;1.0
1277;7.272376387845725e-05;1.0
1278;5.759090345236473e-05;1.0
1279;7.24448764231056e-05;1.0
1280;9.304043487645686e-05;1.0
1281;0.00010495405877009034;1.0
1282;6.127143569756299e-05;1.0
1283;5.116986721986905e-05;1.0
1284;7.77809473220259e-05;1.0
1285;6.672685412922874e-05;1.0
1286;5.1118320698151365e-05;1.0
1287;8.38065316202119e-05;1.0
1288;7.177410589065403e-05;1.0
1289;8.196775888791308e-05;1.0
1290;0.00010724924504756927;1.0
1291;8.289122342830524e-05;1.0
1292;7.694871601415798e-05;1.0
1293;9.691619197838008e-05;1.0
1294;5.6295022659469396e-05;1.0
1295;5.317574323271401e-05;1.0
1296;7.953739986987785e-05;1.0
1297;9.171645069727674e-05;1.0
1298;8.841155067784712e-05;1.0
1299;4.964633990311995e-05;1.0
1300;5.262822742224671e-05;1.0
1301;7.241023558890447e-05;1.0
1302;6.83572216075845e-05;1.0
1303;5.4297473980113864e-05;1.0
1304;6.128825771156698e-05;1.0
1305;6.382990977726877e-05;1.0
1306;5.146397597854957e-05;1.0
1307;5.6471464631613344e-05;1.0
1308;6.081043102312833e-05;1.0
1309;5.537565448321402e-05;1.0
1310;6.253689207369462e-05;1.0
1311;7.131614984245971e-05;1.0
1312;7.243186701089144e-05;1.0
1313;4.8545716708758846e-05;1.0
1314;6.890179793117568e-05;1.0
1315;6.714064511470497e-05;1.0
1316;6.038134597474709e-05;1.0
1317;5.9057627368019894e-05;1.0
1318;6.849983765278012e-05;1.0
1319;7.76281303842552e-05;1.0
1320;5.01306785736233e-05;1.0
1321;6.656090408796445e-05;1.0
1322;4.4688276830129325e-05;1.0
1323;6.726724677719176e-05;1.0
1324;6.213445885805413e-05;1.0
1325;7.959969661897048e-05;1.0
1326;6.407158798538148e-05;1.0
1327;5.6459306506440043e-05;1.0
1328;6.95031849318184e-05;1.0
1329;0.00010290661157341674;1.0
1330;5.535683885682374e-05;1.0
1331;6.619783380301669e-05;1.0
1332;6.140146433608606e-05;1.0
1333;6.875800318084657e-05;1.0
1334;7.344520417973399e-05;1.0
1335;8.284105570055544e-05;1.0
1336;6.871408550068736e-05;1.0
1337;7.990866288309917e-05;1.0
1338;4.9531776312505826e-05;1.0
1339;7.199819810921326e-05;1.0
1340;6.15890821791254e-05;1.0
1341;5.529493864742108e-05;1.0
1342;6.99528245604597e-05;1.0
1343;6.378246325766668e-05;1.0
1344;7.102358358679339e-05;1.0
1345;6.235632463358343e-05;1.0
1346;6.438270065700635e-05;1.0
1347;5.021951801609248e-05;1.0
1348;6.48392378934659e-05;1.0
1349;4.4838547182735056e-05;1.0
1350;4.12892441090662e-05;1.0
1351;7.947867561597377e-05;1.0
1352;6.062412649043836e-05;1.0
1353;6.038256105966866e-05;1.0
1354;9.689145372249186e-05;1.0
1355;3.906773417838849e-05;1.0
1356;5.7063753047259524e-05;1.0
1357;6.070649760658853e-05;1.0
1358;5.663273987011053e-05;1.0
1359;6.12492294749245e-05;1.0
1360;9.51811671257019e-05;1.0
1361;5.590332148130983e-05;1.0
1362;0.00015185786469373852;1.0
1363;7.452223508153111e-05;1.0
1364;5.769380368292332e-05;1.0
1365;5.7931629271479324e-05;1.0
1366;9.903524914989248e-05;1.0
1367;7.074543100316077e-05;1.0
1368;8.125942986225709e-05;1.0
1369;7.384350465144962e-05;1.0
1370;0.0001077707638614811;1.0
1371;7.255765376612544e-05;1.0
1372;5.94012308283709e-05;1.0
1373;9.350039908895269e-05;1.0
1374;0.0001322645548498258;1.0
1375;8.193073881557211e-05;1.0
1376;6.0076421505073085e-05;1.0
1377;8.0438498116564e-05;1.0
1378;5.5861510190879926e-05;1.0
1379;6.825424497947097e-05;1.0
1380;5.531443457584828e-05;1.0
1381;5.455581413116306e-05;1.0
1382;6.861695874249563e-05;1.0
1383;5.3501786169363186e-05;1.0
1384;0.00012775576033163816;1.0
1385;5.821008380735293e-05;1.0
1386;7.533136522397399e-05;1.0
1387;5.437402433017269e-05;1.0
1388;0.00017602277512196451;1.0
1389;4.5389821025310084e-05;1.0
1390;6.890429358463734e-05;1.0
1391;8.931480260798708e-05;1.0
1392;5.9218215028522536e-05;1.0
1393;7.695671956753358e-05;1.0
1394;6.334591307677329e-05;1.0
1395;5.711982521461323e-05;1.0
1396;6.52837406960316e-05;1.0
1397;5.4047806770540774e-05;1.0
1398;5.76278252992779e-05;1.0
1399;5.286427040118724e-05;1.0
1400;5.256384611129761e-05;1.0
1401;8.270044054370373e-05;1.0
1402;7.770234515191987e-05;1.0
1403;5.340136704035103e-05;1.0
1404;5.807918932987377e-05;1.0
1405;5.0017315516015515e-05;1.0
1406;6.257826316868886e-05;1.0
1407;5.728706673835404e-05;1.0
1408;4.4847252866020426e-05;1.0
1409;5.486693771672435e-05;1.0
1410;5.873046029591933e-05;1.0
1411;5.0816928705899045e-05;1.0
1412;8.282306953333318e-05;1.0
1413;8.938720566220582e-05;1.0
1414;5.5195469030877575e-05;1.0
1415;4.900280691799708e-05;1.0
1416;3.202557854820043e-05;1.0
1417;5.961264832876623e-05;1.0
1418;6.223873788258061e-05;1.0
1419;5.029651219956577e-05;1.0
1420;6.89894295646809e-05;1.0
1421;6.311976903816685e-05;1.0
1422;4.340803570812568e-05;1.0
1423;4.7935853217495605e-05;1.0
1424;6.0462723922682926e-05;1.0
1425;6.199022027431056e-05;1.0
1426;5.50868826394435e-05;1.0
1427;5.16680083819665e-05;1.0
1428;3.8783149648224935e-05;1.0
1429;7.463450310751796e-05;1.0
1430;5.590727232629433e-05;1.0
1431;4.1647050238680094e-05;1.0
1432;6.791370105929673e-05;1.0
1433;5.673713167198002e-05;1.0
1434;4.834747960558161e-05;1.0
1435;5.653803236782551e-05;1.0
1436;5.7391836890019476e-05;1.0
1437;4.540621011983603e-05;1.0
1438;6.384965672623366e-05;1.0
1439;0.00012385055015329272;1.0
1440;9.739930101204664e-05;1.0
1441;5.54326870769728e-05;1.0
1442;5.2146784582873806e-05;1.0
1443;4.86758908664342e-05;1.0
1444;0.00010157919314224273;1.0
1445;8.520835399394855e-05;1.0
1446;6.424435559893027e-05;1.0
1447;0.00010340271546738222;1.0
1448;5.639094524667598e-05;1.0
1449;5.489059549290687e-05;1.0
1450;8.03660586825572e-05;1.0
1451;6.858499546069652e-05;1.0
1452;6.386426684912294e-05;1.0
1453;6.928289803909138e-05;1.0
1454;5.488180977408774e-05;1.0
1455;4.84376068925485e-05;1.0
1456;7.186691800598055e-05;1.0
1457;6.934532575542107e-05;1.0
1458;6.470363587141037e-05;1.0
1459;5.6818000302882865e-05;1.0
1460;4.6017848944757134e-05;1.0
1461;4.0131370042217895e-05;1.0
1462;6.294695049291477e-05;1.0
1463;5.5265318223973736e-05;1.0
1464;4.515418186201714e-05;1.0
1465;7.179217209341004e-05;1.0
1466;7.05783095327206e-05;1.0
1467;5.8343597629573196e-05;1.0
1468;5.125353709445335e-05;1.0
1469;4.5539691200247034e-05;1.0
1470;4.926920519210398e-05;1.0
1471;5.916126974625513e-05;1.0
1472;5.490240073413588e-05;1.0
1473;5.3769079386256635e-05;1.0
1474;5.597662311629392e-05;1.0
1475;5.825835614814423e-05;1.0
1476;5.8997844462282956e-05;1.0
1477;5.430373494164087e-05;1.0
1478;4.668967812904157e-05;1.0
1479;6.79718068568036e-05;1.0
1480;5.590777800534852e-05;1.0
1481;4.9832495278678834e-05;1.0
1482;5.5038883147062734e-05;1.0
1483;5.703664282918908e-05;1.0
1484;6.276784552028403e-05;1.0
1485;4.165098653174937e-05;1.0
1486;4.591096512740478e-05;1.0
1487;5.751936259912327e-05;1.0
1488;5.031548425904475e-05;1.0
1489;6.488568760687485e-05;1.0
1490;8.944363071350381e-05;1.0
1491;5.7118315453408286e-05;1.0
1492;6.115894939284772e-05;1.0
1493;6.187323742778972e-05;1.0
1494;7.723072485532612e-05;1.0
1495;0.00012844896991737187;1.0
1496;6.204259261721745e-05;1.0
1497;4.1202743886969984e-05;1.0
1498;6.767718150513247e-05;1.0
1499;4.4760716264136136e-05;1.0
