iteration;loss;accuracy
0;0.01765432208776474;0.0699300691485405
1;0.01652839221060276;0.0699300691485405
2;0.017124468460679054;0.06293706595897675
3;0.016841722652316093;0.0979020968079567
4;0.016525769606232643;0.1118881106376648
5;0.016453083604574203;0.0979020968079567
6;0.016487503424286842;0.0839160829782486
7;0.01652483455836773;0.1258741319179535
8;0.0165301114320755;0.07692307978868484
9;0.01638898067176342;0.10489510744810104
10;0.016304994001984596;0.1118881106376648
11;0.016232501715421677;0.07692307978868484
12;0.016176454722881317;0.1118881106376648
13;0.016057651489973068;0.1258741319179535
14;0.016033168882131577;0.16083915531635284
15;0.01586114428937435;0.16083915531635284
16;0.015757909044623375;0.1678321659564972
17;0.015788914635777473;0.18881118297576904
18;0.01569184847176075;0.1818181872367859
19;0.015643155202269554;0.1818181872367859
20;0.015519085340201855;0.2237762212753296
21;0.015649858862161636;0.1818181872367859
22;0.015501605346798897;0.16083915531635284
23;0.015419136732816696;0.2237762212753296
24;0.015461921691894531;0.17482517659664154
25;0.015351627953350544;0.1818181872367859
26;0.015377388335764408;0.1958041936159134
27;0.015273481607437134;0.20279720425605774
28;0.015231899917125702;0.20279720425605774
29;0.01531505212187767;0.2237762212753296
30;0.015256729908287525;0.2237762212753296
31;0.015006464906036854;0.251748263835907
32;0.015009297989308834;0.20279720425605774
33;0.014927209354937077;0.2237762212753296
34;0.014768156222999096;0.23076923191547394
35;0.01490109320729971;0.27272728085517883
36;0.014754120260477066;0.27272728085517883
37;0.014640259556472301;0.27272728085517883
38;0.014558369293808937;0.24475523829460144
39;0.01455637440085411;0.25874125957489014
40;0.014397743158042431;0.31468531489372253
41;0.014435048215091228;0.2937062978744507
42;0.014530247077345848;0.2377622425556183
43;0.014367508701980114;0.3356643319129944
44;0.01415971852838993;0.3356643319129944
45;0.014280663803219795;0.3216783106327057
46;0.014221932739019394;0.32867133617401123
47;0.014259644784033298;0.32867133617401123
48;0.01411273330450058;0.32867133617401123
49;0.014100133441388607;0.32867133617401123
50;0.013855435885488987;0.3356643319129944
51;0.014035692438483238;0.3776223659515381
52;0.013959351927042007;0.3496503531932831
53;0.013884015381336212;0.32867133617401123
54;0.013786119408905506;0.42657342553138733
55;0.013712236657738686;0.4335664212703705
56;0.013650590553879738;0.38461539149284363
57;0.013579312711954117;0.41258740425109863
58;0.013446975499391556;0.46853145956993103
59;0.013457607477903366;0.3986014127731323
60;0.013553469441831112;0.3916083872318268
61;0.013227715156972408;0.4965035021305084
62;0.013204522430896759;0.4755244851112366
63;0.01313074305653572;0.503496527671814
64;0.012667875736951828;0.5384615659713745
65;0.012873789295554161;0.4895104765892029
66;0.013168134726583958;0.4545454680919647
67;0.012613772414624691;0.5524475574493408
68;0.012929029762744904;0.46853145956993103
69;0.012552062049508095;0.5874125957489014
70;0.012686834670603275;0.5524475574493408
71;0.012445669621229172;0.559440553188324
72;0.012044776231050491;0.559440553188324
73;0.012277144938707352;0.5734265446662903
74;0.011805122718214989;0.6363636255264282
75;0.011627341620624065;0.6293706297874451
76;0.011863535270094872;0.6503496766090393
77;0.011600417084991932;0.6083915829658508
78;0.011420913971960545;0.6433566212654114
79;0.011508367024362087;0.6083915829658508
80;0.011340317316353321;0.6363636255264282
81;0.011181262321770191;0.7202796936035156
82;0.01110813021659851;0.6573426723480225
83;0.010694564320147038;0.7622377872467041
84;0.01092579122632742;0.692307710647583
85;0.010765653103590012;0.6993007063865662
86;0.010556100867688656;0.6783216595649719
87;0.010886944830417633;0.7412587404251099
88;0.01036507822573185;0.7132866978645325
89;0.010433944873511791;0.7272727489471436
90;0.010662122629582882;0.6503496766090393
91;0.009787030518054962;0.7272727489471436
92;0.010073138400912285;0.7202796936035156
93;0.010012706741690636;0.7762237787246704
94;0.00965533871203661;0.7622377872467041
95;0.009487334638834;0.7272727489471436
96;0.009669541381299496;0.7832167744636536
97;0.009349428117275238;0.8251748085021973
98;0.00935815554112196;0.7552447319030762
99;0.009385841898620129;0.7552447319030762
100;0.009071599692106247;0.8041958212852478
101;0.008998080156743526;0.8181818127632141
102;0.008625996299088001;0.7762237787246704
103;0.008739391341805458;0.8181818127632141
104;0.00886461604386568;0.7972028255462646
105;0.008688119240105152;0.811188817024231
106;0.008635157719254494;0.7972028255462646
107;0.008575113490223885;0.7832167744636536
108;0.008798987604677677;0.7832167744636536
109;0.009121077135205269;0.7622377872467041
110;0.008725169114768505;0.7832167744636536
111;0.008437112905085087;0.8531468510627747
112;0.00872808787971735;0.8041958212852478
113;0.008493129163980484;0.8251748085021973
114;0.00816938653588295;0.7832167744636536
115;0.008056696504354477;0.8601398468017578
116;0.008327269926667213;0.8181818127632141
117;0.00783858448266983;0.7902097702026367
118;0.007731820922344923;0.8321678042411804
119;0.0081332977861166;0.8181818127632141
120;0.007710037752985954;0.8251748085021973
121;0.007511660922318697;0.8041958212852478
122;0.007525263819843531;0.8461538553237915
123;0.007645847741514444;0.8391608595848083
124;0.007341189309954643;0.8531468510627747
125;0.007182764820754528;0.8391608595848083
126;0.006935483310371637;0.8601398468017578
127;0.0073988414369523525;0.811188817024231
128;0.007425051182508469;0.867132842540741
129;0.007044579833745956;0.8391608595848083
130;0.006956865079700947;0.867132842540741
131;0.006721563171595335;0.9020978808403015
132;0.00715887313708663;0.8391608595848083
133;0.006857229396700859;0.8881118893623352
134;0.0065619670785963535;0.867132842540741
135;0.006927626207470894;0.867132842540741
136;0.006774102337658405;0.8391608595848083
137;0.0064994413405656815;0.8881118893623352
138;0.0067147184163331985;0.867132842540741
139;0.006549023557454348;0.8951048851013184
140;0.0066073257476091385;0.8881118893623352
141;0.006195007357746363;0.8951048851013184
142;0.006349809002131224;0.8951048851013184
143;0.00645908759906888;0.867132842540741
144;0.006479410454630852;0.9090909361839294
145;0.006100812926888466;0.867132842540741
146;0.006232785061001778;0.9160839319229126
147;0.006002672482281923;0.8881118893623352
148;0.005979994311928749;0.9230769276618958
149;0.005729049444198608;0.9090909361839294
150;0.005842998623847961;0.9230769276618958
151;0.005853172391653061;0.9160839319229126
152;0.005765888839960098;0.9160839319229126
153;0.005919708404690027;0.8951048851013184
154;0.005614994093775749;0.9020978808403015
155;0.006025075912475586;0.881118893623352
156;0.005622525233775377;0.9160839319229126
157;0.006007795222103596;0.8881118893623352
158;0.005598315037786961;0.8951048851013184
159;0.005811212584376335;0.9020978808403015
160;0.0053746942430734634;0.9440559148788452
161;0.005526211112737656;0.9300699234008789
162;0.005547435954213142;0.9230769276618958
163;0.005157879553735256;0.9230769276618958
164;0.005632894579321146;0.9370629191398621
165;0.00532225426286459;0.8951048851013184
166;0.005510546732693911;0.8951048851013184
167;0.004980056546628475;0.9370629191398621
168;0.005235467106103897;0.9090909361839294
169;0.005189170129597187;0.9160839319229126
170;0.004835668485611677;0.9300699234008789
171;0.004935821518301964;0.9020978808403015
172;0.005060033872723579;0.9300699234008789
173;0.005248701199889183;0.8951048851013184
174;0.004851108882576227;0.9090909361839294
175;0.004689957946538925;0.9510489702224731
176;0.004641648381948471;0.9370629191398621
177;0.004813724663108587;0.9020978808403015
178;0.004860169719904661;0.9160839319229126
179;0.004765678662806749;0.9370629191398621
180;0.004674618598073721;0.9160839319229126
181;0.004765667486935854;0.9160839319229126
182;0.004801623988896608;0.9160839319229126
183;0.00483103608712554;0.9160839319229126
184;0.004522924777120352;0.9230769276618958
185;0.004758656024932861;0.9090909361839294
186;0.004547407850623131;0.9370629191398621
187;0.004261360969394445;0.9370629191398621
188;0.004597787745296955;0.9580419659614563
189;0.004278719890862703;0.9440559148788452
190;0.004252052865922451;0.9510489702224731
191;0.004248415119946003;0.9160839319229126
192;0.004308122210204601;0.9300699234008789
193;0.004149595275521278;0.9370629191398621
194;0.004601980559527874;0.9300699234008789
195;0.004103324841707945;0.9510489702224731
196;0.004149098880589008;0.9510489702224731
197;0.004460031632333994;0.9510489702224731
198;0.004084458574652672;0.9650349617004395
199;0.003766498528420925;0.9650349617004395
200;0.004093329422175884;0.9580419659614563
201;0.004046826157718897;0.9580419659614563
202;0.003948923200368881;0.9510489702224731
203;0.004068563226610422;0.9510489702224731
204;0.004195873625576496;0.9510489702224731
205;0.004066773224622011;0.9650349617004395
206;0.00394109170883894;0.9370629191398621
207;0.003998367581516504;0.9300699234008789
208;0.004191284067928791;0.9230769276618958
209;0.004070652648806572;0.9650349617004395
210;0.00406217947602272;0.9650349617004395
211;0.00379509711638093;0.9370629191398621
212;0.004149236716330051;0.9580419659614563
213;0.003835460636764765;0.9650349617004395
214;0.003967239987105131;0.9440559148788452
215;0.0036880739498883486;0.9650349617004395
216;0.0037364456802606583;0.9650349617004395
217;0.00401903223246336;0.9440559148788452
218;0.003873683512210846;0.9440559148788452
219;0.003656455548480153;0.9510489702224731
220;0.004026588052511215;0.9440559148788452
221;0.0038806202355772257;0.9580419659614563
222;0.003796901786699891;0.9510489702224731
223;0.003923962824046612;0.9230769276618958
224;0.003999087959527969;0.9370629191398621
225;0.003534965915605426;0.9370629191398621
226;0.0042952001094818115;0.9580419659614563
227;0.0035498642828315496;0.9650349617004395
228;0.0038406499661505222;0.9440559148788452
229;0.003922971896827221;0.9440559148788452
230;0.003510109381750226;0.9650349617004395
231;0.003762167179957032;0.9440559148788452
232;0.0036067927721887827;0.9510489702224731
233;0.0036857593804597855;0.9650349617004395
234;0.0035545360296964645;0.9720279574394226
235;0.0033040568232536316;0.9580419659614563
236;0.0032491886522620916;0.9370629191398621
237;0.003445613430812955;0.9650349617004395
238;0.0033788392320275307;0.9650349617004395
239;0.0031300929840654135;0.9650349617004395
240;0.0035355230793356895;0.9510489702224731
241;0.003378387074917555;0.9370629191398621
242;0.0033773367758840322;0.9510489702224731
243;0.0034669453743845224;0.9510489702224731
244;0.003201608546078205;0.9790209531784058
245;0.003572047920897603;0.9720279574394226
246;0.0030937427654862404;0.9510489702224731
247;0.0035545900464057922;0.9650349617004395
248;0.0032886408735066652;0.9790209531784058
249;0.003304698970168829;0.9720279574394226
250;0.0034203752875328064;0.9580419659614563
251;0.00310708349570632;0.9720279574394226
252;0.003087314311414957;0.9650349617004395
253;0.003130295779556036;0.9440559148788452
254;0.003008699743077159;0.9720279574394226
255;0.0029287722427397966;0.9860140085220337
256;0.003176069585606456;0.9510489702224731
257;0.002966012340039015;0.9790209531784058
258;0.0030579431913793087;0.9860140085220337
259;0.0030262062791734934;0.9650349617004395
260;0.0027967903297394514;0.9580419659614563
261;0.003195099299773574;0.9720279574394226
262;0.0030423880089074373;0.9860140085220337
263;0.0030435598455369473;0.9860140085220337
264;0.003015941008925438;0.9720279574394226
265;0.0032161164563149214;0.9720279574394226
266;0.002911113202571869;0.9720279574394226
267;0.002850264310836792;0.9720279574394226
268;0.0028490133117884398;0.9650349617004395
269;0.0029881629161536694;0.9860140085220337
270;0.0030386685393750668;0.9790209531784058
271;0.00350778317078948;0.9370629191398621
272;0.0035139983519911766;0.9510489702224731
273;0.0027729300782084465;0.9510489702224731
274;0.003329796716570854;0.9370629191398621
275;0.0028255381621420383;0.9930070042610168
276;0.00313681666739285;0.9650349617004395
277;0.0033284020610153675;0.9510489702224731
278;0.0029694396071135998;0.9930070042610168
279;0.0029760366305708885;0.9790209531784058
280;0.0030649893451482058;0.9440559148788452
281;0.00271977367810905;0.9860140085220337
282;0.002734104171395302;0.9930070042610168
283;0.002719673328101635;0.9930070042610168
284;0.002589259762316942;0.9930070042610168
285;0.002870147582143545;0.9790209531784058
286;0.002912992611527443;0.9720279574394226
287;0.0028541216161102057;0.9650349617004395
288;0.0026346256490796804;0.9790209531784058
289;0.0025493032298982143;0.9790209531784058
290;0.002542074304074049;0.9930070042610168
291;0.0026073125191032887;0.9860140085220337
292;0.0027301490772515535;0.9580419659614563
293;0.002434993628412485;0.9930070042610168
294;0.0025290148332715034;0.9930070042610168
295;0.0024862466380000114;0.9860140085220337
296;0.002356675686314702;1.0
297;0.002416197443380952;0.9790209531784058
298;0.002491711638867855;1.0
299;0.0024353815242648125;0.9930070042610168
300;0.002455968176946044;1.0
301;0.002497734734788537;0.9860140085220337
302;0.002375930780544877;0.9930070042610168
303;0.002400066703557968;0.9860140085220337
304;0.0022183340042829514;1.0
305;0.0025308101903647184;0.9790209531784058
306;0.00265909219160676;0.9930070042610168
307;0.0025102850049734116;0.9860140085220337
308;0.0021772386971861124;1.0
309;0.002618592930957675;0.9510489702224731
310;0.0025513293221592903;0.9790209531784058
311;0.0024361340329051018;0.9930070042610168
312;0.0022517640609294176;1.0
313;0.0024814836215227842;0.9860140085220337
314;0.002135676331818104;1.0
315;0.002272489480674267;0.9930070042610168
316;0.0026266423519700766;0.9790209531784058
317;0.002159472554922104;1.0
318;0.0027236463502049446;0.9650349617004395
319;0.0028808957431465387;0.9790209531784058
320;0.0024385994765907526;1.0
321;0.0025133874733000994;0.9860140085220337
322;0.0024333386681973934;0.9930070042610168
323;0.002298642648383975;1.0
324;0.0022618586663156748;1.0
325;0.0026764320209622383;0.9860140085220337
326;0.0022646517027169466;0.9860140085220337
327;0.00207797740586102;1.0
328;0.002142913406714797;1.0
329;0.0018768300069496036;1.0
330;0.0020757720340043306;1.0
331;0.002053649164736271;1.0
332;0.0021833977662026882;1.0
333;0.002075174357742071;1.0
334;0.0019700825214385986;1.0
335;0.002140841679647565;1.0
336;0.0018582239281386137;1.0
337;0.002009997144341469;1.0
338;0.002068326575681567;1.0
339;0.002077340381219983;1.0
340;0.0018767121946439147;1.0
341;0.0021386395674198866;1.0
342;0.001898894552141428;1.0
343;0.0019580714870244265;1.0
344;0.0023797808680683374;0.9930070042610168
345;0.0017082290723919868;1.0
346;0.0022049555554986;1.0
347;0.001998467603698373;1.0
348;0.001849327702075243;1.0
349;0.0018321502720937133;1.0
350;0.0017053581541404128;1.0
351;0.0018319273367524147;1.0
352;0.0022019813768565655;1.0
353;0.0018869503401219845;1.0
354;0.0017208695644512773;1.0
355;0.0018027679761871696;1.0
356;0.001850623986683786;1.0
357;0.00170368910767138;1.0
358;0.0017580996500328183;1.0
359;0.0016400885069742799;1.0
360;0.0017715899739414454;1.0
361;0.0017119316617026925;1.0
362;0.0021429695188999176;1.0
363;0.001790825161151588;1.0
364;0.0017342239152640104;1.0
365;0.0017127427272498608;1.0
366;0.0017080312827602029;1.0
367;0.001698518404737115;1.0
368;0.001620583701878786;1.0
369;0.0015537048457190394;1.0
370;0.0016084086382761598;1.0
371;0.0016214053612202406;1.0
372;0.0016218681121245027;1.0
373;0.001460463274270296;1.0
374;0.001590596977621317;1.0
375;0.0015005148015916348;1.0
376;0.0013962163357064128;1.0
377;0.0014512697234749794;1.0
378;0.001570946886204183;1.0
379;0.001623024931177497;1.0
380;0.0013792350655421615;1.0
381;0.0015334687195718288;1.0
382;0.0015829734038561583;1.0
383;0.0014310004189610481;1.0
384;0.0018966773059219122;0.9930070042610168
385;0.0015442647272720933;1.0
386;0.0015022146981209517;1.0
387;0.0016601464012637734;1.0
388;0.0015121160540729761;1.0
389;0.001490841619670391;1.0
390;0.0015249181305989623;1.0
391;0.001556095201522112;1.0
392;0.0014661879977211356;1.0
393;0.0014934386126697063;1.0
394;0.0016757008852437139;1.0
395;0.001531889196485281;1.0
396;0.0014144531451165676;1.0
397;0.0017138817347586155;1.0
398;0.001597920316271484;1.0
399;0.0014489410677924752;1.0
400;0.001520030084066093;1.0
401;0.001572861336171627;1.0
402;0.0016150122974067926;1.0
403;0.0015556850703433156;1.0
404;0.0014825594844296575;1.0
405;0.001394173945300281;1.0
406;0.0013978199567645788;1.0
407;0.0014541621785610914;1.0
408;0.001382822054438293;1.0
409;0.0013566705165430903;1.0
410;0.0013386094942688942;1.0
411;0.0014427178539335728;1.0
412;0.0013758434215560555;1.0
413;0.0014468489680439234;1.0
414;0.00140851060859859;1.0
415;0.0013165825512260199;1.0
416;0.0012995365541428328;1.0
417;0.0013052282156422734;1.0
418;0.0012160084443166852;1.0
419;0.001156673883087933;1.0
420;0.0012309637386351824;1.0
421;0.0014070204924792051;1.0
422;0.0014051183825358748;1.0
423;0.0013514006277546287;1.0
424;0.0012514698319137096;1.0
425;0.0013347850181162357;1.0
426;0.0013236061204224825;1.0
427;0.0013296373654156923;1.0
428;0.0013624231796711683;1.0
429;0.0012884608004242182;1.0
430;0.0012230082647874951;1.0
431;0.0013275064993649721;1.0
432;0.001155872829258442;1.0
433;0.0012516803108155727;1.0
434;0.001225059386342764;1.0
435;0.0012873124796897173;1.0
436;0.0011208083014935255;1.0
437;0.0012049076613038778;1.0
438;0.0014339013723656535;1.0
439;0.0011992068029940128;1.0
440;0.0011889631859958172;1.0
441;0.0012354559730738401;1.0
442;0.001273734262213111;1.0
443;0.0012790991459041834;1.0
444;0.0011197045678272843;1.0
445;0.0014003056567162275;1.0
446;0.0011261551408097148;1.0
447;0.001172922900877893;1.0
448;0.0011653451947495341;1.0
449;0.00115382915828377;1.0
450;0.0010901509085670114;1.0
451;0.001223440864123404;1.0
452;0.0011289346730336547;1.0
453;0.001219163415953517;1.0
454;0.0010988125577569008;1.0
455;0.0010959409410133958;1.0
456;0.0012109510134905577;1.0
457;0.0010732955997809768;1.0
458;0.0010952139273285866;1.0
459;0.0010599555680528283;1.0
460;0.001161911990493536;1.0
461;0.0010685066226869822;1.0
462;0.0012905587209388614;1.0
463;0.000964013917837292;1.0
464;0.0011675759451463819;1.0
465;0.0011590303620323539;1.0
466;0.0011867557186633348;1.0
467;0.00114711734931916;1.0
468;0.0011989814229309559;1.0
469;0.0011988712940365076;1.0
470;0.001034087734296918;1.0
471;0.0011966665042564273;1.0
472;0.0011512042256072164;1.0
473;0.0011001230450347066;1.0
474;0.001110532321035862;1.0
475;0.0011051477631554008;1.0
476;0.0011179129360243678;1.0
477;0.0011173828970640898;1.0
478;0.0012564487988129258;1.0
479;0.0012076613493263721;1.0
480;0.0011333096772432327;1.0
481;0.0009335119975730777;1.0
482;0.001191579271107912;1.0
483;0.0012140098260715604;1.0
484;0.001122299232520163;1.0
485;0.001156200421974063;1.0
486;0.0012840767158195376;1.0
487;0.001076987013220787;1.0
488;0.0012549833627417684;1.0
489;0.001125237438827753;1.0
490;0.0010844357311725616;1.0
491;0.0011591912480071187;0.9930070042610168
492;0.001348774298094213;1.0
493;0.001054713618941605;1.0
494;0.00121708691585809;1.0
495;0.0015451757935807109;1.0
496;0.0011592671507969499;1.0
497;0.0013125028926879168;1.0
498;0.0014036149950698018;1.0
499;0.001143366564065218;1.0
500;0.0013121068477630615;1.0
501;0.0011535397497937083;1.0
502;0.0012953398982062936;1.0
503;0.0011974606895819306;1.0
504;0.0010155225172638893;1.0
505;0.001161864958703518;1.0
506;0.001034867251291871;1.0
507;0.001122098765335977;1.0
508;0.001052804640494287;1.0
509;0.001084056799300015;1.0
510;0.0011299295583739877;1.0
511;0.0010445222724229097;1.0
512;0.0010950581636279821;1.0
513;0.0011446187272667885;1.0
514;0.0009516869322396815;1.0
515;0.0011117837857455015;1.0
516;0.001040985924191773;1.0
517;0.0010213869391009212;1.0
518;0.001029687700793147;1.0
519;0.0010233715875074267;1.0
520;0.0012486744672060013;1.0
521;0.0010301400907337666;1.0
522;0.0011097898241132498;1.0
523;0.0010468154214322567;1.0
524;0.0010951061267405748;1.0
525;0.0010588581208139658;1.0
526;0.0009712622268125415;1.0
527;0.001023417105898261;1.0
528;0.0009730716701596975;1.0
529;0.001032799482345581;1.0
530;0.001121188048273325;1.0
531;0.0012072068639099598;1.0
532;0.0008962558931671083;1.0
533;0.0009893467649817467;1.0
534;0.001009478815831244;1.0
535;0.0011088154278695583;1.0
536;0.0010051794815808535;1.0
537;0.001088203047402203;1.0
538;0.0010572283063083887;1.0
539;0.0010647260351106524;1.0
540;0.000941136502660811;1.0
541;0.0008876720676198602;1.0
542;0.000984705751761794;1.0
543;0.0010051425779238343;1.0
544;0.000989237567409873;1.0
545;0.0009513952536508441;1.0
546;0.0009546803194098175;1.0
547;0.0010061103384941816;1.0
548;0.0010469263652339578;1.0
549;0.001092913094907999;1.0
550;0.0009434305829927325;1.0
551;0.0009587672539055347;1.0
552;0.0008747060783207417;1.0
553;0.0008956978563219309;1.0
554;0.0010213727364316583;1.0
555;0.0009347014129161835;1.0
556;0.0009381815325468779;1.0
557;0.000933316070586443;1.0
558;0.0008566348114982247;1.0
559;0.0010145142441615462;1.0
560;0.0009422186994925141;1.0
561;0.0009357957751490176;1.0
562;0.000981445424258709;1.0
563;0.000868854345753789;1.0
564;0.0008809361606836319;1.0
565;0.0008130442583933473;1.0
566;0.0008274264400824904;1.0
567;0.000942958693485707;1.0
568;0.0009548537200316787;1.0
569;0.0008144149323925376;1.0
570;0.0007936939364299178;1.0
571;0.0008206107304431498;1.0
572;0.0007325839251279831;1.0
573;0.000934106414206326;1.0
574;0.0008852066239342093;1.0
575;0.00083451735554263;1.0
576;0.0008206601487472653;1.0
577;0.0008415963966399431;1.0
578;0.0007514259777963161;1.0
579;0.000870575022418052;1.0
580;0.0008899055537767708;1.0
581;0.000872442324180156;1.0
582;0.0008531406056135893;1.0
583;0.0008313626167364419;1.0
584;0.0007705268799327314;1.0
585;0.0010043561924248934;1.0
586;0.0008672346011735499;1.0
587;0.0009784008143469691;1.0
588;0.000818280503153801;1.0
589;0.0007939735078252852;1.0
590;0.0010160900419577956;1.0
591;0.0009272174793295562;1.0
592;0.0007870004046708345;1.0
593;0.0009370000916533172;1.0
594;0.000877944054082036;1.0
595;0.0010669896146282554;1.0
596;0.0009239792707376182;1.0
597;0.0008358447230421007;1.0
598;0.001123881433159113;1.0
599;0.0009547148365527391;1.0
600;0.0011121120769530535;1.0
601;0.0008717791642993689;1.0
602;0.0009151723352260888;1.0
603;0.0010273559018969536;1.0
604;0.0008751209825277328;1.0
605;0.0008873827755451202;1.0
606;0.0008077148231677711;1.0
607;0.0008975778473541141;1.0
608;0.0008508989121764898;1.0
609;0.000931597372982651;1.0
610;0.0007507193367928267;1.0
611;0.0008737465832382441;1.0
612;0.0008583335438743234;1.0
613;0.0008816275512799621;1.0
614;0.0007885899394750595;1.0
615;0.0007850423571653664;1.0
616;0.0008881739340722561;0.9930070042610168
617;0.0008396531920880079;1.0
618;0.0008435457129962742;1.0
619;0.0007943897508084774;1.0
620;0.000762136303819716;1.0
621;0.0007654230576008558;1.0
622;0.0008524283766746521;1.0
623;0.000988841988146305;1.0
624;0.0007597543299198151;1.0
625;0.0008162995218299329;1.0
626;0.0008644205518066883;1.0
627;0.0008666440262459219;1.0
628;0.0007429307443089783;1.0
629;0.0007236551027745008;1.0
630;0.0008406380657106638;1.0
631;0.0008346461690962315;1.0
632;0.0008342284709215164;1.0
633;0.0007969085709191859;1.0
634;0.0008940300322137773;1.0
635;0.0007932987064123154;1.0
636;0.0007980975788086653;1.0
637;0.0007960257935337722;1.0
638;0.0008052866905927658;1.0
639;0.0007547970162704587;1.0
640;0.0008666683570481837;1.0
641;0.0006952306139282882;1.0
642;0.0007499366183765233;1.0
643;0.0007595667848363519;1.0
644;0.0007270619389601052;1.0
645;0.0007203966961242259;1.0
646;0.0007346037309616804;1.0
647;0.0007780907908454537;1.0
648;0.0007884244550950825;1.0
649;0.000676461320836097;1.0
650;0.0006796587840653956;1.0
651;0.0007160302484408021;1.0
652;0.0007996191852726042;1.0
653;0.0007936058682389557;1.0
654;0.0007726973271928728;1.0
655;0.0007008110987953842;1.0
656;0.0007291527581401169;1.0
657;0.0007997278007678688;1.0
658;0.0008068028255365789;1.0
659;0.000911189999897033;1.0
660;0.0008570351637899876;1.0
661;0.0011417026398703456;0.9790209531784058
662;0.000861276697833091;1.0
663;0.0008439056691713631;1.0
664;0.001142724882811308;1.0
665;0.0008708355017006397;1.0
666;0.0007908939733169973;1.0
667;0.0008374312310479581;1.0
668;0.001068880083039403;1.0
669;0.0009470742661505938;1.0
670;0.0008933887584134936;1.0
671;0.0008988681947812438;1.0
672;0.0009847974870353937;1.0
673;0.0008772427099756896;1.0
674;0.0007951337029226124;1.0
675;0.0007814125856384635;1.0
676;0.0008028849260881543;1.0
677;0.0008024999988265336;1.0
678;0.000795139349065721;1.0
679;0.000742982083465904;1.0
680;0.0008014797349460423;1.0
681;0.000753569882363081;1.0
682;0.0007309694774448872;1.0
683;0.0009808160830289125;1.0
684;0.0006784538272768259;1.0
685;0.000774896761868149;1.0
686;0.0007677663816139102;1.0
687;0.0007530120201408863;1.0
688;0.0007385342614725232;1.0
689;0.0007576732896268368;1.0
690;0.0007144658011384308;1.0
691;0.000717188639100641;1.0
692;0.0006557030137628317;1.0
693;0.0008231516112573445;1.0
694;0.0007361838361248374;1.0
695;0.0007046830141916871;1.0
696;0.000687557621859014;1.0
697;0.0007145208073779941;1.0
698;0.0007043099612928927;1.0
699;0.0006862456211820245;1.0
700;0.0007326685590669513;1.0
701;0.0007301808218471706;1.0
702;0.0007285990286618471;1.0
703;0.0006918607396073639;1.0
704;0.0006348946481011808;1.0
705;0.0007169473683461547;1.0
706;0.0006153245340101421;1.0
707;0.0006706931162625551;1.0
708;0.0007490621646866202;1.0
709;0.0007452078280039132;1.0
710;0.0006893578683957458;1.0
711;0.000692054454702884;1.0
712;0.0007261583814397454;1.0
713;0.0007122735842131078;1.0
714;0.0006251086015254259;1.0
715;0.0006570387631654739;1.0
716;0.000741032708901912;1.0
717;0.0006715431809425354;1.0
718;0.0006889726500958204;1.0
719;0.0007038614712655544;1.0
720;0.0007266908069141209;1.0
721;0.0006897980929352343;1.0
722;0.0007047406397759914;1.0
723;0.0007023351499810815;1.0
724;0.0006721182144246995;1.0
725;0.0006856491672806442;1.0
726;0.0005929956096224487;1.0
727;0.0006968677625991404;1.0
728;0.0006569442921318114;1.0
729;0.0005807831767015159;1.0
730;0.0006626199465245008;1.0
731;0.0006182387005537748;1.0
732;0.0005743626388721168;1.0
733;0.0005597512936219573;1.0
734;0.0006502071628347039;1.0
735;0.0006320562097243965;1.0
736;0.0006103185587562621;1.0
737;0.0006463358295150101;1.0
738;0.0006936233257874846;1.0
739;0.0006052927928976715;1.0
740;0.0007590380846522748;1.0
741;0.0006236729095689952;1.0
742;0.0006030740332789719;1.0
743;0.0006289354059845209;1.0
744;0.0006653420859947801;1.0
745;0.000615243217907846;1.0
746;0.0006057018763385713;1.0
747;0.000624569715000689;1.0
748;0.0006055828998796642;1.0
749;0.0005103001021780074;1.0
750;0.0006136936717666686;1.0
751;0.0005845859413966537;1.0
752;0.0005883552948944271;1.0
753;0.0005676326691173017;1.0
754;0.0005285458173602819;1.0
755;0.0006227190606296062;1.0
756;0.0005537489196285605;1.0
757;0.000465207063825801;1.0
758;0.0005886845756322145;1.0
759;0.0006298598600551486;1.0
760;0.0005966624594293535;1.0
761;0.0005855298950336874;1.0
762;0.0005500288098119199;1.0
763;0.0005509358015842736;1.0
764;0.00057677534641698;1.0
765;0.0005862824036739767;1.0
766;0.0006104005151428282;1.0
767;0.0005477341474033892;1.0
768;0.0005758948973380029;1.0
769;0.0005991731304675341;1.0
770;0.0006139386096037924;1.0
771;0.0006059064180590212;1.0
772;0.0005167471244931221;1.0
773;0.0005385606782510877;1.0
774;0.0005715611623600125;1.0
775;0.0006124503561295569;1.0
776;0.0005125168827362359;1.0
777;0.0005769373965449631;1.0
778;0.0005901377298869193;1.0
779;0.0005726098897866905;1.0
780;0.0005669570527970791;1.0
781;0.000534071761649102;1.0
782;0.0005626680213026702;1.0
783;0.0006266480195336044;1.0
784;0.0006080493913032115;1.0
785;0.0004960075602866709;1.0
786;0.0005702167982235551;1.0
787;0.0005728816031478345;1.0
788;0.0006291238823905587;1.0
789;0.0006332468474283814;1.0
790;0.000586545211263001;1.0
791;0.0006075629498809576;1.0
792;0.0005099066765978932;1.0
793;0.0005297268508002162;1.0
794;0.0006608816329389811;1.0
795;0.0006541857146658003;1.0
796;0.000519032240845263;1.0
797;0.0005470702308230102;1.0
798;0.000584299152251333;1.0
799;0.0005306138191372156;1.0
800;0.0005864966660737991;1.0
801;0.0005749349948018789;1.0
802;0.0006158660398796201;1.0
803;0.0005779999773949385;1.0
804;0.0005288044922053814;1.0
805;0.0005298243486322463;1.0
806;0.000540068605914712;1.0
807;0.0005215643905103207;1.0
808;0.0005310132983140647;1.0
809;0.0005349949933588505;1.0
810;0.0005497884121723473;1.0
811;0.0005981306312605739;1.0
812;0.0006160112679935992;1.0
813;0.0005622762837447226;1.0
814;0.0005010194145143032;1.0
815;0.0006292201578617096;1.0
816;0.0004786394420079887;1.0
817;0.0005746774841099977;1.0
818;0.0006392024224624038;1.0
819;0.0005748700932599604;1.0
820;0.0005317502655088902;1.0
821;0.0005305235972627997;1.0
822;0.0005390832084231079;1.0
823;0.0005646126810461283;1.0
824;0.000587829970754683;1.0
825;0.0005389772122725844;1.0
826;0.0006584629882127047;1.0
827;0.0005582583835348487;1.0
828;0.0005461875116452575;1.0
829;0.0005919806426391006;1.0
830;0.0005373882013373077;1.0
831;0.0005775304744020104;1.0
832;0.0005332166911102831;1.0
833;0.0005834223120473325;1.0
834;0.0005502443527802825;1.0
835;0.0004899323103018105;1.0
836;0.0004937550984323025;1.0
837;0.00048008712474256754;1.0
838;0.000541401153896004;1.0
839;0.0005067178863100708;1.0
840;0.0005766854737885296;1.0
841;0.0005077042733319104;1.0
842;0.000526954245287925;1.0
843;0.0005917103844694793;1.0
844;0.0004777659196406603;1.0
845;0.0004482784424908459;1.0
846;0.0005107645411044359;1.0
847;0.0005034408532083035;1.0
848;0.0005332895088940859;1.0
849;0.0004557453212328255;1.0
850;0.000469611375592649;1.0
851;0.0004587031144183129;1.0
852;0.0005049537867307663;1.0
853;0.0005033074412494898;1.0
854;0.0005262530758045614;1.0
855;0.0005127068143337965;1.0
856;0.0005038225208409131;1.0
857;0.00047178776003420353;1.0
858;0.0004885902162641287;1.0
859;0.000541375600732863;1.0
860;0.0004987555439583957;1.0
861;0.0005895371432416141;1.0
862;0.0004861833876930177;1.0
863;0.0005304185906425118;1.0
864;0.0005950467893853784;1.0
865;0.0005308427498675883;1.0
866;0.0004821809125132859;1.0
867;0.0005252891569398344;1.0
868;0.0005065116565674543;1.0
869;0.0004555321065708995;1.0
870;0.000563449808396399;1.0
871;0.0006279029184952378;1.0
872;0.0005085056181997061;1.0
873;0.0005110182100906968;1.0
874;0.0005233085830695927;1.0
875;0.0004866793460678309;1.0
876;0.0005096343229524791;1.0
877;0.0005255214055068791;1.0
878;0.0005033921916037798;1.0
879;0.0005175371770747006;1.0
880;0.0004847862583119422;1.0
881;0.0005020354292355478;1.0
882;0.0005118612316437066;1.0
883;0.0004662448773160577;1.0
884;0.0005029442254453897;1.0
885;0.0005418488290160894;1.0
886;0.0005017154035158455;1.0
887;0.0004925166722387075;1.0
888;0.00045805025729350746;1.0
889;0.0005191090167500079;1.0
890;0.00048084347508847713;1.0
891;0.0005239614984020591;1.0
892;0.0004926570691168308;1.0
893;0.00042133976239711046;1.0
894;0.00048349954886361957;1.0
895;0.0004655946104321629;1.0
896;0.00048644246999174356;1.0
897;0.0005014585331082344;1.0
898;0.0004662821884267032;1.0
899;0.00042314158054068685;1.0
900;0.0005064827273599803;1.0
901;0.00042110163485631347;1.0
902;0.0004534546169452369;1.0
903;0.00042349632713012397;1.0
904;0.0004900043131783605;1.0
905;0.00042639789171516895;1.0
906;0.000540237408131361;1.0
907;0.00043649342842400074;1.0
908;0.0005058732349425554;1.0
909;0.0005392372841015458;1.0
910;0.000506821321323514;1.0
911;0.00048171475646086037;1.0
912;0.0004276833205949515;1.0
913;0.00046427472261711955;1.0
914;0.00046139786718413234;1.0
915;0.000500458525493741;1.0
916;0.0004737354756798595;1.0
917;0.0004863543144892901;1.0
918;0.000495599873829633;1.0
919;0.0004942448576912284;1.0
920;0.0005179496365599334;1.0
921;0.0004550112644210458;1.0
922;0.0004486369725782424;1.0
923;0.0004899582709185779;1.0
924;0.0004439979384187609;1.0
925;0.000484105315990746;1.0
926;0.0005108410259708762;1.0
927;0.00047314955736510456;1.0
928;0.0004149310407228768;1.0
929;0.0004831971600651741;1.0
930;0.00044325311318971217;1.0
931;0.0004356099234428257;1.0
932;0.0004558466316666454;1.0
933;0.0004539900692179799;1.0
934;0.00041316001443192363;1.0
935;0.00043638586066663265;1.0
936;0.0004085395485162735;1.0
937;0.0004459807532839477;1.0
938;0.00041307456558570266;1.0
939;0.00043355312664061785;1.0
940;0.0003784827422350645;1.0
941;0.0004517832421697676;1.0
942;0.000479565147543326;1.0
943;0.0004092038725502789;1.0
944;0.0004470497078727931;1.0
945;0.0004641160776372999;1.0
946;0.00042388346628285944;1.0
947;0.00047058958443813026;1.0
948;0.000437189795775339;1.0
949;0.0004118620709050447;1.0
950;0.0004732015077024698;1.0
951;0.0005026128492318094;1.0
952;0.0004179090028628707;1.0
953;0.00044405859080143273;1.0
954;0.00039086700417101383;1.0
955;0.0004439401382114738;1.0
956;0.0003988924727309495;1.0
957;0.00042650316026993096;1.0
958;0.00045951700303703547;1.0
959;0.00040918003651313484;1.0
960;0.00043515898869372904;1.0
961;0.00045926455641165376;1.0
962;0.000435800408013165;1.0
963;0.00045144796604290605;1.0
964;0.0003855983086396009;1.0
965;0.00042470774496905506;1.0
966;0.0004058986669406295;1.0
967;0.0004672209615819156;1.0
968;0.0004225346492603421;1.0
969;0.0004281092551536858;1.0
970;0.00043337521492503583;1.0
971;0.0003775957156904042;1.0
972;0.00040786623139865696;1.0
973;0.00044200598495081067;1.0
974;0.0004038205079268664;1.0
975;0.0004670645284932107;1.0
976;0.00038033732562325895;1.0
977;0.00042105134343728423;1.0
978;0.00041920781950466335;1.0
979;0.00035516967182047665;1.0
980;0.00045897788368165493;1.0
981;0.0003835015231743455;1.0
982;0.0003640895592980087;1.0
983;0.0004320422885939479;1.0
984;0.0004477832408156246;1.0
985;0.00037996715400367975;1.0
986;0.00045324087841436267;1.0
987;0.00039088845369406044;1.0
988;0.00041391371632926166;1.0
989;0.00042298506014049053;1.0
990;0.0004605215508490801;1.0
991;0.00035991374170407653;1.0
992;0.0004096374032087624;1.0
993;0.00034080867771990597;1.0
994;0.00043720295070670545;1.0
995;0.000402879377361387;1.0
996;0.00039741292130202055;1.0
997;0.00042045966256409883;1.0
998;0.0004041015054099262;1.0
999;0.00039070830098353326;1.0
1000;0.0003826752945315093;1.0
1001;0.00037704911665059626;1.0
1002;0.00044737107236869633;1.0
1003;0.0003453231474850327;1.0
1004;0.0003639170899987221;1.0
1005;0.0003726809227373451;1.0
1006;0.0004481597861740738;1.0
1007;0.0003509067464619875;1.0
1008;0.0004120889352634549;1.0
1009;0.0004049470298923552;1.0
1010;0.0003957807784900069;1.0
1011;0.00041277482523582876;1.0
1012;0.00037812755908817053;1.0
1013;0.00037107124808244407;1.0
1014;0.0003779115795623511;1.0
1015;0.00035607910831458867;1.0
1016;0.0004086244443897158;1.0
1017;0.00039951299550011754;1.0
1018;0.0003780472616199404;1.0
1019;0.00041233611409552395;1.0
1020;0.0003883358440361917;1.0
1021;0.00039264195947907865;1.0
1022;0.00045270941336639225;1.0
1023;0.00043543134233914316;1.0
1024;0.00034921328187920153;1.0
1025;0.00042123289313167334;1.0
1026;0.00035536158247850835;1.0
1027;0.00035967022995464504;1.0
1028;0.00035170407500118017;1.0
1029;0.00046412518713623285;1.0
1030;0.0003434578829910606;1.0
1031;0.00032441929215565324;1.0
1032;0.0003267158172093332;1.0
1033;0.0003496043791528791;1.0
1034;0.0003648574638646096;1.0
1035;0.00033273937879130244;1.0
1036;0.0003153471916448325;1.0
1037;0.0003538875898811966;1.0
1038;0.0003393582010176033;1.0
1039;0.0003924061020370573;1.0
1040;0.0003280197852291167;1.0
1041;0.000331682589603588;1.0
1042;0.0003808520268648863;1.0
1043;0.00033300940413028;1.0
1044;0.0003477561112958938;1.0
1045;0.0003517665609251708;1.0
1046;0.0003977201122324914;1.0
1047;0.0004051209252793342;1.0
1048;0.0004296521074138582;1.0
1049;0.0003256853378843516;1.0
1050;0.0003724434645846486;1.0
1051;0.000326737470459193;1.0
1052;0.0003579002514015883;1.0
1053;0.0004376896540634334;1.0
1054;0.00037054825224913657;1.0
1055;0.000373231916455552;1.0
1056;0.00036003466811962426;1.0
1057;0.0003547626838553697;1.0
1058;0.00036704158992506564;1.0
1059;0.00039938895497471094;1.0
1060;0.00036554664256982505;1.0
1061;0.0003687687567435205;1.0
1062;0.0003339952672831714;1.0
1063;0.0003990221885032952;1.0
1064;0.0003462618915364146;1.0
1065;0.00039369138539768755;1.0
1066;0.00037287030136212707;1.0
1067;0.00033820935641415417;1.0
1068;0.00032511158497072756;1.0
1069;0.00036234993604011834;1.0
1070;0.0003291450848337263;1.0
1071;0.00034875329583883286;1.0
1072;0.00033886521123349667;1.0
1073;0.0003823620791081339;1.0
1074;0.00032512214966118336;1.0
1075;0.0003806940221693367;1.0
1076;0.00035955608473159373;1.0
1077;0.0003562613273970783;1.0
1078;0.0003372751525603235;1.0
1079;0.00035089024459011853;1.0
1080;0.0003480425220914185;1.0
1081;0.00031913499697111547;1.0
1082;0.0003498026344459504;1.0
1083;0.00035461943480186164;1.0
1084;0.00036035815719515085;1.0
1085;0.0003133774152956903;1.0
1086;0.0003285981947556138;1.0
1087;0.00035652262158691883;1.0
1088;0.0003226701228413731;1.0
1089;0.0003178469487465918;1.0
1090;0.0003662975213956088;1.0
1091;0.0002977846306748688;1.0
1092;0.0003305529826320708;1.0
1093;0.00030940555734559894;1.0
1094;0.0003237010969314724;1.0
1095;0.0003623322700150311;1.0
1096;0.000320397230098024;1.0
1097;0.00032001419458538294;1.0
1098;0.0003322488337289542;1.0
1099;0.00035986321745440364;1.0
1100;0.0003281035169493407;1.0
1101;0.0003783537831623107;1.0
1102;0.00038405292434617877;1.0
1103;0.0002961572608910501;1.0
1104;0.00037389047793112695;1.0
1105;0.00033909111516550183;1.0
1106;0.00036572894896380603;1.0
1107;0.00036368545261211693;1.0
1108;0.00037678322405554354;1.0
1109;0.00033230590634047985;1.0
1110;0.0003399268607608974;1.0
1111;0.0003109145618509501;1.0
1112;0.00029895349871367216;1.0
1113;0.0003535216674208641;1.0
1114;0.0003085432108491659;1.0
1115;0.0003231357841286808;1.0
1116;0.00033260413329117;1.0
1117;0.00033992662793025374;1.0
1118;0.00038474873872473836;1.0
1119;0.0003671740123536438;1.0
1120;0.0003222472732886672;1.0
1121;0.0003551574773155153;1.0
1122;0.00031124951783567667;1.0
1123;0.0003163134679198265;1.0
1124;0.0003466271155048162;1.0
1125;0.00031717351521365345;1.0
1126;0.0003194087476003915;1.0
1127;0.00030105983023531735;1.0
1128;0.00036991987144574523;1.0
1129;0.0003553947026375681;1.0
1130;0.0003325271245557815;1.0
1131;0.0003179180494043976;1.0
1132;0.0003103282069787383;1.0
1133;0.00032116618240252137;1.0
1134;0.0003460226289462298;1.0
1135;0.0003613895969465375;1.0
1136;0.0003412848454900086;1.0
1137;0.0003343124990351498;1.0
1138;0.00031261483673006296;1.0
1139;0.00035535014467313886;1.0
1140;0.0002812788006849587;1.0
1141;0.00034152899752371013;1.0
1142;0.00033282817457802594;1.0
1143;0.0003234172472730279;1.0
1144;0.0002934855583589524;1.0
1145;0.0003341328410897404;1.0
1146;0.00031879759626463056;1.0
1147;0.0003432367811910808;1.0
1148;0.0003663275856524706;1.0
1149;0.00036986227496527135;1.0
1150;0.0003374814987182617;1.0
1151;0.0003376266686245799;1.0
1152;0.00032168941106647253;1.0
1153;0.00028472402482293546;1.0
1154;0.00030633845017291605;1.0
1155;0.000304812885588035;1.0
1156;0.00034170501749031246;1.0
1157;0.00033812370384112;1.0
1158;0.0003220023645553738;1.0
1159;0.0003532461414579302;1.0
1160;0.00029674547840841115;1.0
1161;0.0003337238449603319;1.0
1162;0.00036098159034736454;1.0
1163;0.00033926183823496103;1.0
1164;0.0003174204321112484;1.0
1165;0.00033189207897521555;1.0
1166;0.00035412743454799056;1.0
1167;0.0003162010107189417;1.0
1168;0.0003260139492340386;1.0
1169;0.0002918342943303287;1.0
1170;0.00034188185236416757;1.0
1171;0.00032585536246187985;1.0
1172;0.00028274074429646134;1.0
1173;0.00028730943449772894;1.0
1174;0.0003239174548070878;1.0
1175;0.0003500519087538123;1.0
1176;0.00028111482970416546;1.0
1177;0.00031312514329329133;1.0
1178;0.000351789960404858;1.0
1179;0.0002948744222521782;1.0
1180;0.00030595113639719784;1.0
1181;0.00030239674379117787;1.0
1182;0.0003081555478274822;1.0
1183;0.0002963965816888958;1.0
1184;0.0002918646496254951;1.0
1185;0.00029872619779780507;1.0
1186;0.0003428426862228662;1.0
1187;0.0003197793266735971;1.0
1188;0.0003176419413648546;1.0
1189;0.00032725423807278275;1.0
1190;0.00030870753107592463;1.0
1191;0.000303808570606634;1.0
1192;0.00030913599766790867;1.0
1193;0.0003074399719480425;1.0
1194;0.0002818038046825677;1.0
1195;0.00029734772397205234;1.0
1196;0.0002978449920192361;1.0
1197;0.0003336202644277364;1.0
1198;0.00030430741026066244;1.0
1199;0.0002961659338325262;1.0
1200;0.00028855595155619085;1.0
1201;0.0002661171602085233;1.0
1202;0.0003237648634240031;1.0
1203;0.0002805231779348105;1.0
1204;0.00032688555074855685;1.0
1205;0.00033210800029337406;1.0
1206;0.0002745163510553539;1.0
1207;0.00031310305348597467;1.0
1208;0.000302041822578758;1.0
1209;0.00030550145311281085;1.0
1210;0.0002923097345046699;1.0
1211;0.0003144149377476424;1.0
1212;0.00032333910348825157;1.0
1213;0.00032437429763376713;1.0
1214;0.0003188895352650434;1.0
1215;0.00031142853549681604;1.0
1216;0.00033113532117567956;1.0
1217;0.0002678132150322199;1.0
1218;0.0002615931152831763;1.0
1219;0.0003432265657465905;1.0
1220;0.00028650963213294744;1.0
1221;0.0002603523025754839;1.0
1222;0.00026514744968153536;1.0
1223;0.0002695447183214128;1.0
1224;0.0003523843770381063;1.0
1225;0.0002672855043783784;1.0
1226;0.0003281160315964371;1.0
1227;0.0002914786455221474;1.0
1228;0.00030124856857582927;1.0
1229;0.0002951546630356461;1.0
1230;0.0003078079898841679;1.0
1231;0.00033560089650563896;1.0
1232;0.0003036854322999716;1.0
1233;0.00027069231146015227;1.0
1234;0.0002774616004899144;1.0
1235;0.0002860226668417454;1.0
1236;0.0002727811806835234;1.0
1237;0.00029875122709199786;1.0
1238;0.00028876453870907426;1.0
1239;0.0002901807602029294;1.0
1240;0.00025443139020353556;1.0
1241;0.00030042408616282046;1.0
1242;0.0002971809299197048;1.0
1243;0.0003092827391810715;1.0
1244;0.00032309917150996625;1.0
1245;0.00026837081531994045;1.0
1246;0.0003002255398314446;1.0
1247;0.0002885629655793309;1.0
1248;0.00028727424796670675;1.0
1249;0.00029455276671797037;1.0
1250;0.00028370870859362185;1.0
1251;0.0003203839005436748;1.0
1252;0.00027285184478387237;1.0
1253;0.00029406181420199573;1.0
1254;0.00030796878854744136;1.0
1255;0.0002780432114377618;1.0
1256;0.00026388821424916387;1.0
1257;0.00030913445516489446;1.0
1258;0.0002549795026425272;1.0
1259;0.00023942925326991826;1.0
1260;0.00030984653858467937;1.0
1261;0.00029262976022437215;1.0
1262;0.0002785889955703169;1.0
1263;0.0002728855179157108;1.0
1264;0.0002651710528880358;1.0
1265;0.00028842774918302894;1.0
1266;0.0002766121760942042;1.0
1267;0.00027141807368025184;1.0
1268;0.00029246133635751903;1.0
1269;0.0002800084475893527;1.0
1270;0.00025971204740926623;1.0
1271;0.0002958967234008014;1.0
1272;0.0002980796271003783;1.0
1273;0.00027930786018259823;1.0
1274;0.00028485440998338163;1.0
1275;0.0002543804293964058;1.0
1276;0.0002681091136764735;1.0
1277;0.00030141317984089255;1.0
1278;0.0002804417163133621;1.0
1279;0.00026270802482031286;1.0
1280;0.00028391636442393064;1.0
1281;0.0002819387009367347;1.0
1282;0.0002596850972622633;1.0
1283;0.0002598244755063206;1.0
1284;0.00026042060926556587;1.0
1285;0.00026238945429213345;1.0
1286;0.0002717346651479602;1.0
1287;0.0003176027676090598;1.0
1288;0.00027569642406888306;1.0
1289;0.00025843075127340853;1.0
1290;0.00029790570260956883;1.0
1291;0.0003188698610756546;1.0
1292;0.0002600948791950941;1.0
1293;0.00028467748779803514;1.0
1294;0.0002608192735351622;1.0
1295;0.0002751304709818214;1.0
1296;0.00025410467060282826;1.0
1297;0.00028006124193780124;1.0
1298;0.000259285734500736;1.0
1299;0.00027274625608697534;1.0
1300;0.00026068949955515563;1.0
1301;0.00029860451468266547;1.0
1302;0.00025575378094799817;1.0
1303;0.0002817759523168206;1.0
1304;0.000252944155363366;1.0
1305;0.00025886294315569103;1.0
1306;0.0002457207883708179;1.0
1307;0.00028016362921334803;1.0
1308;0.00025243888376280665;1.0
1309;0.0002424152917228639;1.0
1310;0.0002791692968457937;1.0
1311;0.00026042849640361965;1.0
1312;0.0002838063519448042;1.0
1313;0.00030465860618278384;1.0
1314;0.0002507378230802715;1.0
1315;0.00028110158746130764;1.0
1316;0.0002772972220554948;1.0
1317;0.00028084314544685185;1.0
1318;0.000273001758614555;1.0
1319;0.0002941504935733974;1.0
1320;0.00024400264373980463;1.0
1321;0.0002959787379950285;1.0
1322;0.0002923788852058351;1.0
1323;0.0002163041936000809;1.0
1324;0.00025794844259507954;1.0
1325;0.00025746243773028255;1.0
1326;0.0002732002467382699;1.0
1327;0.000286273134406656;1.0
1328;0.00030932086519896984;1.0
1329;0.00025298245600424707;1.0
1330;0.0002979367855004966;1.0
1331;0.0002670686226338148;1.0
1332;0.00028608081629499793;1.0
1333;0.0002790107682812959;1.0
1334;0.00029513315530493855;1.0
1335;0.0002447988954372704;1.0
1336;0.0002555522951297462;1.0
1337;0.0002872080367524177;1.0
1338;0.000244353199377656;1.0
1339;0.00024458474945276976;1.0
1340;0.0002757188631221652;1.0
1341;0.00026337054441682994;1.0
1342;0.0002690050459932536;1.0
1343;0.0003099352470599115;1.0
1344;0.00025025373906828463;1.0
1345;0.00025292864302173257;1.0
1346;0.0002469831088092178;1.0
1347;0.00023977922683116049;1.0
1348;0.00023351694107986987;1.0
1349;0.0002635587006807327;1.0
1350;0.00027073343517258763;1.0
1351;0.00023505925491917878;1.0
1352;0.0002517552929930389;1.0
1353;0.00028559513157233596;1.0
1354;0.0002303265646332875;1.0
1355;0.0002837061765603721;1.0
1356;0.00027254107408225536;1.0
1357;0.0002650445676408708;1.0
1358;0.00025925919180735946;1.0
1359;0.00024385259894188493;1.0
1360;0.0002618696598801762;1.0
1361;0.00026584434090182185;1.0
1362;0.0002094428928103298;1.0
1363;0.00025857999571599066;1.0
1364;0.00023011585290078074;1.0
1365;0.0002653022820595652;1.0
1366;0.00028275669319555163;1.0
1367;0.0002413139445707202;1.0
1368;0.00024770142044872046;1.0
1369;0.0002764321106951684;1.0
1370;0.0002480595139786601;1.0
1371;0.00023771979613229632;1.0
1372;0.00025611487217247486;1.0
1373;0.0002506704768165946;1.0
1374;0.000244724826188758;1.0
1375;0.0002485349541530013;1.0
1376;0.0002602446766104549;1.0
1377;0.0002558893756940961;1.0
1378;0.00021762233518529683;1.0
1379;0.0002179430448450148;1.0
1380;0.00024950969964265823;1.0
1381;0.00024747411953285336;1.0
1382;0.0002573115052655339;1.0
1383;0.00022819932200945914;1.0
1384;0.00025322585133835673;1.0
1385;0.00022395167616195977;1.0
1386;0.00026937370421364903;1.0
1387;0.0002331433934159577;1.0
1388;0.0002193495602114126;1.0
1389;0.00023802171926945448;1.0
1390;0.00024122891773004085;1.0
1391;0.0002267358941026032;1.0
1392;0.00022325503232423216;1.0
1393;0.0002215602871729061;1.0
1394;0.00021123608166817576;1.0
1395;0.0002552667574491352;1.0
1396;0.00026700712624005973;1.0
1397;0.00023205704928841442;1.0
1398;0.0002505856682546437;1.0
1399;0.00023226626217365265;1.0
1400;0.00021381574333645403;1.0
1401;0.0002328176487935707;1.0
1402;0.00025275617372244596;1.0
1403;0.0002601799787953496;1.0
1404;0.0002375303884036839;1.0
1405;0.0002459476236253977;1.0
1406;0.00025781121803447604;1.0
1407;0.00026215121033601463;1.0
1408;0.00022591251763515174;1.0
1409;0.00022417357831727713;1.0
1410;0.00023784507357049733;1.0
1411;0.00022059814364183694;1.0
1412;0.0002269249380333349;1.0
1413;0.00022441486362367868;1.0
1414;0.00021454454690683633;1.0
1415;0.0002585001930128783;1.0
1416;0.0002108216140186414;1.0
1417;0.00023513562337029725;1.0
1418;0.00019891060946974903;1.0
1419;0.0002438795636408031;1.0
1420;0.0002365133841522038;1.0
1421;0.00024430968915112317;1.0
1422;0.00024047766055446118;1.0
1423;0.00021607812959700823;1.0
1424;0.00020436596241779625;1.0
1425;0.00024667021352797747;1.0
1426;0.00019693719514179975;1.0
1427;0.00022153364261612296;1.0
1428;0.00019574788166210055;1.0
1429;0.00024409838079009205;1.0
1430;0.00022180214000400156;1.0
1431;0.0002213962870882824;1.0
1432;0.00021518785797525197;1.0
1433;0.00023431313456967473;1.0
1434;0.00023951056937221438;1.0
1435;0.00022497544705402106;1.0
1436;0.000267938943579793;1.0
1437;0.0002154500543838367;1.0
1438;0.00024271883012261242;1.0
1439;0.00023858064378146082;1.0
1440;0.00022315180103760213;1.0
1441;0.00023649688228033483;1.0
1442;0.00020701544417534024;1.0
1443;0.0002469764440320432;1.0
1444;0.00022142904344946146;1.0
1445;0.00022759313287679106;1.0
1446;0.00023291425895877182;1.0
1447;0.00019976789189968258;1.0
1448;0.00023028126452118158;1.0
1449;0.0002382314414717257;1.0
1450;0.00019843124027829617;1.0
1451;0.00021631989511661232;1.0
1452;0.00023187232727650553;1.0
1453;0.0002123070735251531;1.0
1454;0.00023063227126840502;1.0
1455;0.00022983791131991893;1.0
1456;0.000270495394943282;1.0
1457;0.00022768854978494346;1.0
1458;0.00021003259462304413;1.0
1459;0.00021301121159922332;1.0
1460;0.00022649647144135088;1.0
1461;0.00022080511553213;1.0
1462;0.0002465388970449567;1.0
1463;0.000205988108064048;1.0
1464;0.00022561236983165145;1.0
1465;0.0002439657400827855;1.0
1466;0.0002108451590174809;1.0
1467;0.00019807899661827832;1.0
1468;0.00022566047846339643;1.0
1469;0.000204142983420752;1.0
1470;0.0002437304356135428;1.0
1471;0.00020161060092505068;1.0
1472;0.00019949041598010808;1.0
1473;0.00022885097132530063;1.0
1474;0.00022887713566888124;1.0
1475;0.00020603032317012548;1.0
1476;0.00021342892432585359;1.0
1477;0.0002287541574332863;1.0
1478;0.00020541388948913664;1.0
1479;0.00022285821614786983;1.0
1480;0.000213763298233971;1.0
1481;0.00021545890194829553;1.0
1482;0.000209401041502133;1.0
1483;0.00023543217685073614;1.0
1484;0.00020054129709023982;1.0
1485;0.0002510616322979331;1.0
1486;0.00023303605848923326;1.0
1487;0.0001954574545379728;1.0
1488;0.00020209408830851316;1.0
1489;0.0002201251481892541;1.0
1490;0.00021296722115948796;1.0
1491;0.00021733358153142035;1.0
1492;0.00023250070807989687;1.0
1493;0.0002763093507383019;1.0
1494;0.00025782635202631354;1.0
1495;0.0002509428304620087;1.0
1496;0.0002393960749031976;1.0
1497;0.0002182634052587673;1.0
1498;0.00020902405958622694;1.0
1499;0.00021297576313372701;1.0
