iteration;loss;accuracy
0;0.009460150264203548;0.019305018708109856
1;0.00930849090218544;0.028957528993487358
2;0.009256857447326183;0.03861003741621971
3;0.009237694554030895;0.057915057986974716
4;0.009227284230291843;0.052123550325632095
5;0.009189262054860592;0.048262547701597214
6;0.0091578159481287;0.055984556674957275
7;0.009152884595096111;0.05984555929899216
8;0.009162837639451027;0.055984556674957275
9;0.009150674566626549;0.052123550325632095
10;0.009135483764111996;0.0617760606110096
11;0.009108182042837143;0.050193049013614655
12;0.009094811975955963;0.0714285746216774
13;0.009098579175770283;0.052123550325632095
14;0.009102456271648407;0.055984556674957275
15;0.009091238491237164;0.057915057986974716
16;0.00907345674932003;0.0714285746216774
17;0.009065810590982437;0.08301158249378204
18;0.009052125737071037;0.055984556674957275
19;0.009041019715368748;0.06949806958436966
20;0.009032615460455418;0.0714285746216774
21;0.009028667584061623;0.09459459781646729
22;0.009018847718834877;0.06563706696033478
23;0.009000240825116634;0.0714285746216774
24;0.008995148353278637;0.08494208753108978
25;0.008985847234725952;0.0810810774564743
26;0.008966220542788506;0.11196911334991455
27;0.00896960124373436;0.07915057986974716
28;0.008965450339019299;0.08687258511781693
29;0.008927748538553715;0.12162162363529205
30;0.008927235379815102;0.08880309015512466
31;0.008932751603424549;0.0907335877418518
32;0.00891819316893816;0.11196911334991455
33;0.00891032349318266;0.10231660306453705
34;0.00891347136348486;0.09266409277915955
35;0.00889817625284195;0.11583011597394943
36;0.00885908491909504;0.12548261880874634
37;0.008848737925291061;0.12741312384605408
38;0.00884392112493515;0.11776062101125717
39;0.008821220137178898;0.11969111859798431
40;0.008845740929245949;0.11969111859798431
41;0.00880330428481102;0.15830115973949432
42;0.008805460296571255;0.11776062101125717
43;0.008800982497632504;0.11776062101125717
44;0.008777973242104053;0.1235521212220192
45;0.008751874789595604;0.13513512909412384
46;0.008724142797291279;0.15057915449142456
47;0.00872888881713152;0.12934362888336182
48;0.008717956952750683;0.14478763937950134
49;0.008745228871703148;0.1428571492433548
50;0.008780987933278084;0.12934362888336182
51;0.00865707267075777;0.1525096595287323
52;0.00876873079687357;0.12934362888336182
53;0.008648447692394257;0.14478763937950134
54;0.008705487474799156;0.13899613916873932
55;0.008618670515716076;0.13706563413143158
56;0.008667943999171257;0.14478763937950134
57;0.008615040220320225;0.16023166477680206
58;0.008609389886260033;0.1332046389579773
59;0.008602267131209373;0.17953668534755707
60;0.008547758683562279;0.14671814441680908
61;0.00857410579919815;0.1718146651983261
62;0.008522963151335716;0.14478763937950134
63;0.008535631000995636;0.17374517023563385
64;0.008509430103003979;0.1718146651983261
65;0.008534473367035389;0.16409265995025635
66;0.008473246358335018;0.1814671754837036
67;0.008455628529191017;0.18725869059562683
68;0.008465372025966644;0.16023166477680206
69;0.008454758673906326;0.1718146651983261
70;0.008474467322230339;0.16023166477680206
71;0.008408243767917156;0.1621621549129486
72;0.008443903177976608;0.15637065470218658
73;0.008426317013800144;0.16409265995025635
74;0.008431203663349152;0.16795367002487183
75;0.008406496606767178;0.16409265995025635
76;0.008366688154637814;0.21042470633983612
77;0.008384473621845245;0.16795367002487183
78;0.008384079672396183;0.18725869059562683
79;0.008344635367393494;0.17953668534755707
80;0.008349207229912281;0.2142857164144516
81;0.008312451653182507;0.17953668534755707
82;0.008313805796205997;0.22007721662521362
83;0.008330440148711205;0.18725869059562683
84;0.00831520464271307;0.19884170591831207
85;0.008330005221068859;0.1718146651983261
86;0.008274340070784092;0.22007721662521362
87;0.008257769979536533;0.20656371116638184
88;0.008320905268192291;0.19111968576908112
89;0.008281892165541649;0.21235521137714386
90;0.00827091746032238;0.18725869059562683
91;0.008276484906673431;0.2142857164144516
92;0.00824214518070221;0.21621622145175934
93;0.0082355085760355;0.2335907369852066
94;0.008215520530939102;0.22586873173713684
95;0.008240872994065285;0.22200772166252136
96;0.008227263577282429;0.24131274223327637
97;0.008225356228649616;0.21814671158790588
98;0.008179700933396816;0.2567567527294159
99;0.008189955726265907;0.22972972691059113
100;0.008203407749533653;0.2374517321586609
101;0.008172383531928062;0.20270270109176636
102;0.008189761079847813;0.20656371116638184
103;0.008167428895831108;0.23552124202251434
104;0.008196111768484116;0.2471042424440384
105;0.008132205344736576;0.2722007632255554
106;0.008148466236889362;0.2277992218732834
107;0.00814244244247675;0.2509652376174927
108;0.008118700236082077;0.2567567527294159
109;0.008173969574272633;0.24131274223327637
110;0.008141478523612022;0.2567567527294159
111;0.008141076192259789;0.2528957426548004
112;0.008137039840221405;0.24131274223327637
113;0.008140470832586288;0.26833978295326233
114;0.008089922368526459;0.25482624769210815
115;0.008104149252176285;0.24517375230789185
116;0.008098548278212547;0.2509652376174927
117;0.008061885833740234;0.29343628883361816
118;0.008048154413700104;0.25482624769210815
119;0.008068716153502464;0.26833978295326233
120;0.008077665232121944;0.2722007632255554
121;0.00808681920170784;0.2702702581882477
122;0.008043627254664898;0.2857142984867096
123;0.008079838939011097;0.27799227833747864
124;0.008073896169662476;0.24517375230789185
125;0.008062285371124744;0.2664092779159546
126;0.008059987798333168;0.27799227833747864
127;0.008037801831960678;0.2953667938709259
128;0.008023146539926529;0.2760617733001709
129;0.008052467368543148;0.2702702581882477
130;0.008015206083655357;0.27799227833747864
131;0.00800471380352974;0.2722007632255554
132;0.007949722930788994;0.3185328245162964
133;0.008028131909668446;0.29729729890823364
134;0.008045634254813194;0.2760617733001709
135;0.008036251179873943;0.30694979429244995
136;0.007985933683812618;0.31274130940437317
137;0.007932460866868496;0.31081080436706543
138;0.00799199566245079;0.29729729890823364
139;0.007953697815537453;0.32625481486320496
140;0.007947312667965889;0.31660231947898865
141;0.007980424910783768;0.28378379344940186
142;0.007967738434672356;0.2915057837963104
143;0.007952161133289337;0.3204633295536041
144;0.007896220311522484;0.32239383459091187
145;0.007930569350719452;0.31274130940437317
146;0.007922131568193436;0.3281853199005127
147;0.007962276227772236;0.2992278039455414
148;0.007890243083238602;0.3513513505458832
149;0.007919863797724247;0.3378378450870514
150;0.007933316752314568;0.3146718144416809
151;0.007887089625000954;0.3146718144416809
152;0.007860642857849598;0.3320463299751282
153;0.007885805331170559;0.3610038757324219
154;0.007871433161199093;0.3320463299751282
155;0.007886430248618126;0.32239383459091187
156;0.007985899224877357;0.3050193190574646
157;0.007923638448119164;0.29729729890823364
158;0.007924006320536137;0.3339768350124359
159;0.007840722799301147;0.36872586607933044
160;0.007882117293775082;0.32239383459091187
161;0.007886415347456932;0.3185328245162964
162;0.007851732894778252;0.32239383459091187
163;0.0078025390394032;0.34555983543395996
164;0.007826578803360462;0.3436293303966522
165;0.007821185514330864;0.3281853199005127
166;0.007860568352043629;0.32625481486320496
167;0.007796793710440397;0.3532818555831909
168;0.00789097510278225;0.3378378450870514
169;0.00783989392220974;0.3378378450870514
170;0.007872047834098339;0.33011582493782043
171;0.007859984412789345;0.3204633295536041
172;0.007783612702041864;0.3243243098258972
173;0.00783718191087246;0.3339768350124359
174;0.007784111425280571;0.36486485600471497
175;0.007841646671295166;0.31660231947898865
176;0.007773152086883783;0.31081080436706543
177;0.0077673401683568954;0.3513513505458832
178;0.00776558555662632;0.3725868761539459
179;0.007721558678895235;0.36872586607933044
180;0.007761440705507994;0.40154439210891724
181;0.007740223780274391;0.35521236062049866
182;0.007752162870019674;0.3532818555831909
183;0.007730305660516024;0.3803088665008545
184;0.007685801479965448;0.3764478862285614
185;0.007685145363211632;0.3957529067993164
186;0.007725169882178307;0.3706563711166382
187;0.007661284878849983;0.37451738119125366
188;0.007677131798118353;0.38223937153816223
189;0.007653628010302782;0.3899613916873932
190;0.007684382144361734;0.3610038757324219
191;0.0076686483807861805;0.3957529067993164
192;0.007648289669305086;0.403474897146225
193;0.007683640345931053;0.3474903404712677
194;0.007636556401848793;0.403474897146225
195;0.007598055526614189;0.41312742233276367
196;0.007689412217587233;0.3436293303966522
197;0.007595145143568516;0.40733590722084045
198;0.007613359019160271;0.3803088665008545
199;0.00758666917681694;0.37451738119125366
200;0.0076379734091460705;0.33976835012435913
201;0.007586736232042313;0.4343629479408264
202;0.007573014125227928;0.3996138870716095
203;0.007624734193086624;0.3706563711166382
204;0.0075806863605976105;0.3861003816127777
205;0.007625097408890724;0.44015443325042725
206;0.00761238019913435;0.3957529067993164
207;0.007598229683935642;0.39382240176200867
208;0.007530123461037874;0.4247104227542877
209;0.007522700820118189;0.4189189076423645
210;0.007654247805476189;0.3803088665008545
211;0.007565729785710573;0.40154439210891724
212;0.0075716907158494;0.36486485600471497
213;0.007543319836258888;0.39768341183662415
214;0.007538427133113146;0.4440154433250427
215;0.007501228246837854;0.41119691729545593
216;0.007493834011256695;0.3803088665008545
217;0.007492011412978172;0.4343629479408264
218;0.0074621872045099735;0.41698840260505676
219;0.007468069903552532;0.37837839126586914
220;0.0074250353500247;0.42084941267967224
221;0.0074139004573225975;0.43050193786621094
222;0.007448724936693907;0.4440154433250427
223;0.007464325986802578;0.3918918967247009
224;0.0074714976362884045;0.4285714328289032
225;0.007506078574806452;0.39382240176200867
226;0.007620496209710836;0.3436293303966522
227;0.007422557566314936;0.4092664122581482
228;0.007535768207162619;0.38223937153816223
229;0.007624559570103884;0.3918918967247009
230;0.007386507000774145;0.4343629479408264
231;0.007558360230177641;0.3706563711166382
232;0.0075560384429991245;0.42664092779159546
233;0.007581533398479223;0.39382240176200867
234;0.007518609054386616;0.41119691729545593
235;0.007468520198017359;0.42084941267967224
236;0.007572058588266373;0.37451738119125366
237;0.007387959398329258;0.42084941267967224
238;0.007397875189781189;0.4324324429035187
239;0.007414917461574078;0.43050193786621094
240;0.007400496397167444;0.42084941267967224
241;0.007357207126915455;0.38416987657546997
242;0.007369767874479294;0.40154439210891724
243;0.0072698211297392845;0.4247104227542877
244;0.007351268548518419;0.44980695843696594
245;0.00725146709010005;0.44980695843696594
246;0.007234722841531038;0.45945945382118225
247;0.007201589178293943;0.4247104227542877
248;0.007228979375213385;0.4343629479408264
249;0.007249259389936924;0.4285714328289032
250;0.0071691665798425674;0.43629342317581177
251;0.007250631228089333;0.403474897146225
252;0.007146671414375305;0.46138995885849
253;0.007256101816892624;0.4536679685115814
254;0.0071407039649784565;0.4768339693546295
255;0.00727781793102622;0.3996138870716095
256;0.007210584823042154;0.4478764533996582
257;0.007152159698307514;0.46138995885849
258;0.007166724186390638;0.40733590722084045
259;0.0071625132113695145;0.4285714328289032
260;0.0071916840970516205;0.45945945382118225
261;0.007120239548385143;0.480694979429245
262;0.007135931868106127;0.42084941267967224
263;0.00722864456474781;0.3996138870716095
264;0.0071769519709050655;0.4671814739704132
265;0.007182612549513578;0.4536679685115814
266;0.007112078834325075;0.44594594836235046
267;0.007251590024679899;0.43629342317581177
268;0.007151162251830101;0.4382239282131195
269;0.0071473135612905025;0.4536679685115814
270;0.007195072714239359;0.41312742233276367
271;0.007188515271991491;0.4555984437465668
272;0.007240389008074999;0.4382239282131195
273;0.0070727914571762085;0.45945945382118225
274;0.007236822973936796;0.43050193786621094
275;0.007060948759317398;0.42084941267967224
276;0.007085979450494051;0.4536679685115814
277;0.007103698793798685;0.4768339693546295
278;0.007112554740160704;0.43629342317581177
279;0.007038294803351164;0.44015443325042725
280;0.0069841365329921246;0.4845559895038605
281;0.007018770556896925;0.4845559895038605
282;0.006987639702856541;0.46138995885849
283;0.007096766959875822;0.43629342317581177
284;0.007065783720463514;0.44980695843696594
285;0.007128480821847916;0.4440154433250427
286;0.0070488546043634415;0.442084938287735
287;0.007001048885285854;0.4575289487838745
288;0.007178840227425098;0.44980695843696594
289;0.007057777605950832;0.44594594836235046
290;0.007107073441147804;0.44980695843696594
291;0.007057832088321447;0.44015443325042725
292;0.0069076730869710445;0.4710424840450287
293;0.007112658116966486;0.480694979429245
294;0.007007037289440632;0.44015443325042725
295;0.006928766146302223;0.48262548446655273
296;0.007072245702147484;0.46138995885849
297;0.006958585232496262;0.480694979429245
298;0.006930744741111994;0.4864864945411682
299;0.006944597233086824;0.4517374634742737
300;0.0069454126060009;0.46332046389579773
301;0.006840144284069538;0.4575289487838745
302;0.006920516490936279;0.49227797985076904
303;0.006930959410965443;0.44594594836235046
304;0.0068908329121768475;0.46525096893310547
305;0.006858624052256346;0.4671814739704132
306;0.006904712412506342;0.480694979429245
307;0.00684384535998106;0.49806949496269226
308;0.006936157122254372;0.4749034643173218
309;0.0068740383721888065;0.47297295928001404
310;0.006868790369480848;0.46525096893310547
311;0.006875664461404085;0.46525096893310547
312;0.006840267218649387;0.4555984437465668
313;0.006759266369044781;0.4903475046157837
314;0.0068302638828754425;0.46525096893310547
315;0.006791988387703896;0.45945945382118225
316;0.006793706212192774;0.5038610100746155
317;0.006753959693014622;0.49806949496269226
318;0.0069288951344788074;0.42277991771698
319;0.006855983752757311;0.46332046389579773
320;0.006793015170842409;0.4749034643173218
321;0.006797319743782282;0.47297295928001404
322;0.006807090248912573;0.4555984437465668
323;0.00674888351932168;0.4671814739704132
324;0.006798427551984787;0.480694979429245
325;0.006849248893558979;0.4768339693546295
326;0.006834025494754314;0.4768339693546295
327;0.006849080789834261;0.46138995885849
328;0.00666853180155158;0.507722020149231
329;0.006725602317601442;0.47876447439193726
330;0.006780616473406553;0.46911197900772095
331;0.006798965390771627;0.4845559895038605
332;0.006784466095268726;0.46138995885849
333;0.006796279922127724;0.46911197900772095
334;0.006815021857619286;0.4710424840450287
335;0.00674156891182065;0.46525096893310547
336;0.006761563941836357;0.4845559895038605
337;0.006677216850221157;0.4768339693546295
338;0.006714674644172192;0.507722020149231
339;0.006801367271691561;0.4555984437465668
340;0.006742765195667744;0.47297295928001404
341;0.006776914466172457;0.46911197900772095
342;0.0067206514067947865;0.5038610100746155
343;0.006767178885638714;0.4903475046157837
344;0.006700442638248205;0.46525096893310547
345;0.006691602058708668;0.4864864945411682
346;0.006691183894872665;0.47876447439193726
347;0.006710553076118231;0.46332046389579773
348;0.00676818797364831;0.4768339693546295
349;0.006682717707008123;0.4845559895038605
350;0.006780530326068401;0.4517374634742737
351;0.007287362590432167;0.3996138870716095
352;0.006796889938414097;0.4845559895038605
353;0.0068748886696994305;0.4749034643173218
354;0.006679960526525974;0.5019304752349854
355;0.006651612929999828;0.48841699957847595
356;0.0066931103356182575;0.5096524953842163
357;0.006637015845626593;0.4768339693546295
358;0.0067190141417086124;0.4575289487838745
359;0.006633836776018143;0.4942084848880768
360;0.006671982817351818;0.4845559895038605
361;0.006646277848631144;0.5115830302238464
362;0.006662206258624792;0.4845559895038605
363;0.006680832710117102;0.46332046389579773
364;0.0065879225730896;0.49227797985076904
365;0.0066734361462295055;0.5038610100746155
366;0.0065359799191355705;0.5096524953842163
367;0.0064741503447294235;0.5270270109176636
368;0.006589363794773817;0.48262548446655273
369;0.006561541464179754;0.48841699957847595
370;0.006565934978425503;0.5019304752349854
371;0.006518068257719278;0.5405405163764954
372;0.006513856817036867;0.5212355256080627
373;0.006616335362195969;0.47297295928001404
374;0.006550893187522888;0.4903475046157837
375;0.00646483339369297;0.5328185558319092
376;0.006465153302997351;0.49806949496269226
377;0.006500839721411467;0.5135135054588318
378;0.006554396357387304;0.4749034643173218
379;0.00650010397657752;0.5424710512161255
380;0.006483099423348904;0.5135135054588318
381;0.0065722279250621796;0.4961389899253845
382;0.006464971695095301;0.49806949496269226
383;0.006450806278735399;0.5173745155334473
384;0.006456062197685242;0.5
385;0.006457977462559938;0.530888020992279
386;0.006457117851823568;0.5212355256080627
387;0.00645522540435195;0.5135135054588318
388;0.006427707616239786;0.5193049907684326
389;0.006386659573763609;0.5212355256080627
390;0.006451970897614956;0.507722020149231
391;0.006380011327564716;0.5057914853096008
392;0.006437263917177916;0.5038610100746155
393;0.006418759003281593;0.5096524953842163
394;0.006383754778653383;0.5289575457572937
395;0.006407974287867546;0.507722020149231
396;0.006356175988912582;0.5173745155334473
397;0.006426820531487465;0.5193049907684326
398;0.006380634848028421;0.5231660008430481
399;0.0064565259963274;0.5231660008430481
400;0.006472698878496885;0.5366795659065247
401;0.006959587801247835;0.480694979429245
402;0.006529931910336018;0.5096524953842163
403;0.006920133251696825;0.4440154433250427
404;0.006515404675155878;0.4942084848880768
405;0.006537474226206541;0.5173745155334473
406;0.006771863903850317;0.4671814739704132
407;0.0066356598399579525;0.4845559895038605
408;0.006409637164324522;0.5482625365257263
409;0.006463388912379742;0.5173745155334473
410;0.006629142910242081;0.47297295928001404
411;0.006401318125426769;0.5405405163764954
412;0.006606708746403456;0.4864864945411682
413;0.006627883296459913;0.4749034643173218
414;0.0065912650898098946;0.507722020149231
415;0.0063447607681155205;0.5675675868988037
416;0.006521166767925024;0.4845559895038605
417;0.006457148119807243;0.5057914853096008
418;0.006458531599491835;0.5057914853096008
419;0.006422978825867176;0.5173745155334473
420;0.006425251252949238;0.49227797985076904
421;0.006421529687941074;0.5250965356826782
422;0.006369913928210735;0.530888020992279
423;0.006354291923344135;0.48262548446655273
424;0.006319548934698105;0.5289575457572937
425;0.006434299983084202;0.5482625365257263
426;0.006451630499213934;0.5173745155334473
427;0.0064509566873312;0.530888020992279
428;0.006586072966456413;0.5173745155334473
429;0.006263666786253452;0.5501930713653564
430;0.006408482789993286;0.5154440402984619
431;0.006225088145583868;0.5617760419845581
432;0.0063386172987520695;0.5366795659065247
433;0.006310559343546629;0.5366795659065247
434;0.006386491470038891;0.530888020992279
435;0.006457601208239794;0.530888020992279
436;0.006262500304728746;0.5328185558319092
437;0.006401620339602232;0.5096524953842163
438;0.006325718946754932;0.5347490310668945
439;0.0062480103224515915;0.5250965356826782
440;0.006351686082780361;0.5289575457572937
441;0.006299034226685762;0.5501930713653564
442;0.006282495334744453;0.5482625365257263
443;0.006261289119720459;0.5444015264511108
444;0.006174289155751467;0.546332061290741
445;0.006238025613129139;0.5405405163764954
446;0.006312764715403318;0.5444015264511108
447;0.006207754835486412;0.5405405163764954
448;0.00622408464550972;0.5366795659065247
449;0.00619258638471365;0.5482625365257263
450;0.006156219635158777;0.546332061290741
451;0.006218139547854662;0.5231660008430481
452;0.006206050515174866;0.5714285969734192
453;0.00614190474152565;0.57722008228302
454;0.0061609079129993916;0.546332061290741
455;0.006235642824321985;0.5328185558319092
456;0.006063327193260193;0.5501930713653564
457;0.006207849830389023;0.5637065768241882
458;0.006194351706653833;0.5289575457572937
459;0.0060855369083583355;0.57722008228302
460;0.006111228838562965;0.5714285969734192
461;0.006070032715797424;0.5559845566749573
462;0.006123404484242201;0.5714285969734192
463;0.006092723459005356;0.5579150319099426
464;0.006032790523022413;0.5694980621337891
465;0.006023718044161797;0.5617760419845581
466;0.006122770719230175;0.5405405163764954
467;0.006057790946215391;0.5424710512161255
468;0.006109921261668205;0.5444015264511108
469;0.006140146404504776;0.5617760419845581
470;0.006036299280822277;0.5752895474433899
471;0.005999267566949129;0.5926640629768372
472;0.006009528413414955;0.5791505575180054
473;0.006023843307048082;0.5810810923576355
474;0.006048108451068401;0.546332061290741
475;0.006058027036488056;0.5579150319099426
476;0.0060202209278941154;0.5637065768241882
477;0.005984050687402487;0.5675675868988037
478;0.005992656573653221;0.5714285969734192
479;0.006012775935232639;0.5579150319099426
480;0.005996455438435078;0.6042470932006836
481;0.006034993100911379;0.5965250730514526
482;0.00598755432292819;0.5694980621337891
483;0.006118113175034523;0.5559845566749573
484;0.006289635319262743;0.5057914853096008
485;0.006287755444645882;0.5328185558319092
486;0.006067444570362568;0.5521235466003418
487;0.006421673111617565;0.5115830302238464
488;0.006210826802998781;0.5656370520591736
489;0.0063088261522352695;0.5559845566749573
490;0.006174459587782621;0.5540540814399719
491;0.006131129339337349;0.530888020992279
492;0.00618897657841444;0.5231660008430481
493;0.005969350226223469;0.6100386381149292
494;0.006001419387757778;0.5617760419845581
495;0.006251303944736719;0.5270270109176636
496;0.0060208626091480255;0.6042470932006836
497;0.006013074424117804;0.5945945978164673
498;0.006054859608411789;0.5791505575180054
499;0.005967701785266399;0.6177605986595154
500;0.0060089449398219585;0.5617760419845581
501;0.006005723029375076;0.57722008228302
502;0.006025984417647123;0.6023166179656982
503;0.0059880600310862064;0.5694980621337891
504;0.006014754064381123;0.5637065768241882
505;0.006115451455116272;0.5405405163764954
506;0.0061170440167188644;0.5965250730514526
507;0.006040417123585939;0.5675675868988037
508;0.006033116020262241;0.5617760419845581
509;0.006090849172323942;0.5888031125068665
510;0.0059614055790007114;0.6061776280403137
511;0.00591015862300992;0.5868725776672363
512;0.0059255147352814674;0.5830115675926208
513;0.005898773204535246;0.6061776280403137
514;0.006038282997906208;0.5926640629768372
515;0.0059620412066578865;0.57722008228302
516;0.006075254641473293;0.5675675868988037
517;0.005990730598568916;0.5694980621337891
518;0.005960357375442982;0.6061776280403137
519;0.00600240845233202;0.5945945978164673
520;0.00596403144299984;0.5810810923576355
521;0.006065928842872381;0.5347490310668945
522;0.006250065751373768;0.546332061290741
523;0.006481172051280737;0.5366795659065247
524;0.006246977020055056;0.5366795659065247
525;0.0062753851525485516;0.5270270109176636
526;0.006112841423600912;0.5888031125068665
527;0.006108115892857313;0.5714285969734192
528;0.00636712834239006;0.5521235466003418
529;0.006114302668720484;0.5907335877418518
530;0.006146490573883057;0.5733590722084045
531;0.0062446678057312965;0.5752895474433899
532;0.006067011971026659;0.5656370520591736
533;0.006034980993717909;0.5482625365257263
534;0.0060146464966237545;0.5521235466003418
535;0.005982714239507914;0.5694980621337891
536;0.005923775024712086;0.6274131536483765
537;0.005942507181316614;0.623552143573761
538;0.00591362826526165;0.5965250730514526
539;0.005900545045733452;0.5830115675926208
540;0.0059078591875731945;0.6100386381149292
541;0.005945855285972357;0.5830115675926208
542;0.005968698766082525;0.5694980621337891
543;0.005829492583870888;0.5984556078910828
544;0.006129561457782984;0.546332061290741
545;0.005888983141630888;0.6081081032752991
546;0.005940837785601616;0.6003860831260681
547;0.005860856734216213;0.6196911334991455
548;0.005926805082708597;0.5830115675926208
549;0.005932952743023634;0.6100386381149292
550;0.005761528387665749;0.6119691133499146
551;0.005818470846861601;0.5675675868988037
552;0.005968794226646423;0.530888020992279
553;0.005718812346458435;0.6081081032752991
554;0.005715904291719198;0.6138995885848999
555;0.005789594724774361;0.5791505575180054
556;0.005784782115370035;0.6428571343421936
557;0.005717796739190817;0.6177605986595154
558;0.0057012829929590225;0.6370656490325928
559;0.005717750173062086;0.6332046389579773
560;0.005697740241885185;0.5945945978164673
561;0.005716375540941954;0.6119691133499146
562;0.005645388271659613;0.6640926599502563
563;0.005688967648893595;0.6293436288833618
564;0.005635733716189861;0.6254826188087463
565;0.005667546764016151;0.6081081032752991
566;0.0056757330894470215;0.6583011746406555
567;0.005642712116241455;0.6447876691818237
568;0.005675343330949545;0.6602316498756409
569;0.005637711379677057;0.6274131536483765
570;0.005579366814345121;0.6447876691818237
571;0.005761434324085712;0.5984556078910828
572;0.0057984995655715466;0.623552143573761
573;0.005853891372680664;0.5907335877418518
574;0.005758405197411776;0.6138995885848999
575;0.0058110905811190605;0.6196911334991455
576;0.005736081395298243;0.6467181444168091
577;0.005624078679829836;0.6042470932006836
578;0.0058526634238660336;0.5733590722084045
579;0.00576186366379261;0.6351351141929626
580;0.0056976075284183025;0.6274131536483765
581;0.005771714262664318;0.6196911334991455
582;0.005803847685456276;0.61583012342453
583;0.005801286082714796;0.6196911334991455
584;0.005714655388146639;0.65444016456604
585;0.005743348505347967;0.6254826188087463
586;0.005801037419587374;0.6525096297264099
587;0.005696287844330072;0.6274131536483765
588;0.005730641074478626;0.6254826188087463
589;0.005753177218139172;0.623552143573761
590;0.005673760548233986;0.6042470932006836
591;0.005706200376152992;0.623552143573761
592;0.0057005202397704124;0.6003860831260681
593;0.005562054459005594;0.6563706398010254
594;0.005691307131201029;0.6081081032752991
595;0.005748240277171135;0.6177605986595154
596;0.0056131379678845406;0.623552143573761
597;0.0056803165934979916;0.6254826188087463
598;0.005683511029928923;0.6003860831260681
599;0.00559939444065094;0.6389961242675781
600;0.005602013319730759;0.6467181444168091
601;0.005644010379910469;0.6389961242675781
602;0.005634035915136337;0.6486486196517944
603;0.005526556167751551;0.6602316498756409
604;0.005656167399138212;0.6293436288833618
605;0.00565603980794549;0.6351351141929626
606;0.005563633516430855;0.6467181444168091
607;0.005639044567942619;0.6370656490325928
608;0.005797307472676039;0.6389961242675781
609;0.00552598899230361;0.6563706398010254
610;0.005698791239410639;0.6042470932006836
611;0.005592120345681906;0.6332046389579773
612;0.005502092652022839;0.6486486196517944
613;0.00559600256383419;0.6351351141929626
614;0.005571387242525816;0.6872586607933044
615;0.005628818646073341;0.6679536700248718
616;0.005468440242111683;0.6389961242675781
617;0.005659075919538736;0.6274131536483765
618;0.005597466602921486;0.6389961242675781
619;0.005669253878295422;0.6370656490325928
620;0.005748160649091005;0.623552143573761
621;0.00624293927103281;0.6003860831260681
622;0.00599879864603281;0.5694980621337891
623;0.0059522842057049274;0.6081081032752991
624;0.006227888632565737;0.5694980621337891
625;0.00578406872227788;0.6332046389579773
626;0.006257190834730864;0.5540540814399719
627;0.005954734515398741;0.6177605986595154
628;0.00593261793255806;0.6061776280403137
629;0.006325678434222937;0.5694980621337891
630;0.00660431943833828;0.5791505575180054
631;0.006498430855572224;0.5231660008430481
632;0.005964634474366903;0.6177605986595154
633;0.006195710506290197;0.5830115675926208
634;0.006346775684505701;0.5926640629768372
635;0.005795092787593603;0.6505791544914246
636;0.005842250771820545;0.6081081032752991
637;0.006118341814726591;0.6100386381149292
638;0.005827474407851696;0.6196911334991455
639;0.005994752049446106;0.5830115675926208
640;0.005908573977649212;0.6061776280403137
641;0.006061085965484381;0.5598455667495728
642;0.005582786630839109;0.6505791544914246
643;0.0060281408950686455;0.5656370520591736
644;0.0058860182762146;0.6100386381149292
645;0.005846989341080189;0.5868725776672363
646;0.005750211887061596;0.6254826188087463
647;0.005673599429428577;0.6332046389579773
648;0.005668241996318102;0.623552143573761
649;0.005651250947266817;0.61583012342453
650;0.005533901043236256;0.6409266591072083
651;0.005629314575344324;0.6486486196517944
652;0.005696599371731281;0.6525096297264099
653;0.005527212750166655;0.6602316498756409
654;0.005444267764687538;0.6583011746406555
655;0.005554644390940666;0.6312741041183472
656;0.005502942018210888;0.6370656490325928
657;0.005456353537738323;0.6660231947898865
658;0.005428524687886238;0.6853281855583191
659;0.0054563903249800205;0.6679536700248718
660;0.005521684885025024;0.662162184715271
661;0.0054239011369645596;0.6409266591072083
662;0.0053916871547698975;0.6949806809425354
663;0.005396571010351181;0.6583011746406555
664;0.00529447803273797;0.69305020570755
665;0.005280506797134876;0.6679536700248718
666;0.005323937628418207;0.6756756901741028
667;0.005299619864672422;0.6814671754837036
668;0.005293816328048706;0.6814671754837036
669;0.005271154455840588;0.6698841452598572
670;0.005236390978097916;0.6853281855583191
671;0.0053850398398935795;0.6640926599502563
672;0.0053049111738801;0.7123551964759827
673;0.005311391782015562;0.6756756901741028
674;0.005220080725848675;0.69305020570755
675;0.005292622838169336;0.6718146800994873
676;0.005262176971882582;0.6737451553344727
677;0.005243607331067324;0.6969112157821655
678;0.005354827269911766;0.6640926599502563
679;0.005208488553762436;0.6776061654090881
680;0.005392476450651884;0.6312741041183472
681;0.005219921004027128;0.6756756901741028
682;0.005334789864718914;0.6525096297264099
683;0.005270027089864016;0.69305020570755
684;0.0051934607326984406;0.6776061654090881
685;0.0052333432249724865;0.6911196708679199
686;0.005269171670079231;0.6776061654090881
687;0.005329583305865526;0.6776061654090881
688;0.005373777821660042;0.6698841452598572
689;0.005314652342349291;0.6737451553344727
690;0.00519061041995883;0.6911196708679199
691;0.005274510942399502;0.6679536700248718
692;0.005372210871428251;0.6640926599502563
693;0.005257904063910246;0.6660231947898865
694;0.005367104429751635;0.662162184715271
695;0.0053351945243775845;0.6814671754837036
696;0.005558634176850319;0.6351351141929626
697;0.005355978384613991;0.6409266591072083
698;0.0054458980448544025;0.6389961242675781
699;0.005219397600740194;0.6814671754837036
700;0.005274641327559948;0.6833977103233337
701;0.0055056787095963955;0.6525096297264099
702;0.00520273856818676;0.6660231947898865
703;0.005380598362535238;0.6525096297264099
704;0.005256033502519131;0.6737451553344727
705;0.005505300592631102;0.65444016456604
706;0.005222705192863941;0.6814671754837036
707;0.005455240607261658;0.6409266591072083
708;0.005483107641339302;0.6370656490325928
709;0.005229247268289328;0.7065637111663818
710;0.0051778769120574;0.6776061654090881
711;0.005606884136795998;0.6389961242675781
712;0.005090607795864344;0.6988416910171509
713;0.005469654221087694;0.6505791544914246
714;0.0055412594228982925;0.61583012342453
715;0.005196630489081144;0.6891891956329346
716;0.005615451838821173;0.6332046389579773
717;0.005567339714616537;0.6119691133499146
718;0.0051313177682459354;0.6776061654090881
719;0.005317257717251778;0.6718146800994873
720;0.0053337677381932735;0.6389961242675781
721;0.005166417919099331;0.662162184715271
722;0.005147683434188366;0.69305020570755
723;0.005308898631483316;0.6679536700248718
724;0.005152126774191856;0.6988416910171509
725;0.005311205983161926;0.6814671754837036
726;0.005280229263007641;0.65444016456604
727;0.0052103823982179165;0.6583011746406555
728;0.005218995735049248;0.6505791544914246
729;0.005315757822245359;0.6640926599502563
730;0.005217553582042456;0.6833977103233337
731;0.005161826033145189;0.6949806809425354
732;0.005243577528744936;0.662162184715271
733;0.005166092421859503;0.6505791544914246
734;0.005068906117230654;0.6602316498756409
735;0.0050306604243814945;0.6872586607933044
736;0.005014931783080101;0.6911196708679199
737;0.005146699026226997;0.6814671754837036
738;0.005098398774862289;0.6718146800994873
739;0.005007278174161911;0.69305020570755
740;0.00506201945245266;0.6988416910171509
741;0.005104414187371731;0.6795367002487183
742;0.005168157164007425;0.6660231947898865
743;0.0049630459398031235;0.6872586607933044
744;0.005227469839155674;0.6833977103233337
745;0.0049474043771624565;0.6814671754837036
746;0.005075274500995874;0.662162184715271
747;0.005056206602603197;0.6525096297264099
748;0.005042566452175379;0.6583011746406555
749;0.005009933840483427;0.69305020570755
750;0.0050240992568433285;0.6853281855583191
751;0.005038729403167963;0.69305020570755
752;0.005033009219914675;0.6795367002487183
753;0.004961393307894468;0.700772225856781
754;0.005038273520767689;0.69305020570755
755;0.004918815102428198;0.6872586607933044
756;0.0049903495237231255;0.6988416910171509
757;0.004925221670418978;0.6795367002487183
758;0.004942598752677441;0.7181467413902283
759;0.004984064027667046;0.6891891956329346
760;0.004991431254893541;0.6795367002487183
761;0.004902172833681107;0.69305020570755
762;0.004924607463181019;0.6833977103233337
763;0.004861118271946907;0.7046331763267517
764;0.004863367881625891;0.69305020570755
765;0.00487363850697875;0.6911196708679199
766;0.0048128957860171795;0.6988416910171509
767;0.004903128836303949;0.6853281855583191
768;0.00480331527069211;0.6949806809425354
769;0.004915341269224882;0.7065637111663818
770;0.004899465944617987;0.7123551964759827
771;0.0049216244369745255;0.6891891956329346
772;0.0049097235314548016;0.700772225856781
773;0.004887606017291546;0.6988416910171509
774;0.005028087645769119;0.6833977103233337
775;0.004931744188070297;0.69305020570755
776;0.005023572593927383;0.6776061654090881
777;0.004911104217171669;0.7142857313156128
778;0.004953362513333559;0.7065637111663818
779;0.00485292449593544;0.6911196708679199
780;0.00484615471214056;0.6872586607933044
781;0.004826412536203861;0.69305020570755
782;0.004902574233710766;0.6969112157821655
783;0.004817288368940353;0.7046331763267517
784;0.004882485140115023;0.6853281855583191
785;0.004966506734490395;0.6853281855583191
786;0.004984747152775526;0.7104247212409973
787;0.004853018093854189;0.7104247212409973
788;0.004967187065631151;0.6756756901741028
789;0.004952084273099899;0.6969112157821655
790;0.004834259860217571;0.6718146800994873
791;0.004989663138985634;0.6872586607933044
792;0.005098125897347927;0.6563706398010254
793;0.004971626214683056;0.7027027010917664
794;0.0050204540602862835;0.69305020570755
795;0.004845143761485815;0.7065637111663818
796;0.004969743080437183;0.6679536700248718
797;0.00488703278824687;0.6718146800994873
798;0.004854239989072084;0.6833977103233337
799;0.004879808984696865;0.69305020570755
800;0.004785910248756409;0.7123551964759827
801;0.004881472792476416;0.6833977103233337
802;0.004942649509757757;0.6891891956329346
803;0.005021829158067703;0.6698841452598572
804;0.004813395906239748;0.6988416910171509
805;0.004790726583451033;0.6969112157821655
806;0.004859047941863537;0.6911196708679199
807;0.00476283160969615;0.6949806809425354
808;0.004718807525932789;0.7162162065505981
809;0.00488843210041523;0.6891891956329346
810;0.004909120034426451;0.6949806809425354
811;0.005126257427036762;0.6872586607933044
812;0.0048195309937000275;0.6891891956329346
813;0.0050919814966619015;0.65444016456604
814;0.004780415445566177;0.7142857313156128
815;0.0049566663801670074;0.6795367002487183
816;0.005076386965811253;0.6447876691818237
817;0.0047872187569737434;0.6853281855583191
818;0.0051138936541974545;0.6737451553344727
819;0.0048614260740578175;0.6988416910171509
820;0.004857000894844532;0.6988416910171509
821;0.004804642871022224;0.700772225856781
822;0.004829966928809881;0.7104247212409973
823;0.004873403813689947;0.6872586607933044
824;0.004843252710998058;0.7046331763267517
825;0.004741765093058348;0.7104247212409973
826;0.004865019116550684;0.7239382266998291
827;0.004913525190204382;0.6949806809425354
828;0.004830777179449797;0.6853281855583191
829;0.004804512951523066;0.700772225856781
830;0.0047904388047754765;0.7084941864013672
831;0.004904063418507576;0.700772225856781
832;0.004881545435637236;0.6872586607933044
833;0.0048336610198020935;0.6949806809425354
834;0.005063899327069521;0.6467181444168091
835;0.004821830429136753;0.6949806809425354
836;0.00507119856774807;0.6602316498756409
837;0.004838623106479645;0.700772225856781
838;0.00490176398307085;0.6679536700248718
839;0.004954129923135042;0.6679536700248718
840;0.0047991001047194;0.6891891956329346
841;0.00462984899058938;0.7181467413902283
842;0.005168714560568333;0.6833977103233337
843;0.004935595206916332;0.7065637111663818
844;0.005077939014881849;0.6660231947898865
845;0.004862125962972641;0.6679536700248718
846;0.005325736943632364;0.6583011746406555
847;0.0048410482704639435;0.69305020570755
848;0.005059134215116501;0.7027027010917664
849;0.005501813255250454;0.6100386381149292
850;0.005209092050790787;0.6525096297264099
851;0.005466173402965069;0.6312741041183472
852;0.005614342633634806;0.6061776280403137
853;0.005292836576700211;0.6505791544914246
854;0.005346535239368677;0.65444016456604
855;0.005244769621640444;0.6737451553344727
856;0.005068936385214329;0.65444016456604
857;0.005154188256710768;0.6833977103233337
858;0.005205377470701933;0.6737451553344727
859;0.005003477446734905;0.6988416910171509
860;0.004968247842043638;0.700772225856781
861;0.004937274847179651;0.6949806809425354
862;0.004887341056019068;0.6949806809425354
863;0.005066928919404745;0.6911196708679199
864;0.004824540112167597;0.7065637111663818
865;0.004751336760818958;0.700772225856781
866;0.004869833588600159;0.6756756901741028
867;0.004769088234752417;0.69305020570755
868;0.0047667562030255795;0.7027027010917664
869;0.004761675372719765;0.69305020570755
870;0.004750017076730728;0.7162162065505981
871;0.0047774105332791805;0.7046331763267517
872;0.004734090995043516;0.7181467413902283
873;0.004717347677797079;0.7200772166252136
874;0.004744324833154678;0.69305020570755
875;0.004788549616932869;0.7046331763267517
876;0.004677086602896452;0.7046331763267517
877;0.004774101544171572;0.7123551964759827
878;0.004705470055341721;0.7046331763267517
879;0.004685419611632824;0.7142857313156128
880;0.004744640085846186;0.6718146800994873
881;0.004686035681515932;0.7181467413902283
882;0.004659023601561785;0.7027027010917664
883;0.004674057941883802;0.7277992367744446
884;0.004645936656743288;0.7142857313156128
885;0.004669688642024994;0.7027027010917664
886;0.004764334298670292;0.7123551964759827
887;0.004674818366765976;0.7142857313156128
888;0.004749730695039034;0.7220077514648438
889;0.004792616702616215;0.6891891956329346
890;0.0046524908393621445;0.7142857313156128
891;0.00457000033929944;0.7084941864013672
892;0.004612952005118132;0.7065637111663818
893;0.004615339450538158;0.700772225856781
894;0.004577037412673235;0.7123551964759827
895;0.004636562429368496;0.6776061654090881
896;0.0046068476513028145;0.7181467413902283
897;0.004740393254905939;0.6969112157821655
898;0.004562757443636656;0.7258687019348145
899;0.004663210362195969;0.6911196708679199
900;0.0045828199945390224;0.6949806809425354
901;0.004531468264758587;0.7239382266998291
902;0.004683304578065872;0.6911196708679199
903;0.004629380535334349;0.7123551964759827
904;0.004749898333102465;0.6911196708679199
905;0.004629691131412983;0.7084941864013672
906;0.004702806007117033;0.7065637111663818
907;0.004633718635886908;0.7104247212409973
908;0.004721781238913536;0.6872586607933044
909;0.004497631452977657;0.7258687019348145
910;0.004656536970287561;0.7239382266998291
911;0.004596352577209473;0.6872586607933044
912;0.004667955916374922;0.6872586607933044
913;0.004595526959747076;0.7297297120094299
914;0.004628628026694059;0.7297297120094299
915;0.0047637224197387695;0.7239382266998291
916;0.0045401244424283504;0.6949806809425354
917;0.004910608287900686;0.6814671754837036
918;0.004514818545430899;0.7046331763267517
919;0.004709271714091301;0.7027027010917664
920;0.004575652070343494;0.7200772166252136
921;0.004534486681222916;0.7084941864013672
922;0.004594680853188038;0.7046331763267517
923;0.0045540048740804195;0.7104247212409973
924;0.00451344670727849;0.7142857313156128
925;0.004488753154873848;0.7413127422332764
926;0.004523423500359058;0.7065637111663818
927;0.004499649628996849;0.7220077514648438
928;0.0044586146250367165;0.6969112157821655
929;0.004522076807916164;0.7162162065505981
930;0.00459221052005887;0.7027027010917664
931;0.004567747935652733;0.7258687019348145
932;0.004837944637984037;0.6795367002487183
933;0.004817842040210962;0.7065637111663818
934;0.004628173541277647;0.700772225856781
935;0.004626644775271416;0.69305020570755
936;0.004662125371396542;0.6911196708679199
937;0.004656676668673754;0.7104247212409973
938;0.004604576621204615;0.7413127422332764
939;0.004686902277171612;0.7104247212409973
940;0.004738592077046633;0.7104247212409973
941;0.004599745385348797;0.7027027010917664
942;0.00460777897387743;0.7220077514648438
943;0.004512215964496136;0.7355212569236755
944;0.0047888741828501225;0.6969112157821655
945;0.004916477482765913;0.6718146800994873
946;0.004860804416239262;0.6911196708679199
947;0.004907005000859499;0.6911196708679199
948;0.004959193989634514;0.6602316498756409
949;0.004765517544001341;0.7027027010917664
950;0.0047324299812316895;0.6660231947898865
951;0.004556463565677404;0.6891891956329346
952;0.004604354966431856;0.7142857313156128
953;0.0046408409252762794;0.7258687019348145
954;0.0046973880380392075;0.7239382266998291
955;0.004659673664718866;0.7027027010917664
956;0.004706336185336113;0.7104247212409973
957;0.004860853776335716;0.6891891956329346
958;0.004653390496969223;0.7200772166252136
959;0.004854443017393351;0.6891891956329346
960;0.004980489145964384;0.6814671754837036
961;0.004847434815019369;0.6776061654090881
962;0.004657895769923925;0.7027027010917664
963;0.004652086645364761;0.7046331763267517
964;0.004718726966530085;0.6988416910171509
965;0.004621814005076885;0.6988416910171509
966;0.004722559824585915;0.6949806809425354
967;0.0047768191434443;0.7104247212409973
968;0.004564650822430849;0.7046331763267517
969;0.004735929425805807;0.6969112157821655
970;0.004715713206678629;0.7065637111663818
971;0.004548677243292332;0.6949806809425354
972;0.0046641589142382145;0.7220077514648438
973;0.0044585056602954865;0.7084941864013672
974;0.004588172305375338;0.7123551964759827
975;0.004562987480312586;0.7123551964759827
976;0.004627241287380457;0.6756756901741028
977;0.004438851028680801;0.7297297120094299
978;0.0045065195299685;0.7277992367744446
979;0.004501523450016975;0.6949806809425354
980;0.004628458525985479;0.69305020570755
981;0.004520228132605553;0.7084941864013672
982;0.004583393689244986;0.6988416910171509
983;0.004492693115025759;0.7258687019348145
984;0.004509042948484421;0.7162162065505981
985;0.0044887433759868145;0.7084941864013672
986;0.00449661398306489;0.7142857313156128
987;0.0044612274505198;0.7123551964759827
988;0.004397949203848839;0.7181467413902283
989;0.00447582732886076;0.7374517321586609
990;0.004573661368340254;0.6776061654090881
991;0.004446387756615877;0.7142857313156128
992;0.004447873216122389;0.7335907220840454
993;0.004338447004556656;0.7200772166252136
994;0.004427184350788593;0.7451737523078918
995;0.004410970956087112;0.7239382266998291
996;0.0044413344003260136;0.7297297120094299
997;0.004403101280331612;0.7046331763267517
998;0.004344612825661898;0.7355212569236755
999;0.0043746307492256165;0.7239382266998291
1000;0.004411640577018261;0.7316602468490601
1001;0.004396672360599041;0.7297297120094299
1002;0.004382826387882233;0.7142857313156128
1003;0.004359112586826086;0.7123551964759827
1004;0.004463685676455498;0.700772225856781
1005;0.004381850827485323;0.7335907220840454
1006;0.004310382530093193;0.7142857313156128
1007;0.004439135547727346;0.7162162065505981
1008;0.004408476408571005;0.7142857313156128
1009;0.004341960418969393;0.7239382266998291
1010;0.004369315691292286;0.7181467413902283
1011;0.004401312675327063;0.7162162065505981
1012;0.004361946135759354;0.7239382266998291
1013;0.004485313780605793;0.7181467413902283
1014;0.00446744542568922;0.7084941864013672
1015;0.004674857947975397;0.6872586607933044
1016;0.004378281533718109;0.7123551964759827
1017;0.004421059042215347;0.7316602468490601
1018;0.004500902257859707;0.7065637111663818
1019;0.004410353489220142;0.7181467413902283
1020;0.004328978713601828;0.7084941864013672
1021;0.0044130487367510796;0.7104247212409973
1022;0.004403301514685154;0.7258687019348145
1023;0.00443640211597085;0.7297297120094299
1024;0.004363575018942356;0.7220077514648438
1025;0.004322955384850502;0.7181467413902283
1026;0.0043804943561553955;0.7277992367744446
1027;0.004335158970206976;0.7142857313156128
1028;0.004265999421477318;0.7239382266998291
1029;0.0044477470219135284;0.7046331763267517
1030;0.004424296785145998;0.7258687019348145
1031;0.004605029243975878;0.6911196708679199
1032;0.004296470899134874;0.7181467413902283
1033;0.004525120835751295;0.7046331763267517
1034;0.004459800198674202;0.7046331763267517
1035;0.004393422044813633;0.7084941864013672
1036;0.004632223397493362;0.7027027010917664
1037;0.004393158480525017;0.7181467413902283
1038;0.004675090778619051;0.6698841452598572
1039;0.004381220322102308;0.7181467413902283
1040;0.004632420372217894;0.6602316498756409
1041;0.004346919246017933;0.7239382266998291
1042;0.0049057831056416035;0.6428571343421936
1043;0.004512603394687176;0.6969112157821655
1044;0.004717373289167881;0.6988416910171509
1045;0.0045089214108884335;0.7142857313156128
1046;0.004519975278526545;0.700772225856781
1047;0.0048088799230754375;0.6602316498756409
1048;0.004537581466138363;0.6949806809425354
1049;0.004477813374251127;0.739382266998291
1050;0.0046615093015134335;0.7046331763267517
1051;0.004529675934463739;0.6988416910171509
1052;0.004568694159388542;0.7104247212409973
1053;0.0044746906496584415;0.7181467413902283
1054;0.0044326880015432835;0.7104247212409973
1055;0.004725841339677572;0.6949806809425354
1056;0.004702385980635881;0.6872586607933044
1057;0.004518341273069382;0.7027027010917664
1058;0.00448975246399641;0.700772225856781
1059;0.004549717530608177;0.7027027010917664
1060;0.004465250764042139;0.7200772166252136
1061;0.004764148965477943;0.6988416910171509
1062;0.004584349691867828;0.6988416910171509
1063;0.004646143410354853;0.6814671754837036
1064;0.004490477964282036;0.7084941864013672
1065;0.004392494447529316;0.7162162065505981
1066;0.004617346916347742;0.6776061654090881
1067;0.00453368853777647;0.6949806809425354
1068;0.004418091848492622;0.7142857313156128
1069;0.004459143150597811;0.6814671754837036
1070;0.004392602015286684;0.7258687019348145
1071;0.004447408020496368;0.739382266998291
1072;0.004284331575036049;0.7200772166252136
1073;0.004329219926148653;0.7046331763267517
1074;0.004380358848720789;0.7335907220840454
1075;0.004431044217199087;0.6853281855583191
1076;0.004373280797153711;0.700772225856781
1077;0.004350695759057999;0.7181467413902283
1078;0.004387561231851578;0.7142857313156128
1079;0.0042883059941232204;0.7297297120094299
1080;0.004410457797348499;0.7065637111663818
1081;0.004252044949680567;0.7258687019348145
1082;0.004307993687689304;0.7046331763267517
1083;0.004308624193072319;0.7084941864013672
1084;0.00428333505988121;0.7239382266998291
1085;0.0043508512899279594;0.7220077514648438
1086;0.004294349811971188;0.7258687019348145
1087;0.0043174284510314465;0.7239382266998291
1088;0.004258822184056044;0.7104247212409973
1089;0.004352605435997248;0.7413127422332764
1090;0.004301322158426046;0.7162162065505981
1091;0.004323280416429043;0.7181467413902283
1092;0.004306872375309467;0.7239382266998291
1093;0.004247206728905439;0.7297297120094299
1094;0.004252739250659943;0.7200772166252136
1095;0.0042176637798547745;0.7220077514648438
1096;0.00424025347456336;0.739382266998291
1097;0.004222806543111801;0.7297297120094299
1098;0.004251775331795216;0.7104247212409973
1099;0.004294979386031628;0.7277992367744446
1100;0.0042774491012096405;0.7027027010917664
1101;0.004286658018827438;0.7046331763267517
1102;0.004172571003437042;0.7200772166252136
1103;0.004253289196640253;0.7104247212409973
1104;0.004207465332001448;0.7181467413902283
1105;0.004170840140432119;0.7065637111663818
1106;0.004214819520711899;0.7162162065505981
1107;0.004261269234120846;0.7297297120094299
1108;0.004157614894211292;0.7181467413902283
1109;0.004351424053311348;0.6969112157821655
1110;0.004150207154452801;0.7200772166252136
1111;0.004264619201421738;0.7258687019348145
1112;0.004339165519922972;0.7046331763267517
1113;0.004212526138871908;0.7355212569236755
1114;0.004260221961885691;0.7258687019348145
1115;0.004347910638898611;0.7162162065505981
1116;0.004171826411038637;0.7297297120094299
1117;0.00442455755546689;0.6698841452598572
1118;0.004358575213700533;0.7220077514648438
1119;0.004210906568914652;0.7297297120094299
1120;0.004465943202376366;0.7258687019348145
1121;0.0043143522925674915;0.7181467413902283
1122;0.00431599048897624;0.7123551964759827
1123;0.0042045824229717255;0.7316602468490601
1124;0.004321651998907328;0.7181467413902283
1125;0.004251753445714712;0.7123551964759827
1126;0.004222058225423098;0.7142857313156128
1127;0.004258151166141033;0.7162162065505981
1128;0.004251329693943262;0.7297297120094299
1129;0.00433290796354413;0.6969112157821655
1130;0.004252214916050434;0.69305020570755
1131;0.00416856212541461;0.7142857313156128
1132;0.0044214120134711266;0.6891891956329346
1133;0.004481510259211063;0.6911196708679199
1134;0.004328069277107716;0.7258687019348145
1135;0.004279860761016607;0.7162162065505981
1136;0.004355029668658972;0.7084941864013672
1137;0.00431198813021183;0.700772225856781
1138;0.004443764686584473;0.700772225856781
1139;0.004286292940378189;0.7084941864013672
1140;0.004237191751599312;0.7355212569236755
1141;0.004359790589660406;0.7200772166252136
1142;0.00424104044213891;0.7277992367744446
1143;0.004210005979984999;0.6988416910171509
1144;0.004237908869981766;0.7239382266998291
1145;0.00419262470677495;0.7509652376174927
1146;0.004265809431672096;0.7220077514648438
1147;0.004296536091715097;0.7046331763267517
1148;0.004172822926193476;0.7335907220840454
1149;0.004193899221718311;0.7239382266998291
1150;0.004162942990660667;0.7258687019348145
1151;0.0041399369947612286;0.7084941864013672
1152;0.004232347477227449;0.7027027010917664
1153;0.0043722763657569885;0.6969112157821655
1154;0.004133730661123991;0.7258687019348145
1155;0.004162450321018696;0.7277992367744446
1156;0.004254784435033798;0.7220077514648438
1157;0.004157723858952522;0.7297297120094299
1158;0.00423630652949214;0.7181467413902283
1159;0.0043786074966192245;0.7162162065505981
1160;0.004264444578438997;0.7142857313156128
1161;0.0042082746513187885;0.7297297120094299
1162;0.004272522404789925;0.6891891956329346
1163;0.004315195605158806;0.7220077514648438
1164;0.004322396125644445;0.7355212569236755
1165;0.004180074203759432;0.7162162065505981
1166;0.004342467058449984;0.7142857313156128
1167;0.004238697700202465;0.7239382266998291
1168;0.004223644267767668;0.7162162065505981
1169;0.004363271873444319;0.7142857313156128
1170;0.004299696534872055;0.7084941864013672
1171;0.004170367959886789;0.7220077514648438
1172;0.004187035374343395;0.7142857313156128
1173;0.004313261713832617;0.7239382266998291
1174;0.004210006445646286;0.7258687019348145
1175;0.004266788717359304;0.7220077514648438
1176;0.0042739794589579105;0.7065637111663818
1177;0.00420394167304039;0.7277992367744446
1178;0.004163195379078388;0.7220077514648438
1179;0.004139489959925413;0.7316602468490601
1180;0.004142525605857372;0.7451737523078918
1181;0.004177862778306007;0.7027027010917664
1182;0.004122035577893257;0.7413127422332764
1183;0.004119512625038624;0.7297297120094299
1184;0.004149272572249174;0.7258687019348145
1185;0.004085074178874493;0.7490347623825073
1186;0.0041326372884213924;0.7277992367744446
1187;0.004116261377930641;0.7277992367744446
1188;0.00415164977312088;0.7258687019348145
1189;0.004170368891209364;0.7065637111663818
1190;0.004125006962567568;0.739382266998291
1191;0.004149304237216711;0.7084941864013672
1192;0.004171916749328375;0.6911196708679199
1193;0.004143174737691879;0.7220077514648438
1194;0.004126435145735741;0.7316602468490601
1195;0.004197048023343086;0.7162162065505981
1196;0.00425028195604682;0.7162162065505981
1197;0.004152646288275719;0.7413127422332764
1198;0.0041431766003370285;0.7220077514648438
1199;0.004250626545399427;0.7181467413902283
1200;0.0041634757071733475;0.7046331763267517
1201;0.0042436616495251656;0.6969112157821655
1202;0.004291635937988758;0.7065637111663818
1203;0.0045175026170909405;0.6988416910171509
1204;0.004188220016658306;0.7104247212409973
1205;0.005466065369546413;0.6274131536483765
1206;0.005030817352235317;0.6891891956329346
1207;0.004729818552732468;0.6428571343421936
1208;0.004754004999995232;0.6795367002487183
1209;0.0046911342069506645;0.6679536700248718
1210;0.00462219025939703;0.700772225856781
1211;0.004500895272940397;0.7200772166252136
1212;0.004562155809253454;0.7220077514648438
1213;0.004447588697075844;0.7181467413902283
1214;0.004498678259551525;0.7123551964759827
1215;0.004282185807824135;0.7084941864013672
1216;0.00431898282840848;0.7200772166252136
1217;0.004507377278059721;0.7046331763267517
1218;0.0043718814849853516;0.7104247212409973
1219;0.004368593450635672;0.7046331763267517
1220;0.004283272195607424;0.7162162065505981
1221;0.004241463728249073;0.7258687019348145
1222;0.004277884028851986;0.7142857313156128
1223;0.004127052612602711;0.7200772166252136
1224;0.004276181571185589;0.7162162065505981
1225;0.004192229360342026;0.7220077514648438
1226;0.004472808912396431;0.6795367002487183
1227;0.0046973987482488155;0.6911196708679199
1228;0.004323454573750496;0.7104247212409973
1229;0.004592238459736109;0.6718146800994873
1230;0.004506345838308334;0.6602316498756409
1231;0.004232733976095915;0.7200772166252136
1232;0.0048997653648257256;0.6737451553344727
1233;0.0042325882241129875;0.7142857313156128
1234;0.004903158638626337;0.6602316498756409
1235;0.004644753411412239;0.6891891956329346
1236;0.004526405595242977;0.7104247212409973
1237;0.004526838194578886;0.6988416910171509
1238;0.00454198382794857;0.6795367002487183
1239;0.00442082155495882;0.7162162065505981
1240;0.004776804242283106;0.6602316498756409
1241;0.005508495960384607;0.6216216087341309
1242;0.004455683287233114;0.7123551964759827
1243;0.005036836955696344;0.6737451553344727
1244;0.0044439104385674;0.6872586607933044
1245;0.0042848787270486355;0.7046331763267517
1246;0.004754183813929558;0.6814671754837036
1247;0.004670882131904364;0.6833977103233337
1248;0.004471801687031984;0.7046331763267517
1249;0.004412935581058264;0.7084941864013672
1250;0.004355486016720533;0.7181467413902283
1251;0.004561407957226038;0.7046331763267517
1252;0.004446757957339287;0.7200772166252136
1253;0.004478388000279665;0.7027027010917664
1254;0.004399074241518974;0.7181467413902283
1255;0.004465754609555006;0.7181467413902283
1256;0.004369145259261131;0.7027027010917664
1257;0.004636775702238083;0.6776061654090881
1258;0.004249655641615391;0.7142857313156128
1259;0.00422636466100812;0.7200772166252136
1260;0.004546924959868193;0.6911196708679199
1261;0.004511711187660694;0.6949806809425354
1262;0.0042549017816782;0.7181467413902283
1263;0.004186871461570263;0.739382266998291
1264;0.004177330527454615;0.7374517321586609
1265;0.004276099149137735;0.7200772166252136
1266;0.0042141336016356945;0.7316602468490601
1267;0.004294948652386665;0.7297297120094299
1268;0.004248247016221285;0.7220077514648438
1269;0.004187599755823612;0.7277992367744446
1270;0.0042275977320969105;0.7374517321586609
1271;0.004211091902107;0.7316602468490601
1272;0.004160019103437662;0.7277992367744446
1273;0.004099220037460327;0.7355212569236755
1274;0.004197460599243641;0.7200772166252136
1275;0.0041410960257053375;0.7220077514648438
1276;0.004174273461103439;0.7162162065505981
1277;0.004178399220108986;0.7277992367744446
1278;0.004103643819689751;0.7316602468490601
1279;0.004071762785315514;0.7258687019348145
1280;0.004186260048300028;0.7084941864013672
1281;0.004083150066435337;0.7104247212409973
1282;0.004062906373292208;0.7200772166252136
1283;0.004064580891281366;0.7316602468490601
1284;0.004066403489559889;0.7277992367744446
1285;0.004117286764085293;0.7084941864013672
1286;0.004094173200428486;0.7220077514648438
1287;0.004066574387252331;0.7277992367744446
1288;0.0040835789404809475;0.7104247212409973
1289;0.004087928216904402;0.7162162065505981
1290;0.004041885491460562;0.7142857313156128
1291;0.004016052931547165;0.7239382266998291
1292;0.004072529263794422;0.7220077514648438
1293;0.004025075118988752;0.7277992367744446
1294;0.0041121141985058784;0.700772225856781
1295;0.004038043785840273;0.7239382266998291
1296;0.004033887758851051;0.7065637111663818
1297;0.004005193244665861;0.7335907220840454
1298;0.0039817821234464645;0.7335907220840454
1299;0.004071989096701145;0.7104247212409973
1300;0.003972317557781935;0.7335907220840454
1301;0.00402601296082139;0.7355212569236755
1302;0.003975299187004566;0.7200772166252136
1303;0.003952871076762676;0.7258687019348145
1304;0.004021232016384602;0.7355212569236755
1305;0.0040617091581225395;0.7084941864013672
1306;0.004005290102213621;0.7258687019348145
1307;0.004000228364020586;0.7297297120094299
1308;0.0039713140577077866;0.7374517321586609
1309;0.003949643112719059;0.7181467413902283
1310;0.003968180622905493;0.7162162065505981
1311;0.0039367591962218285;0.7374517321586609
1312;0.0040070414543151855;0.7162162065505981
1313;0.003976646810770035;0.7200772166252136
1314;0.00408156169578433;0.7142857313156128
1315;0.003999152686446905;0.7220077514648438
1316;0.0040025715716183186;0.7316602468490601
1317;0.00398340355604887;0.7432432174682617
1318;0.004028934054076672;0.7220077514648438
1319;0.004039922263473272;0.7181467413902283
1320;0.004016371909528971;0.7277992367744446
1321;0.0040313987992703915;0.7200772166252136
1322;0.003974773921072483;0.7548262476921082
1323;0.004032115917652845;0.6969112157821655
1324;0.003952584695070982;0.7142857313156128
1325;0.004006193485110998;0.7258687019348145
1326;0.003996691200882196;0.7432432174682617
1327;0.003969915676862001;0.739382266998291
1328;0.004042315762490034;0.7027027010917664
1329;0.003977854270488024;0.7258687019348145
1330;0.0040223244577646255;0.7200772166252136
1331;0.004047398455440998;0.7239382266998291
1332;0.0039384388364851475;0.7277992367744446
1333;0.0040576402097940445;0.7200772166252136
1334;0.004174783825874329;0.7065637111663818
1335;0.0040411027148365974;0.7181467413902283
1336;0.004213922191411257;0.7277992367744446
1337;0.004057575017213821;0.7297297120094299
1338;0.00406735111027956;0.7142857313156128
1339;0.003970974124968052;0.7297297120094299
1340;0.004125930834561586;0.7335907220840454
1341;0.003947919234633446;0.7413127422332764
1342;0.004009918309748173;0.7239382266998291
1343;0.004119528457522392;0.7181467413902283
1344;0.004042935557663441;0.7335907220840454
1345;0.004069908522069454;0.7355212569236755
1346;0.004056163597851992;0.7220077514648438
1347;0.003970172256231308;0.7374517321586609
1348;0.0040602232329547405;0.7123551964759827
1349;0.0041796984151005745;0.7162162065505981
1350;0.004084554500877857;0.7142857313156128
1351;0.004078354686498642;0.7258687019348145
1352;0.004120056517422199;0.7200772166252136
1353;0.0040279957465827465;0.739382266998291
1354;0.004035993944853544;0.7065637111663818
1355;0.004063006490468979;0.7355212569236755
1356;0.003964971750974655;0.7335907220840454
1357;0.003966489341109991;0.7065637111663818
1358;0.004062391817569733;0.7277992367744446
1359;0.004027130547910929;0.7220077514648438
1360;0.004002755507826805;0.7123551964759827
1361;0.0039907353930175304;0.7355212569236755
1362;0.004068662878125906;0.7258687019348145
1363;0.003946458455175161;0.7374517321586609
1364;0.004042523447424173;0.7316602468490601
1365;0.0039777313359081745;0.700772225856781
1366;0.004095332231372595;0.7528957724571228
1367;0.003939659334719181;0.7451737523078918
1368;0.0039406586438417435;0.7220077514648438
1369;0.00405334634706378;0.7200772166252136
1370;0.0039497362449765205;0.7277992367744446
1371;0.003955472726374865;0.7413127422332764
1372;0.003986367490142584;0.7181467413902283
1373;0.003936051856726408;0.7316602468490601
1374;0.004020978696644306;0.7027027010917664
1375;0.003965890035033226;0.7316602468490601
1376;0.003974128980189562;0.7297297120094299
1377;0.0040189726278185844;0.7374517321586609
1378;0.0039839548990130424;0.7046331763267517
1379;0.0039825113490223885;0.7181467413902283
1380;0.003971113357692957;0.7316602468490601
1381;0.003966826945543289;0.7239382266998291
1382;0.003969753626734018;0.7181467413902283
1383;0.003965193405747414;0.7181467413902283
1384;0.0039951372891664505;0.7335907220840454
1385;0.00406740652397275;0.7200772166252136
1386;0.003919626120477915;0.7432432174682617
1387;0.004050863906741142;0.7046331763267517
1388;0.004035295452922583;0.7084941864013672
1389;0.003983129281550646;0.7335907220840454
1390;0.003994192462414503;0.7297297120094299
1391;0.004057731479406357;0.7490347623825073
1392;0.003904598066583276;0.7548262476921082
1393;0.003952955827116966;0.7220077514648438
1394;0.004027074668556452;0.7065637111663818
1395;0.004004060756415129;0.7297297120094299
1396;0.0039147743955254555;0.7355212569236755
1397;0.0040339697152376175;0.7316602468490601
1398;0.004043140448629856;0.7123551964759827
1399;0.004023338668048382;0.7220077514648438
1400;0.0039564575999975204;0.7548262476921082
1401;0.003953147679567337;0.7200772166252136
1402;0.004057758022099733;0.7162162065505981
1403;0.003937090281397104;0.7451737523078918
1404;0.003915759734809399;0.7297297120094299
1405;0.004033942241221666;0.7142857313156128
1406;0.003939826972782612;0.7316602468490601
1407;0.003902252996340394;0.7374517321586609
1408;0.0039125471375882626;0.7374517321586609
1409;0.003914907108992338;0.7123551964759827
1410;0.003853383008390665;0.7374517321586609
1411;0.003909656312316656;0.7239382266998291
1412;0.00396360270678997;0.7084941864013672
1413;0.00396270165219903;0.7335907220840454
1414;0.004035931546241045;0.7162162065505981
1415;0.003981341142207384;0.7258687019348145
1416;0.004042754881083965;0.7277992367744446
1417;0.0038633025251328945;0.7220077514648438
1418;0.003953129518777132;0.7413127422332764
1419;0.0039840820245444775;0.7277992367744446
1420;0.0038880822248756886;0.7335907220840454
1421;0.003924627788364887;0.7355212569236755
1422;0.003924868535250425;0.7374517321586609
1423;0.003938319627195597;0.7297297120094299
1424;0.0038836076855659485;0.7451737523078918
1425;0.003910588100552559;0.7220077514648438
1426;0.003969606943428516;0.7200772166252136
1427;0.0038623902946710587;0.7277992367744446
1428;0.003912216518074274;0.7297297120094299
1429;0.003975608851760626;0.7335907220840454
1430;0.003962757997214794;0.7065637111663818
1431;0.003915086388587952;0.739382266998291
1432;0.003999629523605108;0.7220077514648438
1433;0.003939102403819561;0.7181467413902283
1434;0.0038951868191361427;0.7200772166252136
1435;0.003937572706490755;0.7355212569236755
1436;0.00391148729249835;0.7355212569236755
1437;0.003930276725441217;0.7355212569236755
1438;0.003993414808064699;0.7316602468490601
1439;0.003890529042109847;0.7451737523078918
1440;0.003912580199539661;0.7355212569236755
1441;0.004120196215808392;0.7065637111663818
1442;0.003875001333653927;0.7548262476921082
1443;0.004064697772264481;0.7413127422332764
1444;0.003993755206465721;0.7490347623825073
1445;0.003927797544747591;0.7471042275428772
1446;0.00393932918086648;0.7297297120094299
1447;0.0038774055428802967;0.7413127422332764
1448;0.0039628492668271065;0.739382266998291
1449;0.0039446731097996235;0.7316602468490601
1450;0.003947982098907232;0.7258687019348145
1451;0.003945625387132168;0.7220077514648438
1452;0.003963354043662548;0.7335907220840454
1453;0.004387950990349054;0.6833977103233337
1454;0.004889640957117081;0.6698841452598572
1455;0.0049973721615970135;0.6698841452598572
1456;0.0048526739701628685;0.6737451553344727
1457;0.004793400410562754;0.662162184715271
1458;0.004672864452004433;0.700772225856781
1459;0.004923094063997269;0.6351351141929626
1460;0.004432703834027052;0.6795367002487183
1461;0.004316286649554968;0.7123551964759827
1462;0.004436838440597057;0.7027027010917664
1463;0.004402796737849712;0.6911196708679199
1464;0.004308474250137806;0.6969112157821655
1465;0.004344553221017122;0.7027027010917664
1466;0.004218691494315863;0.7220077514648438
1467;0.0043177176266908646;0.7104247212409973
1468;0.004250830505043268;0.7162162065505981
1469;0.004400090780109167;0.6891891956329346
1470;0.004380910191684961;0.6853281855583191
1471;0.004261072725057602;0.7181467413902283
1472;0.004318431951105595;0.7046331763267517
1473;0.004257811699062586;0.7123551964759827
1474;0.004331895150244236;0.6969112157821655
1475;0.004250908736139536;0.700772225856781
1476;0.004046327900141478;0.7123551964759827
1477;0.004093579016625881;0.7316602468490601
1478;0.004140360280871391;0.7104247212409973
1479;0.004143980797380209;0.7451737523078918
1480;0.0041481195949018;0.7142857313156128
1481;0.00425378605723381;0.7181467413902283
1482;0.004030958283692598;0.7297297120094299
1483;0.004163104575127363;0.7084941864013672
1484;0.004495284054428339;0.6911196708679199
1485;0.0047384933568537235;0.65444016456604
1486;0.004145015962421894;0.7162162065505981
1487;0.004452353343367577;0.6853281855583191
1488;0.004188071936368942;0.7277992367744446
1489;0.00443470012396574;0.7027027010917664
1490;0.004033670295029879;0.7181467413902283
1491;0.004019196145236492;0.7297297120094299
1492;0.004387139342725277;0.6969112157821655
1493;0.004165182821452618;0.7046331763267517
1494;0.0042624943889677525;0.7239382266998291
1495;0.004236475098878145;0.7084941864013672
1496;0.004041505511850119;0.7181467413902283
1497;0.004302855581045151;0.69305020570755
1498;0.004573138430714607;0.6872586607933044
1499;0.00397780817002058;0.7123551964759827
