iteration;loss;accuracy
0;0.01765432208776474;0.0699300691485405
1;0.01660909131169319;0.0839160829782486
2;0.01689307764172554;0.07692307978868484
3;0.01682985946536064;0.0839160829782486
4;0.016486315056681633;0.0699300691485405
5;0.016422679647803307;0.1118881106376648
6;0.01638634502887726;0.0979020968079567
7;0.016419729217886925;0.0979020968079567
8;0.016399722546339035;0.0839160829782486
9;0.016284769400954247;0.139860138297081
10;0.016255777329206467;0.13286712765693665
11;0.016113348305225372;0.13286712765693665
12;0.01612848788499832;0.1118881106376648
13;0.01609109528362751;0.1538461595773697
14;0.016089795157313347;0.13286712765693665
15;0.015933914110064507;0.11888112127780914
16;0.01585366390645504;0.1538461595773697
17;0.015741879120469093;0.13286712765693665
18;0.015583820641040802;0.1958041936159134
19;0.015592710115015507;0.13286712765693665
20;0.015513109043240547;0.21678321063518524
21;0.01551840454339981;0.20279720425605774
22;0.015459427610039711;0.18881118297576904
23;0.015272500924766064;0.24475523829460144
24;0.015355372801423073;0.21678321063518524
25;0.015309215523302555;0.20279720425605774
26;0.015116437338292599;0.251748263835907
27;0.01502818614244461;0.24475523829460144
28;0.015064158476889133;0.24475523829460144
29;0.015063281171023846;0.2237762212753296
30;0.01487437728792429;0.28671327233314514
31;0.014789351262152195;0.3076923191547394
32;0.014855806715786457;0.279720276594162
33;0.014612827450037003;0.279720276594162
34;0.014723067171871662;0.30069929361343384
35;0.015071876347064972;0.2237762212753296
36;0.014494393020868301;0.3216783106327057
37;0.014843648299574852;0.2237762212753296
38;0.014593617990612984;0.3076923191547394
39;0.014977021142840385;0.2377622425556183
40;0.014592267572879791;0.30069929361343384
41;0.01435882318764925;0.3216783106327057
42;0.01444338820874691;0.3076923191547394
43;0.01464618369936943;0.25874125957489014
44;0.014410845004022121;0.27272728085517883
45;0.01430842000991106;0.3636363744735718
46;0.014342560432851315;0.3356643319129944
47;0.01419362798333168;0.3356643319129944
48;0.014024571515619755;0.37062937021255493
49;0.01415263768285513;0.32867133617401123
50;0.013991993851959705;0.3776223659515381
51;0.01390134822577238;0.4055944085121155
52;0.013766800053417683;0.4195804297924042
53;0.013738988898694515;0.440559446811676
54;0.013578040525317192;0.42657342553138733
55;0.013505306094884872;0.4475524425506592
56;0.013436290435492992;0.4615384638309479
57;0.013387411832809448;0.4335664212703705
58;0.013361779041588306;0.42657342553138733
59;0.01316021103411913;0.4965035021305084
60;0.013263771310448647;0.4545454680919647
61;0.013070780783891678;0.503496527671814
62;0.013011515140533447;0.5174825191497803
63;0.012837778776884079;0.559440553188324
64;0.01261543296277523;0.5664335489273071
65;0.01273665763437748;0.5244755148887634
66;0.012593949213624;0.5524475574493408
67;0.012551993131637573;0.5384615659713745
68;0.012283680029213428;0.6083915829658508
69;0.012280533090233803;0.5804196000099182
70;0.012535066343843937;0.5104895234107971
71;0.012721853330731392;0.4895104765892029
72;0.012271818704903126;0.5384615659713745
73;0.012524982914328575;0.4965035021305084
74;0.01217146497219801;0.5664335489273071
75;0.012273048050701618;0.5944055914878845
76;0.012130804359912872;0.5804196000099182
77;0.01217648759484291;0.5734265446662903
78;0.012033173814415932;0.5734265446662903
79;0.011941281147301197;0.5944055914878845
80;0.011734561994671822;0.6153846383094788
81;0.011602627113461494;0.5874125957489014
82;0.011417550966143608;0.692307710647583
83;0.01149386540055275;0.6503496766090393
84;0.011088087223470211;0.6643356680870056
85;0.0110141197219491;0.6713286638259888
86;0.01111871749162674;0.6573426723480225
87;0.011053089052438736;0.6293706297874451
88;0.010837743058800697;0.6643356680870056
89;0.010795848444104195;0.6503496766090393
90;0.010662944056093693;0.6993007063865662
91;0.010358436033129692;0.692307710647583
92;0.010712116956710815;0.6713286638259888
93;0.01029110886156559;0.6643356680870056
94;0.010420343838632107;0.6573426723480225
95;0.010143071413040161;0.7132866978645325
96;0.010227425955235958;0.6853147149085999
97;0.010110864415764809;0.7132866978645325
98;0.009917518123984337;0.7412587404251099
99;0.009868650697171688;0.7202796936035156
100;0.009824077598750591;0.7342657446861267
101;0.00962775107473135;0.7692307829856873
102;0.009567479602992535;0.7342657446861267
103;0.010058132000267506;0.692307710647583
104;0.009829673916101456;0.7342657446861267
105;0.009161287918686867;0.748251736164093
106;0.009693566709756851;0.7132866978645325
107;0.009079731069505215;0.7762237787246704
108;0.009134073741734028;0.7552447319030762
109;0.008919008076190948;0.7972028255462646
110;0.008949624374508858;0.811188817024231
111;0.008582601323723793;0.8181818127632141
112;0.008683507330715656;0.7552447319030762
113;0.008548714220523834;0.7832167744636536
114;0.008462032303214073;0.8321678042411804
115;0.008498161099851131;0.7832167744636536
116;0.008621291257441044;0.7622377872467041
117;0.008540550246834755;0.7692307829856873
118;0.008018609136343002;0.7902097702026367
119;0.008283520117402077;0.8321678042411804
120;0.008096341975033283;0.7902097702026367
121;0.007922444492578506;0.7972028255462646
122;0.007745147217065096;0.8391608595848083
123;0.007885397411882877;0.8181818127632141
124;0.007732204161584377;0.8391608595848083
125;0.0073517425917088985;0.8601398468017578
126;0.007599164266139269;0.867132842540741
127;0.0070560397580266;0.9300699234008789
128;0.007321777753531933;0.8391608595848083
129;0.007247083820402622;0.8321678042411804
130;0.007175269536674023;0.8741258978843689
131;0.0074438960291445255;0.8601398468017578
132;0.007023824844509363;0.8881118893623352
133;0.0071530453860759735;0.8461538553237915
134;0.0069083464331924915;0.8601398468017578
135;0.00701903598383069;0.8741258978843689
136;0.006618679966777563;0.8881118893623352
137;0.006886354181915522;0.8741258978843689
138;0.006756963208317757;0.8951048851013184
139;0.006768307648599148;0.867132842540741
140;0.006035210099071264;0.8881118893623352
141;0.006624879315495491;0.8881118893623352
142;0.006477179005742073;0.867132842540741
143;0.006438872776925564;0.8881118893623352
144;0.006350723095238209;0.9090909361839294
145;0.00663026561960578;0.8531468510627747
146;0.006253581494092941;0.8741258978843689
147;0.00713404780253768;0.8321678042411804
148;0.0057730888947844505;0.9230769276618958
149;0.006145758088678122;0.9230769276618958
150;0.005992153659462929;0.9020978808403015
151;0.005986988078802824;0.8951048851013184
152;0.005752399563789368;0.8881118893623352
153;0.005812065675854683;0.9020978808403015
154;0.005907687358558178;0.9090909361839294
155;0.005624668672680855;0.8881118893623352
156;0.005482809152454138;0.9160839319229126
157;0.005597773939371109;0.9230769276618958
158;0.005568786058574915;0.9160839319229126
159;0.005419435910880566;0.9090909361839294
160;0.005246245302259922;0.9230769276618958
161;0.005113793537020683;0.9440559148788452
162;0.005175549536943436;0.9440559148788452
163;0.005224989727139473;0.9090909361839294
164;0.005026150960475206;0.9230769276618958
165;0.0051855421625077724;0.8951048851013184
166;0.00519161531701684;0.9440559148788452
167;0.0050962986424565315;0.9300699234008789
168;0.0049078925512731075;0.9090909361839294
169;0.005184710491448641;0.8951048851013184
170;0.0047446792013943195;0.9090909361839294
171;0.004997255280613899;0.9230769276618958
172;0.004704424645751715;0.9160839319229126
173;0.004743463359773159;0.9440559148788452
174;0.004856998100876808;0.9370629191398621
175;0.0051713199354708195;0.9020978808403015
176;0.004785438999533653;0.9230769276618958
177;0.005172259174287319;0.8881118893623352
178;0.004561733454465866;0.9230769276618958
179;0.004926200024783611;0.9300699234008789
180;0.00461225351318717;0.9300699234008789
181;0.004951138515025377;0.9160839319229126
182;0.004634354263544083;0.9230769276618958
183;0.004372298251837492;0.9370629191398621
184;0.004705791361629963;0.9300699234008789
185;0.004534588661044836;0.9230769276618958
186;0.00432446226477623;0.9510489702224731
187;0.004484855104237795;0.9440559148788452
188;0.004476501140743494;0.9510489702224731
189;0.004202334675937891;0.9580419659614563
190;0.004596451763063669;0.9160839319229126
191;0.004176291637122631;0.9440559148788452
192;0.00433362927287817;0.9370629191398621
193;0.0043694754131138325;0.9300699234008789
194;0.004238145425915718;0.9230769276618958
195;0.00410271342843771;0.9510489702224731
196;0.0038431822322309017;0.9580419659614563
197;0.003976559266448021;0.9440559148788452
198;0.0038582594133913517;0.9510489702224731
199;0.003921832889318466;0.9440559148788452
200;0.004098193719983101;0.9440559148788452
201;0.0037324356380850077;0.9720279574394226
202;0.0038891052827239037;0.9650349617004395
203;0.0036956965923309326;0.9720279574394226
204;0.0038070203736424446;0.9510489702224731
205;0.003887293627485633;0.9300699234008789
206;0.0037346184253692627;0.9580419659614563
207;0.0037132352590560913;0.9370629191398621
208;0.0037292377091944218;0.9440559148788452
209;0.0037276980001479387;0.9440559148788452
210;0.00392796378582716;0.9440559148788452
211;0.0036936895921826363;0.9650349617004395
212;0.00359706929884851;0.9440559148788452
213;0.00350815337151289;0.9510489702224731
214;0.0035254345275461674;0.9790209531784058
215;0.0036816829815506935;0.9370629191398621
216;0.0034288049209862947;0.9370629191398621
217;0.003730145050212741;0.9230769276618958
218;0.00338848982937634;0.9580419659614563
219;0.0035308192018419504;0.9650349617004395
220;0.003346049692481756;0.9580419659614563
221;0.00338148744776845;0.9790209531784058
222;0.003837005002424121;0.9440559148788452
223;0.0033691548742353916;0.9580419659614563
224;0.0036695217713713646;0.9650349617004395
225;0.003509329864755273;0.9510489702224731
226;0.0032251072116196156;0.9720279574394226
227;0.003487342968583107;0.9370629191398621
228;0.0035819218028336763;0.9580419659614563
229;0.0036691920831799507;0.9300699234008789
230;0.0036686367820948362;0.9440559148788452
231;0.003591484623029828;0.9790209531784058
232;0.0031307905446738005;0.9720279574394226
233;0.0031206600833684206;0.9860140085220337
234;0.0031707773450762033;0.9650349617004395
235;0.003422883804887533;0.9580419659614563
236;0.003204435110092163;0.9720279574394226
237;0.0031802444718778133;0.9860140085220337
238;0.0031170269940048456;0.9930070042610168
239;0.0029840865172445774;0.9650349617004395
240;0.0031170877628028393;0.9650349617004395
241;0.003529112320393324;0.9440559148788452
242;0.0030762874521315098;0.9580419659614563
243;0.0028953172732144594;0.9860140085220337
244;0.0031311269849538803;0.9930070042610168
245;0.003078753361478448;0.9720279574394226
246;0.0031232975888997316;0.9440559148788452
247;0.002940547186881304;0.9790209531784058
248;0.0031205834820866585;0.9790209531784058
249;0.003031901316717267;0.9720279574394226
250;0.002916815225034952;0.9930070042610168
251;0.0028414831031113863;0.9790209531784058
252;0.002880410524085164;0.9790209531784058
253;0.0027156933210790157;0.9860140085220337
254;0.0029599484987556934;0.9860140085220337
255;0.0027159065939486027;0.9930070042610168
256;0.0027838193345814943;0.9860140085220337
257;0.0026742552872747183;0.9860140085220337
258;0.002518957946449518;0.9930070042610168
259;0.002779165282845497;1.0
260;0.002739999210461974;0.9930070042610168
261;0.0027508798521012068;0.9930070042610168
262;0.002585077891126275;0.9860140085220337
263;0.002729004016146064;1.0
264;0.002694139489904046;1.0
265;0.0026170406490564346;1.0
266;0.002449676627293229;1.0
267;0.002608017297461629;0.9860140085220337
268;0.0024979414884001017;1.0
269;0.0026177794206887484;0.9930070042610168
270;0.002738403156399727;0.9720279574394226
271;0.0023616584949195385;1.0
272;0.0026380724739283323;1.0
273;0.0026259073056280613;0.9860140085220337
274;0.002486072713509202;1.0
275;0.0025292211212217808;0.9860140085220337
276;0.002596187638118863;1.0
277;0.002409136388450861;1.0
278;0.002508603734895587;0.9860140085220337
279;0.0023829976562410593;0.9930070042610168
280;0.0022962612565606833;1.0
281;0.0026052931789308786;0.9860140085220337
282;0.0028135329484939575;0.9930070042610168
283;0.0021953601390123367;1.0
284;0.0023974538780748844;0.9930070042610168
285;0.0022141686640679836;1.0
286;0.002418315736576915;0.9440559148788452
287;0.0024859020486474037;0.9930070042610168
288;0.0022983206436038017;0.9930070042610168
289;0.002568462397903204;0.9930070042610168
290;0.0021864736918359995;0.9930070042610168
291;0.0025134310126304626;0.9860140085220337
292;0.0021155397407710552;1.0
293;0.0025147676933556795;0.9720279574394226
294;0.0023683561012148857;0.9930070042610168
295;0.0021524718031287193;1.0
296;0.002369586145505309;0.9930070042610168
297;0.0021412791684269905;1.0
298;0.0023173021618276834;1.0
299;0.0021400856785476208;1.0
300;0.002255628816783428;1.0
301;0.002134379232302308;1.0
302;0.002186897909268737;0.9930070042610168
303;0.002063778229057789;1.0
304;0.0018669335404410958;1.0
305;0.0019225220894441009;1.0
306;0.001885053119622171;1.0
307;0.002005229238420725;1.0
308;0.0022340945433825254;1.0
309;0.0018174812430515885;1.0
310;0.002412862377241254;0.9860140085220337
311;0.0018002563156187534;1.0
312;0.0020885560661554337;1.0
313;0.0022950642742216587;0.9930070042610168
314;0.0020687407813966274;1.0
315;0.0023034883197396994;1.0
316;0.001888200524263084;1.0
317;0.002029996830970049;1.0
318;0.0018807387677952647;1.0
319;0.0020419610664248466;0.9930070042610168
320;0.0018402599962428212;1.0
321;0.0018887470941990614;1.0
322;0.0019327637273818254;1.0
323;0.0019211198668926954;1.0
324;0.0017351533751934767;1.0
325;0.002114137401804328;0.9930070042610168
326;0.0017798496410250664;1.0
327;0.0017582317814230919;1.0
328;0.0016620460664853454;1.0
329;0.0016559251816943288;1.0
330;0.001981901004910469;1.0
331;0.0017217631684616208;1.0
332;0.001692456309683621;1.0
333;0.0017202581511810422;1.0
334;0.0018964387709274888;0.9930070042610168
335;0.0016105170361697674;1.0
336;0.0019253123318776488;1.0
337;0.00173675874248147;1.0
338;0.0016968761337921023;1.0
339;0.0017569176852703094;1.0
340;0.0017454586923122406;1.0
341;0.001738452585414052;1.0
342;0.0019210070604458451;1.0
343;0.0017586526228114963;1.0
344;0.0015344525454565883;1.0
345;0.0015725871780887246;1.0
346;0.0016491308342665434;1.0
347;0.0017156170215457678;1.0
348;0.001581326825544238;1.0
349;0.0016416332218796015;1.0
350;0.0017395145259797573;1.0
351;0.0018541105091571808;0.9930070042610168
352;0.001574645983055234;1.0
353;0.0016254247166216373;1.0
354;0.0016491024289280176;1.0
355;0.0014762983191758394;1.0
356;0.0020287351217120886;1.0
357;0.001444461988285184;1.0
358;0.0016195259522646666;1.0
359;0.0016899269539862871;1.0
360;0.0015225735260173678;1.0
361;0.0015603745123371482;1.0
362;0.002084902720525861;0.9930070042610168
363;0.0014501403784379363;1.0
364;0.0015174687141552567;1.0
365;0.0016178620280697942;1.0
366;0.0015284037217497826;1.0
367;0.0013838366139680147;1.0
368;0.0015399132389575243;1.0
369;0.0014609908685088158;1.0
370;0.0014706143410876393;1.0
371;0.0014441442908719182;1.0
372;0.001535792020149529;1.0
373;0.0015371567569673061;1.0
374;0.0015150890685617924;1.0
375;0.0013653307687491179;1.0
376;0.0015006522880867124;1.0
377;0.001474205986596644;1.0
378;0.0014939046232029796;1.0
379;0.0014920738758519292;1.0
380;0.001614247914403677;1.0
381;0.0014156524557620287;1.0
382;0.0014033184852451086;1.0
383;0.0014081597328186035;1.0
384;0.001408621552400291;1.0
385;0.0012826744932681322;1.0
386;0.001412577461451292;1.0
387;0.0014874902553856373;1.0
388;0.001351916347630322;1.0
389;0.0014153022784739733;1.0
390;0.0013557795900851488;1.0
391;0.001309276674874127;1.0
392;0.001258432981558144;1.0
393;0.001311789033934474;1.0
394;0.0012112786062061787;1.0
395;0.001310765161179006;1.0
396;0.0012657562037929893;1.0
397;0.0013876892626285553;1.0
398;0.0013365688500925899;1.0
399;0.0012884027091786265;1.0
400;0.0013845600187778473;1.0
401;0.0013918321346864104;1.0
402;0.0013021740596741438;1.0
403;0.0013705873861908913;1.0
404;0.001353390165604651;1.0
405;0.0014076647348701954;1.0
406;0.0013437520246952772;1.0
407;0.0013481378555297852;1.0
408;0.0011734509607777;1.0
409;0.001195940189063549;1.0
410;0.0013241873821243644;1.0
411;0.001257676281966269;1.0
412;0.0012352829799056053;1.0
413;0.0011496752267703414;1.0
414;0.001211567665450275;1.0
415;0.0011779689230024815;1.0
416;0.0012266713893041015;1.0
417;0.0013887918321415782;1.0
418;0.0012432967778295279;1.0
419;0.0013053095899522305;1.0
420;0.0010663005523383617;1.0
421;0.0011386711848899722;1.0
422;0.0012627157848328352;1.0
423;0.0011056774528697133;1.0
424;0.0011250042589381337;1.0
425;0.0011174785904586315;1.0
426;0.0011379962088540196;1.0
427;0.0012804403668269515;1.0
428;0.0011455704225227237;1.0
429;0.0012253071181476116;1.0
430;0.0012479010038077831;1.0
431;0.0012120079481974244;1.0
432;0.0011975588276982307;1.0
433;0.0011691296240314841;1.0
434;0.0012342330301180482;1.0
435;0.0010641640983521938;1.0
436;0.001090388628654182;1.0
437;0.0011980648851022124;1.0
438;0.0012000047136098146;1.0
439;0.001219860976561904;1.0
440;0.0013033637078478932;1.0
441;0.00116993288975209;1.0
442;0.0010927687399089336;1.0
443;0.0010874038562178612;1.0
444;0.001197812263853848;1.0
445;0.0010717571713030338;1.0
446;0.00114705681335181;1.0
447;0.0012120408937335014;1.0
448;0.0010218147654086351;1.0
449;0.0011834745528176427;1.0
450;0.001032171887345612;1.0
451;0.0011888329172506928;1.0
452;0.0012733322801068425;1.0
453;0.0010751110967248678;1.0
454;0.0011278678430244327;1.0
455;0.0010587001452222466;1.0
456;0.0011571708600968122;1.0
457;0.0012925146147608757;1.0
458;0.0010572790633887053;1.0
459;0.0011860094964504242;1.0
460;0.0011388857383280993;1.0
461;0.0012256220215931535;1.0
462;0.0011004942934960127;1.0
463;0.0011978310067206621;1.0
464;0.0011172937229275703;1.0
465;0.0011567447800189257;1.0
466;0.0010831482941284776;1.0
467;0.001209075446240604;1.0
468;0.0011078850366175175;1.0
469;0.0011885020649060607;1.0
470;0.0010348366340622306;1.0
471;0.001059026108123362;1.0
472;0.0010375316487625241;1.0
473;0.001007898012176156;1.0
474;0.0011078122770413756;1.0
475;0.0010108448332175612;1.0
476;0.0010248641483485699;1.0
477;0.0009601295460015535;1.0
478;0.0010893706930801272;1.0
479;0.0011054319329559803;1.0
480;0.000995623180642724;1.0
481;0.0009557796875014901;1.0
482;0.0010839180322363973;1.0
483;0.0010337554849684238;1.0
484;0.0009511634707450867;1.0
485;0.001098916050978005;1.0
486;0.001000327873043716;1.0
487;0.001091189682483673;1.0
488;0.0009923847392201424;1.0
489;0.0009172706049866974;1.0
490;0.001033809850923717;1.0
491;0.0010385389905422926;1.0
492;0.0010791622335091233;1.0
493;0.0010979673825204372;1.0
494;0.0011448666919022799;1.0
495;0.0010734101524576545;1.0
496;0.001124646281823516;1.0
497;0.0013755165273323655;1.0
498;0.0011202329769730568;1.0
499;0.0009972036350518465;1.0
500;0.0012048656353726983;1.0
501;0.001126410556025803;1.0
502;0.0010153563925996423;1.0
503;0.0013902196660637856;1.0
504;0.0011958313407376409;1.0
505;0.0011722617782652378;1.0
506;0.0018706951523199677;0.9650349617004395
507;0.0011732217390090227;1.0
508;0.004006391856819391;0.8951048851013184
509;0.002003517933189869;0.9860140085220337
510;0.0026977250818163157;0.9300699234008789
511;0.0070807053707540035;0.8181818127632141
512;0.002150127198547125;0.9860140085220337
513;0.004544647876173258;0.9230769276618958
514;0.002928595757111907;1.0
515;0.0026198963169008493;0.9790209531784058
516;0.0024360755924135447;0.9930070042610168
517;0.0025241165421903133;0.9930070042610168
518;0.0023700064048171043;1.0
519;0.0023588817566633224;1.0
520;0.0021377273369580507;0.9790209531784058
521;0.0017703871708363295;1.0
522;0.0016815519193187356;1.0
523;0.0016058726469054818;1.0
524;0.001786680775694549;1.0
525;0.0017124253790825605;1.0
526;0.0015607601962983608;1.0
527;0.0016450632829219103;1.0
528;0.0014495386276394129;1.0
529;0.0014824913814663887;1.0
530;0.0013457140885293484;1.0
531;0.0012996515724807978;1.0
532;0.0012604555813595653;1.0
533;0.001196658588014543;1.0
534;0.0012263773242011666;1.0
535;0.0013816736172884703;1.0
536;0.0012486698105931282;1.0
537;0.0012051307130604982;1.0
538;0.001219072612002492;1.0
539;0.0011512500932440162;1.0
540;0.0011695055291056633;1.0
541;0.000998989911749959;1.0
542;0.001135359751060605;1.0
543;0.0011491040932014585;1.0
544;0.0011394020402804017;1.0
545;0.0010307419579476118;1.0
546;0.001012733206152916;1.0
547;0.0010398151353001595;1.0
548;0.0011181611334905028;1.0
549;0.0011153619270771742;1.0
550;0.0009622388170100749;1.0
551;0.0009819257538765669;1.0
552;0.00097800197545439;1.0
553;0.0009049955988302827;1.0
554;0.0009403292206116021;1.0
555;0.0010923821246251464;1.0
556;0.0009654888417571783;1.0
557;0.0008729895926080644;1.0
558;0.000998767209239304;1.0
559;0.000932554597966373;1.0
560;0.0009365964215248823;1.0
561;0.0008791459840722382;1.0
562;0.0008828327991068363;1.0
563;0.0009246180998161435;1.0
564;0.000992039917036891;1.0
565;0.0010153152979910374;1.0
566;0.0009582068305462599;1.0
567;0.0008256704895757139;1.0
568;0.0007922500371932983;1.0
569;0.0008289532852359116;1.0
570;0.000810423691291362;1.0
571;0.000951024005189538;1.0
572;0.0009497920982539654;1.0
573;0.0009232109878212214;1.0
574;0.0009691636078059673;1.0
575;0.0008312362479045987;1.0
576;0.0008510634070262313;1.0
577;0.0008464215788990259;1.0
578;0.0009556683944538236;1.0
579;0.0007952614687383175;1.0
580;0.0009064782643690705;1.0
581;0.0007938049966469407;1.0
582;0.0007166072027757764;1.0
583;0.0009015952819027007;1.0
584;0.0009041516459546983;1.0
585;0.0007829595124348998;1.0
586;0.0007547203567810357;1.0
587;0.000833933416288346;1.0
588;0.0008403402753174305;1.0
589;0.0008221716270782053;1.0
590;0.0008658745209686458;1.0
591;0.0007945094839669764;1.0
592;0.0008022406836971641;1.0
593;0.000834380101878196;1.0
594;0.0009204960661008954;1.0
595;0.0007558263023383915;1.0
596;0.0007737511186860502;1.0
597;0.0009023164748214185;1.0
598;0.0007785656489431858;1.0
599;0.0008948509930633008;1.0
600;0.0007688472978770733;1.0
601;0.0007047087419778109;1.0
602;0.0007645376026630402;1.0
603;0.0006705389241687953;1.0
604;0.0007762191235087812;1.0
605;0.0008386209374293685;1.0
606;0.0007226632442325354;1.0
607;0.0007630796753801405;1.0
608;0.0007840162725187838;1.0
609;0.0008040568209253252;1.0
610;0.0007971129380166531;1.0
611;0.0008962963474914432;1.0
612;0.000824538990855217;1.0
613;0.0007642147829756141;1.0
614;0.0008250705432146788;1.0
615;0.0007302339654415846;1.0
616;0.0008634731639176607;1.0
617;0.0007880489574745297;1.0
618;0.0008006496937014163;1.0
619;0.0007596898358315229;1.0
620;0.0007291976362466812;1.0
621;0.0007999204681254923;1.0
622;0.0008922559791244566;1.0
623;0.0007673092186450958;1.0
624;0.0007461661007255316;1.0
625;0.0006464414182119071;1.0
626;0.0007050216081552207;1.0
627;0.0007330087828449905;1.0
628;0.0007552323513664305;1.0
629;0.0007323503377847373;1.0
630;0.0007567288121208549;1.0
631;0.0007639380055479705;1.0
632;0.000753949279896915;1.0
633;0.0007403757190331817;1.0
634;0.0009260574588552117;1.0
635;0.0007593112532049417;1.0
636;0.0006996869924478233;1.0
637;0.0007714929524809122;1.0
638;0.0007598859956488013;1.0
639;0.0007224790751934052;1.0
640;0.0006477623246610165;1.0
641;0.0007080401992425323;1.0
642;0.0007743486203253269;1.0
643;0.000675740884616971;1.0
644;0.0008138255216181278;1.0
645;0.0008261780603788793;1.0
646;0.0006791467312723398;1.0
647;0.0007144043338485062;1.0
648;0.0007471881108358502;1.0
649;0.0007244031876325607;1.0
650;0.0007224377477541566;1.0
651;0.0007833570707589388;1.0
652;0.0006948364316485822;1.0
653;0.0007697005639784038;1.0
654;0.0007248786860145628;1.0
655;0.000675561954267323;1.0
656;0.0007680736016482115;1.0
657;0.0007264542509801686;1.0
658;0.0007186764269135892;1.0
659;0.0006852018996141851;1.0
660;0.0007955890614539385;1.0
661;0.0006854516104795039;1.0
662;0.0007476825267076492;1.0
663;0.0007286075269803405;1.0
664;0.0005893532070331275;1.0
665;0.0006651841686107218;1.0
666;0.0007352554239332676;1.0
667;0.000710789579898119;1.0
668;0.0007096582558006048;1.0
669;0.0007379517774097621;1.0
670;0.0006992084672674537;1.0
671;0.0006812153151258826;1.0
672;0.0006950411479920149;1.0
673;0.000653490365948528;1.0
674;0.0006911182426847517;1.0
675;0.000661330355796963;1.0
676;0.0007648241589777172;1.0
677;0.0006321797263808548;1.0
678;0.0006880151340737939;1.0
679;0.0006878032581880689;1.0
680;0.000769702426623553;1.0
681;0.0006668751011602581;1.0
682;0.0007263963925652206;1.0
683;0.0006921241292729974;1.0
684;0.000630123249720782;1.0
685;0.0006250662263482809;1.0
686;0.0007376342546194792;1.0
687;0.000641168444417417;1.0
688;0.0006038175197318196;1.0
689;0.0006651304429396987;1.0
690;0.0006451225490309298;1.0
691;0.0006441654986701906;1.0
692;0.0007348047802224755;1.0
693;0.0006700051017105579;1.0
694;0.0007129430305212736;1.0
695;0.0006774395587854087;1.0
696;0.0006485244375653565;1.0
697;0.0007896374445408583;1.0
698;0.0007361597381532192;1.0
699;0.0006468642968684435;1.0
700;0.0007127575809136033;1.0
701;0.0006142964120954275;1.0
702;0.0006429365021176636;1.0
703;0.0006633130251429975;1.0
704;0.000645250896923244;1.0
705;0.0006583126378245652;1.0
706;0.000631597766187042;1.0
707;0.0006164828664623201;1.0
708;0.0005991916405037045;1.0
709;0.0006629542331211269;1.0
710;0.0006458310526795685;1.0
711;0.0005113545921631157;1.0
712;0.0006046146736480296;1.0
713;0.0005833038594573736;1.0
714;0.0007575369090773165;1.0
715;0.0005588868516497314;1.0
716;0.000611345109064132;1.0
717;0.0006229874561540782;1.0
718;0.0006711820024065673;1.0
719;0.0006732519250363111;1.0
720;0.0006107030203565955;1.0
721;0.0006814792868681252;1.0
722;0.0006226833793334663;1.0
723;0.000667241052724421;1.0
724;0.0005580677534453571;1.0
725;0.000634717580396682;1.0
726;0.0006536461296491325;1.0
727;0.0006487835780717432;1.0
728;0.0006560165202245116;1.0
729;0.0006505812052637339;1.0
730;0.0007032614084891975;1.0
731;0.000593953300267458;1.0
732;0.0006813647341914475;1.0
733;0.0006083415355533361;1.0
734;0.0009836661629378796;0.9930070042610168
735;0.0010145268170163035;0.9930070042610168
736;0.0007716157124377787;1.0
737;0.0008870039600878954;1.0
738;0.0007498612394556403;1.0
739;0.0006804142030887306;1.0
740;0.0008460849057883024;1.0
741;0.0008194405818358064;1.0
742;0.000889651186298579;1.0
743;0.0006817530374974012;1.0
744;0.0006641994696110487;1.0
745;0.0008936048252508044;1.0
746;0.0007057937327772379;1.0
747;0.0007184477290138602;1.0
748;0.0006877988344058394;1.0
749;0.0007080944487825036;1.0
750;0.0008410130976699293;1.0
751;0.0007126022246666253;1.0
752;0.0006172407884150743;1.0
753;0.0006845247116871178;1.0
754;0.00071713887155056;1.0
755;0.0005719771143049002;1.0
756;0.0006703046965412796;1.0
757;0.0007567931897938251;1.0
758;0.0006436402327381074;1.0
759;0.0006199682247824967;1.0
760;0.0006110109970904887;1.0
761;0.0006303595728240907;1.0
762;0.0006271711899898946;1.0
763;0.0006019750726409256;1.0
764;0.0006532283150590956;1.0
765;0.0006023054593242705;1.0
766;0.0006150892586447299;1.0
767;0.0005784751265309751;1.0
768;0.0005785658722743392;1.0
769;0.0005540332640521228;1.0
770;0.0005879804375581443;1.0
771;0.000575197278521955;1.0
772;0.0006301334360614419;1.0
773;0.0006207458791323006;1.0
774;0.0005832845927216113;1.0
775;0.0006206217221915722;1.0
776;0.0005472706397995353;1.0
777;0.0005963452276773751;1.0
778;0.0006506282952614129;1.0
779;0.0005801825318485498;1.0
780;0.0005918217357248068;1.0
781;0.0005265711224637926;1.0
782;0.0005399014335125685;1.0
783;0.0005446900613605976;1.0
784;0.0005823072860948741;1.0
785;0.0006357618258334696;1.0
786;0.0005351544241420925;1.0
787;0.0005797290941700339;1.0
788;0.0006148674874566495;1.0
789;0.0006345597794279456;1.0
790;0.0005641334573738277;1.0
791;0.0006330561591312289;1.0
792;0.0006170985870994627;1.0
793;0.0006363361608237028;1.0
794;0.0005261648911982775;1.0
795;0.0005074244108982384;1.0
796;0.0005584775935858488;1.0
797;0.0005604695179499686;1.0
798;0.0006233234889805317;1.0
799;0.000553279067389667;1.0
800;0.0005642368923872709;1.0
801;0.0005427430151030421;1.0
802;0.0005417464999482036;1.0
803;0.0005554618546739221;1.0
804;0.0005603102035820484;1.0
805;0.0005540046258829534;1.0
806;0.0005528511828742921;1.0
807;0.0005528901237994432;1.0
808;0.0005040401010774076;1.0
809;0.00048294925363734365;1.0
810;0.0005407387507148087;1.0
811;0.0004994251648895442;1.0
812;0.0005230045062489808;1.0
813;0.0005644438206218183;1.0
814;0.0005563967861235142;1.0
815;0.00052508624503389;1.0
816;0.00054266641382128;1.0
817;0.0005676151486113667;1.0
818;0.0005037347436882555;1.0
819;0.0005699641769751906;1.0
820;0.000511020771227777;1.0
821;0.0005693674320355058;1.0
822;0.0005410817102529109;1.0
823;0.0004930599825456738;1.0
824;0.000509861798491329;1.0
825;0.0005659313756041229;1.0
826;0.000614577264059335;1.0
827;0.0005682326154783368;1.0
828;0.000547936127986759;1.0
829;0.0005300173070281744;1.0
830;0.0006096377037465572;1.0
831;0.0005497177480719984;1.0
832;0.0004700727295130491;1.0
833;0.0005254432326182723;1.0
834;0.0005151028744876385;1.0
835;0.0004405951767694205;1.0
836;0.0005609980435110629;1.0
837;0.0005107107572257519;1.0
838;0.0005119642009958625;1.0
839;0.0004813703417312354;1.0
840;0.0005441199755296111;1.0
841;0.0005749343545176089;1.0
842;0.000523245835211128;1.0
843;0.0005814311443828046;1.0
844;0.0004983993130736053;1.0
845;0.0005058168899267912;1.0
846;0.0004704807361122221;1.0
847;0.0005345714744180441;1.0
848;0.0005073277861811221;1.0
849;0.0004954170435667038;1.0
850;0.0005363122327253222;1.0
851;0.0005116030806675553;1.0
852;0.0005689308745786548;1.0
853;0.0004822374612558633;1.0
854;0.00048705990775488317;1.0
855;0.00046992034185677767;1.0
856;0.000481677008792758;1.0
857;0.0005121821886859834;1.0
858;0.0004584220296237618;1.0
859;0.0004831732076127082;1.0
860;0.0005274550057947636;1.0
861;0.0005551868816837668;1.0
862;0.00047950641601346433;1.0
863;0.0005209373775869608;1.0
864;0.0004896688624285161;1.0
865;0.0005132617661729455;1.0
866;0.0004854234284721315;1.0
867;0.0004387265944387764;1.0
868;0.0004580940294545144;1.0
869;0.0005547740147449076;1.0
870;0.0005210142116993666;1.0
871;0.00042538493289612234;1.0
872;0.0004698300617747009;1.0
873;0.0005033685592934489;1.0
874;0.0004909809795208275;1.0
875;0.00047205929877236485;1.0
876;0.0004707865009550005;1.0
877;0.0004544762778095901;1.0
878;0.0005136950640007854;1.0
879;0.0005045402212999761;1.0
880;0.0004572984471451491;1.0
881;0.0005126434261910617;1.0
882;0.0005553574301302433;1.0
883;0.0004844466457143426;1.0
884;0.0004958012141287327;1.0
885;0.0004055510216858238;1.0
886;0.0004821800102945417;1.0
887;0.0004751899396069348;1.0
888;0.000489208207000047;1.0
889;0.000517803244292736;1.0
890;0.0004401766636874527;1.0
891;0.000509168254211545;1.0
892;0.0005223379121161997;1.0
893;0.0004900248604826629;1.0
894;0.0005138476844877005;1.0
895;0.0004477781185414642;1.0
896;0.0005005972343496978;1.0
897;0.00044617571984417737;1.0
898;0.0004761246091220528;1.0
899;0.0004575924831442535;1.0
900;0.00045314262388274074;1.0
901;0.000422320474172011;1.0
902;0.0005010224995203316;1.0
903;0.0004751681408379227;1.0
904;0.0004143600817769766;1.0
905;0.00043572214781306684;1.0
906;0.0004696131800301373;1.0
907;0.0004610805190168321;1.0
908;0.00045833352487534285;1.0
909;0.0004636041121557355;1.0
910;0.00056578463409096;1.0
911;0.0004933926975354552;1.0
912;0.000527884520124644;1.0
913;0.000483218434965238;1.0
914;0.0004657545650843531;1.0
915;0.0005634083063341677;1.0
916;0.00043143078801222146;1.0
917;0.00042753363959491253;1.0
918;0.0004423329373821616;1.0
919;0.0004673299554269761;1.0
920;0.0004710395878646523;1.0
921;0.0004418795870151371;1.0
922;0.0004597596125677228;1.0
923;0.00047323209582827985;1.0
924;0.0004490896826609969;1.0
925;0.00044696181430481374;1.0
926;0.000526832474861294;1.0
927;0.0004205580917187035;1.0
928;0.0004023354558739811;1.0
929;0.00043451134115457535;1.0
930;0.00044125516433268785;1.0
931;0.00046677139471285045;1.0
932;0.00045129802310839295;1.0
933;0.00044782497570849955;1.0
934;0.0004683900624513626;1.0
935;0.0003988678508903831;1.0
936;0.00048089015763252974;1.0
937;0.0004343132022768259;1.0
938;0.00043070316314697266;1.0
939;0.0004540346853900701;1.0
940;0.00046880252193659544;1.0
941;0.00037413372774608433;1.0
942;0.0004215515509713441;1.0
943;0.0004078751371707767;1.0
944;0.00044757372234016657;1.0
945;0.0004390098911244422;1.0
946;0.00039565659244544804;1.0
947;0.0004135322815272957;1.0
948;0.00044967641588300467;1.0
949;0.00047704754979349673;1.0
950;0.00042777034104801714;1.0
951;0.0004280446737539023;1.0
952;0.000425932026701048;1.0
953;0.00044179338146932423;1.0
954;0.00037216671626083553;1.0
955;0.0004017250903416425;1.0
956;0.00041119757224805653;1.0
957;0.0003886486520059407;1.0
958;0.00040570308919996023;1.0
959;0.0004437914758455008;1.0
960;0.0005538089899346232;1.0
961;0.0004091466835234314;1.0
962;0.00037366600008681417;1.0
963;0.0004680303100030869;1.0
964;0.0004471702268347144;1.0
965;0.0003934759588446468;1.0
966;0.00044686425826512277;1.0
967;0.0004121531674172729;1.0
968;0.0004576514766085893;1.0
969;0.0004131100431550294;1.0
970;0.0004689907655119896;1.0
971;0.00042894520447589457;1.0
972;0.0003890286898240447;1.0
973;0.0004409962857607752;1.0
974;0.00044638366671279073;1.0
975;0.0004712935769930482;1.0
976;0.0004221645067445934;1.0
977;0.0004360254970379174;1.0
978;0.0004539428628049791;1.0
979;0.00045187308569438756;1.0
980;0.00044804514618590474;1.0
981;0.0003627128025982529;1.0
982;0.00045867220615036786;1.0
983;0.0004615534853655845;1.0
984;0.0005399044021032751;1.0
985;0.00045248441165313125;1.0
986;0.0003845450992230326;1.0
987;0.000410638254834339;1.0
988;0.00044449284905567765;1.0
989;0.00041316248825751245;1.0
990;0.00039780515362508595;1.0
991;0.0004369565867818892;1.0
992;0.000387482694350183;1.0
993;0.0003852160880342126;1.0
994;0.00043137147440575063;1.0
995;0.0003677420027088374;1.0
996;0.00040666776476427913;1.0
997;0.0003965620999224484;1.0
998;0.0003809202753473073;1.0
999;0.00038712593959644437;1.0
1000;0.0004015500599052757;1.0
1001;0.0003990170662291348;1.0
1002;0.00037744175642728806;1.0
1003;0.00041765664354898036;1.0
1004;0.0003921269963029772;1.0
1005;0.00038509018486365676;1.0
1006;0.00039590868982486427;1.0
1007;0.00038659677375108004;1.0
1008;0.00046130194095894694;1.0
1009;0.00040796108078211546;1.0
1010;0.0003830161294899881;1.0
1011;0.00041501567466184497;1.0
1012;0.0003819521516561508;1.0
1013;0.0004313368699513376;1.0
1014;0.0003995807783212513;1.0
1015;0.0004214677319396287;1.0
1016;0.0004554039624053985;1.0
1017;0.00040365493623539805;1.0
1018;0.0003742107073776424;1.0
1019;0.00035066911368630826;1.0
1020;0.0004348525544628501;1.0
1021;0.0004610016185324639;1.0
1022;0.0003984381619375199;1.0
1023;0.0003931514802388847;1.0
1024;0.0004023512010462582;1.0
1025;0.0003783946158364415;1.0
1026;0.0003859813150484115;1.0
1027;0.0003972069825977087;1.0
1028;0.00035835872404277325;1.0
1029;0.00037526205414906144;1.0
1030;0.00036502681905403733;1.0
1031;0.0004108891007490456;1.0
1032;0.00037936921580694616;1.0
1033;0.00040260955574922264;1.0
1034;0.0003716015780810267;1.0
1035;0.0004269452765583992;1.0
1036;0.0003817637334577739;1.0
1037;0.00034316908568143845;1.0
1038;0.0003462823515292257;1.0
1039;0.00034121915814466774;1.0
1040;0.00039728637784719467;1.0
1041;0.0003937188594136387;1.0
1042;0.0003645502729341388;1.0
1043;0.0004064315580762923;1.0
1044;0.0004121876263525337;1.0
1045;0.0003792781790252775;1.0
1046;0.00041218538535758853;1.0
1047;0.00037497252924367785;1.0
1048;0.00036494669620878994;1.0
1049;0.0004016607999801636;1.0
1050;0.0003865116450469941;1.0
1051;0.00042101123835891485;1.0
1052;0.00039252403075806797;1.0
1053;0.00034672647598199546;1.0
1054;0.0003708923177327961;1.0
1055;0.00037729673204012215;1.0
1056;0.00035613871295936406;1.0
1057;0.0003845506289508194;1.0
1058;0.0003834964009001851;1.0
1059;0.0003663278475869447;1.0
1060;0.0003671179001685232;1.0
1061;0.00039583249599672854;1.0
1062;0.00035176993696950376;1.0
1063;0.00037077293382026255;1.0
1064;0.00035347562516108155;1.0
1065;0.00039342723903246224;1.0
1066;0.0004264481831341982;1.0
1067;0.0003572669520508498;1.0
1068;0.00033253736910410225;1.0
1069;0.0003810583148151636;1.0
1070;0.0003963683848269284;1.0
1071;0.00040202998206950724;1.0
1072;0.00037919741589576006;1.0
1073;0.00038008985575288534;1.0
1074;0.00032998889219015837;1.0
1075;0.00035693056997843087;1.0
1076;0.0003794762887991965;1.0
1077;0.000360975885996595;1.0
1078;0.00039176535210572183;1.0
1079;0.00033167775836773217;1.0
1080;0.00032532698241993785;1.0
1081;0.0003652734449133277;1.0
1082;0.0003794080694206059;1.0
1083;0.00036402963451109827;1.0
1084;0.00035507060238160193;1.0
1085;0.00034981989301741123;1.0
1086;0.0003439282299950719;1.0
1087;0.00037607093690894544;1.0
1088;0.00031138540362007916;1.0
1089;0.0003558038151822984;1.0
1090;0.00034654908813536167;1.0
1091;0.0003593399887904525;1.0
1092;0.0003923450130969286;1.0
1093;0.0003747630398720503;1.0
1094;0.0003479458682704717;1.0
1095;0.00041786691872403026;1.0
1096;0.0003317156806588173;1.0
1097;0.00034790002973750234;1.0
1098;0.0003477117861621082;1.0
1099;0.00033810612512752414;1.0
1100;0.0003372170904185623;1.0
1101;0.0003503636398818344;1.0
1102;0.0003362903371453285;1.0
1103;0.00041015955503098667;1.0
1104;0.00042900192784145474;1.0
1105;0.00035290009691379964;1.0
1106;0.0003408909833524376;1.0
1107;0.00035228271735832095;1.0
1108;0.00033758196514099836;1.0
1109;0.0003853623929899186;1.0
1110;0.0003995924780610949;1.0
1111;0.0003207042464055121;1.0
1112;0.0003696357598528266;1.0
1113;0.0003974456631112844;1.0
1114;0.00033090601209551096;1.0
1115;0.0003602036740630865;1.0
1116;0.00034733020584098995;1.0
1117;0.0003044790355488658;1.0
1118;0.00033973122481256723;1.0
1119;0.0003553575952537358;1.0
1120;0.0004111457383260131;1.0
1121;0.00035691563971340656;1.0
1122;0.0003456956474110484;1.0
1123;0.000358966994099319;1.0
1124;0.00031231503817252815;1.0
1125;0.0003763916320167482;1.0
1126;0.000337843201123178;1.0
1127;0.00039510283386334777;1.0
1128;0.00036121465382166207;1.0
1129;0.00035057400236837566;1.0
1130;0.00032797164749354124;1.0
1131;0.0004074840690009296;1.0
1132;0.0003793778596445918;1.0
1133;0.0003569362743292004;1.0
1134;0.0003973380371462554;1.0
1135;0.0003822070430032909;1.0
1136;0.00035296371788717806;1.0
1137;0.00034430171945132315;1.0
1138;0.00042618223233148456;1.0
1139;0.0003695900086313486;1.0
1140;0.0003599472693167627;1.0
1141;0.00036827512667514384;1.0
1142;0.0003221521037630737;1.0
1143;0.0003465778718236834;1.0
1144;0.00036379985976964235;1.0
1145;0.0003564253856893629;1.0
1146;0.0003627677506301552;1.0
1147;0.00033997136051766574;1.0
1148;0.0003622109070420265;1.0
1149;0.0003615442255977541;1.0
1150;0.00032072197063826025;1.0
1151;0.0003296111826784909;1.0
1152;0.00036961110890842974;1.0
1153;0.00035773293348029256;1.0
1154;0.00036800661473535;1.0
1155;0.00036645319778472185;1.0
1156;0.0003418380510993302;1.0
1157;0.0003219242498744279;1.0
1158;0.00030915773822925985;1.0
1159;0.0003161251079291105;1.0
1160;0.0003270002198405564;1.0
1161;0.0003312974004074931;1.0
1162;0.0002872769837267697;1.0
1163;0.0003213686868548393;1.0
1164;0.00037815142422914505;1.0
1165;0.0003475765115581453;1.0
1166;0.00031923712231218815;1.0
1167;0.00036737124901264906;1.0
1168;0.00036117422860115767;1.0
1169;0.0003517440054565668;1.0
1170;0.00034137829788960516;1.0
1171;0.00032378974719904363;1.0
1172;0.00034082611091434956;1.0
1173;0.00033990090014413;1.0
1174;0.00030448895995505154;1.0
1175;0.0003007099439855665;1.0
1176;0.0003452160453889519;1.0
1177;0.00029480017838068306;1.0
1178;0.0003412485239095986;1.0
1179;0.0003087222867179662;1.0
1180;0.0003189111012034118;1.0
1181;0.0003356115776114166;1.0
1182;0.00030505607719533145;1.0
1183;0.0003265892737545073;1.0
1184;0.000336377794155851;1.0
1185;0.0002926303131971508;1.0
1186;0.00032812420977279544;1.0
1187;0.0003216338518541306;1.0
1188;0.00032516499049961567;1.0
1189;0.00028754110098816454;1.0
1190;0.00035416241735219955;1.0
1191;0.0003357917012181133;1.0
1192;0.0002920367696788162;1.0
1193;0.0003296347276773304;1.0
1194;0.0002887448063120246;1.0
1195;0.00031416729325428605;1.0
1196;0.00035418986226432025;1.0
1197;0.0003580281918402761;1.0
1198;0.00030777297797612846;1.0
1199;0.0002964785089716315;1.0
1200;0.00031495944131165743;1.0
1201;0.00030662008794024587;1.0
1202;0.0003155480953864753;1.0
1203;0.0003123897477053106;1.0
1204;0.0003126852971035987;1.0
1205;0.0003429570351727307;1.0
1206;0.0002943731378763914;1.0
1207;0.0003057714784517884;1.0
1208;0.0003334122011438012;1.0
1209;0.00031762488652020693;1.0
1210;0.00032318331068381667;1.0
1211;0.0003540271136444062;1.0
1212;0.00028742296854034066;1.0
1213;0.0003419955901335925;1.0
1214;0.0002674905117601156;1.0
1215;0.00030217095627449453;1.0
1216;0.0002976135292556137;1.0
1217;0.00031221716199070215;1.0
1218;0.0003211509028915316;1.0
1219;0.00035721116000786424;1.0
1220;0.0003169804404024035;1.0
1221;0.0003291804459877312;1.0
1222;0.00032308936351910233;1.0
1223;0.0003172828583046794;1.0
1224;0.0002750996209215373;1.0
1225;0.0003319588431622833;1.0
1226;0.0003067337383981794;1.0
1227;0.00032826009555719793;1.0
1228;0.00033967659692279994;1.0
1229;0.0003252924943808466;1.0
1230;0.00033787384745664895;1.0
1231;0.00030687954858876765;1.0
1232;0.00030730327125638723;1.0
1233;0.000376894575310871;1.0
1234;0.00031483310158364475;1.0
1235;0.0003086895449087024;1.0
1236;0.00031435847631655633;1.0
1237;0.00033502577571198344;1.0
1238;0.0002939500554930419;1.0
1239;0.000287421076791361;1.0
1240;0.00029816816095262766;1.0
1241;0.0003172081196680665;1.0
1242;0.00031883944757282734;1.0
1243;0.00030323522514663637;1.0
1244;0.00028918488533236086;1.0
1245;0.00028626734274439514;1.0
1246;0.0003188431728631258;1.0
1247;0.0002804568503051996;1.0
1248;0.0002994506503455341;1.0
1249;0.00031110283453017473;1.0
1250;0.00031939876498654485;1.0
1251;0.0002613658725749701;1.0
1252;0.00031720439437776804;1.0
1253;0.00029194081434980035;1.0
1254;0.0002663591003511101;1.0
1255;0.00028630110318772495;1.0
1256;0.00031642199610359967;1.0
1257;0.00030351540772244334;1.0
1258;0.0003449165087658912;1.0
1259;0.0003309445164632052;1.0
1260;0.00029839843045920134;1.0
1261;0.00031309889163821936;1.0
1262;0.0002999395946972072;1.0
1263;0.00031929073156788945;1.0
1264;0.0003349411999806762;1.0
1265;0.00031249303719960153;1.0
1266;0.0002885329013224691;1.0
1267;0.0002785248216241598;1.0
1268;0.00026016318588517606;1.0
1269;0.00031677584047429264;1.0
1270;0.00034545667585916817;1.0
1271;0.00028383347671478987;1.0
1272;0.0003192711737938225;1.0
1273;0.00028934291913174093;1.0
1274;0.0003241925442125648;1.0
1275;0.0003381004207767546;1.0
1276;0.00029901089146733284;1.0
1277;0.00030991120729595423;1.0
1278;0.0002889040915761143;1.0
1279;0.00033786604763008654;1.0
1280;0.00030356625211425126;1.0
1281;0.0003011060762219131;1.0
1282;0.00031723210122436285;1.0
1283;0.0002850172168109566;1.0
1284;0.0002620324376039207;1.0
1285;0.0003222751256544143;1.0
1286;0.00025531291612423956;1.0
1287;0.00028856712742708623;1.0
1288;0.000289970135781914;1.0
1289;0.0003047408245038241;1.0
1290;0.00033995925332419574;1.0
1291;0.00030102054006420076;1.0
1292;0.0003396719694137573;1.0
1293;0.00027807627338916063;1.0
1294;0.0002908342285081744;1.0
1295;0.0002508162287995219;1.0
1296;0.00030946143670007586;1.0
1297;0.00028563523665070534;1.0
1298;0.00027234022854827344;1.0
1299;0.0003064042248297483;1.0
1300;0.0002759156050160527;1.0
1301;0.00026905472623184323;1.0
1302;0.0003095242427662015;1.0
1303;0.00034117643372155726;1.0
1304;0.0003076990833505988;1.0
1305;0.0002668100059963763;1.0
1306;0.0002719991316553205;1.0
1307;0.0002896910591516644;1.0
1308;0.0002991899091284722;1.0
1309;0.00028056406881660223;1.0
1310;0.00028940639458596706;1.0
1311;0.00029480893863365054;1.0
1312;0.00028589917928911746;1.0
1313;0.000297077203867957;1.0
1314;0.0003308808372821659;1.0
1315;0.00028506634407676756;1.0
1316;0.0002877147635444999;1.0
1317;0.0002944511652458459;1.0
1318;0.0002757292822934687;1.0
1319;0.00030266426620073617;1.0
1320;0.0002245960058644414;1.0
1321;0.0002674663264770061;1.0
1322;0.0002984890597872436;1.0
1323;0.0002828075084835291;1.0
1324;0.0002802842645905912;1.0
1325;0.00024760852102190256;1.0
1326;0.00029280540184117854;1.0
1327;0.00027713170857168734;1.0
1328;0.00026650712243281305;1.0
1329;0.0002613927354104817;1.0
1330;0.00026262388564646244;1.0
1331;0.00026046112179756165;1.0
1332;0.0002592356759123504;1.0
1333;0.00028067940729670227;1.0
1334;0.0002514183579478413;1.0
1335;0.0002634492702782154;1.0
1336;0.0002586710324976593;1.0
1337;0.0002674015413504094;1.0
1338;0.0002605996560305357;1.0
1339;0.0002583492605481297;1.0
1340;0.0002733477740548551;1.0
1341;0.00024502797168679535;1.0
1342;0.0002843727997969836;1.0
1343;0.00025991781149059534;1.0
1344;0.0002609486400615424;1.0
1345;0.00022962297953199595;1.0
1346;0.00027077837148681283;1.0
1347;0.000265168200712651;1.0
1348;0.00026695043197833;1.0
1349;0.00023026300186756998;1.0
1350;0.0002528022159822285;1.0
1351;0.00027030642377212644;1.0
1352;0.0002647802175488323;1.0
1353;0.0003048913204111159;1.0
1354;0.000294776662485674;1.0
1355;0.0003372298670001328;1.0
1356;0.0003323950513731688;1.0
1357;0.0003164356166962534;1.0
1358;0.00030232963035814464;1.0
1359;0.0003557133604772389;1.0
1360;0.0003289339365437627;1.0
1361;0.00028513159486465156;1.0
1362;0.00028611288871616125;1.0
1363;0.00031008655787445605;1.0
1364;0.00032156307133845985;1.0
1365;0.000278030609479174;1.0
1366;0.00030687180696986616;1.0
1367;0.0003133782302029431;1.0
1368;0.00024503920576535165;1.0
1369;0.00030617101583629847;1.0
1370;0.00026174646336585283;1.0
1371;0.00032208437914960086;1.0
1372;0.00031918802415020764;1.0
1373;0.00031965767266228795;1.0
1374;0.0002893003693316132;1.0
1375;0.0002674591960385442;1.0
1376;0.00029501368408091366;1.0
1377;0.00029880297370254993;1.0
1378;0.0002585660549812019;1.0
1379;0.0002673814888112247;1.0
1380;0.000260247295955196;1.0
1381;0.00027556659188121557;1.0
1382;0.0003029496583621949;1.0
1383;0.00026276762946508825;1.0
1384;0.00028645002748817205;1.0
1385;0.00025403217296116054;1.0
1386;0.00029731259564869106;1.0
1387;0.0002635063719935715;1.0
1388;0.00025648612063378096;1.0
1389;0.0002661311300471425;1.0
1390;0.0002767127880360931;1.0
1391;0.00030389917083084583;1.0
1392;0.0002536972751840949;1.0
1393;0.0002626469358801842;1.0
1394;0.00025000955793075264;1.0
1395;0.0002558740961831063;1.0
1396;0.0002688244858291;1.0
1397;0.00026135085499845445;1.0
1398;0.0002469825267326087;1.0
1399;0.00022981590882409364;1.0
1400;0.0002662735350895673;1.0
1401;0.00026973753119818866;1.0
1402;0.00022752002405468374;1.0
1403;0.0002781629445962608;1.0
1404;0.0002487241290509701;1.0
1405;0.00024054005916696042;1.0
1406;0.00026715354761108756;1.0
1407;0.00027439306722953916;1.0
1408;0.00024339871015399694;1.0
1409;0.0002384606923442334;1.0
1410;0.00021471286891028285;1.0
1411;0.0002270977129228413;1.0
1412;0.00028471412952058017;1.0
1413;0.00022877512674313039;1.0
1414;0.000249221280682832;1.0
1415;0.00024631500127725303;1.0
1416;0.00021310550800990313;1.0
1417;0.0002524938608985394;1.0
1418;0.00025375280529260635;1.0
1419;0.0002791420847643167;1.0
1420;0.0002734392764978111;1.0
1421;0.00026499354862608016;1.0
1422;0.00025552447186782956;1.0
1423;0.0002744061639532447;1.0
1424;0.00022909069957677275;1.0
1425;0.00027897770632989705;1.0
1426;0.00026755352155305445;1.0
1427;0.00026405759854242206;1.0
1428;0.00025939062470570207;1.0
1429;0.0002517825923860073;1.0
1430;0.0002733686997089535;1.0
1431;0.000290047493763268;1.0
1432;0.0002923797583207488;1.0
1433;0.000309031835058704;1.0
1434;0.0002649168891366571;1.0
1435;0.00024103073519654572;1.0
1436;0.00024390194448642433;1.0
1437;0.000252114434260875;1.0
1438;0.0002675812575034797;1.0
1439;0.00025778397684916854;1.0
1440;0.00023093065829016268;1.0
1441;0.0002566463954281062;1.0
1442;0.0002544514718465507;1.0
1443;0.00027816681540571153;1.0
1444;0.0002597490674816072;1.0
1445;0.0002428065927233547;1.0
1446;0.00024882800062187016;1.0
1447;0.00024312306777574122;1.0
1448;0.00024110103549901396;1.0
1449;0.0002502815914340317;1.0
1450;0.00023150954802986234;1.0
1451;0.00025223573902621865;1.0
1452;0.00027140675229020417;1.0
1453;0.0002135315298801288;1.0
1454;0.00025749029009602964;1.0
1455;0.00025981952785514295;1.0
1456;0.00023395856260322034;1.0
1457;0.0002724404039327055;1.0
1458;0.00029816071037203074;1.0
1459;0.00023245823103934526;1.0
1460;0.0002319139603059739;1.0
1461;0.00022214165073819458;1.0
1462;0.0002816978667397052;1.0
1463;0.00022580072982236743;1.0
1464;0.00026594570954330266;1.0
1465;0.00025932653807103634;1.0
1466;0.00022463461209554225;1.0
1467;0.0002901836414821446;1.0
1468;0.00025815251865424216;1.0
1469;0.00024480282445438206;1.0
1470;0.0002445487189106643;1.0
1471;0.00024237197067122906;1.0
1472;0.00025382646708749235;1.0
1473;0.0002250046090921387;1.0
1474;0.0002658182056620717;1.0
1475;0.0002627150097396225;1.0
1476;0.00023407222761306912;1.0
1477;0.00025033921701833606;1.0
1478;0.00025060473126359284;1.0
1479;0.0002281502675032243;1.0
1480;0.0002500961418263614;1.0
1481;0.0002413725305814296;1.0
1482;0.00024630577536299825;1.0
1483;0.00025753045338205993;1.0
1484;0.00025724389706738293;1.0
1485;0.00027261232025921345;1.0
1486;0.0002346706169191748;1.0
1487;0.00025854879640974104;1.0
1488;0.000280589796602726;1.0
1489;0.0002289017429575324;1.0
1490;0.0002154031244572252;1.0
1491;0.00023419824719894677;1.0
1492;0.0002703804930206388;1.0
1493;0.00024301213852595538;1.0
1494;0.00021002502762712538;1.0
1495;0.0002447393490001559;1.0
1496;0.00023429647262673825;1.0
1497;0.0002579452411737293;1.0
1498;0.00022810185328125954;1.0
1499;0.00026906668790616095;1.0
