iteration;loss;accuracy
0;0.09567903727293015;0.32258063554763794
1;0.08947999775409698;0.29032257199287415
2;0.08293774724006653;0.3870967626571655
3;0.0760389119386673;0.4516128897666931
4;0.07102161645889282;0.4516128897666931
5;0.06739618629217148;0.35483869910240173
6;0.0675303041934967;0.25806450843811035
7;0.06896389275789261;0.3870967626571655
8;0.07052972912788391;0.25806450843811035
9;0.06889031082391739;0.32258063554763794
10;0.07041554152965546;0.29032257199287415
11;0.06395061314105988;0.3870967626571655
12;0.06743374466896057;0.32258063554763794
13;0.064021997153759;0.4193548262119293
14;0.06351839751005173;0.4516128897666931
15;0.06510942429304123;0.4838709533214569
16;0.06365013122558594;0.4838709533214569
17;0.06557143479585648;0.4193548262119293
18;0.06324347853660583;0.4838709533214569
19;0.0645180493593216;0.3870967626571655
20;0.06205680966377258;0.4838709533214569
21;0.06136881187558174;0.5483871102333069
22;0.06231290474534035;0.6129032373428345
23;0.06309401243925095;0.35483869910240173
24;0.06074804812669754;0.4193548262119293
25;0.060714978724718094;0.5161290168762207
26;0.06135452166199684;0.4516128897666931
27;0.05842319875955582;0.5806451439857483
28;0.061584070324897766;0.4838709533214569
29;0.06057317554950714;0.4838709533214569
30;0.058280717581510544;0.5483871102333069
31;0.058164920657873154;0.4838709533214569
32;0.05761609598994255;0.5806451439857483
33;0.05601106956601143;0.5806451439857483
34;0.05504332482814789;0.6451612710952759
35;0.052407361567020416;0.6129032373428345
36;0.05225330963730812;0.6129032373428345
37;0.051378268748521805;0.6774193644523621
38;0.048313990235328674;0.6774193644523621
39;0.047733284533023834;0.7419354915618896
40;0.04800904169678688;0.7096773982048035
41;0.046205032616853714;0.7096773982048035
42;0.04297277331352234;0.7419354915618896
43;0.04084588959813118;0.8064516186714172
44;0.04218620806932449;0.774193525314331
45;0.039957281202077866;0.8064516186714172
46;0.04220135509967804;0.774193525314331
47;0.03759193420410156;0.8709677457809448
48;0.03996093571186066;0.774193525314331
49;0.03525310754776001;0.8064516186714172
50;0.0378175750374794;0.7419354915618896
51;0.03535723313689232;0.8387096524238586
52;0.03600296378135681;0.8064516186714172
53;0.03270360082387924;0.8387096524238586
54;0.031109316274523735;0.8387096524238586
55;0.02985631860792637;0.9032257795333862
56;0.030117955058813095;0.8709677457809448
57;0.028874658048152924;0.8709677457809448
58;0.027347149327397346;0.9032257795333862
59;0.02865336462855339;0.9354838728904724
60;0.02614319883286953;0.9354838728904724
61;0.025400828570127487;0.9677419066429138
62;0.024797635152935982;1.0
63;0.025241965427994728;0.9032257795333862
64;0.023898063227534294;1.0
65;0.021735146641731262;1.0
66;0.01975521445274353;1.0
67;0.021011948585510254;1.0
68;0.019456183537840843;1.0
69;0.020848765969276428;1.0
70;0.01704830676317215;1.0
71;0.01882120780646801;1.0
72;0.0185198113322258;1.0
73;0.016406403854489326;1.0
74;0.018459772691130638;1.0
75;0.01590271294116974;1.0
76;0.01575329154729843;1.0
77;0.01629551127552986;1.0
78;0.014375388622283936;1.0
79;0.015449386090040207;1.0
80;0.01567108929157257;1.0
81;0.014393676072359085;1.0
82;0.014959488995373249;1.0
83;0.016898756846785545;1.0
84;0.01934160478413105;1.0
85;0.01316714845597744;1.0
86;0.01838432438671589;0.9354838728904724
87;0.014677605591714382;1.0
88;0.01289722416549921;1.0
89;0.02818300761282444;0.9032257795333862
90;0.017434947192668915;1.0
91;0.013964214362204075;1.0
92;0.01364409551024437;1.0
93;0.021118825301527977;0.9032257795333862
94;0.015831604599952698;1.0
95;0.013029919937252998;1.0
96;0.012088470160961151;1.0
97;0.01736341416835785;0.9677419066429138
98;0.015265840105712414;1.0
99;0.013579769991338253;1.0
100;0.013441286981105804;1.0
101;0.010808253660798073;1.0
102;0.009728770703077316;1.0
103;0.012972583994269371;1.0
104;0.012737542390823364;1.0
105;0.010597181506454945;1.0
106;0.011823410168290138;1.0
107;0.011249048635363579;1.0
108;0.011166861280798912;1.0
109;0.01067293994128704;1.0
110;0.01129959151148796;1.0
111;0.011605650186538696;1.0
112;0.011240620166063309;1.0
113;0.0092927860096097;1.0
114;0.010429611429572105;1.0
115;0.009583603590726852;1.0
116;0.01026417501270771;1.0
117;0.010255840606987476;1.0
118;0.008668677881360054;1.0
119;0.010633552446961403;1.0
120;0.009518463164567947;1.0
121;0.00952906347811222;1.0
122;0.008564820513129234;1.0
123;0.008390761911869049;1.0
124;0.0068700313568115234;1.0
125;0.009220467880368233;1.0
126;0.008872497826814651;1.0
127;0.008691871538758278;1.0
128;0.011225806549191475;1.0
129;0.009742173366248608;1.0
130;0.008416635915637016;1.0
131;0.009497194550931454;1.0
132;0.007084840442985296;1.0
133;0.00650641368702054;1.0
134;0.008034581318497658;1.0
135;0.0070938910357654095;1.0
136;0.009350704960525036;1.0
137;0.008845538832247257;1.0
138;0.007617040071636438;1.0
139;0.00729342270642519;1.0
140;0.008316660299897194;1.0
141;0.006086100824177265;1.0
142;0.0066608344204723835;1.0
143;0.007605219259858131;1.0
144;0.006906402297317982;1.0
145;0.00801573321223259;1.0
146;0.007287838030606508;1.0
147;0.007454076316207647;1.0
148;0.007310560904443264;1.0
149;0.007172718178480864;1.0
150;0.006807250902056694;1.0
151;0.007609503343701363;1.0
152;0.005876136478036642;1.0
153;0.005876737646758556;1.0
154;0.008132033050060272;1.0
155;0.007644344121217728;1.0
156;0.00709759583696723;1.0
157;0.007281692698597908;1.0
158;0.006440926808863878;1.0
159;0.006871208548545837;1.0
160;0.005961974151432514;1.0
161;0.006280845496803522;1.0
162;0.0062162321992218494;1.0
163;0.006812879350036383;1.0
164;0.005913741420954466;1.0
165;0.006607332732528448;1.0
166;0.005704349372535944;1.0
167;0.005520723294466734;1.0
168;0.00624285452067852;1.0
169;0.005764014087617397;1.0
170;0.006876181345432997;1.0
171;0.005553185474127531;1.0
172;0.006000476889312267;1.0
173;0.00582212395966053;1.0
174;0.005392642691731453;1.0
175;0.00661908695474267;1.0
176;0.006788409780710936;1.0
177;0.005240723956376314;1.0
178;0.0051893144845962524;1.0
179;0.005633334629237652;1.0
180;0.004827287048101425;1.0
181;0.006481417454779148;1.0
182;0.005838845390826464;1.0
183;0.007684376090764999;1.0
184;0.0053640627302229404;1.0
185;0.006045877933502197;1.0
186;0.005647644866257906;1.0
187;0.005429708864539862;1.0
188;0.004014616832137108;1.0
189;0.0041632624343037605;1.0
190;0.005058181472122669;1.0
191;0.004527646116912365;1.0
192;0.004634527489542961;1.0
193;0.006793998647481203;1.0
194;0.004410368390381336;1.0
195;0.006801183335483074;1.0
196;0.005295314360409975;1.0
197;0.0049129389226436615;1.0
198;0.004347323905676603;1.0
199;0.004427161533385515;1.0
200;0.005785301327705383;1.0
201;0.005810868926346302;1.0
202;0.004435146227478981;1.0
203;0.0046537150628864765;1.0
204;0.0053801145404577255;1.0
205;0.004608955234289169;1.0
206;0.005355809349566698;1.0
207;0.00604658666998148;1.0
208;0.003880070988088846;1.0
209;0.004616067744791508;1.0
210;0.005915343761444092;1.0
211;0.004324646200984716;1.0
212;0.004119175020605326;1.0
213;0.004743979778140783;1.0
214;0.00519247492775321;1.0
215;0.004415259230881929;1.0
216;0.003950060345232487;1.0
217;0.004844258539378643;1.0
218;0.004112823400646448;1.0
219;0.003171822987496853;1.0
220;0.004182729404419661;1.0
221;0.006162237375974655;1.0
222;0.004660230129957199;1.0
223;0.0039824130944907665;1.0
224;0.004774605855345726;1.0
225;0.004270074889063835;1.0
226;0.004030763637274504;1.0
227;0.004039132967591286;1.0
228;0.0043668076395988464;1.0
229;0.003877296345308423;1.0
230;0.005477400962263346;1.0
231;0.004069453105330467;1.0
232;0.004647714085876942;1.0
233;0.003983078990131617;1.0
234;0.003576217917725444;1.0
235;0.0029866425320506096;1.0
236;0.005489758215844631;1.0
237;0.004551916383206844;1.0
238;0.003838402684777975;1.0
239;0.003915013745427132;1.0
240;0.003267357125878334;1.0
241;0.004997209180146456;1.0
242;0.004538321401923895;1.0
243;0.0038335879798978567;1.0
244;0.0034892898984253407;1.0
245;0.00457744998857379;1.0
246;0.0033468015026301146;1.0
247;0.004451015964150429;1.0
248;0.002958530094474554;1.0
249;0.005382250063121319;1.0
250;0.005160527303814888;1.0
251;0.003746607806533575;1.0
252;0.003709652228280902;1.0
253;0.003689035540446639;1.0
254;0.002693748800083995;1.0
255;0.004359015729278326;1.0
256;0.0030078315176069736;1.0
257;0.0037187058478593826;1.0
258;0.0036228280514478683;1.0
259;0.003751415526494384;1.0
260;0.004081262741237879;1.0
261;0.0031942599453032017;1.0
262;0.004134287592023611;1.0
263;0.0033857915550470352;1.0
264;0.0035670166835188866;1.0
265;0.0032344425562769175;1.0
266;0.0037386170588433743;1.0
267;0.0034357099793851376;1.0
268;0.003511287970468402;1.0
269;0.00330005818977952;1.0
270;0.004535747691988945;1.0
271;0.003230450674891472;1.0
272;0.002478209091350436;1.0
273;0.003112880513072014;1.0
274;0.0032493534963577986;1.0
275;0.003129035234451294;1.0
276;0.0036085485480725765;1.0
277;0.0037222341634333134;1.0
278;0.0035330294631421566;1.0
279;0.003573356894776225;1.0
280;0.003909565042704344;1.0
281;0.00355105334892869;1.0
282;0.003852547612041235;1.0
283;0.003744101617485285;1.0
284;0.002907208167016506;1.0
285;0.0024604876525700092;1.0
286;0.0054264008067548275;1.0
287;0.0041671935468912125;1.0
288;0.0028558392077684402;1.0
289;0.0027641018386930227;1.0
290;0.0032829544506967068;1.0
291;0.0031653959304094315;1.0
292;0.0031676837243139744;1.0
293;0.0029451807495206594;1.0
294;0.002364550018683076;1.0
295;0.0034356326796114445;1.0
296;0.002257892396301031;1.0
297;0.002836445579305291;1.0
298;0.0032810522243380547;1.0
299;0.004013435449451208;1.0
300;0.0033589154481887817;1.0
301;0.0027582040056586266;1.0
302;0.0030525056645274162;1.0
303;0.0023555646184831858;1.0
304;0.003542024176567793;1.0
305;0.002189712366089225;1.0
306;0.0036759106442332268;1.0
307;0.0033874642103910446;1.0
308;0.003485456109046936;1.0
309;0.00243012560531497;1.0
310;0.002698807045817375;1.0
311;0.0031026771757751703;1.0
312;0.0032414740417152643;1.0
313;0.0031312210485339165;1.0
314;0.003734559752047062;1.0
315;0.0030152075923979282;1.0
316;0.0035005034878849983;1.0
317;0.0023719975724816322;1.0
318;0.0025831088423728943;1.0
319;0.004457710776478052;1.0
320;0.0034635879565030336;1.0
321;0.003863718593493104;1.0
322;0.003489316441118717;1.0
323;0.0023488018196076155;1.0
324;0.0026374333538115025;1.0
325;0.0021514538675546646;1.0
326;0.002185093006119132;1.0
327;0.0023841066285967827;1.0
328;0.0026199063286185265;1.0
329;0.002175825648009777;1.0
330;0.0031489459797739983;1.0
331;0.002664839616045356;1.0
332;0.002648883732035756;1.0
333;0.002604953944683075;1.0
334;0.003137545892968774;1.0
335;0.002780263777822256;1.0
336;0.002673991722986102;1.0
337;0.0034902188926935196;1.0
338;0.003030644729733467;1.0
339;0.0033128089271485806;1.0
340;0.002880614483729005;1.0
341;0.0029721278697252274;1.0
342;0.0040880246087908745;1.0
343;0.0020012042950838804;1.0
344;0.0035993321798741817;1.0
345;0.0019021575571969151;1.0
346;0.003149486379697919;1.0
347;0.003151172772049904;1.0
348;0.004079726058989763;1.0
349;0.0026362063363194466;1.0
350;0.0022403968032449484;1.0
351;0.0021476515103131533;1.0
352;0.0032876848708838224;1.0
353;0.002608176786452532;1.0
354;0.0026788502000272274;1.0
355;0.0026158522814512253;1.0
356;0.002242841525003314;1.0
357;0.003938276320695877;1.0
358;0.0022673930507153273;1.0
359;0.0029423292726278305;1.0
360;0.002749610459432006;1.0
361;0.002774842781946063;1.0
362;0.0019854449201375246;1.0
363;0.0030877343378961086;1.0
364;0.0018833756912499666;1.0
365;0.0022461761254817247;1.0
366;0.002737130504101515;1.0
367;0.0024390309117734432;1.0
368;0.002450586762279272;1.0
369;0.002971203997731209;1.0
370;0.0025089741684496403;1.0
371;0.0027162227779626846;1.0
372;0.0035064532421529293;1.0
373;0.001814246759749949;1.0
374;0.0023980154655873775;1.0
375;0.002986652310937643;1.0
376;0.002924697706475854;1.0
377;0.002536051906645298;1.0
378;0.002807050244882703;1.0
379;0.002124244347214699;1.0
380;0.0033421770203858614;1.0
381;0.0022754790261387825;1.0
382;0.002198919653892517;1.0
383;0.002754056127741933;1.0
384;0.0022411521058529615;1.0
385;0.002316425321623683;1.0
386;0.001910882769152522;1.0
387;0.001359425368718803;1.0
388;0.0024784253910183907;1.0
389;0.0021475693210959435;1.0
390;0.0026808937545865774;1.0
391;0.0023763321805745363;1.0
392;0.003355656750500202;1.0
393;0.003001479199156165;1.0
394;0.0021210566628724337;1.0
395;0.002085119253024459;1.0
396;0.0028547856491059065;1.0
397;0.002628522226586938;1.0
398;0.001965961651876569;1.0
399;0.002051793271675706;1.0
400;0.0024394902866333723;1.0
401;0.002403586870059371;1.0
402;0.0023602547589689493;1.0
403;0.0028088348917663097;1.0
404;0.001832815119996667;1.0
405;0.0022085318341851234;1.0
406;0.0030735351610928774;1.0
407;0.002920342143625021;1.0
408;0.0020852917805314064;1.0
409;0.002230159705504775;1.0
410;0.0018752394244074821;1.0
411;0.002564654452726245;1.0
412;0.0015071503585204482;1.0
413;0.002973581198602915;1.0
414;0.0022007024381309748;1.0
415;0.0025169062428176403;1.0
416;0.0022209251765161753;1.0
417;0.0018111312529072165;1.0
418;0.0031628988217562437;1.0
419;0.002447407227009535;1.0
420;0.0019347697962075472;1.0
421;0.0028797746635973454;1.0
422;0.0021811395417898893;1.0
423;0.0023116639349609613;1.0
424;0.0016646184958517551;1.0
425;0.002338089980185032;1.0
426;0.0030549534130841494;1.0
427;0.0020296901930123568;1.0
428;0.0018494403921067715;1.0
429;0.0016900612972676754;1.0
430;0.0016946721589192748;1.0
431;0.0020028813742101192;1.0
432;0.0017818293999880552;1.0
433;0.0026229312643408775;1.0
434;0.0027106062043458223;1.0
435;0.0025331119541078806;1.0
436;0.0016275647794827819;1.0
437;0.00228200969286263;1.0
438;0.0023182888980954885;1.0
439;0.002386158797889948;1.0
440;0.0019183122785761952;1.0
441;0.0025151935406029224;1.0
442;0.0020649582147598267;1.0
443;0.0016257223905995488;1.0
444;0.002468436025083065;1.0
445;0.0019508524565026164;1.0
446;0.0024078479036688805;1.0
447;0.0020638867281377316;1.0
448;0.002971011446788907;1.0
449;0.0019890214316546917;1.0
450;0.0016386632341891527;1.0
451;0.0017492244951426983;1.0
452;0.0019719491247087717;1.0
453;0.002359574194997549;1.0
454;0.0019069892587140203;1.0
455;0.0015858103288337588;1.0
456;0.0014653019607067108;1.0
457;0.0018038469133898616;1.0
458;0.00199910462833941;1.0
459;0.0025550341233611107;1.0
460;0.001283880788832903;1.0
461;0.001804198371246457;1.0
462;0.0018388060852885246;1.0
463;0.0017905577551573515;1.0
464;0.0014095385558903217;1.0
465;0.0016073868609964848;1.0
466;0.0018192254938185215;1.0
467;0.002223400631919503;1.0
468;0.0014985923189669847;1.0
469;0.00233587808907032;1.0
470;0.0014100404223427176;1.0
471;0.0021171895787119865;1.0
472;0.0016629691235721111;1.0
473;0.001570786931551993;1.0
474;0.0020923903211951256;1.0
475;0.0016425778158009052;1.0
476;0.001836431329138577;1.0
477;0.0024881046265363693;1.0
478;0.001992250792682171;1.0
479;0.0015501657035201788;1.0
480;0.0012464330065995455;1.0
481;0.0012246466940268874;1.0
482;0.001789789297617972;1.0
483;0.0015581793850287795;1.0
484;0.002019608160480857;1.0
485;0.0018580403411760926;1.0
486;0.001898228656500578;1.0
487;0.0014630480436608195;1.0
488;0.001516110496595502;1.0
489;0.001424693618901074;1.0
490;0.0012050856603309512;1.0
491;0.002283830661326647;1.0
492;0.001598169095814228;1.0
493;0.0011198256397619843;1.0
494;0.0011319875484332442;1.0
495;0.0017349555855616927;1.0
496;0.001263462589122355;1.0
497;0.0016470019472762942;1.0
498;0.0015242497902363539;1.0
499;0.0019274933729320765;1.0
500;0.0016157032223418355;1.0
501;0.0018608297687023878;1.0
502;0.0013762079179286957;1.0
503;0.0018427228787913918;1.0
504;0.0018171900883316994;1.0
505;0.0015996703878045082;1.0
506;0.0013570323353633285;1.0
507;0.001751063042320311;1.0
508;0.0012630489654839039;1.0
509;0.0012246690457686782;1.0
510;0.0015787578886374831;1.0
511;0.0014697742881253362;1.0
512;0.001225571264512837;1.0
513;0.0011254383716732264;1.0
514;0.0010501362849026918;1.0
515;0.00242529041133821;1.0
516;0.0011649113148450851;1.0
517;0.0014428002759814262;1.0
518;0.0020478377118706703;1.0
519;0.0013957583578303456;1.0
520;0.0020552051719278097;1.0
521;0.0015644069062545896;1.0
522;0.001117456704378128;1.0
523;0.0013726549223065376;1.0
524;0.001543328631669283;1.0
525;0.001406347844749689;1.0
526;0.0015951974783092737;1.0
527;0.00133033050224185;1.0
528;0.0014988348120823503;1.0
529;0.0015616154996678233;1.0
530;0.0013757176930084825;1.0
531;0.0021826347801834345;1.0
532;0.0017044818960130215;1.0
533;0.0018515953561291099;1.0
534;0.0015200228663161397;1.0
535;0.0012712373863905668;1.0
536;0.0016337750712409616;1.0
537;0.0016265385784208775;1.0
538;0.0012036670232191682;1.0
539;0.0010742705781012774;1.0
540;0.0015083629405125976;1.0
541;0.001029306324198842;1.0
542;0.0014296864392235875;1.0
543;0.0014221369056031108;1.0
544;0.001499668345786631;1.0
545;0.0009820748819038272;1.0
546;0.0011099774856120348;1.0
547;0.0016249078325927258;1.0
548;0.001351610291749239;1.0
549;0.0013873103307560086;1.0
550;0.0010837059235200286;1.0
551;0.0015929159708321095;1.0
552;0.001172653748653829;1.0
553;0.0021582834888249636;1.0
554;0.0012314600171521306;1.0
555;0.0012905390467494726;1.0
556;0.0011602840386331081;1.0
557;0.0010571260936558247;1.0
558;0.0018155812285840511;1.0
559;0.0014086328446865082;1.0
560;0.000903259904589504;1.0
561;0.0011488177115097642;1.0
562;0.0010748363565653563;1.0
563;0.0012351081240922213;1.0
564;0.0016950714634731412;1.0
565;0.001641463371925056;1.0
566;0.0014812360750511289;1.0
567;0.0010605694260448217;1.0
568;0.0013834467390552163;1.0
569;0.00136433239094913;1.0
570;0.0011538909748196602;1.0
571;0.0012951669050380588;1.0
572;0.0012626140378415585;1.0
573;0.0012496152194216847;1.0
574;0.002019548788666725;1.0
575;0.0016017050947993994;1.0
576;0.001563427154906094;1.0
577;0.0011005832348018885;1.0
578;0.0013774516992270947;1.0
579;0.0012162596685811877;1.0
580;0.0015874173259362578;1.0
581;0.0013623727718368173;1.0
582;0.001603470416739583;1.0
583;0.0011708037927746773;1.0
584;0.0014062562258914113;1.0
585;0.0011261285981163383;1.0
586;0.0010558504145592451;1.0
587;0.001122883753851056;1.0
588;0.0010936888866126537;1.0
589;0.00171005935408175;1.0
590;0.0017564906738698483;1.0
591;0.0013781968737021089;1.0
592;0.001593971741385758;1.0
593;0.0013165195705369115;1.0
594;0.0015673373127356172;1.0
595;0.0013675411464646459;1.0
596;0.0010702271247282624;1.0
597;0.0018983493791893125;1.0
598;0.0013288744958117604;1.0
599;0.0009929465595632792;1.0
600;0.0011940986150875688;1.0
601;0.0013276583049446344;1.0
602;0.0011435541091486812;1.0
603;0.001226342166773975;1.0
604;0.001288567204028368;1.0
605;0.001008658204227686;1.0
606;0.0016911010025069118;1.0
607;0.001267463550902903;1.0
608;0.001512632123194635;1.0
609;0.0009137477609328926;1.0
610;0.0013126247795298696;1.0
611;0.0011054170317947865;1.0
612;0.0010635146172717214;1.0
613;0.0011705448850989342;1.0
614;0.0012308370787650347;1.0
615;0.0014782613143324852;1.0
616;0.0010411895345896482;1.0
617;0.0008298390312120318;1.0
618;0.0015099809970706701;1.0
619;0.001446302398107946;1.0
620;0.0010443725623190403;1.0
621;0.001980471657589078;1.0
622;0.0011232092510908842;1.0
623;0.0012626808602362871;1.0
624;0.0011980477720499039;1.0
625;0.0010263939620926976;1.0
626;0.000989162945188582;1.0
627;0.0008194234687834978;1.0
628;0.001114474143832922;1.0
629;0.0008920753607526422;1.0
630;0.0008881799876689911;1.0
631;0.0018134632846340537;1.0
632;0.0012570690596476197;1.0
633;0.0013928323751315475;1.0
634;0.0010768902720883489;1.0
635;0.0011953130597248673;1.0
636;0.0013831842225044966;1.0
637;0.0014362522633746266;1.0
638;0.0009372997446916997;1.0
639;0.001195701421238482;1.0
640;0.0007972566527314484;1.0
641;0.0010886051459237933;1.0
642;0.0009579003090038896;1.0
643;0.0008155028335750103;1.0
644;0.0014190110377967358;1.0
645;0.0010110473958775401;1.0
646;0.0010690578492358327;1.0
647;0.001082869479432702;1.0
648;0.0011273188283666968;1.0
649;0.0009421686991117895;1.0
650;0.001059969188645482;1.0
651;0.00170066487044096;1.0
652;0.001044148695655167;1.0
653;0.001234905212186277;1.0
654;0.0011486168950796127;1.0
655;0.0008475127979181707;1.0
656;0.0012607197277247906;1.0
657;0.0015919790603220463;1.0
658;0.0007326570339500904;1.0
659;0.0011244824854657054;1.0
660;0.0010809439700096846;1.0
661;0.0011239713057875633;1.0
662;0.0010512268636375666;1.0
663;0.0008616277482360601;1.0
664;0.0010792508255690336;1.0
665;0.0012341010151430964;1.0
666;0.001379815163090825;1.0
667;0.0010879632318392396;1.0
668;0.0008475495269522071;1.0
669;0.000763551564887166;1.0
670;0.0009078041184693575;1.0
671;0.0008336222381331027;1.0
672;0.00144038291182369;1.0
673;0.000840183172840625;1.0
674;0.0012688941787928343;1.0
675;0.0008568032062612474;1.0
676;0.001089166384190321;1.0
677;0.0010817740112543106;1.0
678;0.0006938994629308581;1.0
679;0.0009522035834379494;1.0
680;0.0008303136564791203;1.0
681;0.0013917034957557917;1.0
682;0.0011718454770743847;1.0
683;0.0007741590379737318;1.0
684;0.0007897666073404253;1.0
685;0.0011480585671961308;1.0
686;0.001002269797027111;1.0
687;0.0008366639958694577;1.0
688;0.0006965022766962647;1.0
689;0.0009694341570138931;1.0
690;0.001607350423000753;1.0
691;0.0006881455192342401;1.0
692;0.0009231140720658004;1.0
693;0.0012726489221677184;1.0
694;0.0008751257555559278;1.0
695;0.0007299702847376466;1.0
696;0.0008816166082397103;1.0
697;0.0007772716926410794;1.0
698;0.0008933155331760645;1.0
699;0.0006789492326788604;1.0
700;0.0005990377976559103;1.0
701;0.0008368633571080863;1.0
702;0.0007766700000502169;1.0
703;0.0008983527077361941;1.0
704;0.0008268490200862288;1.0
705;0.0009411581559106708;1.0
706;0.0007816212018951774;1.0
707;0.0008782251970842481;1.0
708;0.0007413498242385685;1.0
709;0.0007555370102636516;1.0
710;0.0009723143302835524;1.0
711;0.0006968641537241638;1.0
712;0.0008277872111648321;1.0
713;0.0009495943668298423;1.0
714;0.0013351145898923278;1.0
715;0.0012315679341554642;1.0
716;0.0007206785958260298;1.0
717;0.0009108097874559462;1.0
718;0.000952186353970319;1.0
719;0.0010518835624679923;1.0
720;0.0007161763496696949;1.0
721;0.0008834078907966614;1.0
722;0.000839916174300015;1.0
723;0.0009677824564278126;1.0
724;0.0006290267920121551;1.0
725;0.0008193364483304322;1.0
726;0.0009870086796581745;1.0
727;0.0006247236742638052;1.0
728;0.0011665074853226542;1.0
729;0.000936478900257498;1.0
730;0.0008798756171017885;1.0
731;0.001328216982074082;1.0
732;0.0010166363790631294;1.0
733;0.0008547375909984112;1.0
734;0.0006534821586683393;1.0
735;0.000768407597206533;1.0
736;0.0012529504019767046;1.0
737;0.0009583500795997679;1.0
738;0.0008210071246139705;1.0
739;0.0005948723992332816;1.0
740;0.0017088453751057386;1.0
741;0.0009516084683127701;1.0
742;0.0006601799395866692;1.0
743;0.000878330145496875;1.0
744;0.0007428406388498843;1.0
745;0.0006432484369724989;1.0
746;0.0008147717453539371;1.0
747;0.0006394510855898261;1.0
748;0.0005989973433315754;1.0
749;0.0007792155956849456;1.0
750;0.0006636866019107401;1.0
751;0.0006602335488423705;1.0
752;0.0006802238640375435;1.0
753;0.0007921904907561839;1.0
754;0.0008839026559144258;1.0
755;0.0006389346672222018;1.0
756;0.0007696610409766436;1.0
757;0.0006040389998815954;1.0
758;0.0008401687955483794;1.0
759;0.000618513731751591;1.0
760;0.0010781907476484776;1.0
761;0.0005533331423066556;1.0
762;0.0006375783705152571;1.0
763;0.0005946149467490613;1.0
764;0.000955796567723155;1.0
765;0.0006832298822700977;1.0
766;0.000732421176508069;1.0
767;0.0009281836682930589;1.0
768;0.000667154265101999;1.0
769;0.0004797394503839314;1.0
770;0.0010386499343439937;1.0
771;0.0005921078263781965;1.0
772;0.0011242128675803542;1.0
773;0.0004993443144485354;1.0
774;0.0006362830754369497;1.0
775;0.0006994222640059888;1.0
776;0.0004897838225588202;1.0
777;0.0010471489513292909;1.0
778;0.0006503489566966891;1.0
779;0.000746709352824837;1.0
780;0.0007867494714446366;1.0
781;0.0006685163825750351;1.0
782;0.0005948715843260288;1.0
783;0.0007132785976864398;1.0
784;0.0007341450545936823;1.0
785;0.000572735967580229;1.0
786;0.0006835240055806935;1.0
787;0.0008109819027595222;1.0
788;0.0005051967455074191;1.0
789;0.0006807573954574764;1.0
790;0.0007033396395854652;1.0
791;0.0007489313720725477;1.0
792;0.0005468984018079937;1.0
793;0.0009006712352856994;1.0
794;0.000509759527631104;1.0
795;0.0011282514315098524;1.0
796;0.0006181806675158441;1.0
797;0.0007904383819550276;1.0
798;0.0007217231905087829;1.0
799;0.0007141453097574413;1.0
800;0.001102124690078199;1.0
801;0.0009811446070671082;1.0
802;0.0006225973484106362;1.0
803;0.0007250470807775855;1.0
804;0.0007196592632681131;1.0
805;0.0005716250743716955;1.0
806;0.0007244883454404771;1.0
807;0.0008583675953559577;1.0
808;0.0005732722929678857;1.0
809;0.0006082783220335841;1.0
810;0.0008288220851682127;1.0
811;0.000698842282872647;1.0
812;0.0006407788605429232;1.0
813;0.0009250729344785213;1.0
814;0.0006415797979570925;1.0
815;0.0007942202500998974;1.0
816;0.0004820887988898903;1.0
817;0.0009075831039808691;1.0
818;0.0005528664332814515;1.0
819;0.0005205452325753868;1.0
820;0.0006460190052166581;1.0
821;0.0006282790564000607;1.0
822;0.0006744084530510008;1.0
823;0.000579683342948556;1.0
824;0.0005751072894781828;1.0
825;0.0008943070424720645;1.0
826;0.0005470725591294467;1.0
827;0.0004715581890195608;1.0
828;0.0005859481752850115;1.0
829;0.0004896402242593467;1.0
830;0.0007887178799137473;1.0
831;0.0005508954636752605;1.0
832;0.00105973519384861;1.0
833;0.0005836968193762004;1.0
834;0.0005903174169361591;1.0
835;0.0006478636641986668;1.0
836;0.0008299052133224905;1.0
837;0.0008227907819673419;1.0
838;0.0005242219194769859;1.0
839;0.0007628303137607872;1.0
840;0.0008741689962334931;1.0
841;0.0005700158071704209;1.0
842;0.0005984410527162254;1.0
843;0.00047478594933636487;1.0
844;0.0004586831491906196;1.0
845;0.0007629866013303399;1.0
846;0.000564485730137676;1.0
847;0.0006115626310929656;1.0
848;0.0004757318238262087;1.0
849;0.0005472852499224246;1.0
850;0.0009088218794204295;1.0
851;0.00048241281183436513;1.0
852;0.000680113211274147;1.0
853;0.0005302701611071825;1.0
854;0.000574878475163132;1.0
855;0.0005465617286972702;1.0
856;0.0005576483672484756;1.0
857;0.0005800644285045564;1.0
858;0.0005119696143083274;1.0
859;0.0005399438668973744;1.0
860;0.0007664962904527783;1.0
861;0.0004540777299553156;1.0
862;0.0005277384188957512;1.0
863;0.0005817660130560398;1.0
864;0.0005289672990329564;1.0
865;0.0008597729611210525;1.0
866;0.0006812629872001708;1.0
867;0.0005248801317065954;1.0
868;0.0006213477463461459;1.0
869;0.0005408810684457421;1.0
870;0.0007065906538628042;1.0
871;0.0005141001311130822;1.0
872;0.0006892401725053787;1.0
873;0.0008344810921698809;1.0
874;0.0005220472230575979;1.0
875;0.0005501328269019723;1.0
876;0.0007479712949134409;1.0
877;0.00045365418191067874;1.0
878;0.0006113825947977602;1.0
879;0.0004831880214624107;1.0
880;0.000701971584931016;1.0
881;0.0005514766089618206;1.0
882;0.0004436553281266242;1.0
883;0.000583870685659349;1.0
884;0.0007190214237198234;1.0
885;0.0006952230469323695;1.0
886;0.000573285564314574;1.0
887;0.00045705129741691053;1.0
888;0.0005405200645327568;1.0
889;0.0005721965571865439;1.0
890;0.0005030342726968229;1.0
891;0.0006138415774330497;1.0
892;0.0005502010462805629;1.0
893;0.00044382811756804585;1.0
894;0.0006135751027613878;1.0
895;0.0006213025189936161;1.0
896;0.0007212767959572375;1.0
897;0.0005801656516268849;1.0
898;0.0007428015815094113;1.0
899;0.0005111151840537786;1.0
900;0.00047249652561731637;1.0
901;0.0004766128840856254;1.0
902;0.0007713280501775444;1.0
903;0.0007086031255312264;1.0
904;0.00041107743163593113;1.0
905;0.0005596354603767395;1.0
906;0.00047150865430012345;1.0
907;0.00044823464122600853;1.0
908;0.0004095285839866847;1.0
909;0.0006752394256182015;1.0
910;0.0008080422994680703;1.0
911;0.0004114537441637367;1.0
912;0.00038565738941542804;1.0
913;0.0005586374318227172;1.0
914;0.0005776926991529763;1.0
915;0.0006680172518827021;1.0
916;0.0005251624388620257;1.0
917;0.0007130341837182641;1.0
918;0.0005146326730027795;1.0
919;0.00046909318189136684;1.0
920;0.0004623334389179945;1.0
921;0.00038162979763001204;1.0
922;0.0005004148697480559;1.0
923;0.0006492159445770085;1.0
924;0.0004463035729713738;1.0
925;0.00044344968046061695;1.0
926;0.0005157936247996986;1.0
927;0.0006587498355656862;1.0
928;0.000546152179595083;1.0
929;0.0007392682018689811;1.0
930;0.0005012908368371427;1.0
931;0.00042265988304279745;1.0
932;0.0005880333483219147;1.0
933;0.00040133294533006847;1.0
934;0.0005306834354996681;1.0
935;0.00043757419916801155;1.0
936;0.00041848045657388866;1.0
937;0.0005260077305138111;1.0
938;0.0005490164621733129;1.0
939;0.0008234188426285982;1.0
940;0.0005594887770712376;1.0
941;0.0005917214439250529;1.0
942;0.0006600323831662536;1.0
943;0.0005815543117932975;1.0
944;0.0005274424911476672;1.0
945;0.0005141091533005238;1.0
946;0.0005766510730609298;1.0
947;0.00075059401569888;1.0
948;0.0006341731059364974;1.0
949;0.0005273281130939722;1.0
950;0.0005376368062570691;1.0
951;0.0004259678244125098;1.0
952;0.0004990317393094301;1.0
953;0.0004579786618705839;1.0
954;0.0004246187163516879;1.0
955;0.0005674181156791747;1.0
956;0.0005049244500696659;1.0
957;0.0004041768843308091;1.0
958;0.00043303382699377835;1.0
959;0.0004747334460262209;1.0
960;0.0006326835718937218;1.0
961;0.00046111454139463603;1.0
962;0.0003304499841760844;1.0
963;0.0005679168389178813;1.0
964;0.000453812099294737;1.0
965;0.00048686351510696113;1.0
966;0.0003997218736913055;1.0
967;0.0005038718227297068;1.0
968;0.0003904685436282307;1.0
969;0.0005458840169012547;1.0
970;0.0006764621357433498;1.0
971;0.0005168730858713388;1.0
972;0.0006863001035526395;1.0
973;0.0005827617133036256;1.0
974;0.00047345960047096014;1.0
975;0.0004524138930719346;1.0
976;0.0005324555677361786;1.0
977;0.0004698717675637454;1.0
978;0.0005881503457203507;1.0
979;0.0003605836536735296;1.0
980;0.0005634672706946731;1.0
981;0.00040667029679752886;1.0
982;0.0007486633257940412;1.0
983;0.0004419275501277298;1.0
984;0.0004945939872413874;1.0
985;0.0005541526479646564;1.0
986;0.0005670555983670056;1.0
987;0.00045896077062934637;1.0
988;0.00035739465965889394;1.0
989;0.0006937530124559999;1.0
990;0.00048052825150080025;1.0
991;0.0004386556101962924;1.0
992;0.0003423760354053229;1.0
993;0.000709878106135875;1.0
994;0.0004718380805570632;1.0
995;0.00046572319115512073;1.0
996;0.0005290350527502596;1.0
997;0.00033243492362089455;1.0
998;0.000553278427105397;1.0
999;0.000543484406080097;1.0
1000;0.0005792815354652703;1.0
1001;0.0003489084483589977;1.0
1002;0.0006126926746219397;1.0
1003;0.00046105493674986064;1.0
1004;0.00039875530637800694;1.0
1005;0.0004088826826773584;1.0
1006;0.0005036999937146902;1.0
1007;0.000658004661090672;1.0
1008;0.0002823909744620323;1.0
1009;0.00048562814481556416;1.0
1010;0.0004914315068162978;1.0
1011;0.00038019882049411535;1.0
1012;0.00042650807881727815;1.0
1013;0.00035709983785636723;1.0
1014;0.0005588457570411265;1.0
1015;0.0005535819218493998;1.0
1016;0.00028573337476700544;1.0
1017;0.0003879719879478216;1.0
1018;0.00040853035170584917;1.0
1019;0.0005680745234712958;1.0
1020;0.0005145399481989443;1.0
1021;0.0004054456949234009;1.0
1022;0.00047285339678637683;1.0
1023;0.00028846648638136685;1.0
1024;0.000401405239244923;1.0
1025;0.0003710881865117699;1.0
1026;0.0004924496752209961;1.0
1027;0.00034260499523952603;1.0
1028;0.00036150243249721825;1.0
1029;0.00036612534313462675;1.0
1030;0.00038187275640666485;1.0
1031;0.00038820094778202474;1.0
1032;0.00034185938420705497;1.0
1033;0.00038897767080925405;1.0
1034;0.00033289490966126323;1.0
1035;0.0004708278283942491;1.0
1036;0.0005593018140643835;1.0
1037;0.0003571404376998544;1.0
1038;0.00035791529808193445;1.0
1039;0.00046375597594305873;1.0
1040;0.00040198746137320995;1.0
1041;0.0007523342501372099;1.0
1042;0.0003862795128952712;1.0
1043;0.00035252151428721845;1.0
1044;0.0003228135174140334;1.0
1045;0.000368488603271544;1.0
1046;0.0003712859470397234;1.0
1047;0.0004533373285084963;1.0
1048;0.00045801830128766596;1.0
1049;0.0003287416184321046;1.0
1050;0.00043141539208590984;1.0
1051;0.00063600845169276;1.0
1052;0.00048618289292789996;1.0
1053;0.00039247001404874027;1.0
1054;0.0004609464085660875;1.0
1055;0.0003990264958702028;1.0
1056;0.0006260930094867945;1.0
1057;0.00036274216836318374;1.0
1058;0.00030001861159689724;1.0
1059;0.00027189948013983667;1.0
1060;0.0004962667590007186;1.0
1061;0.0004282373993191868;1.0
1062;0.0003381781280040741;1.0
1063;0.0005552887450903654;1.0
1064;0.00033584533957764506;1.0
1065;0.0003191238211002201;1.0
1066;0.000320190069032833;1.0
1067;0.0004215981171000749;1.0
1068;0.00041489023715257645;1.0
1069;0.0002376952616032213;1.0
1070;0.00045457930536940694;1.0
1071;0.0005094617372378707;1.0
1072;0.000328884634654969;1.0
1073;0.0003580820048227906;1.0
1074;0.00046607383410446346;1.0
1075;0.0004948345595039427;1.0
1076;0.0005630579544231296;1.0
1077;0.0003973099519498646;1.0
1078;0.00040515640284866095;1.0
1079;0.00038623998989351094;1.0
1080;0.00038551262696273625;1.0
1081;0.0003537084558047354;1.0
1082;0.00033229924156330526;1.0
1083;0.0003963343915529549;1.0
1084;0.0003689041477628052;1.0
1085;0.00042174887494184077;1.0
1086;0.0002788242418318987;1.0
1087;0.0003587283135857433;1.0
1088;0.00041373888961970806;1.0
1089;0.000637685414403677;1.0
1090;0.00030947482446208596;1.0
1091;0.00048795645125210285;1.0
1092;0.00025530674611218274;1.0
1093;0.00037754594814032316;1.0
1094;0.00027094196411781013;1.0
1095;0.0004791246319655329;1.0
1096;0.0003533806302584708;1.0
1097;0.0004347028152551502;1.0
1098;0.0003726071445271373;1.0
1099;0.00039002782432362437;1.0
1100;0.0005013970076106489;1.0
1101;0.0003192371514160186;1.0
1102;0.0003575218725018203;1.0
1103;0.0004252882790751755;1.0
1104;0.0003265085397288203;1.0
1105;0.0004002276109531522;1.0
1106;0.00032296005520038307;1.0
1107;0.00047194623039104044;1.0
1108;0.0002540484711062163;1.0
1109;0.000308201095322147;1.0
1110;0.00033973544486798346;1.0
1111;0.00037932590930722654;1.0
1112;0.00043122959323227406;1.0
1113;0.0004198105598334223;1.0
1114;0.0002841530949808657;1.0
1115;0.0004106501000933349;1.0
1116;0.0004466080281417817;1.0
1117;0.0004047637339681387;1.0
1118;0.000450084509793669;1.0
1119;0.000322064763167873;1.0
1120;0.0005745569942519069;1.0
1121;0.00038259659777395427;1.0
1122;0.000420156866312027;1.0
1123;0.0004032022843603045;1.0
1124;0.0003936499706469476;1.0
1125;0.00020198542915750295;1.0
1126;0.00040475945570506155;1.0
1127;0.00047104753321036696;1.0
1128;0.00034685528953559697;1.0
1129;0.0002748657134361565;1.0
1130;0.00044918752973899245;1.0
1131;0.00040734850335866213;1.0
1132;0.0005330560961738229;1.0
1133;0.00041194059303961694;1.0
1134;0.0004605292633641511;1.0
1135;0.000310652976622805;1.0
1136;0.0004188871826045215;1.0
1137;0.0004263889859430492;1.0
1138;0.00031030550599098206;1.0
1139;0.0002758881892077625;1.0
1140;0.0003514875425025821;1.0
1141;0.00034177853376604617;1.0
1142;0.0003855334362015128;1.0
1143;0.00043375202221795917;1.0
1144;0.000383106991648674;1.0
1145;0.0003329289611428976;1.0
1146;0.0003850695793516934;1.0
1147;0.00044978942605666816;1.0
1148;0.0003331997140776366;1.0
1149;0.00034598837373778224;1.0
1150;0.00034824435715563595;1.0
1151;0.0003372504434082657;1.0
1152;0.00031770954956300557;1.0
1153;0.00039496042882092297;1.0
1154;0.0003724848502315581;1.0
1155;0.0003565713413991034;1.0
1156;0.00037359577254392207;1.0
1157;0.0002168191276723519;1.0
1158;0.00034242976107634604;1.0
1159;0.0003207247063983232;1.0
1160;0.0003962060436606407;1.0
1161;0.00032401634962297976;1.0
1162;0.0002015564386965707;1.0
1163;0.00045715400483459234;1.0
1164;0.00027929621865041554;1.0
1165;0.0002753713633865118;1.0
1166;0.00034662673715502024;1.0
1167;0.00025115645257756114;1.0
1168;0.00036011674092151225;1.0
1169;0.00034326250897720456;1.0
1170;0.0004700019198935479;1.0
1171;0.0003699019434861839;1.0
1172;0.00021818837558384985;1.0
1173;0.0002594581455923617;1.0
1174;0.0003130525001324713;1.0
1175;0.0003258129581809044;1.0
1176;0.00041114556370303035;1.0
1177;0.0002645555941853672;1.0
1178;0.00029200941207818687;1.0
1179;0.00029255932895466685;1.0
1180;0.000307318230625242;1.0
1181;0.0003045550256501883;1.0
1182;0.0003263582766521722;1.0
1183;0.000418673298554495;1.0
1184;0.00036180642200633883;1.0
1185;0.00022187846479937434;1.0
1186;0.00040276371873915195;1.0
1187;0.00022574509785044938;1.0
1188;0.0003679293440654874;1.0
1189;0.0003387319156900048;1.0
1190;0.00030914024682715535;1.0
1191;0.00023931438045110554;1.0
1192;0.0003312822664156556;1.0
1193;0.00035836463212035596;1.0
1194;0.00029961258405819535;1.0
1195;0.0002367883425904438;1.0
1196;0.0003581684723030776;1.0
1197;0.00025069862022064626;1.0
1198;0.0004517195629887283;1.0
1199;0.00026419604546390474;1.0
1200;0.0003661166992969811;1.0
1201;0.00026973875355906785;1.0
1202;0.00039374877815134823;1.0
1203;0.0002620799350552261;1.0
1204;0.000394015311030671;1.0
1205;0.0002577466075308621;1.0
1206;0.0003189165436197072;1.0
1207;0.00032955792266875505;1.0
1208;0.000368775159586221;1.0
1209;0.0002863359113689512;1.0
1210;0.00023518575471825898;1.0
1211;0.00041356842848472297;1.0
1212;0.0003429342759773135;1.0
1213;0.0002911341143772006;1.0
1214;0.00027957637212239206;1.0
1215;0.00028660602401942015;1.0
1216;0.00017217126151081175;1.0
1217;0.00039573395042680204;1.0
1218;0.0001979277585633099;1.0
1219;0.00030257971957325935;1.0
1220;0.0003815099480561912;1.0
1221;0.00023737650190014392;1.0
1222;0.0003167446702718735;1.0
1223;0.00022575780167244375;1.0
1224;0.00041042824159376323;1.0
1225;0.0002998207346536219;1.0
1226;0.00022231646289583296;1.0
1227;0.00036043633008375764;1.0
1228;0.0003227825800422579;1.0
1229;0.0002197311696363613;1.0
1230;0.00027584994677454233;1.0
1231;0.000515174469910562;1.0
1232;0.0001936178159667179;1.0
1233;0.00024341272364836186;1.0
1234;0.0005302021163515747;1.0
1235;0.00029882267699576914;1.0
1236;0.0003622671647462994;1.0
1237;0.00023457514180336148;1.0
1238;0.00029868134879507124;1.0
1239;0.0004156247596256435;1.0
1240;0.0001946229167515412;1.0
1241;0.0002989629574585706;1.0
1242;0.0003547350352164358;1.0
1243;0.0004476148169487715;1.0
1244;0.0002781796210911125;1.0
1245;0.00037011393578723073;1.0
1246;0.0004254235827829689;1.0
1247;0.00024868492619134486;1.0
1248;0.0002656609285622835;1.0
1249;0.0004251767823006958;1.0
1250;0.0002566839393693954;1.0
1251;0.00037986403913237154;1.0
1252;0.0003328982857055962;1.0
1253;0.0003177585022058338;1.0
1254;0.0003199198981747031;1.0
1255;0.0002720017218962312;1.0
1256;0.000369618006516248;1.0
1257;0.00028452821425162256;1.0
1258;0.0003063470940105617;1.0
1259;0.000366509601008147;1.0
1260;0.00039301547803916037;1.0
1261;0.00032229762291535735;1.0
1262;0.0003535904688760638;1.0
1263;0.0002135508693754673;1.0
1264;0.0004586700815707445;1.0
1265;0.000224847681238316;1.0
1266;0.00022241537226364017;1.0
1267;0.00026904643164016306;1.0
1268;0.00029576418455690145;1.0
1269;0.00027459629927761853;1.0
1270;0.00022343581076711416;1.0
1271;0.00028292351635172963;1.0
1272;0.00025885793729685247;1.0
1273;0.00018765822460409254;1.0
1274;0.00030498989508487284;1.0
1275;0.00021949854271952063;1.0
1276;0.00029062636895105243;1.0
1277;0.0002733585424721241;1.0
1278;0.00030670358682982624;1.0
1279;0.00024298924836330116;1.0
1280;0.00017735087021719664;1.0
1281;0.00025446611107327044;1.0
1282;0.00022556367912329733;1.0
1283;0.00030653539579361677;1.0
1284;0.0001980340457521379;1.0
1285;0.000203289368073456;1.0
1286;0.00022308219922706485;1.0
1287;0.00021717342315241694;1.0
1288;0.00028303026920184493;1.0
1289;0.0002313285949639976;1.0
1290;0.0002957868273369968;1.0
1291;0.00017896475037559867;1.0
1292;0.00021874959929846227;1.0
1293;0.0002563455782365054;1.0
1294;0.0002879180829040706;1.0
1295;0.00033350568264722824;1.0
1296;0.00028829017537645996;1.0
1297;0.00028701196424663067;1.0
1298;0.00025990718859247863;1.0
1299;0.000328695256030187;1.0
1300;0.0002806273696478456;1.0
1301;0.00023481434618588537;1.0
1302;0.00026257193530909717;1.0
1303;0.00022043276112526655;1.0
1304;0.0003439899592194706;1.0
1305;0.0003062961623072624;1.0
1306;0.00022447516676038504;1.0
1307;0.0002987401676364243;1.0
1308;0.0003216176410205662;1.0
1309;0.00023766871890984476;1.0
1310;0.00031793772359378636;1.0
1311;0.0003638995112851262;1.0
1312;0.00029104173881933093;1.0
1313;0.00029830558924004436;1.0
1314;0.0003254041075706482;1.0
1315;0.0003048485959880054;1.0
1316;0.0003406322794035077;1.0
1317;0.000372094102203846;1.0
1318;0.00026510516181588173;1.0
1319;0.00031219242373481393;1.0
1320;0.0002556096005719155;1.0
1321;0.0003359986003488302;1.0
1322;0.00029722924227826297;1.0
1323;0.0002812276652548462;1.0
1324;0.0002035079523921013;1.0
1325;0.00028891293914057314;1.0
1326;0.0003039953007828444;1.0
1327;0.00025359902065247297;1.0
1328;0.00036755509790964425;1.0
1329;0.00036246233503334224;1.0
1330;0.00026642443845048547;1.0
1331;0.00029974980861879885;1.0
1332;0.00023588519252371043;1.0
1333;0.0003428627096582204;1.0
1334;0.00027715566102415323;1.0
1335;0.00032692644163034856;1.0
1336;0.00023490851162932813;1.0
1337;0.0002463723940309137;1.0
1338;0.00027309180586598814;1.0
1339;0.0003978209279011935;1.0
1340;0.00020053710613865405;1.0
1341;0.00030247840913943946;1.0
1342;0.0002496211673133075;1.0
1343;0.00032111600739881396;1.0
1344;0.00021822506096214056;1.0
1345;0.00024662254145368934;1.0
1346;0.00031162850791588426;1.0
1347;0.00024218912585638463;1.0
1348;0.000290566124022007;1.0
1349;0.00015202804934233427;1.0
1350;0.00021091115195304155;1.0
1351;0.00021832900529261678;1.0
1352;0.00017142320575658232;1.0
1353;0.00029275071574375033;1.0
1354;0.0002136276161763817;1.0
1355;0.00019790238002315164;1.0
1356;0.0002677171432878822;1.0
1357;0.0004098365898244083;1.0
1358;0.00032814525184221566;1.0
1359;0.00023805136152077466;1.0
1360;0.00033000827534124255;1.0
1361;0.00017979602853301913;1.0
1362;0.00026142713613808155;1.0
1363;0.0002699401811696589;1.0
1364;0.00019353616517037153;1.0
1365;0.00020229510846547782;1.0
1366;0.00020969344768673182;1.0
1367;0.00018605537479743361;1.0
1368;0.0002313983568456024;1.0
1369;0.00025084501248784363;1.0
1370;0.0002669788955245167;1.0
1371;0.0002893781347665936;1.0
1372;0.00025878666201606393;1.0
1373;0.0001825607178034261;1.0
1374;0.00025406008353456855;1.0
1375;0.00020654172112699598;1.0
1376;0.00028372585074976087;1.0
1377;0.00018485216423869133;1.0
1378;0.00023178925039246678;1.0
1379;0.00022644404089078307;1.0
1380;0.00022910920961294323;1.0
1381;0.0002698368625715375;1.0
1382;0.00028848869260400534;1.0
1383;0.0002592014498077333;1.0
1384;0.0002513473737053573;1.0
1385;0.00021147563529666513;1.0
1386;0.00019149587024003267;1.0
1387;0.00017575007223058492;1.0
1388;0.0003096367872785777;1.0
1389;0.0003080213500652462;1.0
1390;0.00036324936081655324;1.0
1391;0.00017151642532553524;1.0
1392;0.00017861365631688386;1.0
1393;0.0001991402532439679;1.0
1394;0.00028750693309120834;1.0
1395;0.00018052452651318163;1.0
1396;0.0002334157907171175;1.0
1397;0.0002597697312012315;1.0
1398;0.00022386046475730836;1.0
1399;0.00022788117348682135;1.0
1400;0.00022839344455860555;1.0
1401;0.00019795661501120776;1.0
1402;0.00014133684453554451;1.0
1403;0.00024561755708418787;1.0
1404;0.00033800728851929307;1.0
1405;0.00032212998485192657;1.0
1406;0.0002110011992044747;1.0
1407;0.00021299532090779394;1.0
1408;0.00029422546504065394;1.0
1409;0.00017668701184447855;1.0
1410;0.00022889436513651162;1.0
1411;0.0002848030999302864;1.0
1412;0.00021582748740911484;1.0
1413;0.00020030047744512558;1.0
1414;0.00020601149299181998;1.0
1415;0.00017380894860252738;1.0
1416;0.00024968746583908796;1.0
1417;0.000415926449932158;1.0
1418;0.0003338461392559111;1.0
1419;0.0002545154420658946;1.0
1420;0.000246716954279691;1.0
1421;0.00020914159540552646;1.0
1422;0.00024121033493429422;1.0
1423;0.00025024180649779737;1.0
1424;0.0002122672158293426;1.0
1425;0.0001916053588502109;1.0
1426;0.00020698994921986014;1.0
1427;0.00016921373025979847;1.0
1428;0.00026707627694122493;1.0
1429;0.00014917436055839062;1.0
1430;0.0002994562382809818;1.0
1431;0.00024202727945521474;1.0
1432;0.00023937862715683877;1.0
1433;0.00019957376935053617;1.0
1434;0.0002836871426552534;1.0
1435;0.00021344356355257332;1.0
1436;0.00018986238865181804;1.0
1437;0.0002439012605464086;1.0
1438;0.00025828173966147006;1.0
1439;0.0002186948840972036;1.0
1440;0.000576429592911154;1.0
1441;0.000227880576858297;1.0
1442;0.0003270148881711066;1.0
1443;0.00024938632850535214;1.0
1444;0.00018975842976942658;1.0
1445;0.0002432753681205213;1.0
1446;0.00020702480105683208;1.0
1447;0.00016286422032862902;1.0
1448;0.0002204705378971994;1.0
1449;0.0002797962224576622;1.0
1450;0.00019742899166885763;1.0
1451;0.0002344686508877203;1.0
1452;0.0002480071852914989;1.0
1453;0.00018487592751625925;1.0
1454;0.00024406267039012164;1.0
1455;0.0003731910837814212;1.0
1456;0.00022750149946659803;1.0
1457;0.00023955630604177713;1.0
1458;0.0002666008076630533;1.0
1459;0.00017961222329176962;1.0
1460;0.0002178456197725609;1.0
1461;0.0002191085513914004;1.0
1462;0.00018117943545803428;1.0
1463;0.00019221488037146628;1.0
1464;0.00028269103495404124;1.0
1465;0.00017494188796263188;1.0
1466;0.00015524680202361196;1.0
1467;0.00019395140407141298;1.0
1468;0.00015366150182671845;1.0
1469;0.00033577901194803417;1.0
1470;0.0002265358780277893;1.0
1471;0.0001577470829943195;1.0
1472;0.00017179182032123208;1.0
1473;0.00024799638777039945;1.0
1474;0.00035420566564425826;1.0
1475;0.00026476685889065266;1.0
1476;0.00015533786790911108;1.0
1477;0.00019911590788979083;1.0
1478;0.0002229442761745304;1.0
1479;0.00029202745645307004;1.0
1480;0.0001800746249500662;1.0
1481;0.00015810664626769722;1.0
1482;0.00022155164333526045;1.0
1483;0.0001599047682248056;1.0
1484;0.00019628473091870546;1.0
1485;0.0004141103127039969;1.0
1486;0.0003295250644441694;1.0
1487;0.00018884599558077753;1.0
1488;0.00028905487852171063;1.0
1489;0.00019393317052163184;1.0
1490;0.0002117895637638867;1.0
1491;0.00017600145656615496;1.0
1492;0.0002002694964176044;1.0
1493;0.0005244167405180633;1.0
1494;0.00017053283227141947;1.0
1495;0.00017638172721490264;1.0
1496;0.00015024714230094105;1.0
1497;0.00040124024963006377;1.0
1498;0.00018614326836541295;1.0
1499;0.00017704076890368015;1.0
