iteration;loss;accuracy
0;0.01765432208776474;0.0699300691485405
1;0.016849184408783913;0.0419580414891243
2;0.0165326576679945;0.07692307978868484
3;0.01671740598976612;0.0839160829782486
4;0.016872815787792206;0.0839160829782486
5;0.016798758879303932;0.06293706595897675
6;0.0166330523788929;0.0979020968079567
7;0.016476228833198547;0.0979020968079567
8;0.016458334401249886;0.0979020968079567
9;0.016459671780467033;0.0979020968079567
10;0.016434093937277794;0.0979020968079567
11;0.01641143672168255;0.11888112127780914
12;0.0163717083632946;0.16083915531635284
13;0.016363559290766716;0.0979020968079567
14;0.016319377347826958;0.10489510744810104
15;0.016236094757914543;0.11888112127780914
16;0.016200322657823563;0.11888112127780914
17;0.016200536862015724;0.1118881106376648
18;0.016179079189896584;0.11888112127780914
19;0.016074026003479958;0.07692307978868484
20;0.016026830300688744;0.139860138297081
21;0.0159715935587883;0.11888112127780914
22;0.01599189080297947;0.10489510744810104
23;0.0159091018140316;0.09090909361839294
24;0.015817277133464813;0.13286712765693665
25;0.01574791595339775;0.1678321659564972
26;0.01565542258322239;0.18881118297576904
27;0.015714721754193306;0.1678321659564972
28;0.01567974127829075;0.17482517659664154
29;0.015537326224148273;0.1538461595773697
30;0.015562225133180618;0.20279720425605774
31;0.01553943008184433;0.1538461595773697
32;0.015552571043372154;0.1538461595773697
33;0.01552792638540268;0.1538461595773697
34;0.015474396757781506;0.17482517659664154
35;0.015429285354912281;0.1118881106376648
36;0.015445329248905182;0.11888112127780914
37;0.015350286848843098;0.20279720425605774
38;0.015308145433664322;0.16083915531635284
39;0.015355142764747143;0.14685314893722534
40;0.015285943634808064;0.1958041936159134
41;0.015156353823840618;0.2097902148962021
42;0.015211491845548153;0.2237762212753296
43;0.015166036784648895;0.1958041936159134
44;0.015062514692544937;0.25874125957489014
45;0.01504694577306509;0.24475523829460144
46;0.014920647256076336;0.2097902148962021
47;0.015066772699356079;0.1818181872367859
48;0.014981396496295929;0.2377622425556183
49;0.014896780252456665;0.2377622425556183
50;0.014949859119951725;0.2377622425556183
51;0.014877690002322197;0.2237762212753296
52;0.014946767129004002;0.25874125957489014
53;0.01482210960239172;0.2657342553138733
54;0.014721428975462914;0.24475523829460144
55;0.014768467284739017;0.25874125957489014
56;0.014816313982009888;0.251748263835907
57;0.014722723513841629;0.27272728085517883
58;0.01464126817882061;0.2377622425556183
59;0.014515390619635582;0.2937062978744507
60;0.01477185171097517;0.1958041936159134
61;0.014565467834472656;0.2657342553138733
62;0.014595716260373592;0.31468531489372253
63;0.014492630958557129;0.28671327233314514
64;0.014371982775628567;0.3356643319129944
65;0.014441495761275291;0.2937062978744507
66;0.014371315017342567;0.2937062978744507
67;0.0142954858019948;0.28671327233314514
68;0.014324286952614784;0.25874125957489014
69;0.014223648235201836;0.3496503531932831
70;0.014212271198630333;0.251748263835907
71;0.01441690418869257;0.2377622425556183
72;0.014254698529839516;0.3216783106327057
73;0.014218107797205448;0.30069929361343384
74;0.014234146103262901;0.30069929361343384
75;0.014325940981507301;0.30069929361343384
76;0.014122205786406994;0.3356643319129944
77;0.0140961529687047;0.3426573574542999
78;0.01411397010087967;0.3426573574542999
79;0.01412289496511221;0.3636363744735718
80;0.014064791612327099;0.3216783106327057
81;0.013959990814328194;0.32867133617401123
82;0.014245761558413506;0.30069929361343384
83;0.013864913955330849;0.38461539149284363
84;0.013945084065198898;0.3426573574542999
85;0.01379349734634161;0.32867133617401123
86;0.013842531479895115;0.4055944085121155
87;0.013723323121666908;0.38461539149284363
88;0.013742332346737385;0.3986014127731323
89;0.01369006559252739;0.42657342553138733
90;0.013479027897119522;0.3986014127731323
91;0.013412312604486942;0.440559446811676
92;0.013549519702792168;0.4055944085121155
93;0.01360379345715046;0.4195804297924042
94;0.013496491126716137;0.4055944085121155
95;0.013384542427957058;0.4335664212703705
96;0.013561815023422241;0.4055944085121155
97;0.013513538986444473;0.4055944085121155
98;0.013310112990438938;0.4545454680919647
99;0.013159125111997128;0.4755244851112366
100;0.0132026681676507;0.4475524425506592
101;0.013124809600412846;0.46853145956993103
102;0.01322596799582243;0.4545454680919647
103;0.013099420815706253;0.4825174808502197
104;0.01333015039563179;0.440559446811676
105;0.01304721087217331;0.440559446811676
106;0.013248187489807606;0.440559446811676
107;0.013057061471045017;0.41258740425109863
108;0.01287374459207058;0.5104895234107971
109;0.013044595718383789;0.440559446811676
110;0.01300774235278368;0.42657342553138733
111;0.012922021560370922;0.440559446811676
112;0.012989669106900692;0.4615384638309479
113;0.012935488484799862;0.46853145956993103
114;0.013010179623961449;0.3986014127731323
115;0.012884720228612423;0.42657342553138733
116;0.012758848257362843;0.4755244851112366
117;0.01271768193691969;0.5664335489273071
118;0.013268833048641682;0.4335664212703705
119;0.012741110287606716;0.4895104765892029
120;0.01335444301366806;0.4545454680919647
121;0.012659197673201561;0.4615384638309479
122;0.0128231355920434;0.42657342553138733
123;0.012932044453918934;0.4545454680919647
124;0.012611295096576214;0.4755244851112366
125;0.012816664762794971;0.440559446811676
126;0.013018583878874779;0.46853145956993103
127;0.012510155327618122;0.4755244851112366
128;0.012650045566260815;0.503496527671814
129;0.012553464621305466;0.5314685106277466
130;0.012508864514529705;0.4895104765892029
131;0.012285840697586536;0.5244755148887634
132;0.012464138679206371;0.5244755148887634
133;0.012450438924133778;0.4755244851112366
134;0.012398765422403812;0.4825174808502197
135;0.012566017918288708;0.5244755148887634
136;0.012251547537744045;0.5454545617103577
137;0.01227821595966816;0.4895104765892029
138;0.01222560927271843;0.5314685106277466
139;0.0122128427028656;0.4965035021305084
140;0.012229797430336475;0.5104895234107971
141;0.011991474777460098;0.5314685106277466
142;0.012284521013498306;0.4475524425506592
143;0.012099452316761017;0.5524475574493408
144;0.012157509103417397;0.4895104765892029
145;0.01225303765386343;0.503496527671814
146;0.011836502701044083;0.5524475574493408
147;0.011926923878490925;0.5454545617103577
148;0.011884436942636967;0.5384615659713745
149;0.011955134570598602;0.4755244851112366
150;0.01182520855218172;0.559440553188324
151;0.011889356188476086;0.5104895234107971
152;0.011690721847116947;0.5524475574493408
153;0.01190250739455223;0.5104895234107971
154;0.011698476038873196;0.5454545617103577
155;0.011694509536027908;0.5384615659713745
156;0.011685388162732124;0.5454545617103577
157;0.011400756426155567;0.5874125957489014
158;0.011781573295593262;0.5524475574493408
159;0.011324928142130375;0.6083915829658508
160;0.011657888069748878;0.5104895234107971
161;0.01132126897573471;0.5664335489273071
162;0.011754092760384083;0.559440553188324
163;0.011431804858148098;0.5874125957489014
164;0.01162264496088028;0.559440553188324
165;0.0111600486561656;0.6153846383094788
166;0.01114632934331894;0.5804196000099182
167;0.011555607430636883;0.559440553188324
168;0.011102935299277306;0.6433566212654114
169;0.011306755244731903;0.6013985872268677
170;0.011483192443847656;0.5944055914878845
171;0.011078324168920517;0.5804196000099182
172;0.011475278064608574;0.6153846383094788
173;0.01125931367278099;0.6153846383094788
174;0.0108262300491333;0.6853147149085999
175;0.01078714057803154;0.6433566212654114
176;0.010941032320261002;0.5944055914878845
177;0.010788547806441784;0.6433566212654114
178;0.010760361328721046;0.5944055914878845
179;0.010701644234359264;0.6573426723480225
180;0.01095264870673418;0.6013985872268677
181;0.010795938782393932;0.6153846383094788
182;0.01086620707064867;0.5944055914878845
183;0.010781297460198402;0.5874125957489014
184;0.010734888724982738;0.6363636255264282
185;0.01065848208963871;0.6153846383094788
186;0.010523711331188679;0.6433566212654114
187;0.010741138830780983;0.6013985872268677
188;0.010675527155399323;0.6573426723480225
189;0.010185238905251026;0.6853147149085999
190;0.010314038954675198;0.6993007063865662
191;0.010391072370111942;0.6713286638259888
192;0.010272294282913208;0.6643356680870056
193;0.010404369793832302;0.6713286638259888
194;0.010064614936709404;0.6503496766090393
195;0.01005845982581377;0.6573426723480225
196;0.010428059846162796;0.6433566212654114
197;0.010254637338221073;0.6573426723480225
198;0.009901072829961777;0.7272727489471436
199;0.010567473247647285;0.6083915829658508
200;0.010284393094480038;0.6713286638259888
201;0.010457518510520458;0.6853147149085999
202;0.009913415648043156;0.6853147149085999
203;0.010205678641796112;0.6363636255264282
204;0.009782792069017887;0.6643356680870056
205;0.010150181129574776;0.6853147149085999
206;0.010563887655735016;0.6713286638259888
207;0.009877612814307213;0.7552447319030762
208;0.00963676068931818;0.7202796936035156
209;0.010042667388916016;0.6503496766090393
210;0.01031249389052391;0.6503496766090393
211;0.009569122456014156;0.6853147149085999
212;0.010213036090135574;0.6503496766090393
213;0.00997945386916399;0.7132866978645325
214;0.00977106112986803;0.6993007063865662
215;0.009603854268789291;0.6993007063865662
216;0.01016238797456026;0.6853147149085999
217;0.009625814855098724;0.7272727489471436
218;0.009475859813392162;0.7412587404251099
219;0.009602484293282032;0.7062937021255493
220;0.009801741689443588;0.7062937021255493
221;0.0094007458537817;0.6993007063865662
222;0.009205378592014313;0.7342657446861267
223;0.009487354196608067;0.7552447319030762
224;0.00936895702034235;0.7202796936035156
225;0.009372981265187263;0.7342657446861267
226;0.009243259206414223;0.7622377872467041
227;0.00949030090123415;0.7132866978645325
228;0.009337116032838821;0.7062937021255493
229;0.008997741155326366;0.7272727489471436
230;0.009367748163640499;0.6853147149085999
231;0.009226139634847641;0.7412587404251099
232;0.008976196870207787;0.7622377872467041
233;0.008963587693870068;0.7202796936035156
234;0.009118439629673958;0.748251736164093
235;0.009044152684509754;0.7272727489471436
236;0.009191823191940784;0.6783216595649719
237;0.008796961046755314;0.7972028255462646
238;0.008875730447471142;0.7272727489471436
239;0.008571991696953773;0.7622377872467041
240;0.009124303236603737;0.7342657446861267
241;0.008852427825331688;0.7622377872467041
242;0.008635986596345901;0.7692307829856873
243;0.008906867355108261;0.748251736164093
244;0.008739421144127846;0.7622377872467041
245;0.00853094831109047;0.8041958212852478
246;0.008672340773046017;0.7692307829856873
247;0.00856862310320139;0.7622377872467041
248;0.008616218343377113;0.7552447319030762
249;0.008239462040364742;0.8251748085021973
250;0.008541902527213097;0.7832167744636536
251;0.008372361771762371;0.7902097702026367
252;0.008296064101159573;0.7832167744636536
253;0.008395733311772346;0.7762237787246704
254;0.00841480866074562;0.7622377872467041
255;0.008641748689115047;0.8041958212852478
256;0.008642470464110374;0.7272727489471436
257;0.008516770787537098;0.7062937021255493
258;0.008395886048674583;0.7832167744636536
259;0.008498555049300194;0.7692307829856873
260;0.008500507101416588;0.7972028255462646
261;0.008088313043117523;0.7832167744636536
262;0.008508449420332909;0.7902097702026367
263;0.008604840375483036;0.7342657446861267
264;0.007963201962411404;0.7832167744636536
265;0.008155276998877525;0.8041958212852478
266;0.008408919908106327;0.7342657446861267
267;0.007982725277543068;0.811188817024231
268;0.008022771216928959;0.8041958212852478
269;0.008326870389282703;0.8181818127632141
270;0.008078724145889282;0.7762237787246704
271;0.008150712586939335;0.7832167744636536
272;0.008021834306418896;0.8181818127632141
273;0.00795050524175167;0.7692307829856873
274;0.007846223190426826;0.7762237787246704
275;0.008095018565654755;0.7762237787246704
276;0.00788472406566143;0.7902097702026367
277;0.007854181341826916;0.7972028255462646
278;0.007832219824194908;0.7902097702026367
279;0.008127054199576378;0.811188817024231
280;0.007589695043861866;0.8041958212852478
281;0.007508449722081423;0.8391608595848083
282;0.00803576409816742;0.8041958212852478
283;0.007908252999186516;0.7972028255462646
284;0.007636853028088808;0.7972028255462646
285;0.007844442501664162;0.7622377872467041
286;0.007664886303246021;0.8181818127632141
287;0.007270385045558214;0.8041958212852478
288;0.00803125649690628;0.7692307829856873
289;0.007793220225721598;0.7972028255462646
290;0.007706747855991125;0.7762237787246704
291;0.007672296371310949;0.7972028255462646
292;0.007800813298672438;0.7692307829856873
293;0.007955765351653099;0.7762237787246704
294;0.0077376277185976505;0.8251748085021973
295;0.007800527382642031;0.7622377872467041
296;0.0075836386531591415;0.7832167744636536
297;0.007500910200178623;0.8181818127632141
298;0.007291959598660469;0.811188817024231
299;0.007697451859712601;0.811188817024231
300;0.007612507324665785;0.7972028255462646
301;0.007371101528406143;0.8041958212852478
302;0.007393577601760626;0.8251748085021973
303;0.007348761428147554;0.7972028255462646
304;0.007045313250273466;0.8461538553237915
305;0.007251119706779718;0.811188817024231
306;0.007642711512744427;0.7832167744636536
307;0.007244201842695475;0.7762237787246704
308;0.007220307365059853;0.7972028255462646
309;0.007377886213362217;0.7762237787246704
310;0.007560607045888901;0.7832167744636536
311;0.007338502909988165;0.8251748085021973
312;0.007241839077323675;0.8181818127632141
313;0.007292438298463821;0.811188817024231
314;0.007144536357372999;0.8321678042411804
315;0.0069571854546666145;0.8181818127632141
316;0.00713464617729187;0.7762237787246704
317;0.007021769415587187;0.8181818127632141
318;0.007348055951297283;0.7622377872467041
319;0.006890083663165569;0.8251748085021973
320;0.007325781509280205;0.7902097702026367
321;0.006893587298691273;0.8181818127632141
322;0.006909093353897333;0.8531468510627747
323;0.006711652968078852;0.8251748085021973
324;0.006818837020546198;0.8321678042411804
325;0.0070607420057058334;0.811188817024231
326;0.00701903598383069;0.8181818127632141
327;0.006705088075250387;0.8181818127632141
328;0.0067819938994944096;0.8181818127632141
329;0.007128302473574877;0.8461538553237915
330;0.006969878450036049;0.8041958212852478
331;0.007215373683720827;0.811188817024231
332;0.007132066413760185;0.7692307829856873
333;0.007251696195453405;0.8461538553237915
334;0.007649247068911791;0.8041958212852478
335;0.006811552215367556;0.8391608595848083
336;0.007284498307853937;0.8321678042411804
337;0.00729753915220499;0.8041958212852478
338;0.007052627857774496;0.7762237787246704
339;0.006971213035285473;0.8321678042411804
340;0.0069536264054477215;0.8041958212852478
341;0.00692984601482749;0.8321678042411804
342;0.006529558449983597;0.8461538553237915
343;0.007202815264463425;0.8181818127632141
344;0.006643217988312244;0.8391608595848083
345;0.00685521587729454;0.8041958212852478
346;0.006793373264372349;0.811188817024231
347;0.006446704268455505;0.8531468510627747
348;0.006559501867741346;0.8461538553237915
349;0.006996584590524435;0.8391608595848083
350;0.006629535928368568;0.8391608595848083
351;0.006783387158066034;0.8251748085021973
352;0.006537273526191711;0.8321678042411804
353;0.006530380807816982;0.8601398468017578
354;0.006792617496103048;0.8391608595848083
355;0.006702872924506664;0.811188817024231
356;0.00663134828209877;0.8251748085021973
357;0.006321502383798361;0.8461538553237915
358;0.00657314620912075;0.8601398468017578
359;0.0067261215299367905;0.8321678042411804
360;0.006654980126768351;0.8531468510627747
361;0.00670405849814415;0.8321678042411804
362;0.006544588133692741;0.8251748085021973
363;0.006377063225954771;0.8461538553237915
364;0.006391865201294422;0.8461538553237915
365;0.006406094413250685;0.8391608595848083
366;0.006466590333729982;0.8321678042411804
367;0.006408919580280781;0.867132842540741
368;0.006288660690188408;0.8391608595848083
369;0.006353520788252354;0.8741258978843689
370;0.0061717708595097065;0.8601398468017578
371;0.0063383555971086025;0.8601398468017578
372;0.006455180700868368;0.8461538553237915
373;0.006509387865662575;0.8461538553237915
374;0.006142405793070793;0.8741258978843689
375;0.006188019644469023;0.867132842540741
376;0.006359772756695747;0.8461538553237915
377;0.006160927005112171;0.8741258978843689
378;0.0062058051116764545;0.867132842540741
379;0.00632810965180397;0.8251748085021973
380;0.006108656991273165;0.867132842540741
381;0.006138675846159458;0.8461538553237915
382;0.006220966577529907;0.8741258978843689
383;0.006224476266652346;0.8531468510627747
384;0.006336549296975136;0.8321678042411804
385;0.006249660160392523;0.8391608595848083
386;0.00614345446228981;0.8881118893623352
387;0.005897099152207375;0.8601398468017578
388;0.006128644570708275;0.8391608595848083
389;0.00593372480943799;0.8531468510627747
390;0.006373119540512562;0.8741258978843689
391;0.006140989251434803;0.8181818127632141
392;0.0057799373753368855;0.881118893623352
393;0.006010295357555151;0.8601398468017578
394;0.006157007068395615;0.8601398468017578
395;0.0057840789668262005;0.867132842540741
396;0.0059709022752940655;0.8391608595848083
397;0.00580059178173542;0.8461538553237915
398;0.006252455059438944;0.8391608595848083
399;0.005946981254965067;0.8391608595848083
400;0.006001002620905638;0.811188817024231
401;0.0059615676291286945;0.8391608595848083
402;0.0062563722021877766;0.811188817024231
403;0.00583611149340868;0.8391608595848083
404;0.006125902757048607;0.867132842540741
405;0.0056845201179385185;0.8601398468017578
406;0.00596648221835494;0.8251748085021973
407;0.005484649911522865;0.867132842540741
408;0.005790270399302244;0.8601398468017578
409;0.005883914418518543;0.8461538553237915
410;0.005959529895335436;0.8531468510627747
411;0.005854195915162563;0.8321678042411804
412;0.0058549256063997746;0.8391608595848083
413;0.005804403219372034;0.8601398468017578
414;0.005763226188719273;0.8951048851013184
415;0.005709769669920206;0.867132842540741
416;0.005831107962876558;0.867132842540741
417;0.005727899260818958;0.881118893623352
418;0.005699879489839077;0.881118893623352
419;0.005575015675276518;0.8531468510627747
420;0.005645405035465956;0.8601398468017578
421;0.005694676656275988;0.8881118893623352
422;0.005666627082973719;0.8391608595848083
423;0.005934466607868671;0.8531468510627747
424;0.005376841872930527;0.8881118893623352
425;0.0055826823227107525;0.9020978808403015
426;0.005888254847377539;0.8461538553237915
427;0.005583474412560463;0.8601398468017578
428;0.005529934074729681;0.8601398468017578
429;0.0057351733557879925;0.8601398468017578
430;0.005557394586503506;0.867132842540741
431;0.0056090098805725574;0.8531468510627747
432;0.005721027962863445;0.8391608595848083
433;0.005672386847436428;0.8531468510627747
434;0.005673096980899572;0.8461538553237915
435;0.005670794285833836;0.8461538553237915
436;0.005376735702157021;0.867132842540741
437;0.005289488472044468;0.8601398468017578
438;0.005350349470973015;0.8951048851013184
439;0.005196711979806423;0.9090909361839294
440;0.0054424600675702095;0.881118893623352
441;0.005582676734775305;0.867132842540741
442;0.005296946037560701;0.867132842540741
443;0.005399904679507017;0.8531468510627747
444;0.005219648592174053;0.867132842540741
445;0.005237550009042025;0.8881118893623352
446;0.005410659126937389;0.8601398468017578
447;0.005265791434794664;0.8531468510627747
448;0.005366139579564333;0.8881118893623352
449;0.005390799604356289;0.8881118893623352
450;0.005374761298298836;0.8531468510627747
451;0.005425991956144571;0.8601398468017578
452;0.005167780909687281;0.8601398468017578
453;0.005445557180792093;0.867132842540741
454;0.005354021210223436;0.8741258978843689
455;0.005130882374942303;0.867132842540741
456;0.0052382308058440685;0.8601398468017578
457;0.005336074158549309;0.867132842540741
458;0.0052548302337527275;0.8601398468017578
459;0.004989703185856342;0.881118893623352
460;0.00527815381065011;0.8531468510627747
461;0.0054976316168904305;0.8391608595848083
462;0.0051432340405881405;0.8881118893623352
463;0.00528799369931221;0.8531468510627747
464;0.005123636219650507;0.8601398468017578
465;0.005168423522263765;0.8601398468017578
466;0.00517974654212594;0.8881118893623352
467;0.005471467971801758;0.8601398468017578
468;0.005386111792176962;0.8531468510627747
469;0.005204483401030302;0.8601398468017578
470;0.005262395832687616;0.8881118893623352
471;0.005530704744160175;0.881118893623352
472;0.005161634646356106;0.8601398468017578
473;0.0060437931679189205;0.8461538553237915
474;0.005341675132513046;0.8601398468017578
475;0.0053162300027906895;0.867132842540741
476;0.005259198602288961;0.8741258978843689
477;0.0051612239331007;0.8741258978843689
478;0.005809931084513664;0.8461538553237915
479;0.0050476533360779285;0.9230769276618958
480;0.005892795976251364;0.8461538553237915
481;0.005193388555198908;0.881118893623352
482;0.005241909064352512;0.8881118893623352
483;0.005288208834826946;0.8741258978843689
484;0.005447254981845617;0.8601398468017578
485;0.005311178043484688;0.867132842540741
486;0.005620352458208799;0.8531468510627747
487;0.005103426054120064;0.867132842540741
488;0.005306969862431288;0.8601398468017578
489;0.005474505014717579;0.8601398468017578
490;0.005101759918034077;0.8601398468017578
491;0.005149743054062128;0.8741258978843689
492;0.00506107322871685;0.9090909361839294
493;0.00539952889084816;0.8741258978843689
494;0.005334081128239632;0.8741258978843689
495;0.005303619895130396;0.8951048851013184
496;0.00494476780295372;0.8881118893623352
497;0.00495555903762579;0.8881118893623352
498;0.004956833552569151;0.8881118893623352
499;0.005170631222426891;0.8951048851013184
500;0.0052109891548752785;0.881118893623352
501;0.004737596958875656;0.8741258978843689
502;0.004951860755681992;0.867132842540741
503;0.005053000524640083;0.8881118893623352
504;0.004843913018703461;0.867132842540741
505;0.004918410908430815;0.8531468510627747
506;0.005060089286416769;0.867132842540741
507;0.004929413087666035;0.8741258978843689
508;0.0052135055884718895;0.8741258978843689
509;0.005006986204534769;0.8601398468017578
510;0.005167390685528517;0.8601398468017578
511;0.005123538430780172;0.8951048851013184
512;0.0048924945294857025;0.9020978808403015
513;0.004736057482659817;0.8601398468017578
514;0.0047966777347028255;0.9020978808403015
515;0.004876338876783848;0.8881118893623352
516;0.00489027239382267;0.8951048851013184
517;0.004708254709839821;0.8881118893623352
518;0.0049398187547922134;0.8601398468017578
519;0.005095177795737982;0.881118893623352
520;0.0051491959020495415;0.8601398468017578
521;0.004669339396059513;0.8741258978843689
522;0.0047407872043550014;0.8601398468017578
523;0.004720112308859825;0.8881118893623352
524;0.004720429889857769;0.8951048851013184
525;0.004986693151295185;0.8741258978843689
526;0.004934191238135099;0.8601398468017578
527;0.004654368851333857;0.8951048851013184
528;0.00492995698004961;0.8601398468017578
529;0.004920570645481348;0.881118893623352
530;0.004871033597737551;0.8461538553237915
531;0.004792144522070885;0.867132842540741
532;0.004798578564077616;0.867132842540741
533;0.004841643385589123;0.8951048851013184
534;0.005192408338189125;0.867132842540741
535;0.005022987257689238;0.8881118893623352
536;0.004643972497433424;0.9020978808403015
537;0.005134280771017075;0.8741258978843689
538;0.005067936144769192;0.867132842540741
539;0.004778749775141478;0.8601398468017578
540;0.004826349671930075;0.881118893623352
541;0.004799724090844393;0.8951048851013184
542;0.0046639349311590195;0.8881118893623352
543;0.004878012463450432;0.8741258978843689
544;0.004924216773360968;0.8741258978843689
545;0.004624020308256149;0.881118893623352
546;0.004608272574841976;0.8741258978843689
547;0.005014600697904825;0.8951048851013184
548;0.004946135450154543;0.881118893623352
549;0.0047303312458097935;0.8741258978843689
550;0.00512031139805913;0.8461538553237915
551;0.00457136332988739;0.8741258978843689
552;0.004886704031378031;0.881118893623352
553;0.004580528009682894;0.9090909361839294
554;0.004711613059043884;0.8741258978843689
555;0.004664990119636059;0.8881118893623352
556;0.00495928805321455;0.867132842540741
557;0.004611060954630375;0.8531468510627747
558;0.004598149564117193;0.881118893623352
559;0.004770580679178238;0.8881118893623352
560;0.004803011659532785;0.8741258978843689
561;0.004664330277591944;0.881118893623352
562;0.004728112369775772;0.8881118893623352
563;0.004507413133978844;0.881118893623352
564;0.004662721883505583;0.8741258978843689
565;0.005341474432498217;0.881118893623352
566;0.004581359215080738;0.881118893623352
567;0.004746809136122465;0.8741258978843689
568;0.004968889523297548;0.8391608595848083
569;0.004838495049625635;0.8601398468017578
570;0.004526349250227213;0.8951048851013184
571;0.00464840279892087;0.9090909361839294
572;0.005061344709247351;0.8601398468017578
573;0.004570532124489546;0.9090909361839294
574;0.004790718667209148;0.8881118893623352
575;0.004711847752332687;0.9160839319229126
576;0.004800326190888882;0.8881118893623352
577;0.004709828644990921;0.881118893623352
578;0.00484168715775013;0.867132842540741
579;0.004867375362664461;0.8881118893623352
580;0.004480680916458368;0.9020978808403015
581;0.0045417435467243195;0.8531468510627747
582;0.004769344814121723;0.8741258978843689
583;0.004514741711318493;0.867132842540741
584;0.004679146222770214;0.8881118893623352
585;0.0050342208705842495;0.8601398468017578
586;0.004413270391523838;0.881118893623352
587;0.004580918699502945;0.8951048851013184
588;0.0049621774815022945;0.8741258978843689
589;0.004687946289777756;0.8951048851013184
590;0.004627801477909088;0.8741258978843689
591;0.004586331080645323;0.867132842540741
592;0.004364728927612305;0.9020978808403015
593;0.004625512287020683;0.881118893623352
594;0.004385775420814753;0.8881118893623352
595;0.004542154259979725;0.9020978808403015
596;0.00445645023137331;0.8741258978843689
597;0.004416508600115776;0.8741258978843689
598;0.004372293129563332;0.9090909361839294
599;0.004577763844281435;0.867132842540741
600;0.004405325744301081;0.8741258978843689
601;0.004231905564665794;0.9020978808403015
602;0.004522510338574648;0.9300699234008789
603;0.004197858273983002;0.867132842540741
604;0.0045594265684485435;0.881118893623352
605;0.004365893546491861;0.9090909361839294
606;0.004377524368464947;0.9020978808403015
607;0.0042643253691494465;0.9230769276618958
608;0.004583312198519707;0.881118893623352
609;0.004660565406084061;0.9090909361839294
610;0.004182605538517237;0.9370629191398621
611;0.004290820099413395;0.8951048851013184
612;0.004620708990842104;0.9090909361839294
613;0.004450076725333929;0.8951048851013184
614;0.004242186900228262;0.9020978808403015
615;0.004416299983859062;0.8881118893623352
616;0.004644992761313915;0.881118893623352
617;0.004249256104230881;0.8951048851013184
618;0.004601622465997934;0.9020978808403015
619;0.004515559878200293;0.8881118893623352
620;0.004167242906987667;0.9230769276618958
621;0.00416394229978323;0.9020978808403015
622;0.004192858003079891;0.9090909361839294
623;0.004652111791074276;0.8531468510627747
624;0.004159904550760984;0.8951048851013184
625;0.00434104073792696;0.8881118893623352
626;0.004553399980068207;0.8881118893623352
627;0.0044063376262784;0.9160839319229126
628;0.004152957815676928;0.9020978808403015
629;0.00411376403644681;0.9160839319229126
630;0.004045501817017794;0.8951048851013184
631;0.004544767085462809;0.8881118893623352
632;0.004332648124545813;0.867132842540741
633;0.004476899281144142;0.881118893623352
634;0.004393004812300205;0.8951048851013184
635;0.004394779913127422;0.9160839319229126
636;0.00404275581240654;0.9230769276618958
637;0.004299344029277563;0.881118893623352
638;0.00408933125436306;0.9370629191398621
639;0.004334008786827326;0.9230769276618958
640;0.004311017692089081;0.8881118893623352
641;0.004105290398001671;0.9230769276618958
642;0.004224896896630526;0.9230769276618958
643;0.004056810867041349;0.8741258978843689
644;0.004337406251579523;0.9090909361839294
645;0.0042179967276751995;0.9090909361839294
646;0.0042038350366055965;0.8951048851013184
647;0.004115014802664518;0.9020978808403015
648;0.004217423032969236;0.9020978808403015
649;0.004090931732207537;0.9230769276618958
650;0.004123303107917309;0.9230769276618958
651;0.004274921026080847;0.881118893623352
652;0.004014794714748859;0.9300699234008789
653;0.0039639826864004135;0.9370629191398621
654;0.004203149117529392;0.9020978808403015
655;0.004063837695866823;0.9230769276618958
656;0.0042043160647153854;0.881118893623352
657;0.003976319916546345;0.9300699234008789
658;0.00416666129603982;0.8951048851013184
659;0.004165349528193474;0.9020978808403015
660;0.0038851688150316477;0.9370629191398621
661;0.0038006403483450413;0.9230769276618958
662;0.004114723298698664;0.9230769276618958
663;0.004189274739474058;0.9160839319229126
664;0.003979270346462727;0.9160839319229126
665;0.00400011520832777;0.9160839319229126
666;0.0041236006654798985;0.8881118893623352
667;0.00389488716609776;0.9160839319229126
668;0.0040254537016153336;0.9090909361839294
669;0.003956147003918886;0.9160839319229126
670;0.004066617228090763;0.9230769276618958
671;0.004083078354597092;0.9230769276618958
672;0.003897714661434293;0.9230769276618958
673;0.00394760025665164;0.9230769276618958
674;0.004133013542741537;0.9090909361839294
675;0.004511457867920399;0.8951048851013184
676;0.003805470420047641;0.9300699234008789
677;0.004456413444131613;0.8741258978843689
678;0.0040588281117379665;0.9230769276618958
679;0.004083051811903715;0.9230769276618958
680;0.004274653270840645;0.867132842540741
681;0.0040888856165111065;0.9160839319229126
682;0.004348657559603453;0.9020978808403015
683;0.004343779291957617;0.8951048851013184
684;0.00414443900808692;0.9020978808403015
685;0.0038482355885207653;0.9300699234008789
686;0.003804449224844575;0.9020978808403015
687;0.004083544481545687;0.9020978808403015
688;0.0038623097352683544;0.9230769276618958
689;0.0037516779266297817;0.9370629191398621
690;0.003962632734328508;0.8951048851013184
691;0.003995975945144892;0.9230769276618958
692;0.0037598225753754377;0.9300699234008789
693;0.003907825797796249;0.9510489702224731
694;0.004155847243964672;0.8531468510627747
695;0.0038436371833086014;0.9370629191398621
696;0.0038266959600150585;0.9440559148788452
697;0.0038133144844323397;0.9440559148788452
698;0.0035990490578114986;0.9370629191398621
699;0.0037653925828635693;0.9370629191398621
700;0.0038337104488164186;0.9160839319229126
701;0.003819218836724758;0.9090909361839294
702;0.003856874769553542;0.9160839319229126
703;0.003862685291096568;0.9300699234008789
704;0.0038205054588615894;0.9300699234008789
705;0.0038407628890126944;0.9160839319229126
706;0.003932569641619921;0.9230769276618958
707;0.0036470515187829733;0.9510489702224731
708;0.0036938986741006374;0.9440559148788452
709;0.003948876168578863;0.9230769276618958
710;0.003880089847370982;0.9300699234008789
711;0.004072331357747316;0.9230769276618958
712;0.003757453290745616;0.9300699234008789
713;0.003916218876838684;0.9440559148788452
714;0.004285193048417568;0.8881118893623352
715;0.0039050199557095766;0.9510489702224731
716;0.004886120557785034;0.9090909361839294
717;0.004062160383909941;0.9160839319229126
718;0.0037452385295182467;0.9580419659614563
719;0.004411340691149235;0.9440559148788452
720;0.004467482678592205;0.9300699234008789
721;0.0047457171604037285;0.8531468510627747
722;0.003693209495395422;0.9580419659614563
723;0.004835885483771563;0.881118893623352
724;0.0040363771840929985;0.9650349617004395
725;0.004287096671760082;0.9300699234008789
726;0.004298705607652664;0.9020978808403015
727;0.003936161752790213;0.9370629191398621
728;0.003809897927567363;0.9300699234008789
729;0.0037193491589277983;0.9510489702224731
730;0.003861329285427928;0.9370629191398621
731;0.0037781763821840286;0.9300699234008789
732;0.003802692051976919;0.9160839319229126
733;0.003882576012983918;0.9160839319229126
734;0.003652136540040374;0.9580419659614563
735;0.003907111473381519;0.9300699234008789
736;0.0037746629677712917;0.9230769276618958
737;0.0037734010256826878;0.9300699234008789
738;0.003634450491517782;0.9580419659614563
739;0.0037388503551483154;0.9230769276618958
740;0.004141971934586763;0.9020978808403015
741;0.003808499313890934;0.9580419659614563
742;0.0060515571385622025;0.881118893623352
743;0.0038014897145330906;0.9510489702224731
744;0.005386183969676495;0.9090909361839294
745;0.004559679422527552;0.9300699234008789
746;0.004158519208431244;0.9510489702224731
747;0.004334349185228348;0.9510489702224731
748;0.00431412598118186;0.9160839319229126
749;0.004311101511120796;0.9160839319229126
750;0.003985690884292126;0.9580419659614563
751;0.004054717253893614;0.9510489702224731
752;0.004271474201232195;0.9020978808403015
753;0.004016891587525606;0.9020978808403015
754;0.0038342198822647333;0.9160839319229126
755;0.004380382131785154;0.9090909361839294
756;0.0038432630244642496;0.9300699234008789
757;0.003914292901754379;0.9370629191398621
758;0.0038100099191069603;0.9370629191398621
759;0.004199258517473936;0.9090909361839294
760;0.0036460435949265957;0.9370629191398621
761;0.0036526829935610294;0.9510489702224731
762;0.004002805333584547;0.9230769276618958
763;0.00361239374615252;0.9370629191398621
764;0.0034155792091041803;0.9440559148788452
765;0.00377613864839077;0.9300699234008789
766;0.0036448868922889233;0.9160839319229126
767;0.0038442721124738455;0.9230769276618958
768;0.0034687104634940624;0.9440559148788452
769;0.003914519678801298;0.9300699234008789
770;0.0034869867376983166;0.9510489702224731
771;0.0033423539716750383;0.9300699234008789
772;0.0035878331400454044;0.9230769276618958
773;0.003519027028232813;0.9510489702224731
774;0.004396188538521528;0.8741258978843689
775;0.00367752811871469;0.9440559148788452
776;0.004785072989761829;0.8951048851013184
777;0.004769464954733849;0.867132842540741
778;0.0036317298654466867;0.9300699234008789
779;0.004098040983080864;0.9160839319229126
780;0.004374685697257519;0.8951048851013184
781;0.0038555937353521585;0.9230769276618958
782;0.003974552731961012;0.9160839319229126
783;0.004184373654425144;0.9160839319229126
784;0.004155760630965233;0.9160839319229126
785;0.003720018081367016;0.9440559148788452
786;0.0034551278222352266;0.9440559148788452
787;0.003908869810402393;0.8881118893623352
788;0.003961819224059582;0.9160839319229126
789;0.003589135594666004;0.9370629191398621
790;0.003578188130632043;0.9510489702224731
791;0.0035132847260683775;0.9720279574394226
792;0.003561323508620262;0.9510489702224731
793;0.0035151264164596796;0.9300699234008789
794;0.0034709633328020573;0.9650349617004395
795;0.003691674442961812;0.9230769276618958
796;0.003675889689475298;0.9370629191398621
797;0.0035465029068291187;0.9510489702224731
798;0.003556326264515519;0.9300699234008789
799;0.003507538465783;0.9440559148788452
800;0.0033081809524446726;0.9510489702224731
801;0.00347918807528913;0.9370629191398621
802;0.0033479833509773016;0.9510489702224731
803;0.003538379678502679;0.9300699234008789
804;0.0035231197252869606;0.9160839319229126
805;0.0033463204745203257;0.9230769276618958
806;0.003579400246962905;0.9510489702224731
807;0.003535948460921645;0.9440559148788452
808;0.0034671099856495857;0.9440559148788452
809;0.003601810894906521;0.9020978808403015
810;0.003451824886724353;0.9580419659614563
811;0.003102043876424432;0.9580419659614563
812;0.003434492275118828;0.9230769276618958
813;0.003631453262642026;0.9440559148788452
814;0.0036197518929839134;0.9440559148788452
815;0.00324050011113286;0.9440559148788452
816;0.0033060102723538876;0.9370629191398621
817;0.0037358615081757307;0.9370629191398621
818;0.003309293882921338;0.9650349617004395
819;0.0032526201102882624;0.9510489702224731
820;0.0031497126910835505;0.9510489702224731
821;0.0035386078525334597;0.9230769276618958
822;0.0032561824191361666;0.9370629191398621
823;0.003103946102783084;0.9510489702224731
824;0.003207937814295292;0.9580419659614563
825;0.003212789073586464;0.9510489702224731
826;0.003622314427047968;0.9300699234008789
827;0.0033095248509198427;0.9510489702224731
828;0.0030233091674745083;0.9510489702224731
829;0.0031394290272146463;0.9300699234008789
830;0.0034913194831460714;0.9510489702224731
831;0.0034146758262068033;0.9510489702224731
832;0.0033079718705266714;0.9440559148788452
833;0.003012490225955844;0.9440559148788452
834;0.003214771393686533;0.9300699234008789
835;0.00381729518994689;0.881118893623352
836;0.0032217768020927906;0.9300699234008789
837;0.0034915590658783913;0.9300699234008789
838;0.0037769111804664135;0.9510489702224731
839;0.00337578053586185;0.9510489702224731
840;0.003168815281242132;0.9370629191398621
841;0.003310565836727619;0.9510489702224731
842;0.003712970996275544;0.867132842540741
843;0.0031068900134414434;0.9370629191398621
844;0.003666179720312357;0.9440559148788452
845;0.0038813373539596796;0.9020978808403015
846;0.0031647977884858847;0.9650349617004395
847;0.004404796287417412;0.8391608595848083
848;0.0036218399181962013;0.9160839319229126
849;0.0031554261222481728;0.9860140085220337
850;0.0038940859958529472;0.9230769276618958
851;0.004707052372395992;0.9020978808403015
852;0.003974189981818199;0.9230769276618958
853;0.003533516777679324;0.9300699234008789
854;0.0035790405236184597;0.9090909361839294
855;0.004734587389975786;0.8531468510627747
856;0.003175257472321391;0.9650349617004395
857;0.004016244318336248;0.9510489702224731
858;0.004618121311068535;0.9090909361839294
859;0.0036117860581725836;0.9370629191398621
860;0.0036861319094896317;0.9300699234008789
861;0.004324968904256821;0.9230769276618958
862;0.00407361751422286;0.9370629191398621
863;0.003417164320126176;0.9300699234008789
864;0.003494321135804057;0.9580419659614563
865;0.00382823939435184;0.9510489702224731
866;0.0035490647424012423;0.9370629191398621
867;0.004059747792780399;0.9090909361839294
868;0.0034605669789016247;0.9440559148788452
869;0.0036133176181465387;0.9230769276618958
870;0.003180868225172162;0.9650349617004395
871;0.0036117900162935257;0.9370629191398621
872;0.003496801946312189;0.9370629191398621
873;0.003351013408973813;0.9440559148788452
874;0.003420068882405758;0.9510489702224731
875;0.0036163076292723417;0.9370629191398621
876;0.0035111417528241873;0.9370629191398621
877;0.003213450312614441;0.9440559148788452
878;0.0032916481141000986;0.9440559148788452
879;0.003383171046152711;0.9230769276618958
880;0.0034267196897417307;0.9650349617004395
881;0.0033510744106024504;0.9370629191398621
882;0.003156790044158697;0.9510489702224731
883;0.0031739685218781233;0.9510489702224731
884;0.003162813140079379;0.9370629191398621
885;0.0031472230330109596;0.9650349617004395
886;0.003143769223242998;0.9580419659614563
887;0.003058645175769925;0.9510489702224731
888;0.003053053515031934;0.9580419659614563
889;0.002968875225633383;0.9440559148788452
890;0.0028537632897496223;0.9510489702224731
891;0.0032983487471938133;0.9440559148788452
892;0.0029897529166191816;0.9370629191398621
893;0.0031038327142596245;0.9580419659614563
894;0.0030099721625447273;0.9370629191398621
895;0.002849794691428542;0.9510489702224731
896;0.0030009401962161064;0.9510489702224731
897;0.00312184845097363;0.9580419659614563
898;0.0028785017784684896;0.9790209531784058
899;0.0029473186004906893;0.9510489702224731
900;0.002884047571569681;0.9370629191398621
901;0.0033583343029022217;0.9510489702224731
902;0.0031953221186995506;0.9510489702224731
903;0.0029388084076344967;0.9580419659614563
904;0.0030009939800947905;0.9440559148788452
905;0.003063165582716465;0.9230769276618958
906;0.003118683584034443;0.9510489702224731
907;0.0030311269219964743;0.9440559148788452
908;0.003001654054969549;0.9370629191398621
909;0.0028665822464972734;0.9790209531784058
910;0.002941056387498975;0.9580419659614563
911;0.0029974249191582203;0.9650349617004395
912;0.0030131665989756584;0.9580419659614563
913;0.0028668672312051058;0.9510489702224731
914;0.00298030162230134;0.9510489702224731
915;0.0028153315652161837;0.9510489702224731
916;0.0027469228953123093;0.9650349617004395
917;0.0029140361584722996;0.9370629191398621
918;0.0029616570100188255;0.9510489702224731
919;0.002998816082254052;0.9510489702224731
920;0.0029358237516134977;0.9370629191398621
921;0.0038902023807168007;0.8601398468017578
922;0.002841435605660081;0.9300699234008789
923;0.003238205099478364;0.9370629191398621
924;0.0037724680732935667;0.9160839319229126
925;0.0035657703410834074;0.9090909361839294
926;0.00343970931135118;0.9090909361839294
927;0.002977714641019702;0.9720279574394226
928;0.0030082014854997396;0.9510489702224731
929;0.0032592094503343105;0.9580419659614563
930;0.003066283417865634;0.9370629191398621
931;0.002917892998084426;0.9580419659614563
932;0.003273043315857649;0.9510489702224731
933;0.003036003326997161;0.9510489702224731
934;0.0032947976142168045;0.9510489702224731
935;0.003290999447926879;0.9440559148788452
936;0.0030646026134490967;0.9580419659614563
937;0.002883999841287732;0.9510489702224731
938;0.002847198862582445;0.9650349617004395
939;0.002898684935644269;0.9580419659614563
940;0.0028838305734097958;0.9440559148788452
941;0.0035814656876027584;0.9020978808403015
942;0.002709369407966733;0.9580419659614563
943;0.00300398375838995;0.9580419659614563
944;0.0040054707787930965;0.9020978808403015
945;0.0029003836680203676;0.9510489702224731
946;0.0030935793183743954;0.9580419659614563
947;0.00320647144690156;0.9720279574394226
948;0.0033707318361848593;0.9370629191398621
949;0.003467067377641797;0.9160839319229126
950;0.003025396727025509;0.9580419659614563
951;0.0029477388598024845;0.9720279574394226
952;0.00323723116889596;0.9300699234008789
953;0.0030893466901034117;0.9510489702224731
954;0.003023669123649597;0.9580419659614563
955;0.0029666656628251076;0.9580419659614563
956;0.0030602416954934597;0.9230769276618958
957;0.002967332024127245;0.9580419659614563
958;0.0028221106622368097;0.9580419659614563
959;0.002905231434851885;0.9370629191398621
960;0.0028349540662020445;0.9580419659614563
961;0.00286769587546587;0.9440559148788452
962;0.002998260548338294;0.9300699234008789
963;0.0027074264362454414;0.9860140085220337
964;0.0031192959286272526;0.9230769276618958
965;0.0027043826412409544;0.9650349617004395
966;0.0028469176031649113;0.9300699234008789
967;0.002775222063064575;0.9510489702224731
968;0.0029612407088279724;0.9440559148788452
969;0.0029200653079897165;0.9300699234008789
970;0.0027814314235001802;0.9580419659614563
971;0.002776173874735832;0.9580419659614563
972;0.002646703040227294;0.9650349617004395
973;0.002654479118064046;0.9510489702224731
974;0.002665481762960553;0.9580419659614563
975;0.0026494995690882206;0.9510489702224731
976;0.0026530784089118242;0.9580419659614563
977;0.0027536305133253336;0.9580419659614563
978;0.002766139805316925;0.9580419659614563
979;0.002879694802686572;0.9510489702224731
980;0.0026028496213257313;0.9720279574394226
981;0.0027558610308915377;0.9790209531784058
982;0.002947500441223383;0.9440559148788452
983;0.002796657383441925;0.9580419659614563
984;0.0026780576445162296;0.9650349617004395
985;0.002645049476996064;0.9300699234008789
986;0.0026042358949780464;0.9720279574394226
987;0.002651070710271597;0.9650349617004395
988;0.002635373268276453;0.9720279574394226
989;0.0029384365770965815;0.9370629191398621
990;0.002562608802691102;0.9650349617004395
991;0.0025827728677541018;0.9510489702224731
992;0.002652919851243496;0.9580419659614563
993;0.002489283448085189;0.9790209531784058
994;0.0026169640477746725;0.9790209531784058
995;0.0027660385239869356;0.9510489702224731
996;0.0026225962210446596;0.9580419659614563
997;0.002713148482143879;0.9580419659614563
998;0.0027950487565249205;0.9440559148788452
999;0.0026504932902753353;0.9650349617004395
1000;0.0026553424540907145;0.9720279574394226
1001;0.0031580831855535507;0.9370629191398621
1002;0.002819016808643937;0.9440559148788452
1003;0.0027011556085199118;0.9860140085220337
1004;0.0026612875517457724;0.9650349617004395
1005;0.0026512760668992996;0.9720279574394226
1006;0.002575757447630167;0.9650349617004395
1007;0.0030838269740343094;0.9440559148788452
1008;0.002719033043831587;0.9580419659614563
1009;0.0025156154297292233;0.9860140085220337
1010;0.002961950609460473;0.9510489702224731
1011;0.0027751666493713856;0.9580419659614563
1012;0.0027517005801200867;0.9580419659614563
1013;0.002713278168812394;0.9720279574394226
1014;0.002792263636365533;0.9440559148788452
1015;0.002738488605245948;0.9650349617004395
1016;0.0024035144597291946;0.9720279574394226
1017;0.0028839341830462217;0.9580419659614563
1018;0.0027893665246665478;0.9580419659614563
1019;0.0027397857047617435;0.9650349617004395
1020;0.002678835764527321;0.9580419659614563
1021;0.0026643944438546896;0.9580419659614563
1022;0.002812374150380492;0.9580419659614563
1023;0.0026189209893345833;0.9720279574394226
1024;0.0027539944276213646;0.9650349617004395
1025;0.0027868894394487143;0.9930070042610168
1026;0.002723193261772394;0.9720279574394226
1027;0.0024666259996593;0.9650349617004395
1028;0.002591951983049512;0.9580419659614563
1029;0.0026247622445225716;0.9510489702224731
1030;0.002513342536985874;0.9790209531784058
1031;0.002548149786889553;0.9860140085220337
1032;0.0027721968945115805;0.9650349617004395
1033;0.0026529207825660706;0.9650349617004395
1034;0.002572809811681509;0.9720279574394226
1035;0.0022828609216958284;0.9790209531784058
1036;0.002469539176672697;0.9860140085220337
1037;0.00268575525842607;0.9370629191398621
1038;0.002556372666731477;0.9790209531784058
1039;0.002622216008603573;0.9650349617004395
1040;0.002648887224495411;0.9790209531784058
1041;0.002681043464690447;0.9860140085220337
1042;0.002374025294557214;0.9580419659614563
1043;0.002483747201040387;0.9860140085220337
1044;0.002554886741563678;0.9720279574394226
1045;0.002428588457405567;0.9650349617004395
1046;0.0023847054690122604;1.0
1047;0.0025268360041081905;0.9790209531784058
1048;0.0023518044035881758;0.9860140085220337
1049;0.002375568263232708;0.9720279574394226
1050;0.0026408943813294172;0.9650349617004395
1051;0.002476972294971347;0.9720279574394226
1052;0.002725535072386265;0.9440559148788452
1053;0.002303598914295435;0.9930070042610168
1054;0.002394862938672304;0.9790209531784058
1055;0.0025294292718172073;0.9790209531784058
1056;0.0025542997755110264;0.9860140085220337
1057;0.0025493542198091745;1.0
1058;0.0024688139092177153;0.9790209531784058
1059;0.002531789941713214;0.9860140085220337
1060;0.002224286552518606;0.9790209531784058
1061;0.002553816419094801;0.9790209531784058
1062;0.0023536074440926313;0.9860140085220337
1063;0.002335130935534835;0.9860140085220337
1064;0.0024414195213466883;0.9650349617004395
1065;0.002243604278191924;0.9860140085220337
1066;0.0024913472589105368;0.9860140085220337
1067;0.0022614323534071445;0.9930070042610168
1068;0.0023421626538038254;1.0
1069;0.0024390905164182186;0.9860140085220337
1070;0.0025028246454894543;0.9790209531784058
1071;0.0023428977001458406;0.9790209531784058
1072;0.0021891146898269653;1.0
1073;0.0024367079604417086;1.0
1074;0.00242132181301713;0.9720279574394226
1075;0.0023097998928278685;1.0
1076;0.0021890238858759403;1.0
1077;0.002294903388246894;1.0
1078;0.0026038133073598146;0.9650349617004395
1079;0.0021496221888810396;1.0
1080;0.0022503528743982315;0.9930070042610168
1081;0.002556121675297618;0.9790209531784058
1082;0.0024915628600865602;0.9720279574394226
1083;0.0023984804283827543;0.9860140085220337
1084;0.00392887182533741;0.9370629191398621
1085;0.0023983698338270187;1.0
1086;0.0026584011502563953;1.0
1087;0.0025491383858025074;1.0
1088;0.003129231743514538;0.9510489702224731
1089;0.0023593551013618708;0.9790209531784058
1090;0.00360459485091269;0.9440559148788452
1091;0.004535311833024025;0.9020978808403015
1092;0.0031587695702910423;0.9580419659614563
1093;0.003123158123344183;0.9510489702224731
1094;0.003998126368969679;0.9230769276618958
1095;0.0035306105855852365;0.9440559148788452
1096;0.0038045886904001236;0.9440559148788452
1097;0.003912222106009722;0.8951048851013184
1098;0.0045402985997498035;0.8881118893623352
1099;0.004583428148180246;0.9300699234008789
1100;0.004288070369511843;0.9160839319229126
1101;0.0028980367351323366;0.9930070042610168
1102;0.0031833213288336992;0.9720279574394226
1103;0.0028668141458183527;0.9930070042610168
1104;0.0034473903942853212;0.9720279574394226
1105;0.003910723142325878;0.9510489702224731
1106;0.0033970526419579983;0.9720279574394226
1107;0.0037609082646667957;0.9510489702224731
1108;0.00558878667652607;0.8951048851013184
1109;0.008687767200171947;0.811188817024231
1110;0.008843261748552322;0.7762237787246704
1111;0.008198590017855167;0.8531468510627747
1112;0.006847172509878874;0.867132842540741
1113;0.006074628327041864;0.8601398468017578
1114;0.0052103810012340546;0.8881118893623352
1115;0.005340047646313906;0.8741258978843689
1116;0.006141032557934523;0.881118893623352
1117;0.005184870213270187;0.9510489702224731
1118;0.005372318439185619;0.9090909361839294
1119;0.005322628654539585;0.9300699234008789
1120;0.005206302274018526;0.9440559148788452
1121;0.004791716113686562;0.9370629191398621
1122;0.004262706730514765;0.9720279574394226
1123;0.004312809091061354;0.9720279574394226
1124;0.0038070923183113337;0.9860140085220337
1125;0.0038419824559241533;0.9720279574394226
1126;0.0039624664932489395;0.9300699234008789
1127;0.003944842144846916;0.9790209531784058
1128;0.0037159500643610954;0.9720279574394226
1129;0.00388336181640625;0.9580419659614563
1130;0.003643116680905223;0.9720279574394226
1131;0.0033841710537672043;0.9930070042610168
1132;0.0031131100840866566;0.9790209531784058
1133;0.003330837469547987;0.9930070042610168
1134;0.003231725888326764;0.9860140085220337
1135;0.0029410456772893667;0.9930070042610168
1136;0.0030087411869317293;1.0
1137;0.0028490135446190834;0.9860140085220337
1138;0.0031012692488729954;0.9860140085220337
1139;0.0028414500411599874;0.9860140085220337
1140;0.0026937448419630527;1.0
1141;0.0027862980496138334;1.0
1142;0.003037968883290887;0.9720279574394226
1143;0.0029994884971529245;0.9580419659614563
1144;0.00273039098829031;0.9860140085220337
1145;0.0027612948324531317;0.9860140085220337
1146;0.0026421656366437674;0.9720279574394226
1147;0.002787143224850297;0.9790209531784058
1148;0.002852128352969885;0.9930070042610168
1149;0.002641089027747512;0.9790209531784058
1150;0.0024472917430102825;0.9860140085220337
1151;0.0028412577230483294;0.9580419659614563
1152;0.002664681291207671;0.9930070042610168
1153;0.0027234998997300863;0.9860140085220337
1154;0.00261145387776196;0.9860140085220337
1155;0.0022225212305784225;1.0
1156;0.0025729876942932606;0.9930070042610168
1157;0.0022696179803460836;1.0
1158;0.0024132151156663895;1.0
1159;0.0023063025437295437;1.0
1160;0.0023676862474530935;1.0
1161;0.002233854029327631;0.9930070042610168
1162;0.0024832894559949636;0.9860140085220337
1163;0.002183048753067851;1.0
1164;0.0023288000375032425;0.9860140085220337
1165;0.00230581546202302;1.0
1166;0.0024173795245587826;0.9930070042610168
1167;0.002498227870091796;0.9930070042610168
1168;0.002403907012194395;1.0
1169;0.0021315687336027622;1.0
1170;0.002147319260984659;1.0
1171;0.0021102121099829674;1.0
1172;0.0020963051356375217;1.0
1173;0.002214869949966669;1.0
1174;0.002131848130375147;0.9930070042610168
1175;0.0022215142380446196;1.0
1176;0.0023805878590792418;0.9930070042610168
1177;0.0021159029565751553;0.9790209531784058
1178;0.002194248838350177;0.9860140085220337
1179;0.002225009026005864;0.9930070042610168
1180;0.002500130794942379;0.9930070042610168
1181;0.0022227615118026733;1.0
1182;0.0021210932172834873;1.0
1183;0.002171381376683712;0.9860140085220337
1184;0.0021402458660304546;0.9790209531784058
1185;0.0022594037000089884;0.9790209531784058
1186;0.0018941642483696342;0.9930070042610168
1187;0.0020247355569154024;1.0
1188;0.0020788763649761677;0.9930070042610168
1189;0.0020668176002800465;1.0
1190;0.0018471601651981473;1.0
1191;0.002162052784115076;1.0
1192;0.0018719801446422935;1.0
1193;0.0020519874524325132;1.0
1194;0.0019616333302110434;1.0
1195;0.0018442518776282668;1.0
1196;0.0019478729227557778;1.0
1197;0.002026790287345648;1.0
1198;0.001986140850931406;0.9930070042610168
1199;0.002267820993438363;0.9930070042610168
1200;0.001956191146746278;0.9930070042610168
1201;0.0019046865636482835;1.0
1202;0.0020128930918872356;1.0
1203;0.0019183600088581443;1.0
1204;0.00196125078946352;1.0
1205;0.002183514181524515;0.9930070042610168
1206;0.0020422572270035744;1.0
1207;0.00189013103954494;1.0
1208;0.0018742985557764769;0.9930070042610168
1209;0.0020041419193148613;1.0
1210;0.001823876053094864;1.0
1211;0.0017135803354904056;1.0
1212;0.0018728860886767507;1.0
1213;0.0019321410218253732;1.0
1214;0.0017918880330398679;1.0
1215;0.0017431073356419802;1.0
1216;0.0018164681969210505;1.0
1217;0.0018241949146613479;1.0
1218;0.0022515938617289066;0.9790209531784058
1219;0.0018816109513863921;1.0
1220;0.001800009747967124;1.0
1221;0.001959413755685091;0.9930070042610168
1222;0.0018253532471135259;1.0
1223;0.001699988846667111;1.0
1224;0.0018579431343823671;1.0
1225;0.0018971334211528301;1.0
1226;0.0018426715396344662;1.0
1227;0.0018064144533127546;0.9930070042610168
1228;0.0017948511522263288;0.9930070042610168
1229;0.0017030671006068587;1.0
1230;0.0017463350668549538;1.0
1231;0.0018056636909022927;1.0
1232;0.0018580774776637554;1.0
1233;0.0018087605712935328;1.0
1234;0.001796422409825027;1.0
1235;0.001801739796064794;0.9930070042610168
1236;0.0018146757502108812;0.9930070042610168
1237;0.0019487855024635792;0.9860140085220337
1238;0.0019067083485424519;1.0
1239;0.0020747000817209482;0.9930070042610168
1240;0.001813168521039188;1.0
1241;0.0020397433545440435;0.9930070042610168
1242;0.0018423119327053428;1.0
1243;0.0019519407069310546;1.0
1244;0.001877911388874054;1.0
1245;0.0018866413738578558;1.0
1246;0.0017875852063298225;1.0
1247;0.0019275828963145614;1.0
1248;0.0018184020882472396;1.0
1249;0.0017396396724507213;1.0
1250;0.0018258873606100678;1.0
1251;0.0018506504129618406;1.0
1252;0.0017521566478535533;0.9860140085220337
1253;0.0018882761942222714;1.0
1254;0.0016864946810528636;1.0
1255;0.0017570088384673;1.0
1256;0.0019285923335701227;0.9930070042610168
1257;0.0017537773819640279;1.0
1258;0.0018316550413146615;0.9930070042610168
1259;0.001933799241669476;0.9930070042610168
1260;0.0016601989045739174;1.0
1261;0.0019550577271729708;1.0
1262;0.0018810736946761608;1.0
1263;0.0018200880149379373;1.0
1264;0.00171502900775522;1.0
1265;0.0016941347857937217;1.0
1266;0.0017709304811432958;1.0
1267;0.0016592737520113587;1.0
1268;0.0016975468024611473;1.0
1269;0.0017329487018287182;1.0
1270;0.0017885561101138592;1.0
1271;0.0016878752503544092;1.0
1272;0.0020628725178539753;0.9720279574394226
1273;0.0018472851952537894;0.9930070042610168
1274;0.0020042594987899065;0.9930070042610168
1275;0.001998052466660738;1.0
1276;0.0021576937288045883;0.9860140085220337
1277;0.0018861364806070924;1.0
1278;0.002009773161262274;0.9790209531784058
1279;0.001577538438141346;1.0
1280;0.0016735309036448598;1.0
1281;0.0017653910908848047;1.0
1282;0.002241305774077773;1.0
1283;0.0016034288564696908;1.0
1284;0.0017689066007733345;1.0
1285;0.0016952408477663994;1.0
1286;0.0018303231336176395;1.0
1287;0.001701024011708796;1.0
1288;0.0016452966956421733;1.0
1289;0.0017885506385937333;0.9930070042610168
1290;0.001904051285237074;1.0
1291;0.0018424452282488346;0.9930070042610168
1292;0.0017400935757905245;0.9930070042610168
1293;0.0016293908702209592;1.0
1294;0.0016202114056795835;1.0
1295;0.0015061520971357822;1.0
1296;0.0016773347742855549;1.0
1297;0.0016654670471325517;1.0
1298;0.0016293511725962162;1.0
1299;0.0016614401247352362;1.0
1300;0.001687195268459618;1.0
1301;0.0015985944774001837;1.0
1302;0.001595810754224658;1.0
1303;0.0016813920810818672;1.0
1304;0.0018698344938457012;1.0
1305;0.0017542279092594981;1.0
1306;0.0017153392545878887;1.0
1307;0.0017862889217212796;0.9930070042610168
1308;0.001665698830038309;1.0
1309;0.001627583522349596;1.0
1310;0.001544151920825243;1.0
1311;0.001725601265206933;1.0
1312;0.0016388546209782362;1.0
1313;0.0016412894474342465;1.0
1314;0.0015801549889147282;1.0
1315;0.001694213249720633;1.0
1316;0.001838278491050005;0.9930070042610168
1317;0.0017380028730258346;1.0
1318;0.0016157740028575063;1.0
1319;0.001732390490360558;1.0
1320;0.0015816387021914124;1.0
1321;0.0018007595790550113;1.0
1322;0.0015203231014311314;1.0
1323;0.0016586915589869022;1.0
1324;0.001648065634071827;1.0
1325;0.0017880316590890288;1.0
1326;0.0015686447732150555;1.0
1327;0.0017207075143232942;1.0
1328;0.0014430161099880934;1.0
1329;0.001628160011023283;1.0
1330;0.0017539906548336148;1.0
1331;0.0015357125084847212;1.0
1332;0.001569718006066978;1.0
1333;0.001719959662295878;1.0
1334;0.0015608981484547257;1.0
1335;0.001798225799575448;1.0
1336;0.0014490446774289012;1.0
1337;0.0015011026989668608;1.0
1338;0.0016316815745085478;1.0
1339;0.0016219724202528596;1.0
1340;0.0014132782816886902;1.0
1341;0.0014746978413313627;1.0
1342;0.0016995826736092567;1.0
1343;0.0015801459085196257;1.0
1344;0.0015020674327388406;1.0
1345;0.0015789276221767068;1.0
1346;0.0016660660039633512;1.0
1347;0.0019455919973552227;0.9650349617004395
1348;0.0016423561610281467;1.0
1349;0.0017495382344350219;0.9860140085220337
1350;0.0015515859704464674;0.9930070042610168
1351;0.0016258382238447666;1.0
1352;0.0016698588151484728;1.0
1353;0.00159953732509166;1.0
1354;0.0014662800822407007;1.0
1355;0.0014800071949139237;1.0
1356;0.0016177920624613762;1.0
1357;0.001606741570867598;1.0
1358;0.0018889551283791661;1.0
1359;0.0015210816636681557;1.0
1360;0.0014980296837165952;1.0
1361;0.001560817938297987;1.0
1362;0.0014853700995445251;1.0
1363;0.0014938993845134974;1.0
1364;0.0017141152638942003;1.0
1365;0.0015211632708087564;1.0
1366;0.0015657595358788967;1.0
1367;0.0015670572174713016;1.0
1368;0.0013134905602782965;1.0
1369;0.00161824154201895;1.0
1370;0.0013642836129292846;1.0
1371;0.0015557227889075875;1.0
1372;0.0015559840248897672;1.0
1373;0.0014159275451675057;1.0
1374;0.0016251116758212447;1.0
1375;0.0015077129937708378;1.0
1376;0.0016471539856866002;1.0
1377;0.001387809868901968;1.0
1378;0.0015094269765540957;1.0
1379;0.0016829249216243625;0.9930070042610168
1380;0.0016051509883254766;1.0
1381;0.0016625155694782734;0.9930070042610168
1382;0.0013942397199571133;1.0
1383;0.0016248354222625494;1.0
1384;0.0014044042909517884;1.0
1385;0.0013612497132271528;1.0
1386;0.0014022482791915536;1.0
1387;0.0014207414351403713;1.0
1388;0.001363959163427353;1.0
1389;0.0014812442241236567;0.9930070042610168
1390;0.001469721901230514;1.0
1391;0.0016557627823203802;1.0
1392;0.001398333115503192;1.0
1393;0.0013792292447760701;1.0
1394;0.0014147962210699916;1.0
1395;0.001439257524907589;1.0
1396;0.001381070469506085;1.0
1397;0.001424598041921854;1.0
1398;0.001510446541942656;1.0
1399;0.0014757291646674275;1.0
1400;0.0015614420408383012;1.0
1401;0.0015311570605263114;1.0
1402;0.0013685902813449502;1.0
1403;0.0013850141549482942;1.0
1404;0.0017111931229010224;1.0
1405;0.0017025134293362498;0.9790209531784058
1406;0.0015278906794264913;1.0
1407;0.0014673062833026052;1.0
1408;0.00134081463329494;1.0
1409;0.001572218257933855;1.0
1410;0.0014999326085671782;1.0
1411;0.0015527000650763512;1.0
1412;0.0014679745072498918;1.0
1413;0.001552585861645639;0.9930070042610168
1414;0.0017041879473254085;1.0
1415;0.0014711087569594383;1.0
1416;0.0014679983723908663;1.0
1417;0.0016314488602802157;1.0
1418;0.0015148697420954704;1.0
1419;0.0014464770210906863;1.0
1420;0.0016559388022869825;1.0
1421;0.0015465185279026628;1.0
1422;0.0014757892349734902;1.0
1423;0.001626068027690053;1.0
1424;0.0014683108311146498;1.0
1425;0.0013097827322781086;1.0
1426;0.0015523105394095182;1.0
1427;0.0013701169518753886;1.0
1428;0.0014784233644604683;1.0
1429;0.0014741170452907681;1.0
1430;0.0014449283480644226;1.0
1431;0.0013307855697348714;1.0
1432;0.0016562214586883783;1.0
1433;0.001479215919971466;1.0
1434;0.001462810207158327;1.0
1435;0.0014283579075708985;1.0
1436;0.001464028493501246;1.0
1437;0.0013794793048873544;1.0
1438;0.0015076419804245234;1.0
1439;0.0013247019378468394;1.0
1440;0.0014645281480625272;1.0
1441;0.0014570073690265417;1.0
1442;0.001400348381139338;1.0
1443;0.0013977080816403031;1.0
1444;0.0014157119439914823;1.0
1445;0.0015599568141624331;1.0
1446;0.0014073699712753296;1.0
1447;0.0014438367215916514;1.0
1448;0.0016579520888626575;1.0
1449;0.001457531121559441;1.0
1450;0.0013783376198261976;1.0
1451;0.0014018961228430271;1.0
1452;0.0016001490876078606;0.9860140085220337
1453;0.0014979917323216796;1.0
1454;0.0013969669817015529;1.0
1455;0.001341743511147797;1.0
1456;0.0016284745652228594;1.0
1457;0.0015791599871590734;1.0
1458;0.001269521308131516;1.0
1459;0.0013965410180389881;1.0
1460;0.0014164550229907036;1.0
1461;0.0014049670426174998;1.0
1462;0.0014001390663906932;1.0
1463;0.0013402840122580528;1.0
1464;0.001502855564467609;1.0
1465;0.0012901498703286052;1.0
1466;0.0017005022382363677;1.0
1467;0.001350868958979845;1.0
1468;0.0016552464803680778;1.0
1469;0.0016367192147299647;1.0
1470;0.0012754480121657252;1.0
1471;0.001276572817005217;1.0
1472;0.0013641823315992951;1.0
1473;0.001493409974500537;1.0
1474;0.001386535121127963;1.0
1475;0.0013674511574208736;1.0
1476;0.0015129823004826903;1.0
1477;0.0013375421985983849;1.0
1478;0.0013028086395934224;1.0
1479;0.001457793521694839;1.0
1480;0.0012989012757316232;1.0
1481;0.0012374072102829814;1.0
1482;0.001335195847786963;1.0
1483;0.0012300499947741628;1.0
1484;0.001411916222423315;1.0
1485;0.0014930288307368755;1.0
1486;0.0014257949078455567;1.0
1487;0.001202097861096263;1.0
1488;0.0012013952946290374;1.0
1489;0.0012917652493342757;1.0
1490;0.001339893089607358;1.0
1491;0.001326060388237238;1.0
1492;0.001298256916925311;1.0
1493;0.00126459333114326;1.0
1494;0.0012724249390885234;1.0
1495;0.0013617996592074633;1.0
1496;0.0012052231468260288;1.0
1497;0.0014076600782573223;1.0
1498;0.001367487944662571;1.0
1499;0.0013260862324386835;1.0
