iteration;loss;accuracy
0;0.09567903727293015;0.32258063554763794
1;0.08949639648199081;0.4516128897666931
2;0.08353254944086075;0.3870967626571655
3;0.07790393382310867;0.29032257199287415
4;0.07379765808582306;0.35483869910240173
5;0.06940454989671707;0.19354838132858276
6;0.06489282846450806;0.32258063554763794
7;0.068680040538311;0.22580644488334656
8;0.06894624978303909;0.32258063554763794
9;0.06766752898693085;0.29032257199287415
10;0.06654603779315948;0.35483869910240173
11;0.06657572090625763;0.35483869910240173
12;0.063661590218544;0.5483871102333069
13;0.0655038058757782;0.29032257199287415
14;0.06747160106897354;0.19354838132858276
15;0.06332649290561676;0.4516128897666931
16;0.06521406769752502;0.35483869910240173
17;0.0655163824558258;0.29032257199287415
18;0.06339962780475616;0.4838709533214569
19;0.06248297542333603;0.4838709533214569
20;0.0643148124217987;0.3870967626571655
21;0.06484128534793854;0.3870967626571655
22;0.06157810240983963;0.4516128897666931
23;0.06318032741546631;0.3870967626571655
24;0.06302422285079956;0.4516128897666931
25;0.06317343562841415;0.3870967626571655
26;0.06298314779996872;0.29032257199287415
27;0.06210560351610184;0.3870967626571655
28;0.06043306738138199;0.5161290168762207
29;0.058557700365781784;0.5806451439857483
30;0.05959733948111534;0.5161290168762207
31;0.059431515634059906;0.5806451439857483
32;0.062280043959617615;0.5161290168762207
33;0.061074841767549515;0.5161290168762207
34;0.05584253370761871;0.5161290168762207
35;0.05686403810977936;0.6129032373428345
36;0.05702180787920952;0.6129032373428345
37;0.05449868366122246;0.5806451439857483
38;0.05409659072756767;0.6451612710952759
39;0.05133315548300743;0.7096773982048035
40;0.05110030621290207;0.6451612710952759
41;0.049245934933423996;0.6129032373428345
42;0.048529673367738724;0.7096773982048035
43;0.045555830001831055;0.7096773982048035
44;0.041848763823509216;0.7096773982048035
45;0.04066935554146767;0.7096773982048035
46;0.04153507202863693;0.7096773982048035
47;0.04122420400381088;0.6774193644523621
48;0.03722252696752548;0.7419354915618896
49;0.04148905351758003;0.6451612710952759
50;0.039749566465616226;0.6774193644523621
51;0.03791932389140129;0.8064516186714172
52;0.03715066611766815;0.8709677457809448
53;0.03777794912457466;0.6774193644523621
54;0.0375114269554615;0.7096773982048035
55;0.035080213099718094;0.774193525314331
56;0.039049047976732254;0.7419354915618896
57;0.03394228592514992;0.774193525314331
58;0.033149801194667816;0.8064516186714172
59;0.036997925490140915;0.7419354915618896
60;0.03407539799809456;0.774193525314331
61;0.036097392439842224;0.774193525314331
62;0.03864442929625511;0.8387096524238586
63;0.03453247621655464;0.7419354915618896
64;0.03230966255068779;0.8064516186714172
65;0.03413134813308716;0.8064516186714172
66;0.03214023634791374;0.8387096524238586
67;0.032456256449222565;0.8387096524238586
68;0.031577788293361664;0.8709677457809448
69;0.031885381788015366;0.774193525314331
70;0.028808364644646645;0.8387096524238586
71;0.029515504837036133;0.8064516186714172
72;0.02963121421635151;0.8709677457809448
73;0.02773502841591835;0.8709677457809448
74;0.02547340840101242;0.8709677457809448
75;0.028829719871282578;0.8709677457809448
76;0.027025382965803146;0.8709677457809448
77;0.026678286492824554;0.8387096524238586
78;0.02989446371793747;0.8709677457809448
79;0.025112295523285866;0.9032257795333862
80;0.02358543686568737;0.8709677457809448
81;0.024211669340729713;0.8709677457809448
82;0.02748553268611431;0.8709677457809448
83;0.023685505613684654;0.8709677457809448
84;0.023623934015631676;0.8709677457809448
85;0.021619219332933426;0.9677419066429138
86;0.021621527150273323;0.9677419066429138
87;0.020933881402015686;1.0
88;0.021858766674995422;1.0
89;0.02421676181256771;0.8709677457809448
90;0.017782652750611305;0.9032257795333862
91;0.016644194722175598;1.0
92;0.017192527651786804;1.0
93;0.0165327750146389;1.0
94;0.01665717177093029;1.0
95;0.016399016603827477;1.0
96;0.013889336958527565;1.0
97;0.01337011530995369;1.0
98;0.01573445275425911;1.0
99;0.01028301753103733;1.0
100;0.011414995416998863;1.0
101;0.011879842728376389;1.0
102;0.014687515795230865;1.0
103;0.013801936991512775;1.0
104;0.00956935714930296;1.0
105;0.011011403053998947;0.9677419066429138
106;0.012924930080771446;1.0
107;0.012466631829738617;1.0
108;0.010977506637573242;1.0
109;0.011304805055260658;1.0
110;0.013442303985357285;1.0
111;0.010813501663506031;1.0
112;0.010651006363332272;1.0
113;0.013098768889904022;1.0
114;0.013564074411988258;1.0
115;0.012106945738196373;1.0
116;0.013203689828515053;1.0
117;0.0122804781422019;1.0
118;0.013020195998251438;1.0
119;0.008689174428582191;1.0
120;0.009482260793447495;1.0
121;0.008889885619282722;1.0
122;0.009249699302017689;1.0
123;0.007068066392093897;1.0
124;0.008393076248466969;1.0
125;0.00943782925605774;1.0
126;0.008302425965666771;1.0
127;0.008364216424524784;1.0
128;0.00646625692024827;1.0
129;0.007291363086551428;1.0
130;0.008603191003203392;1.0
131;0.007690147962421179;1.0
132;0.0077408128418028355;1.0
133;0.00703330198302865;1.0
134;0.008517731912434101;1.0
135;0.007521772291511297;1.0
136;0.007429670542478561;1.0
137;0.0075613027438521385;1.0
138;0.00862505566328764;1.0
139;0.007834607735276222;1.0
140;0.007263347040861845;1.0
141;0.008449806831777096;1.0
142;0.007524233311414719;1.0
143;0.0058249784633517265;1.0
144;0.006638105493038893;1.0
145;0.0065259444527328014;1.0
146;0.006202852353453636;1.0
147;0.0066530825570225716;1.0
148;0.006187605671584606;1.0
149;0.007248015608638525;1.0
150;0.007823949679732323;1.0
151;0.005003579892218113;1.0
152;0.005659646820276976;1.0
153;0.006048241630196571;1.0
154;0.004760639742016792;1.0
155;0.004936874378472567;1.0
156;0.010726244188845158;1.0
157;0.006416575983166695;1.0
158;0.006272241938859224;1.0
159;0.005345968995243311;1.0
160;0.005700971931219101;1.0
161;0.004781186114996672;1.0
162;0.005748092662543058;1.0
163;0.006500898394733667;1.0
164;0.005760615691542625;1.0
165;0.005027891602367163;1.0
166;0.00592005904763937;1.0
167;0.006345918867737055;1.0
168;0.006490660831332207;1.0
169;0.0040936702862381935;1.0
170;0.0055309804156422615;1.0
171;0.005517692770808935;1.0
172;0.0038552088662981987;1.0
173;0.006030414719134569;1.0
174;0.004851944278925657;1.0
175;0.005170249380171299;1.0
176;0.005350700579583645;1.0
177;0.006399984937161207;1.0
178;0.007791757117956877;1.0
179;0.0038333963602781296;1.0
180;0.004615211859345436;1.0
181;0.004781980067491531;1.0
182;0.00462304288521409;1.0
183;0.007023439276963472;1.0
184;0.005396946799010038;1.0
185;0.004979854449629784;1.0
186;0.004281032830476761;1.0
187;0.0043271202594041824;1.0
188;0.005242014303803444;1.0
189;0.004456906113773584;1.0
190;0.003775928867980838;1.0
191;0.0046611991710960865;1.0
192;0.004451523069292307;1.0
193;0.005165603011846542;1.0
194;0.0037253601476550102;1.0
195;0.004364257212728262;1.0
196;0.004490680526942015;1.0
197;0.004328958224505186;1.0
198;0.005641748197376728;1.0
199;0.005303836427628994;1.0
200;0.005095843691378832;1.0
201;0.004797082860022783;1.0
202;0.005094732157886028;1.0
203;0.004833114333450794;1.0
204;0.0031242442782968283;1.0
205;0.0034867713693529367;1.0
206;0.005910166539251804;1.0
207;0.0029879019130021334;1.0
208;0.0041549429297447205;1.0
209;0.0037876353599131107;1.0
210;0.003942397888749838;1.0
211;0.004361691884696484;1.0
212;0.005128873512148857;1.0
213;0.003344055498018861;1.0
214;0.0033338365610688925;1.0
215;0.004402002785354853;1.0
216;0.0029277883004397154;1.0
217;0.004283952992409468;1.0
218;0.005087773781269789;1.0
219;0.0031369358766824007;1.0
220;0.004201856441795826;1.0
221;0.004988244269043207;1.0
222;0.004431426990777254;1.0
223;0.004949244670569897;1.0
224;0.004936282988637686;1.0
225;0.004460623953491449;1.0
226;0.003648118581622839;1.0
227;0.004688088316470385;1.0
228;0.00489793112501502;1.0
229;0.0048741670325398445;1.0
230;0.002404171507805586;1.0
231;0.004392175003886223;1.0
232;0.005012432113289833;1.0
233;0.004677712917327881;1.0
234;0.004578733816742897;1.0
235;0.0036781057715415955;1.0
236;0.004013221710920334;1.0
237;0.0037590041756629944;1.0
238;0.0037031425163149834;1.0
239;0.004369033500552177;1.0
240;0.004049498587846756;1.0
241;0.004465178120881319;1.0
242;0.004599537700414658;1.0
243;0.003628397826105356;1.0
244;0.003022981807589531;1.0
245;0.0031208426225930452;1.0
246;0.0038517380598932505;1.0
247;0.003304254962131381;1.0
248;0.0033182844053953886;1.0
249;0.003970411606132984;1.0
250;0.00345003604888916;1.0
251;0.0033629261888563633;1.0
252;0.003357153618708253;1.0
253;0.0031453617848455906;1.0
254;0.0042405081912875175;1.0
255;0.0036456966772675514;1.0
256;0.003381491405889392;1.0
257;0.003276194678619504;1.0
258;0.0033084931783378124;1.0
259;0.0031243765261024237;1.0
260;0.0030568335205316544;1.0
261;0.003698524786159396;1.0
262;0.0037217692006379366;1.0
263;0.002535221865400672;1.0
264;0.0043191201984882355;1.0
265;0.0028610422741621733;1.0
266;0.004163272678852081;1.0
267;0.003841664409264922;1.0
268;0.004876130726188421;1.0
269;0.0032496037892997265;1.0
270;0.0039934152737259865;1.0
271;0.004127854015678167;1.0
272;0.0029626486357301474;1.0
273;0.0028893330600112677;1.0
274;0.0032977145165205;1.0
275;0.004138588905334473;1.0
276;0.0037447179201990366;1.0
277;0.003192695090547204;1.0
278;0.0028019482269883156;1.0
279;0.003210278693586588;1.0
280;0.004045150708407164;1.0
281;0.00317703397013247;1.0
282;0.0029574704822152853;1.0
283;0.0034202486276626587;1.0
284;0.0029955594800412655;1.0
285;0.003149824682623148;1.0
286;0.0034913411363959312;1.0
287;0.0031202391255646944;1.0
288;0.003480899380519986;1.0
289;0.00358795840293169;1.0
290;0.003860917640849948;1.0
291;0.0031443319749087095;1.0
292;0.0028425990603864193;1.0
293;0.002797642955556512;1.0
294;0.0029004388488829136;1.0
295;0.0030302030500024557;1.0
296;0.0025422670878469944;1.0
297;0.0038034236058592796;1.0
298;0.002887464826926589;1.0
299;0.002657474484294653;1.0
300;0.003293454647064209;1.0
301;0.002784442389383912;1.0
302;0.0023347472306340933;1.0
303;0.002970410045236349;1.0
304;0.0030112185049802065;1.0
305;0.002463544951751828;1.0
306;0.0029762419871985912;1.0
307;0.0031642878893762827;1.0
308;0.002625372726470232;1.0
309;0.0028110763523727655;1.0
310;0.0027961621526628733;1.0
311;0.002660802099853754;1.0
312;0.003607724793255329;1.0
313;0.0028916457667946815;1.0
314;0.0027421789709478617;1.0
315;0.003407974261790514;1.0
316;0.0029340405017137527;1.0
317;0.0032547975424677134;1.0
318;0.0021069408394396305;1.0
319;0.002548329532146454;1.0
320;0.0035792661365121603;1.0
321;0.002390293637290597;1.0
322;0.002437858609482646;1.0
323;0.002391791669651866;1.0
324;0.0038592631462961435;1.0
325;0.0023941821418702602;1.0
326;0.003056055400520563;1.0
327;0.0022528539411723614;1.0
328;0.0026623050216585398;1.0
329;0.002437087707221508;1.0
330;0.00356234610080719;1.0
331;0.003157199127599597;1.0
332;0.0026545883156359196;1.0
333;0.002709335647523403;1.0
334;0.003378579393029213;1.0
335;0.0029801034834235907;1.0
336;0.0028987505938857794;1.0
337;0.0023167848121374846;1.0
338;0.0028417780995368958;1.0
339;0.0035791206173598766;1.0
340;0.002527323318645358;1.0
341;0.0027177734300494194;1.0
342;0.0024269013665616512;1.0
343;0.002904958790168166;1.0
344;0.0024771601893007755;1.0
345;0.0027213392313569784;1.0
346;0.0021566462237387896;1.0
347;0.00196013948880136;1.0
348;0.0021089648362249136;1.0
349;0.002214227570220828;1.0
350;0.0030081847216933966;1.0
351;0.0033472415525466204;1.0
352;0.0030992371030151844;1.0
353;0.0034815266262739897;1.0
354;0.002482132986187935;1.0
355;0.0026519433595240116;1.0
356;0.0021579975727945566;1.0
357;0.002311877440661192;1.0
358;0.0022286411840468645;1.0
359;0.0020385722164064646;1.0
360;0.0020470472518354654;1.0
361;0.00222299387678504;1.0
362;0.002546292496845126;1.0
363;0.002184334211051464;1.0
364;0.002373838098719716;1.0
365;0.002783943433314562;1.0
366;0.0025703641586005688;1.0
367;0.00335902813822031;1.0
368;0.0022954780142754316;1.0
369;0.004393888171762228;1.0
370;0.0028402700554579496;1.0
371;0.00289740739390254;1.0
372;0.0028135066386312246;1.0
373;0.0029268807265907526;1.0
374;0.0030834125354886055;1.0
375;0.0029796662274748087;1.0
376;0.0024275120813399553;1.0
377;0.0023246263153851032;1.0
378;0.00181009026709944;1.0
379;0.0021592918783426285;1.0
380;0.0024730234872549772;1.0
381;0.002887752605602145;1.0
382;0.002345372922718525;1.0
383;0.0023852286394685507;1.0
384;0.0025842112954705954;1.0
385;0.0028514768928289413;1.0
386;0.00223276624456048;1.0
387;0.002708853455260396;1.0
388;0.0023922573309391737;1.0
389;0.0024998211301863194;1.0
390;0.0024330592714250088;1.0
391;0.0027888845652341843;1.0
392;0.002051176968961954;1.0
393;0.0019102670485153794;1.0
394;0.0025803549215197563;1.0
395;0.002113461261615157;1.0
396;0.0025538261979818344;1.0
397;0.0017682543257251382;1.0
398;0.003237177152186632;1.0
399;0.0018568426603451371;1.0
400;0.002619854174554348;1.0
401;0.0018330226885154843;1.0
402;0.0018059659050777555;1.0
403;0.001877380651421845;1.0
404;0.0023512549232691526;1.0
405;0.003023970639333129;1.0
406;0.002653656294569373;1.0
407;0.00193474639672786;1.0
408;0.0028653175104409456;1.0
409;0.0019344798056408763;1.0
410;0.0025345035828649998;1.0
411;0.0017926672007888556;1.0
412;0.0020900717936456203;1.0
413;0.0016569341532886028;1.0
414;0.002564668422564864;1.0
415;0.001993877813220024;1.0
416;0.0031625849660485983;1.0
417;0.0020888184662908316;1.0
418;0.0013447166420519352;1.0
419;0.0019009471870958805;1.0
420;0.002464764518663287;1.0
421;0.002109528286382556;1.0
422;0.0018842921126633883;1.0
423;0.0024697906337678432;1.0
424;0.002551533980295062;1.0
425;0.0016054543666541576;1.0
426;0.0023996587842702866;1.0
427;0.002263034461066127;1.0
428;0.0019066114909946918;1.0
429;0.0017851900774985552;1.0
430;0.002418852411210537;1.0
431;0.0027328087016940117;1.0
432;0.0025628770235925913;1.0
433;0.0022851626854389906;1.0
434;0.0024229343980550766;1.0
435;0.0027778949588537216;1.0
436;0.0018701947992667556;1.0
437;0.00230813049711287;1.0
438;0.0017853501485660672;1.0
439;0.0017140284180641174;1.0
440;0.0018801933620125055;1.0
441;0.0014091752236708999;1.0
442;0.0016462153289467096;1.0
443;0.0025990083813667297;1.0
444;0.002513785846531391;1.0
445;0.002013394609093666;1.0
446;0.0025657156948000193;1.0
447;0.001774817006662488;1.0
448;0.001585311139933765;1.0
449;0.0020192100200802088;1.0
450;0.0020408399868756533;1.0
451;0.00201299786567688;1.0
452;0.002206578617915511;1.0
453;0.0023045146372169256;1.0
454;0.0021723639219999313;1.0
455;0.0017814801540225744;1.0
456;0.0019471208797767758;1.0
457;0.001991949276998639;1.0
458;0.00155887589789927;1.0
459;0.001866146340034902;1.0
460;0.001913838554173708;1.0
461;0.0018446077592670918;1.0
462;0.0022572041489183903;1.0
463;0.002022089436650276;1.0
464;0.0021183891221880913;1.0
465;0.0022359450813382864;1.0
466;0.0022296300157904625;1.0
467;0.00241932668723166;1.0
468;0.0019420277094468474;1.0
469;0.0022661848925054073;1.0
470;0.001763374195434153;1.0
471;0.0019697255920618773;1.0
472;0.0019362677121534944;1.0
473;0.0014391981530934572;1.0
474;0.001956731313839555;1.0
475;0.001572964945808053;1.0
476;0.001759542035870254;1.0
477;0.0016733456868678331;1.0
478;0.0018803892889991403;1.0
479;0.0014793876325711608;1.0
480;0.0017128454055637121;1.0
481;0.0016953288577497005;1.0
482;0.0015509688528254628;1.0
483;0.0020721242763102055;1.0
484;0.0022400126326829195;1.0
485;0.001688787480816245;1.0
486;0.0018096950370818377;1.0
487;0.002136355033144355;1.0
488;0.0016672383062541485;1.0
489;0.0021586345974355936;1.0
490;0.0020833818707615137;1.0
491;0.0018174519063904881;1.0
492;0.0016409439267590642;1.0
493;0.0019476867746561766;1.0
494;0.0020043638069182634;1.0
495;0.0012611326528713107;1.0
496;0.0016638287343084812;1.0
497;0.0015231264987960458;1.0
498;0.0016058903420343995;1.0
499;0.00203126622363925;1.0
500;0.0014764220686629415;1.0
501;0.0019580151420086622;1.0
502;0.002107772510498762;1.0
503;0.002134015318006277;1.0
504;0.0017670918023213744;1.0
505;0.0014527423772960901;1.0
506;0.0015529587399214506;1.0
507;0.001819500233978033;1.0
508;0.0012772768968716264;1.0
509;0.0016060888301581144;1.0
510;0.0013813715195283294;1.0
511;0.0018237509066239;1.0
512;0.0013952511362731457;1.0
513;0.0012826337479054928;1.0
514;0.0019301389111205935;1.0
515;0.0018676359904929996;1.0
516;0.0018483034800738096;1.0
517;0.0010711930226534605;1.0
518;0.0014117679093033075;1.0
519;0.0015158128226175904;1.0
520;0.001146898022852838;1.0
521;0.0013261494459584355;1.0
522;0.0025572916492819786;1.0
523;0.0017637828132137656;1.0
524;0.0013183519477024674;1.0
525;0.0019466141238808632;1.0
526;0.0018140232423320413;1.0
527;0.002103633712977171;1.0
528;0.0024024229496717453;1.0
529;0.0016562549863010645;1.0
530;0.0017540727276355028;1.0
531;0.001305683865211904;1.0
532;0.0019384206971153617;1.0
533;0.0011926228180527687;1.0
534;0.0016584958648309112;1.0
535;0.002326522720977664;1.0
536;0.0015046756016090512;1.0
537;0.0010890874546021223;1.0
538;0.0012373514473438263;1.0
539;0.0016854923451319337;1.0
540;0.0010763815371319652;1.0
541;0.0019026703666895628;1.0
542;0.0014381910441443324;1.0
543;0.001981492852792144;1.0
544;0.0015709914732724428;1.0
545;0.0014507612213492393;1.0
546;0.0017691269749775529;1.0
547;0.0012313202023506165;1.0
548;0.0027104937471449375;1.0
549;0.002137367380782962;1.0
550;0.0019564307294785976;1.0
551;0.0013198391534388065;1.0
552;0.0019139867508783937;1.0
553;0.0011091622291132808;1.0
554;0.0013943507801741362;1.0
555;0.0016198348021134734;1.0
556;0.0014400158543139696;1.0
557;0.0016685714945197105;1.0
558;0.001624849159270525;1.0
559;0.0022092012222856283;1.0
560;0.0017223390750586987;1.0
561;0.0015965988859534264;1.0
562;0.0010623052949085832;1.0
563;0.00158500368706882;1.0
564;0.0015758202644065022;1.0
565;0.0011955241207033396;1.0
566;0.0009878542041406035;1.0
567;0.0015231375582516193;1.0
568;0.0017129321349784732;1.0
569;0.0018994990969076753;1.0
570;0.002286984585225582;1.0
571;0.001155668287537992;1.0
572;0.001472644042223692;1.0
573;0.001029245788231492;1.0
574;0.00144350272603333;1.0
575;0.001272163586691022;1.0
576;0.0017269786912947893;1.0
577;0.0010290452046319842;1.0
578;0.001678932923823595;1.0
579;0.0016990117728710175;1.0
580;0.0011804121313616633;1.0
581;0.0013596401549875736;1.0
582;0.0009128497331403196;1.0
583;0.0018043206073343754;1.0
584;0.0012095983838662505;1.0
585;0.0015270727453753352;1.0
586;0.001260039978660643;1.0
587;0.0010330741060897708;1.0
588;0.001416947110556066;1.0
589;0.0010596459032967687;1.0
590;0.0013237879611551762;1.0
591;0.0013328565983101726;1.0
592;0.0012519932352006435;1.0
593;0.0010875468142330647;1.0
594;0.001644521253183484;1.0
595;0.0013087415136396885;1.0
596;0.001222986145876348;1.0
597;0.0012554895365610719;1.0
598;0.0012701147934421897;1.0
599;0.0017052479088306427;1.0
600;0.0011286939261481166;1.0
601;0.0012361716944724321;1.0
602;0.0012732750037685037;1.0
603;0.001533157774247229;1.0
604;0.0015085880877450109;1.0
605;0.0011265226639807224;1.0
606;0.0011406495468690991;1.0
607;0.0013097126502543688;1.0
608;0.001443163026124239;1.0
609;0.0017179179703816772;1.0
610;0.0015478443820029497;1.0
611;0.001667515141889453;1.0
612;0.001243841601535678;1.0
613;0.0011448380537331104;1.0
614;0.0011577594559639692;1.0
615;0.001267825486138463;1.0
616;0.0016761240549385548;1.0
617;0.001277304720133543;1.0
618;0.0012949886731803417;1.0
619;0.0011929767206311226;1.0
620;0.0010429215617477894;1.0
621;0.0009433271479792893;1.0
622;0.0011384290410205722;1.0
623;0.0009930431842803955;1.0
624;0.0011811606818810105;1.0
625;0.001105559291318059;1.0
626;0.001501203514635563;1.0
627;0.0010248278267681599;1.0
628;0.001398239633999765;1.0
629;0.001455280464142561;1.0
630;0.0012174401199445128;1.0
631;0.0012501110322773457;1.0
632;0.0013329095672816038;1.0
633;0.0013451771810650826;1.0
634;0.0009606193634681404;1.0
635;0.0015774993225932121;1.0
636;0.000951502239331603;1.0
637;0.002090904163196683;1.0
638;0.0012577864108607173;1.0
639;0.0017021032981574535;1.0
640;0.0010925735114142299;1.0
641;0.0014725872315466404;1.0
642;0.0010765092447400093;1.0
643;0.0016071246936917305;1.0
644;0.0012105803471058607;1.0
645;0.001798678538762033;1.0
646;0.0010278784902766347;1.0
647;0.0010917357867583632;1.0
648;0.0012396123493090272;1.0
649;0.0007670526974834502;1.0
650;0.0012183805229142308;1.0
651;0.000918208563234657;1.0
652;0.001296066795475781;1.0
653;0.0012587131932377815;1.0
654;0.0013819538289681077;1.0
655;0.0014750570990145206;1.0
656;0.0010735000250861049;1.0
657;0.0010398832382634282;1.0
658;0.0010680424747988582;1.0
659;0.0015276717022061348;1.0
660;0.0009284169063903391;1.0
661;0.001401231624186039;1.0
662;0.0015944050392135978;1.0
663;0.001553450128994882;1.0
664;0.0011155345709994435;1.0
665;0.001569807413034141;1.0
666;0.0012761205434799194;1.0
667;0.0009639363270252943;1.0
668;0.001157700433395803;1.0
669;0.00136340141762048;1.0
670;0.0010443107457831502;1.0
671;0.0012219412019476295;1.0
672;0.0006726130377501249;1.0
673;0.0012041261652484536;1.0
674;0.001039858558215201;1.0
675;0.001808430883102119;1.0
676;0.001246164320036769;1.0
677;0.0009605620871298015;1.0
678;0.0014355540042743087;1.0
679;0.0008726028609089553;1.0
680;0.0009169017430394888;1.0
681;0.0010849388781934977;1.0
682;0.0009176001767627895;1.0
683;0.0008927730959840119;1.0
684;0.00107237184420228;1.0
685;0.0011768874246627092;1.0
686;0.0012173970462754369;1.0
687;0.001103689195588231;1.0
688;0.0012613761937245727;1.0
689;0.0012850994244217873;1.0
690;0.0011737165041267872;1.0
691;0.0012468155473470688;1.0
692;0.001222887891344726;1.0
693;0.0011756184976547956;1.0
694;0.0012358090607449412;1.0
695;0.0008210603264160454;1.0
696;0.0012610629200935364;1.0
697;0.0010596856009215117;1.0
698;0.0010276685934513807;1.0
699;0.0010230500483885407;1.0
700;0.0011180838337168097;1.0
701;0.0008988758199848235;1.0
702;0.001213184790685773;1.0
703;0.0012419469421729445;1.0
704;0.0009231175645254552;1.0
705;0.0009492622339166701;1.0
706;0.0013431315310299397;1.0
707;0.0017182956216856837;1.0
708;0.0008328919066116214;1.0
709;0.0007495361496694386;1.0
710;0.0012953173136338592;1.0
711;0.001022973214276135;1.0
712;0.0011297446908429265;1.0
713;0.0011002635583281517;1.0
714;0.0010478724725544453;1.0
715;0.0011524339206516743;1.0
716;0.00114760035648942;1.0
717;0.0013067425461485982;1.0
718;0.0010806919308379292;1.0
719;0.0006135653820820153;1.0
720;0.0009294038754887879;1.0
721;0.0008123352890834212;1.0
722;0.0010895903687924147;1.0
723;0.0008136299438774586;1.0
724;0.0007457432802766562;1.0
725;0.0014223731122910976;1.0
726;0.0011324221268296242;1.0
727;0.000970127759501338;1.0
728;0.0013372399844229221;1.0
729;0.0008589539211243391;1.0
730;0.001027225865982473;1.0
731;0.001287411549128592;1.0
732;0.0010610254248604178;1.0
733;0.0011153691448271275;1.0
734;0.0013440027832984924;1.0
735;0.0012444708263501525;1.0
736;0.0009125159122049809;1.0
737;0.0014051307225599885;1.0
738;0.0008564877789467573;1.0
739;0.000837043160572648;1.0
740;0.0009299622615799308;1.0
741;0.0008359109051525593;1.0
742;0.0010969344293698668;1.0
743;0.0007229484617710114;1.0
744;0.0009510046802461147;1.0
745;0.0007243541767820716;1.0
746;0.0009266326669603586;1.0
747;0.0011386667611077428;1.0
748;0.0009901652811095119;1.0
749;0.000723472738172859;1.0
750;0.0009045340120792389;1.0
751;0.0007823175983503461;1.0
752;0.0009407035540789366;1.0
753;0.0008115574019029737;1.0
754;0.000912443152628839;1.0
755;0.0008501818520016968;1.0
756;0.0004788397636730224;1.0
757;0.0009309122106060386;1.0
758;0.0007231488125398755;1.0
759;0.0007076938636600971;1.0
760;0.001059229951351881;1.0
761;0.0006115096621215343;1.0
762;0.000641203427221626;1.0
763;0.0008959933184087276;1.0
764;0.000753346539568156;1.0
765;0.0006356574012897909;1.0
766;0.0007902603829279542;1.0
767;0.0007863923674449325;1.0
768;0.0007602047990076244;1.0
769;0.0008302505593746901;1.0
770;0.0005981626454740763;1.0
771;0.0008602287853136659;1.0
772;0.0005146018811501563;1.0
773;0.00054518086835742;1.0
774;0.000855961290653795;1.0
775;0.0010127088753506541;1.0
776;0.0007729745120741427;1.0
777;0.0009022906306199729;1.0
778;0.0006049909279681742;1.0
779;0.0007993911276571453;1.0
780;0.001029696548357606;1.0
781;0.0006562210037373006;1.0
782;0.0006701712845824659;1.0
783;0.001037696609273553;1.0
784;0.0006975398282520473;1.0
785;0.0008890918688848615;1.0
786;0.0007292580557987094;1.0
787;0.0008052883204072714;1.0
788;0.0005276246229186654;1.0
789;0.000753177679143846;1.0
790;0.0007423680508509278;1.0
791;0.0007082674419507384;1.0
792;0.0005683852359652519;1.0
793;0.0007401586044579744;1.0
794;0.0007737380801700056;1.0
795;0.0009183005895465612;1.0
796;0.0008062986307777464;1.0
797;0.0006885446491651237;1.0
798;0.0008770189597271383;1.0
799;0.0005603996105492115;1.0
800;0.0008595961262471974;1.0
801;0.0008249218808487058;1.0
802;0.0010274930391460657;1.0
803;0.000836092687677592;1.0
804;0.0006991164409555495;1.0
805;0.0008778325282037258;1.0
806;0.0007516887853853405;1.0
807;0.0007065293029882014;1.0
808;0.0007004939252510667;1.0
809;0.0007938790949992836;1.0
810;0.0006825849413871765;1.0
811;0.0008963813888840377;1.0
812;0.0009157955064438283;1.0
813;0.0007480769418179989;1.0
814;0.0008007860742509365;1.0
815;0.0012406420428305864;1.0
816;0.0007415520958602428;1.0
817;0.0011362738441675901;1.0
818;0.0006030819495208561;1.0
819;0.0005799558130092919;1.0
820;0.001310171326622367;1.0
821;0.001033531385473907;1.0
822;0.0006189781706780195;1.0
823;0.0006207124097272754;1.0
824;0.0007659069378860295;1.0
825;0.0006588716641999781;1.0
826;0.0007025788072496653;1.0
827;0.0009119660244323313;1.0
828;0.0008145376923494041;1.0
829;0.0007789962110109627;1.0
830;0.0004773090477101505;1.0
831;0.0006022304878570139;1.0
832;0.00047884645755402744;1.0
833;0.0007749225478619337;1.0
834;0.0006431075162254274;1.0
835;0.000511622813064605;1.0
836;0.0006336473161354661;1.0
837;0.0007470048731192946;1.0
838;0.000759072951041162;1.0
839;0.0011371781583875418;1.0
840;0.001139695174060762;1.0
841;0.0005249876994639635;1.0
842;0.0006145254010334611;1.0
843;0.0006621669745072722;1.0
844;0.0006534490967169404;1.0
845;0.0007588414009660482;1.0
846;0.0006055797566659749;1.0
847;0.0009004906751215458;1.0
848;0.0007734771934337914;1.0
849;0.0007934145396575332;1.0
850;0.0006091122049838305;1.0
851;0.0005918219103477895;1.0
852;0.00041243244777433574;1.0
853;0.000781774811912328;1.0
854;0.0007908367551863194;1.0
855;0.000817882246337831;1.0
856;0.0006135787698440254;1.0
857;0.0008671036921441555;1.0
858;0.00090181635459885;1.0
859;0.0009315749048255384;1.0
860;0.0005460889078676701;1.0
861;0.0006181030767038465;1.0
862;0.0008941132109612226;1.0
863;0.0008606478804722428;1.0
864;0.0007081337389536202;1.0
865;0.0006060449522919953;1.0
866;0.0006486161146312952;1.0
867;0.000503616058267653;1.0
868;0.0006700152880512178;1.0
869;0.0007289889617823064;1.0
870;0.0006368547910824418;1.0
871;0.0009290399611927569;1.0
872;0.0008358489722013474;1.0
873;0.0005267445230856538;1.0
874;0.0006970491958782077;1.0
875;0.0006333556957542896;1.0
876;0.0010429469402879477;1.0
877;0.000566556234844029;1.0
878;0.0006448935600928962;1.0
879;0.0005974526284262538;1.0
880;0.0005960130365565419;1.0
881;0.0008243534248322248;1.0
882;0.0006699024816043675;1.0
883;0.0005930855986662209;1.0
884;0.000523855909705162;1.0
885;0.0005855245981365442;1.0
886;0.00048802755190990865;1.0
887;0.0004673385701607913;1.0
888;0.0007817231235094368;1.0
889;0.0006150904227979481;1.0
890;0.0005702600465156138;1.0
891;0.0006529947277158499;1.0
892;0.000732193875592202;1.0
893;0.0005411170423030853;1.0
894;0.000717841146979481;1.0
895;0.0008797222399152815;1.0
896;0.000679429795127362;1.0
897;0.0004476095491554588;1.0
898;0.0006318764644674957;1.0
899;0.000589375093113631;1.0
900;0.0006535305874422193;1.0
901;0.0005863765254616737;1.0
902;0.000538053282070905;1.0
903;0.0006758432718925178;1.0
904;0.000760820519644767;1.0
905;0.0006469751824624836;1.0
906;0.0005741867353208363;1.0
907;0.0008225452620536089;1.0
908;0.0006723058177158237;1.0
909;0.00044195647933520377;1.0
910;0.0006656795740127563;1.0
911;0.000665350875351578;1.0
912;0.0008523853030055761;1.0
913;0.0008496428490616381;1.0
914;0.0005088990437798202;1.0
915;0.000656927702948451;1.0
916;0.0008640520391054451;1.0
917;0.0006899780128151178;1.0
918;0.0006376407109200954;1.0
919;0.0006610061973333359;1.0
920;0.0006773120840080082;1.0
921;0.0007294715032912791;1.0
922;0.00045359390787780285;1.0
923;0.0007294990355148911;1.0
924;0.0006487782811746001;1.0
925;0.0010062954388558865;1.0
926;0.0007443801150657237;1.0
927;0.000740663381293416;1.0
928;0.0005135778919793665;1.0
929;0.0006128145614638925;1.0
930;0.0008830954320728779;1.0
931;0.0007937162881717086;1.0
932;0.0006721166428178549;1.0
933;0.0006774392677471042;1.0
934;0.0007126263808459044;1.0
935;0.0007056383183225989;1.0
936;0.0006275649648159742;1.0
937;0.0007587294094264507;1.0
938;0.000635397678706795;1.0
939;0.0006786969024688005;1.0
940;0.0005209824303165078;1.0
941;0.00048507386236451566;1.0
942;0.0003508297959342599;1.0
943;0.0006015629624016583;1.0
944;0.0003996254235971719;1.0
945;0.0004535613115876913;1.0
946;0.0007398250745609403;1.0
947;0.0007922427612356842;1.0
948;0.0007671708590351045;1.0
949;0.00041002940270118415;1.0
950;0.00037536327727138996;1.0
951;0.00047243922017514706;1.0
952;0.000530816032551229;1.0
953;0.0005903413984924555;1.0
954;0.000552861369214952;1.0
955;0.0006590139819309115;1.0
956;0.0007151018362492323;1.0
957;0.0006882759043946862;1.0
958;0.0005983883747830987;1.0
959;0.0005949607584625483;1.0
960;0.0005128672928549349;1.0
961;0.0006901582237333059;1.0
962;0.0006610246491618454;1.0
963;0.000823675305582583;1.0
964;0.0004920523497276008;1.0
965;0.0005120482528582215;1.0
966;0.0004390011599753052;1.0
967;0.00038875231985002756;1.0
968;0.00043207884300500154;1.0
969;0.0005671667167916894;1.0
970;0.0005305159720592201;1.0
971;0.0003951606049668044;1.0
972;0.0005000386154279113;1.0
973;0.0008223459008149803;1.0
974;0.0005414221668615937;1.0
975;0.0009427511831745505;1.0
976;0.00052818184485659;1.0
977;0.0005186002817936242;1.0
978;0.0006538127199746668;1.0
979;0.0004676122625824064;1.0
980;0.0005044844001531601;1.0
981;0.0004859355394728482;1.0
982;0.0007479061023332179;1.0
983;0.00046664956607855856;1.0
984;0.0006259761867113411;1.0
985;0.0005277296877466142;1.0
986;0.0006684139952994883;1.0
987;0.00037340668495744467;1.0
988;0.0008210164960473776;1.0
989;0.0004996188217774034;1.0
990;0.0004446100792847574;1.0
991;0.0005085621378384531;1.0
992;0.0004821398761123419;1.0
993;0.00042562265298329294;1.0
994;0.0004529848229140043;1.0
995;0.00038147703162394464;1.0
996;0.0006686292472295463;1.0
997;0.0005823972169309855;1.0
998;0.00044984021224081516;1.0
999;0.0005958200199529529;1.0
1000;0.00044381499174050987;1.0
1001;0.0005387856508605182;1.0
1002;0.0005249057430773973;1.0
1003;0.00038510255399160087;1.0
1004;0.0004826363583561033;1.0
1005;0.0003885214391630143;1.0
1006;0.000509553705342114;1.0
1007;0.0005306221428327262;1.0
1008;0.00040221086237579584;1.0
1009;0.0004430795961525291;1.0
1010;0.00041882169898599386;1.0
1011;0.00044837489258497953;1.0
1012;0.0004940044600516558;1.0
1013;0.0005918004899285734;1.0
1014;0.000472939049359411;1.0
1015;0.0008983351290225983;1.0
1016;0.0005470577161759138;1.0
1017;0.0004977504722774029;1.0
1018;0.0005007055588066578;1.0
1019;0.0004042942891828716;1.0
1020;0.0005378531059250236;1.0
1021;0.00039984475006349385;1.0
1022;0.00048117144615389407;1.0
1023;0.000496577238664031;1.0
1024;0.0004954769392497838;1.0
1025;0.00040571679710410535;1.0
1026;0.00046318938257172704;1.0
1027;0.0005348859122022986;1.0
1028;0.000520212750416249;1.0
1029;0.0004213262291159481;1.0
1030;0.0004718379641417414;1.0
1031;0.0006535987486131489;1.0
1032;0.0004921819781884551;1.0
1033;0.0003806978347711265;1.0
1034;0.000698082847520709;1.0
1035;0.0005857295473106205;1.0
1036;0.0004310320073273033;1.0
1037;0.0004196219379082322;1.0
1038;0.0004403294005896896;1.0
1039;0.0007130645681172609;1.0
1040;0.0005792664596810937;1.0
1041;0.0005029030726291239;1.0
1042;0.00042869694880209863;1.0
1043;0.0005001556128263474;1.0
1044;0.0005011098692193627;1.0
1045;0.00038665730971843004;1.0
1046;0.0005476321093738079;1.0
1047;0.0004045048845000565;1.0
1048;0.0004197738307993859;1.0
1049;0.0003271549940109253;1.0
1050;0.0005631882813759148;1.0
1051;0.0004011687997262925;1.0
1052;0.000548565702047199;1.0
1053;0.000602962274570018;1.0
1054;0.0004559922672342509;1.0
1055;0.00039423766429536045;1.0
1056;0.0004947916604578495;1.0
1057;0.00043326866580173373;1.0
1058;0.0005927210440859199;1.0
1059;0.0007283439626917243;1.0
1060;0.0007027594256214797;1.0
1061;0.0005137904663570225;1.0
1062;0.00041802204214036465;1.0
1063;0.000428353319875896;1.0
1064;0.0004488294944167137;1.0
1065;0.0005307242972776294;1.0
1066;0.0005469981115311384;1.0
1067;0.00041070449515245855;1.0
1068;0.0005104875890538096;1.0
1069;0.0003772894269786775;1.0
1070;0.0004740312579087913;1.0
1071;0.0004888057592324913;1.0
1072;0.0003941455506719649;1.0
1073;0.0004045831738039851;1.0
1074;0.0005052057094871998;1.0
1075;0.00046284860582090914;1.0
1076;0.0004084949323441833;1.0
1077;0.00038348068483173847;1.0
1078;0.0003854235401377082;1.0
1079;0.000542284979019314;1.0
1080;0.0006581770721822977;1.0
1081;0.00043488680967129767;1.0
1082;0.000390407134545967;1.0
1083;0.00052490527741611;1.0
1084;0.00042406338616274297;1.0
1085;0.00031085405498743057;1.0
1086;0.0005689926911145449;1.0
1087;0.00039256070158444345;1.0
1088;0.0005885298014618456;1.0
1089;0.00048787190462462604;1.0
1090;0.0006023013847880065;1.0
1091;0.0004994403570890427;1.0
1092;0.0004148881998844445;1.0
1093;0.0004721929435618222;1.0
1094;0.0003981109766755253;1.0
1095;0.0004255157837178558;1.0
1096;0.0004797237634193152;1.0
1097;0.0007499594939872622;1.0
1098;0.0004714212263934314;1.0
1099;0.00041509707807563245;1.0
1100;0.0004018695035483688;1.0
1101;0.0004170860629528761;1.0
1102;0.0006396057433448732;1.0
1103;0.0004473487788345665;1.0
1104;0.0004693377122748643;1.0
1105;0.0006671689334325492;1.0
1106;0.0005704586510546505;1.0
1107;0.00046293818741105497;1.0
1108;0.0004675347008742392;1.0
1109;0.0003890351508744061;1.0
1110;0.00041389768011868;1.0
1111;0.00045052552013657987;1.0
1112;0.00042285426752641797;1.0
1113;0.0005969474441371858;1.0
1114;0.0004270324716344476;1.0
1115;0.0005120956338942051;1.0
1116;0.0003992248384747654;1.0
1117;0.00048421602696180344;1.0
1118;0.00039807145367376506;1.0
1119;0.0005142622394487262;1.0
1120;0.0002718422329053283;1.0
1121;0.0005067053716629744;1.0
1122;0.000771190389059484;1.0
1123;0.0003556726733222604;1.0
1124;0.0003272667818237096;1.0
1125;0.0006120189791545272;1.0
1126;0.0005361277144402266;1.0
1127;0.0005499929538927972;1.0
1128;0.0004902717773802578;1.0
1129;0.00030145718483254313;1.0
1130;0.0003761034458875656;1.0
1131;0.0005068494938313961;1.0
1132;0.0004248908662702888;1.0
1133;0.00047865998931229115;1.0
1134;0.00040559619083069265;1.0
1135;0.0004833608982153237;1.0
1136;0.0003661585506051779;1.0
1137;0.0003895882982760668;1.0
1138;0.0004560879897326231;1.0
1139;0.0004641877021640539;1.0
1140;0.00040925879147835076;1.0
1141;0.00043167415424250066;1.0
1142;0.00042092453804798424;1.0
1143;0.0004394032876007259;1.0
1144;0.0005398339126259089;1.0
1145;0.0003779585531447083;1.0
1146;0.0002749587001744658;1.0
1147;0.0003607979160733521;1.0
1148;0.0003725203569047153;1.0
1149;0.0004312462406232953;1.0
1150;0.00040754530346021056;1.0
1151;0.00033166990033350885;1.0
1152;0.0003636266919784248;1.0
1153;0.00033373190672136843;1.0
1154;0.0003537059819791466;1.0
1155;0.0003088802332058549;1.0
1156;0.00033892373903654516;1.0
1157;0.00044367462396621704;1.0
1158;0.00042038093670271337;1.0
1159;0.0006501595489680767;1.0
1160;0.00046423316234722733;1.0
1161;0.00024312766618095338;1.0
1162;0.0002676122239790857;1.0
1163;0.00036547466879710555;1.0
1164;0.00047796181752346456;1.0
1165;0.0004469584964681417;1.0
1166;0.0004400195903144777;1.0
1167;0.00035519403172656894;1.0
1168;0.0005030560423620045;1.0
1169;0.00027651037089526653;1.0
1170;0.00032528265728615224;1.0
1171;0.00041623026481829584;1.0
1172;0.0004392376577015966;1.0
1173;0.00029989995528012514;1.0
1174;0.00042183854384347796;1.0
1175;0.0004252558865118772;1.0
1176;0.000342164421454072;1.0
1177;0.0003266273415647447;1.0
1178;0.00035313062835484743;1.0
1179;0.00041569728637114167;1.0
1180;0.00033349182922393084;1.0
1181;0.00037359734415076673;1.0
1182;0.0005330645362846553;1.0
1183;0.00031430565286427736;1.0
1184;0.00030152336694300175;1.0
1185;0.0004704631573986262;1.0
1186;0.00037890285602770746;1.0
1187;0.00028349849162623286;1.0
1188;0.0005750787095166743;1.0
1189;0.00045473978389054537;1.0
1190;0.0005715928273275495;1.0
1191;0.00024686771212145686;1.0
1192;0.0003114448918495327;1.0
1193;0.0005211015231907368;1.0
1194;0.0002642190083861351;1.0
1195;0.0003911901731044054;1.0
1196;0.0003281297395005822;1.0
1197;0.0005337351467460394;1.0
1198;0.00039246040978468955;1.0
1199;0.0005645283963531256;1.0
1200;0.0003907503851223737;1.0
1201;0.0004759592702612281;1.0
1202;0.0003475249686744064;1.0
1203;0.0002649720699992031;1.0
1204;0.0003335241926833987;1.0
1205;0.0004475017776712775;1.0
1206;0.0003951875842176378;1.0
1207;0.00025790679501369596;1.0
1208;0.00033608090598136187;1.0
1209;0.0002929489710368216;1.0
1210;0.00030241571948863566;1.0
1211;0.00036456139059737325;1.0
1212;0.0002818493521772325;1.0
1213;0.0003369365003891289;1.0
1214;0.0004015863232780248;1.0
1215;0.0002780364011414349;1.0
1216;0.0003491341194603592;1.0
1217;0.00037800369318574667;1.0
1218;0.0005155069520696998;1.0
1219;0.0004127781430725008;1.0
1220;0.0004071293515153229;1.0
1221;0.00043795962119475007;1.0
1222;0.000290281925117597;1.0
1223;0.00034710229374468327;1.0
1224;0.0005134707316756248;1.0
1225;0.0003422928275540471;1.0
1226;0.00036655209260061383;1.0
1227;0.0003304160782136023;1.0
1228;0.00038347250665538013;1.0
1229;0.00045768028940074146;1.0
1230;0.0004056865582242608;1.0
1231;0.000261053181020543;1.0
1232;0.00032761774491518736;1.0
1233;0.0002644399064593017;1.0
1234;0.0004520203801803291;1.0
1235;0.00037822246667928994;1.0
1236;0.00043708275188691914;1.0
1237;0.0004998437943868339;1.0
1238;0.0006732494221068919;1.0
1239;0.0003646499535534531;1.0
1240;0.0006051958189345896;1.0
1241;0.00022982801601756364;1.0
1242;0.0003425952745601535;1.0
1243;0.0003360497939866036;1.0
1244;0.00032143385033123195;1.0
1245;0.0003815715026576072;1.0
1246;0.0003863816673401743;1.0
1247;0.0003662905073724687;1.0
1248;0.0003248878929298371;1.0
1249;0.0003874079557135701;1.0
1250;0.00041725824121385813;1.0
1251;0.00031768184271641076;1.0
1252;0.00039742529042996466;1.0
1253;0.00030720807262696326;1.0
1254;0.00027398753445595503;1.0
1255;0.00028619111981242895;1.0
1256;0.00033772221649996936;1.0
1257;0.0002955072559416294;1.0
1258;0.0003155882586725056;1.0
1259;0.00036912623909302056;1.0
1260;0.0003209184214938432;1.0
1261;0.0003996833402197808;1.0
1262;0.0003238738572690636;1.0
1263;0.00026302304468117654;1.0
1264;0.000346733519108966;1.0
1265;0.0005669803358614445;1.0
1266;0.00030256627360358834;1.0
1267;0.00025144030223600566;1.0
1268;0.0003425123868510127;1.0
1269;0.00034974594018422067;1.0
1270;0.00043560180347412825;1.0
1271;0.00041353292181156576;1.0
1272;0.000316086778184399;1.0
1273;0.0003274320042692125;1.0
1274;0.0003516527940519154;1.0
1275;0.00023059213708620518;1.0
1276;0.00038481480441987514;1.0
1277;0.00040728607564233243;1.0
1278;0.00030283545493148267;1.0
1279;0.00023037147184368223;1.0
1280;0.00027860968839377165;1.0
1281;0.00020573301299009472;1.0
1282;0.0002383941027801484;1.0
1283;0.0004974851035512984;1.0
1284;0.00036740663927048445;1.0
1285;0.00028530717827379704;1.0
1286;0.0003533371491357684;1.0
1287;0.0003775252844206989;1.0
1288;0.0003577497263904661;1.0
1289;0.0001966788258869201;1.0
1290;0.00026703585172072053;1.0
1291;0.00040753092616796494;1.0
1292;0.0003594272711779922;1.0
1293;0.00031996137113310397;1.0
1294;0.00028233241755515337;1.0
1295;0.000287474860670045;1.0
1296;0.00033583425101824105;1.0
1297;0.00026105367578566074;1.0
1298;0.0003346371231600642;1.0
1299;0.00027710330323316157;1.0
1300;0.00037552500725723803;1.0
1301;0.00032617829856462777;1.0
1302;0.0002595946716610342;1.0
1303;0.00026013818569481373;1.0
1304;0.00035535695496946573;1.0
1305;0.0002828319265972823;1.0
1306;0.0002197742142016068;1.0
1307;0.00032032973831519485;1.0
1308;0.0003272569156251848;1.0
1309;0.00040947311208583415;1.0
1310;0.00038327911170199513;1.0
1311;0.0003355502849444747;1.0
1312;0.00022061080380808562;1.0
1313;0.00026078452356159687;1.0
1314;0.0002718860632739961;1.0
1315;0.0002820008376147598;1.0
1316;0.0006643914384767413;1.0
1317;0.00028393397224135697;1.0
1318;0.00026955618523061275;1.0
1319;0.00028413996915332973;1.0
1320;0.00037233668263070285;1.0
1321;0.0002300069318152964;1.0
1322;0.00020237658463884145;1.0
1323;0.000225611322093755;1.0
1324;0.0003743292763829231;1.0
1325;0.000343591149430722;1.0
1326;0.0003877542039845139;1.0
1327;0.00028904416831210256;1.0
1328;0.0004083201929461211;1.0
1329;0.00028269068570807576;1.0
1330;0.00023724365746602416;1.0
1331;0.00031594029860571027;1.0
1332;0.00030578445876017213;1.0
1333;0.00041957348003052175;1.0
1334;0.00026517119840718806;1.0
1335;0.000250912707997486;1.0
1336;0.00035895558539777994;1.0
1337;0.00029325782088562846;1.0
1338;0.00028240663232281804;1.0
1339;0.00026897384668700397;1.0
1340;0.0002985798637382686;1.0
1341;0.0002508776087779552;1.0
1342;0.000235251325648278;1.0
1343;0.0002428194711683318;1.0
1344;0.00034918513847514987;1.0
1345;0.00022062193602323532;1.0
1346;0.00030290469294413924;1.0
1347;0.0002512910286895931;1.0
1348;0.0004040180065203458;1.0
1349;0.000310720584820956;1.0
1350;0.00026034560869447887;1.0
1351;0.00027505692560225725;1.0
1352;0.0002611357776913792;1.0
1353;0.00037307821912690997;1.0
1354;0.00029549264581874013;1.0
1355;0.0002482839918229729;1.0
1356;0.0002276438899571076;1.0
1357;0.00024972629034891725;1.0
1358;0.00030992383835837245;1.0
1359;0.0003012740926351398;1.0
1360;0.0003395786043256521;1.0
1361;0.0004888188559561968;1.0
1362;0.0003514503769110888;1.0
1363;0.000322077568853274;1.0
1364;0.00026027378044091165;1.0
1365;0.00025249714963138103;1.0
1366;0.00024591421242803335;1.0
1367;0.0002875532954931259;1.0
1368;0.00022237663506530225;1.0
1369;0.0002851199242286384;1.0
1370;0.0006345448782667518;1.0
1371;0.0001818244782043621;1.0
1372;0.0003529275127220899;1.0
1373;0.00033199790050275624;1.0
1374;0.00026911927852779627;1.0
1375;0.00023880353546701372;1.0
1376;0.00023792198044247925;1.0
1377;0.00025850237580016255;1.0
1378;0.0002717955503612757;1.0
1379;0.00034703491837717593;1.0
1380;0.00021047865448053926;1.0
1381;0.00019972940208390355;1.0
1382;0.0002832749451044947;1.0
1383;0.00027434391085989773;1.0
1384;0.0003447317285463214;1.0
1385;0.00017783278599381447;1.0
1386;0.00022592523600906134;1.0
1387;0.0002413955080555752;1.0
1388;0.000378509983420372;1.0
1389;0.0003121881454717368;1.0
1390;0.0003892230161000043;1.0
1391;0.0003130730474367738;1.0
1392;0.00042537986882962286;1.0
1393;0.00026691018138080835;1.0
1394;0.0003300405223853886;1.0
1395;0.0003323022392578423;1.0
1396;0.00027627675444819033;1.0
1397;0.00025904495851136744;1.0
1398;0.0003299664822407067;1.0
1399;0.0003693368926178664;1.0
1400;0.00036756059853360057;1.0
1401;0.0002601749438326806;1.0
1402;0.00022427352087106556;1.0
1403;0.00027340638916939497;1.0
1404;0.00028485243092291057;1.0
1405;0.0003145938680972904;1.0
1406;0.0003418537962716073;1.0
1407;0.0002561131550464779;1.0
1408;0.00024378059606533498;1.0
1409;0.00030419783433899283;1.0
1410;0.00036447832826524973;1.0
1411;0.0003789381589740515;1.0
1412;0.00022319387062452734;1.0
1413;0.00026747630909085274;1.0
1414;0.0003539861354511231;1.0
1415;0.00039478985127061605;1.0
1416;0.00033266216632910073;1.0
1417;0.00027948300703428686;1.0
1418;0.00028208288131281734;1.0
1419;0.0003384952142369002;1.0
1420;0.0002514070656616241;1.0
1421;0.0002996668918058276;1.0
1422;0.0003059535229112953;1.0
1423;0.00027069897623732686;1.0
1424;0.0002159064752049744;1.0
1425;0.0002758523332886398;1.0
1426;0.0003628971171565354;1.0
1427;0.00029965341673232615;1.0
1428;0.0002951362985186279;1.0
1429;0.0003383332514204085;1.0
1430;0.00024102833413053304;1.0
1431;0.00035235827090218663;1.0
1432;0.00023757547023706138;1.0
1433;0.00022796740813646466;1.0
1434;0.0002480982802808285;1.0
1435;0.00026175632956437767;1.0
1436;0.00021980317251291126;1.0
1437;0.0002391413290752098;1.0
1438;0.0003287487488705665;1.0
1439;0.0002873965131584555;1.0
1440;0.0002454664499964565;1.0
1441;0.00032018619822338223;1.0
1442;0.00020046572899445891;1.0
1443;0.00025639848900027573;1.0
1444;0.00028709985781461;1.0
1445;0.0003111703263130039;1.0
1446;0.00023515761131420732;1.0
1447;0.00027841937844641507;1.0
1448;0.0002262722555315122;1.0
1449;0.0003178308252245188;1.0
1450;0.00026230793446302414;1.0
1451;0.00025226245634257793;1.0
1452;0.00035186283639632165;1.0
1453;0.00024155249411705881;1.0
1454;0.000196307577425614;1.0
1455;0.00043238571379333735;1.0
1456;0.0003197052574250847;1.0
1457;0.00031268474413082004;1.0
1458;0.0005463850102387369;1.0
1459;0.0002899786923080683;1.0
1460;0.00037553568836301565;1.0
1461;0.00025889984681271017;1.0
1462;0.00021089801157359034;1.0
1463;0.0002759635681286454;1.0
1464;0.00031889931415207684;1.0
1465;0.00026402491494081914;1.0
1466;0.0003075266140513122;1.0
1467;0.0002223455667262897;1.0
1468;0.00033854099456220865;1.0
1469;0.0002839618537109345;1.0
1470;0.0003117022570222616;1.0
1471;0.00023217094712890685;1.0
1472;0.0002591955999378115;1.0
1473;0.0002862278197426349;1.0
1474;0.0003598514595068991;1.0
1475;0.0002302193024661392;1.0
1476;0.0002479679824318737;1.0
1477;0.00021192339772824198;1.0
1478;0.00028060947079211473;1.0
1479;0.00018331587489228696;1.0
1480;0.0002053711359621957;1.0
1481;0.0003241393424104899;1.0
1482;0.0002185114863095805;1.0
1483;0.000264072441495955;1.0
1484;0.0002269756223540753;1.0
1485;0.00022195324709173292;1.0
1486;0.00021408159227576107;1.0
1487;0.00020895374473184347;1.0
1488;0.0002416331262793392;1.0
1489;0.0002589774376247078;1.0
1490;0.00033659645123407245;1.0
1491;0.00018027337500825524;1.0
1492;0.00018980652384925634;1.0
1493;0.00035767085500992835;1.0
1494;0.00021161769109312445;1.0
1495;0.00022982375230640173;1.0
1496;0.0002568040508776903;1.0
1497;0.0002902998239733279;1.0
1498;0.0002260177570860833;1.0
1499;0.0002470579056534916;1.0
