iteration;loss;accuracy
0;0.01765432208776474;0.0699300691485405
1;0.01656980812549591;0.06293706595897675
2;0.017041310667991638;0.06293706595897675
3;0.016799235716462135;0.1118881106376648
4;0.01658390648663044;0.09090909361839294
5;0.01650899089872837;0.09090909361839294
6;0.016459517180919647;0.10489510744810104
7;0.016459336504340172;0.1538461595773697
8;0.016423774883151054;0.13286712765693665
9;0.01640699803829193;0.11888112127780914
10;0.01633954793214798;0.11888112127780914
11;0.016213394701480865;0.1538461595773697
12;0.01611560769379139;0.1538461595773697
13;0.016038645058870316;0.11888112127780914
14;0.015944696962833405;0.18881118297576904
15;0.01587682031095028;0.1538461595773697
16;0.015804046764969826;0.16083915531635284
17;0.015722233802080154;0.1538461595773697
18;0.01573357731103897;0.10489510744810104
19;0.015814578160643578;0.139860138297081
20;0.015662090852856636;0.17482517659664154
21;0.01564304530620575;0.1678321659564972
22;0.015616598539054394;0.1538461595773697
23;0.015512066893279552;0.16083915531635284
24;0.015427944250404835;0.2237762212753296
25;0.01537981629371643;0.2097902148962021
26;0.015419435687363148;0.1678321659564972
27;0.015282497741281986;0.1958041936159134
28;0.015259945765137672;0.2097902148962021
29;0.015126789920032024;0.1818181872367859
30;0.015098249539732933;0.2097902148962021
31;0.015109692700207233;0.20279720425605774
32;0.015148800797760487;0.21678321063518524
33;0.01506014447659254;0.2097902148962021
34;0.014866774901747704;0.2657342553138733
35;0.014964005909860134;0.1958041936159134
36;0.01472675334662199;0.2377622425556183
37;0.014896678738296032;0.1958041936159134
38;0.014604580588638783;0.25874125957489014
39;0.014529071748256683;0.30069929361343384
40;0.014626150950789452;0.279720276594162
41;0.01440969854593277;0.27272728085517883
42;0.014658970758318901;0.2937062978744507
43;0.01432264968752861;0.31468531489372253
44;0.01440563052892685;0.3356643319129944
45;0.014385546557605267;0.3216783106327057
46;0.014168516732752323;0.38461539149284363
47;0.014185268431901932;0.251748263835907
48;0.01402539573609829;0.3356643319129944
49;0.014187254011631012;0.28671327233314514
50;0.013911312445998192;0.38461539149284363
51;0.01394906360656023;0.3636363744735718
52;0.013900961726903915;0.35664334893226624
53;0.013646671548485756;0.38461539149284363
54;0.013772374019026756;0.3986014127731323
55;0.013723419979214668;0.42657342553138733
56;0.013711302541196346;0.41258740425109863
57;0.013749685138463974;0.3916083872318268
58;0.013575054705142975;0.3986014127731323
59;0.013331647962331772;0.4825174808502197
60;0.013590273447334766;0.440559446811676
61;0.01350614707916975;0.4195804297924042
62;0.013207913376390934;0.4615384638309479
63;0.012924455106258392;0.5524475574493408
64;0.012898063287138939;0.6153846383094788
65;0.012904269620776176;0.5244755148887634
66;0.012830079533159733;0.5104895234107971
67;0.012835033237934113;0.5244755148887634
68;0.012701937928795815;0.5664335489273071
69;0.012698709033429623;0.5944055914878845
70;0.01249083410948515;0.559440553188324
71;0.012528931722044945;0.4965035021305084
72;0.012229343876242638;0.6293706297874451
73;0.01260117907077074;0.5384615659713745
74;0.012891708873212337;0.5314685106277466
75;0.012396950274705887;0.5804196000099182
76;0.012645967304706573;0.4895104765892029
77;0.01214029174298048;0.5664335489273071
78;0.012184116058051586;0.5944055914878845
79;0.01189567893743515;0.6013985872268677
80;0.011882364749908447;0.6013985872268677
81;0.012018664740025997;0.5734265446662903
82;0.011729707941412926;0.6083915829658508
83;0.011802878230810165;0.6083915829658508
84;0.011429921723902225;0.6433566212654114
85;0.011380471289157867;0.6223776340484619
86;0.011309359222650528;0.6363636255264282
87;0.010993522591888905;0.6853147149085999
88;0.01099326927214861;0.7062937021255493
89;0.011245762929320335;0.692307710647583
90;0.010979793034493923;0.6993007063865662
91;0.010970844887197018;0.692307710647583
92;0.010733818635344505;0.748251736164093
93;0.010619626380503178;0.6993007063865662
94;0.010559828020632267;0.7272727489471436
95;0.010591331869363785;0.7132866978645325
96;0.010450515896081924;0.7062937021255493
97;0.010148623958230019;0.7552447319030762
98;0.010489800944924355;0.7272727489471436
99;0.010233595035970211;0.8181818127632141
100;0.010045366361737251;0.7832167744636536
101;0.009901296347379684;0.7762237787246704
102;0.009954585693776608;0.7342657446861267
103;0.009544198401272297;0.7692307829856873
104;0.00963172409683466;0.8041958212852478
105;0.009592411108314991;0.8461538553237915
106;0.009369553066790104;0.7902097702026367
107;0.009500890038907528;0.7622377872467041
108;0.00906449556350708;0.8531468510627747
109;0.009538671001791954;0.7762237787246704
110;0.00887204147875309;0.8601398468017578
111;0.009268981404602528;0.8181818127632141
112;0.008984513580799103;0.811188817024231
113;0.008953038603067398;0.8181818127632141
114;0.008835067972540855;0.7832167744636536
115;0.008784480392932892;0.8181818127632141
116;0.008528953418135643;0.8531468510627747
117;0.008286265656352043;0.881118893623352
118;0.008631494827568531;0.8321678042411804
119;0.008133644238114357;0.8601398468017578
120;0.00861338060349226;0.8321678042411804
121;0.008168493397533894;0.8601398468017578
122;0.008086109533905983;0.867132842540741
123;0.008236064575612545;0.8951048851013184
124;0.007627246435731649;0.9090909361839294
125;0.008042681962251663;0.8741258978843689
126;0.0077056060545146465;0.8741258978843689
127;0.0075111957266926765;0.881118893623352
128;0.007692360784858465;0.8741258978843689
129;0.007395620457828045;0.8951048851013184
130;0.00729870330542326;0.8741258978843689
131;0.007114719599485397;0.9020978808403015
132;0.007225690875202417;0.8881118893623352
133;0.0071257478557527065;0.9230769276618958
134;0.007365901488810778;0.8531468510627747
135;0.006971008609980345;0.8951048851013184
136;0.006957048550248146;0.9160839319229126
137;0.0067876242101192474;0.9300699234008789
138;0.007001473102718592;0.881118893623352
139;0.006717526353895664;0.9230769276618958
140;0.006548307370394468;0.9090909361839294
141;0.006720882840454578;0.8881118893623352
142;0.006910385098308325;0.8881118893623352
143;0.006750511471182108;0.9160839319229126
144;0.006439532618969679;0.9510489702224731
145;0.006739168893545866;0.9160839319229126
146;0.0061766766011714935;0.9300699234008789
147;0.0060897283256053925;0.9720279574394226
148;0.006116039585322142;0.9230769276618958
149;0.00600593164563179;0.9160839319229126
150;0.006467388942837715;0.8881118893623352
151;0.005746007431298494;0.9300699234008789
152;0.005759216379374266;0.9300699234008789
153;0.005908872000873089;0.9440559148788452
154;0.005546108353883028;0.9160839319229126
155;0.005599163938313723;0.9510489702224731
156;0.005662476643919945;0.9440559148788452
157;0.0055247158743441105;0.9580419659614563
158;0.005638517905026674;0.9300699234008789
159;0.005285236984491348;0.9510489702224731
160;0.005504170432686806;0.9440559148788452
161;0.005324044730514288;0.9510489702224731
162;0.005382399074733257;0.9370629191398621
163;0.005075983237475157;0.9440559148788452
164;0.0048361425288021564;0.9580419659614563
165;0.004979614168405533;0.9580419659614563
166;0.005178597755730152;0.9440559148788452
167;0.00483377231284976;0.9790209531784058
168;0.004918330814689398;0.9580419659614563
169;0.005163767375051975;0.9370629191398621
170;0.005070861428976059;0.9440559148788452
171;0.0048398785293102264;0.9370629191398621
172;0.005064910277724266;0.9510489702224731
173;0.005673314444720745;0.8881118893623352
174;0.004875821992754936;0.9300699234008789
175;0.005376109853386879;0.9300699234008789
176;0.004792375490069389;0.9720279574394226
177;0.005774425808340311;0.8741258978843689
178;0.004654115065932274;0.9790209531784058
179;0.005209831986576319;0.9020978808403015
180;0.005064318887889385;0.9440559148788452
181;0.004978529643267393;0.9650349617004395
182;0.004837552085518837;0.9580419659614563
183;0.005123504903167486;0.9510489702224731
184;0.004776983987540007;0.9300699234008789
185;0.004930622410029173;0.9370629191398621
186;0.004538784734904766;0.9510489702224731
187;0.004698744043707848;0.9650349617004395
188;0.005179292988032103;0.9580419659614563
189;0.004716625902801752;0.9510489702224731
190;0.004311340861022472;0.9440559148788452
191;0.004672649782150984;0.9230769276618958
192;0.004117261618375778;0.9720279574394226
193;0.004334515891969204;0.9790209531784058
194;0.004263590089976788;0.9720279574394226
195;0.004165882710367441;0.8951048851013184
196;0.004395629744976759;0.9720279574394226
197;0.004480903036892414;0.9300699234008789
198;0.004015754908323288;0.9440559148788452
199;0.003925821743905544;0.9720279574394226
200;0.0042985714972019196;0.9650349617004395
201;0.003994682803750038;0.9650349617004395
202;0.003993213642388582;0.9370629191398621
203;0.004312237724661827;0.9510489702224731
204;0.004099640529602766;0.9650349617004395
205;0.004365300294011831;0.9580419659614563
206;0.004086224362254143;0.9580419659614563
207;0.00370291736908257;0.9580419659614563
208;0.003924286458641291;0.9860140085220337
209;0.0037134813610464334;0.9510489702224731
210;0.003824550425633788;0.9650349617004395
211;0.0037294388748705387;0.9720279574394226
212;0.0037626454140990973;0.9860140085220337
213;0.003713166108354926;0.9580419659614563
214;0.0036282818764448166;0.9580419659614563
215;0.0035608666948974133;0.9510489702224731
216;0.0036632437258958817;0.9650349617004395
217;0.003655228530988097;0.9580419659614563
218;0.0036612858530133963;0.9720279574394226
219;0.0036953601520508528;0.9930070042610168
220;0.0035898792557418346;0.9720279574394226
221;0.0037195130717009306;0.9720279574394226
222;0.0033742468804121017;0.9860140085220337
223;0.0038384452927857637;0.9580419659614563
224;0.004005546681582928;0.9300699234008789
225;0.003930817358195782;0.9930070042610168
226;0.003689888399094343;0.9720279574394226
227;0.0033639518078416586;0.9720279574394226
228;0.0035439899656921625;0.9650349617004395
229;0.0036285528913140297;0.9720279574394226
230;0.0035950220189988613;0.9720279574394226
231;0.003567127510905266;0.9580419659614563
232;0.0031264754943549633;0.9580419659614563
233;0.003641385119408369;0.9580419659614563
234;0.0035094604827463627;0.9650349617004395
235;0.003312190528959036;0.9650349617004395
236;0.0034392743837088346;0.9720279574394226
237;0.0033496536780148745;0.9720279574394226
238;0.0033667536918073893;1.0
239;0.0035491958260536194;0.9860140085220337
240;0.0033376088831573725;0.9650349617004395
241;0.0034267762675881386;0.9650349617004395
242;0.0032883640378713608;0.9720279574394226
243;0.003133606631308794;0.9790209531784058
244;0.00346521008759737;0.9860140085220337
245;0.0030804022680968046;0.9930070042610168
246;0.0030354566406458616;0.9790209531784058
247;0.003036988666281104;0.9790209531784058
248;0.0032770368270576;0.9790209531784058
249;0.003027504775673151;0.9720279574394226
250;0.003084223484620452;0.9860140085220337
251;0.003251088550314307;0.9580419659614563
252;0.003219796810299158;0.9720279574394226
253;0.002990839071571827;0.9860140085220337
254;0.002944078529253602;0.9860140085220337
255;0.003177942940965295;0.9720279574394226
256;0.0028069487307220697;0.9930070042610168
257;0.0032467409037053585;0.9790209531784058
258;0.0030199862085282803;0.9860140085220337
259;0.0029288465157151222;0.9860140085220337
260;0.002903842367231846;0.9720279574394226
261;0.0029264111071825027;0.9720279574394226
262;0.003017619950696826;0.9860140085220337
263;0.002952408278360963;0.9720279574394226
264;0.0030207454692572355;0.9860140085220337
265;0.002905914792791009;0.9790209531784058
266;0.002902186242863536;0.9720279574394226
267;0.0028563332743942738;0.9790209531784058
268;0.002769462065771222;0.9860140085220337
269;0.002776163164526224;0.9790209531784058
270;0.0028297528624534607;0.9860140085220337
271;0.0030499782878905535;0.9930070042610168
272;0.0025345897302031517;0.9930070042610168
273;0.0027598347514867783;0.9930070042610168
274;0.0027102199383080006;0.9930070042610168
275;0.002872610464692116;0.9860140085220337
276;0.002555265324190259;0.9860140085220337
277;0.0026432881131768227;0.9860140085220337
278;0.002606768626719713;0.9720279574394226
279;0.002514759311452508;0.9930070042610168
280;0.0026570139452815056;0.9930070042610168
281;0.002586357295513153;1.0
282;0.0025162019301205873;0.9930070042610168
283;0.0024660120252519846;1.0
284;0.0025192575994879007;0.9860140085220337
285;0.002658362966030836;1.0
286;0.0024151261895895004;0.9930070042610168
287;0.0024911626242101192;1.0
288;0.0025159355718642473;1.0
289;0.0025079280603677034;1.0
290;0.0024240349885076284;1.0
291;0.00254836049862206;1.0
292;0.002345105167478323;0.9930070042610168
293;0.0023979092948138714;1.0
294;0.0021668116096407175;1.0
295;0.0024253325536847115;1.0
296;0.002100203884765506;1.0
297;0.0024481050204485655;0.9930070042610168
298;0.0025376637931913137;1.0
299;0.0024475271347910166;0.9930070042610168
300;0.0020713494159281254;1.0
301;0.0020720981992781162;1.0
302;0.002237552311271429;0.9860140085220337
303;0.002447069389745593;0.9930070042610168
304;0.0022566504776477814;0.9930070042610168
305;0.0023738271556794643;1.0
306;0.0023296137806028128;0.9860140085220337
307;0.002357391407713294;0.9930070042610168
308;0.002108224667608738;1.0
309;0.001989654265344143;1.0
310;0.002123665763065219;1.0
311;0.002117823576554656;1.0
312;0.0021109355147928;0.9930070042610168
313;0.00209467182867229;1.0
314;0.002096594078466296;0.9930070042610168
315;0.0021082130260765553;1.0
316;0.0020352546125650406;1.0
317;0.001969996839761734;1.0
318;0.0020568780601024628;0.9930070042610168
319;0.0021921514999121428;0.9930070042610168
320;0.0023473885376006365;0.9930070042610168
321;0.002117096446454525;1.0
322;0.002154422691091895;1.0
323;0.002083791419863701;1.0
324;0.002213436411693692;1.0
325;0.0022115351166576147;0.9930070042610168
326;0.002067077672109008;1.0
327;0.002219092333689332;0.9930070042610168
328;0.0018770365277305245;1.0
329;0.0020621439907699823;0.9930070042610168
330;0.001940267626196146;1.0
331;0.002027199836447835;0.9930070042610168
332;0.0019107339903712273;1.0
333;0.0019451248226687312;0.9860140085220337
334;0.0019976457115262747;0.9930070042610168
335;0.0018804642604663968;1.0
336;0.002226536627858877;1.0
337;0.0019495663000270724;1.0
338;0.0020137943793088198;1.0
339;0.002264838432893157;0.9790209531784058
340;0.0024598382879048586;0.9930070042610168
341;0.002783847041428089;0.9510489702224731
342;0.0019196034409105778;1.0
343;0.0027092841919511557;0.9790209531784058
344;0.0023498055525124073;0.9930070042610168
345;0.002022254979237914;0.9860140085220337
346;0.002456291113048792;0.9860140085220337
347;0.0020344043150544167;0.9930070042610168
348;0.001817055162973702;1.0
349;0.0017912591574713588;1.0
350;0.002317196223884821;1.0
351;0.002022615633904934;1.0
352;0.001921369694173336;1.0
353;0.0019567280542105436;1.0
354;0.0022126242984086275;0.9790209531784058
355;0.001992403296753764;1.0
356;0.001854968024417758;1.0
357;0.0022076829336583614;0.9790209531784058
358;0.001714272191748023;1.0
359;0.002463502576574683;0.9930070042610168
360;0.002350587397813797;0.9860140085220337
361;0.0020264978520572186;1.0
362;0.001879891729913652;1.0
363;0.0019443939672783017;1.0
364;0.0019512965809553862;0.9930070042610168
365;0.002082277787849307;0.9860140085220337
366;0.001596903894096613;1.0
367;0.00175775948446244;1.0
368;0.0022709304466843605;1.0
369;0.0017161049181595445;0.9930070042610168
370;0.0016774128889665008;1.0
371;0.0019612538162618876;1.0
372;0.002254859311506152;0.9790209531784058
373;0.001783996936865151;1.0
374;0.0016061882488429546;1.0
375;0.0019047673558816314;1.0
376;0.002110810484737158;0.9930070042610168
377;0.001873150933533907;1.0
378;0.001646693330258131;1.0
379;0.0017677320865914226;1.0
380;0.0017797144828364253;1.0
381;0.0016733880620449781;1.0
382;0.0016642222180962563;1.0
383;0.0015895891701802611;1.0
384;0.0017066580476239324;1.0
385;0.0017536483937874436;1.0
386;0.0014646302442997694;1.0
387;0.0017014436889439821;1.0
388;0.0018047615885734558;1.0
389;0.001570659689605236;1.0
390;0.0016048438847064972;1.0
391;0.0016567184356972575;1.0
392;0.0015629620756953955;1.0
393;0.0016485427040606737;1.0
394;0.001407561474479735;1.0
395;0.0015852125361561775;1.0
396;0.0014379036147147417;1.0
397;0.0015158143360167742;1.0
398;0.0015721070813015103;1.0
399;0.001573331537656486;1.0
400;0.001427512732334435;1.0
401;0.001507819164544344;1.0
402;0.0014506434090435505;1.0
403;0.001479909522458911;1.0
404;0.0015313636977225542;1.0
405;0.0014551134081557393;1.0
406;0.001421082066372037;1.0
407;0.0014260027091950178;1.0
408;0.0014073140919208527;1.0
409;0.0015994131099432707;1.0
410;0.0015450377250090241;1.0
411;0.0012277753558009863;1.0
412;0.0014948718016967177;1.0
413;0.0013304825406521559;1.0
414;0.0013710063649341464;1.0
415;0.0014293788699433208;1.0
416;0.001364586758427322;1.0
417;0.0014555207453668118;1.0
418;0.0012782937847077847;1.0
419;0.0012186107924208045;1.0
420;0.0013014419237151742;1.0
421;0.001428931369446218;1.0
422;0.0012992300326004624;1.0
423;0.0015031485818326473;1.0
424;0.0014802867081016302;1.0
425;0.0013676300877705216;1.0
426;0.0013935070019215345;1.0
427;0.0014345278032124043;1.0
428;0.0012868556659668684;1.0
429;0.001268401276320219;1.0
430;0.001409703167155385;1.0
431;0.0013099473435431719;1.0
432;0.0014643394388258457;1.0
433;0.0013688862090930343;1.0
434;0.001326227094978094;1.0
435;0.0013615177012979984;1.0
436;0.0013613232877105474;1.0
437;0.0012407940812408924;1.0
438;0.0014018112560734153;1.0
439;0.0013712258078157902;1.0
440;0.0013446228113025427;1.0
441;0.0012224308447912335;1.0
442;0.0013357761781662703;1.0
443;0.0013324872124940157;1.0
444;0.0015016323886811733;1.0
445;0.0013522568624466658;1.0
446;0.0013519461499527097;1.0
447;0.0012513591209426522;1.0
448;0.001252095215022564;1.0
449;0.0011718247551470995;1.0
450;0.0011105698067694902;1.0
451;0.0013442656490951777;1.0
452;0.001165524823591113;1.0
453;0.0012117609148845077;1.0
454;0.001243466162122786;1.0
455;0.0013244810979813337;1.0
456;0.0013144512195140123;1.0
457;0.0012659355998039246;1.0
458;0.0012551482068374753;1.0
459;0.0010648486204445362;1.0
460;0.0011030215537175536;1.0
461;0.0011536480160430074;1.0
462;0.0012179233599454165;1.0
463;0.0012057563289999962;1.0
464;0.001338051981292665;1.0
465;0.0011700054164975882;1.0
466;0.0012840637937188148;1.0
467;0.0011654964182525873;1.0
468;0.001197568723000586;1.0
469;0.0011528350878506899;1.0
470;0.0012112066615372896;1.0
471;0.0012198660988360643;1.0
472;0.0011884126579388976;1.0
473;0.0012097900034859776;1.0
474;0.0011549107730388641;1.0
475;0.0011625299230217934;1.0
476;0.0013324443716555834;1.0
477;0.0011418003123253584;1.0
478;0.0011429722653701901;1.0
479;0.0012049053329974413;1.0
480;0.0012527948711067438;1.0
481;0.0011248496593907475;1.0
482;0.0010855637956410646;1.0
483;0.0011620207224041224;1.0
484;0.001195718185044825;1.0
485;0.0012835622765123844;1.0
486;0.0011636653216555715;1.0
487;0.001204372150823474;1.0
488;0.0012182315113022923;1.0
489;0.0011432315222918987;1.0
490;0.0010282002622261643;1.0
491;0.00119575927965343;1.0
492;0.0010505464160814881;1.0
493;0.0010929779382422566;1.0
494;0.0010799263836815953;1.0
495;0.0011304460931569338;1.0
496;0.0010036845924332738;1.0
497;0.0011796312173828483;1.0
498;0.0011202279711142182;1.0
499;0.0010698463302105665;1.0
500;0.0010737478733062744;1.0
501;0.0011010325979441404;1.0
502;0.001076208776794374;1.0
503;0.0010281730210408568;1.0
504;0.0010422705672681332;1.0
505;0.0011719655012711883;1.0
506;0.0010938915656879544;1.0
507;0.001000140095129609;1.0
508;0.0009388929465785623;1.0
509;0.001066109980456531;1.0
510;0.0010694697266444564;1.0
511;0.0011213284451514482;1.0
512;0.0010493998415768147;1.0
513;0.0011074772337451577;1.0
514;0.001359509420581162;1.0
515;0.0011892254697158933;1.0
516;0.0011252998374402523;1.0
517;0.0011863596737384796;1.0
518;0.0011557915713638067;1.0
519;0.0010442831553518772;1.0
520;0.0010225712321698666;1.0
521;0.001026025041937828;1.0
522;0.001091069309040904;1.0
523;0.0012252891901880503;0.9930070042610168
524;0.0010930984281003475;1.0
525;0.0010200199903920293;1.0
526;0.0011186538031324744;1.0
527;0.0011725687654688954;1.0
528;0.0010099271312355995;1.0
529;0.0009759010863490403;1.0
530;0.0009627139079384506;1.0
531;0.0009324383572675288;1.0
532;0.0011254377895966172;1.0
533;0.0010132029419764876;1.0
534;0.0009155040024779737;1.0
535;0.001148057053796947;1.0
536;0.0010108858114108443;1.0
537;0.000992339220829308;1.0
538;0.0010169936576858163;1.0
539;0.000999398180283606;1.0
540;0.0009255893528461456;1.0
541;0.0010040834313258529;1.0
542;0.0009601865895092487;1.0
543;0.0009607054525986314;1.0
544;0.001173787983134389;1.0
545;0.0009652626467868686;0.9930070042610168
546;0.0010230393381789327;1.0
547;0.001119897235184908;1.0
548;0.0010603652335703373;1.0
549;0.0009099741000682116;1.0
550;0.0010368155781179667;1.0
551;0.0010306581389158964;1.0
552;0.0009017228148877621;1.0
553;0.0013065977254882455;1.0
554;0.0009806001326069236;1.0
555;0.0010241061681881547;1.0
556;0.0008716615266166627;1.0
557;0.0011188616044819355;1.0
558;0.0010772626847028732;1.0
559;0.0012457696720957756;1.0
560;0.0009497369755990803;1.0
561;0.0010328078642487526;1.0
562;0.0010239931289106607;1.0
563;0.0010736942058429122;1.0
564;0.0011206233175471425;0.9930070042610168
565;0.0011047080624848604;0.9930070042610168
566;0.0010710353963077068;1.0
567;0.0011438229121267796;1.0
568;0.0011073853820562363;1.0
569;0.0010138970101252198;1.0
570;0.0011687444057315588;1.0
571;0.0012378902174532413;1.0
572;0.0010325426701456308;1.0
573;0.0011319674085825682;1.0
574;0.0010309756034985185;1.0
575;0.000998093979433179;1.0
576;0.0009918283903971314;1.0
577;0.0010251870844513178;1.0
578;0.000991752021946013;1.0
579;0.0010007781675085425;1.0
580;0.0008916663937270641;1.0
581;0.001069621997885406;1.0
582;0.000945342006161809;1.0
583;0.0009065180784091353;1.0
584;0.0009262436651624739;1.0
585;0.0009934105910360813;1.0
586;0.0009096272406168282;1.0
587;0.0008827497949823737;1.0
588;0.0008446635329164565;1.0
589;0.0010072155855596066;1.0
590;0.0008386000990867615;1.0
591;0.0009075843263417482;1.0
592;0.0008718756726011634;1.0
593;0.0008800615323707461;1.0
594;0.0008162017911672592;1.0
595;0.0008589989738538861;1.0
596;0.0009067524806596339;1.0
597;0.0008621893357485533;1.0
598;0.0008906268049031496;1.0
599;0.001001465367153287;1.0
600;0.0008779598865658045;1.0
601;0.0008837675559334457;1.0
602;0.000891264236997813;1.0
603;0.0008813694585114717;1.0
604;0.0008796922629699111;1.0
605;0.0008205434423871338;1.0
606;0.000845758302602917;1.0
607;0.0007643064018338919;1.0
608;0.0009967454243451357;1.0
609;0.0008697191369719803;1.0
610;0.0008559847483411431;1.0
611;0.0008663192274980247;1.0
612;0.0008241068571805954;1.0
613;0.0008460747194476426;1.0
614;0.0009045226615853608;1.0
615;0.00076435343362391;1.0
616;0.0009047493222169578;1.0
617;0.0009151648846454918;1.0
618;0.0008129032794386148;1.0
619;0.0007674723165109754;1.0
620;0.000878675899002701;1.0
621;0.0009517582366243005;1.0
622;0.0008689590031281114;1.0
623;0.0008603187161497772;1.0
624;0.0009120292379520833;1.0
625;0.0008604797767475247;1.0
626;0.0007688842015340924;1.0
627;0.0008791514555923641;1.0
628;0.0008395249606110156;1.0
629;0.0008132593357004225;1.0
630;0.0007715496467426419;1.0
631;0.0008040870889090002;1.0
632;0.0007413124549202621;1.0
633;0.0008275606669485569;1.0
634;0.000903469102922827;1.0
635;0.0008599839638918638;1.0
636;0.0007600137614645064;1.0
637;0.0008375280303880572;1.0
638;0.0008650018135085702;1.0
639;0.0008224796038120985;1.0
640;0.0007195778307504952;1.0
641;0.0007304896134883165;1.0
642;0.0008232338586822152;1.0
643;0.0007062857039272785;1.0
644;0.0008130844216793776;1.0
645;0.0007316730916500092;1.0
646;0.0007696309476159513;1.0
647;0.0007791323005221784;1.0
648;0.0007453622529283166;1.0
649;0.0008159691351465881;1.0
650;0.0007667434983886778;1.0
651;0.0007837137090973556;1.0
652;0.0007321148295886815;1.0
653;0.0006464426405727863;1.0
654;0.0007955596083775163;1.0
655;0.0007464295485988259;1.0
656;0.0008247339865192771;1.0
657;0.0007722984300926328;1.0
658;0.0007550895679742098;1.0
659;0.0007949605351313949;1.0
660;0.0007353571709245443;1.0
661;0.000824128685053438;1.0
662;0.0006787590682506561;1.0
663;0.0008391958544962108;1.0
664;0.0008115992532111704;1.0
665;0.0008501469274051487;1.0
666;0.000696938019245863;1.0
667;0.0007486875983886421;1.0
668;0.0008215946145355701;1.0
669;0.0006836004322394729;1.0
670;0.000676028779707849;1.0
671;0.0006948179798200727;1.0
672;0.000848039926495403;1.0
673;0.0007555710035376251;1.0
674;0.0007385644130408764;1.0
675;0.0007596237119287252;1.0
676;0.0007221709820441902;1.0
677;0.0007625216385349631;1.0
678;0.0007072201115079224;1.0
679;0.0007037720060907304;1.0
680;0.0006241650553420186;1.0
681;0.0007162897964008152;1.0
682;0.0007342486642301083;1.0
683;0.0007868656539358199;1.0
684;0.0007417465094476938;1.0
685;0.0007768991636112332;1.0
686;0.0007148577133193612;1.0
687;0.0007024183287285268;1.0
688;0.0007105768308974802;1.0
689;0.0007072806474752724;1.0
690;0.0006385605083778501;1.0
691;0.0007357958820648491;1.0
692;0.0006913686520420015;1.0
693;0.0006939409067854285;1.0
694;0.0006893492536619306;1.0
695;0.0006588930846191943;1.0
696;0.0006739342934451997;1.0
697;0.0007078677881509066;1.0
698;0.00068478292087093;1.0
699;0.000777288107201457;1.0
700;0.0007328678038902581;1.0
701;0.0006555577274411917;1.0
702;0.000700782286003232;1.0
703;0.0007132338942028582;1.0
704;0.0006189570995047688;1.0
705;0.000721680698916316;1.0
706;0.0006237743073143065;1.0
707;0.0006841003196313977;1.0
708;0.000765942211728543;1.0
709;0.0006845162133686244;1.0
710;0.0006684543914161623;1.0
711;0.0006685352418571711;1.0
712;0.0006864664610475302;1.0
713;0.0007967459969222546;1.0
714;0.0006786634912714362;1.0
715;0.0006688715657219291;1.0
716;0.0007702444563619792;1.0
717;0.0007564242114312947;1.0
718;0.0007960203220136464;1.0
719;0.0006556294392794371;1.0
720;0.0006818866822868586;1.0
721;0.0006162726203911006;1.0
722;0.0006241816445253789;1.0
723;0.0006584461079910398;1.0
724;0.0006889764335937798;1.0
725;0.0006329180323518813;1.0
726;0.0007009152323007584;1.0
727;0.0006171874701976776;1.0
728;0.0006818383117206395;1.0
729;0.0006518081063404679;1.0
730;0.0006755450158379972;1.0
731;0.000671131070703268;1.0
732;0.0007549997535534203;1.0
733;0.0006000410648994148;1.0
734;0.0006144300568848848;1.0
735;0.0006307988660410047;1.0
736;0.0006385277956724167;1.0
737;0.0007676351815462112;1.0
738;0.0006098896847106516;1.0
739;0.0006843890296295285;1.0
740;0.0005971975042484701;1.0
741;0.0006673395400866866;1.0
742;0.0005667255609296262;1.0
743;0.0007514421013183892;1.0
744;0.0006830758065916598;1.0
745;0.0006551751284860075;1.0
746;0.0006619638879783452;1.0
747;0.0005620371084660292;1.0
748;0.0005895402864553034;1.0
749;0.0007320405566133559;1.0
750;0.0006392314098775387;1.0
751;0.0006794964428991079;1.0
752;0.0006696704076603055;1.0
753;0.0005967967445030808;1.0
754;0.0005878335796296597;1.0
755;0.0006838081171736121;1.0
756;0.000620294245891273;1.0
757;0.000618523161392659;1.0
758;0.0007454032311215997;1.0
759;0.000602412736043334;1.0
760;0.000642522587440908;1.0
761;0.00061663833912462;1.0
762;0.0006744465208612382;1.0
763;0.000580129271838814;1.0
764;0.0005922267446294427;1.0
765;0.0006018373533152044;1.0
766;0.0006149747059680521;1.0
767;0.0006191905122250319;1.0
768;0.0005979817942716181;1.0
769;0.0006312562618404627;1.0
770;0.0005934726214036345;1.0
771;0.000557230319827795;1.0
772;0.0006135347648523748;1.0
773;0.0006777634262107313;1.0
774;0.000587207730859518;1.0
775;0.0005209256778471172;1.0
776;0.0005690905964002013;1.0
777;0.0005698815803043544;1.0
778;0.0005787300178781152;1.0
779;0.0005837292410433292;1.0
780;0.0005576350959017873;1.0
781;0.000577006780076772;1.0
782;0.0005740184569731355;1.0
783;0.0005873102927580476;1.0
784;0.0006451249355450273;1.0
785;0.0006002132431603968;1.0
786;0.0006184310186654329;1.0
787;0.0005413895705714822;1.0
788;0.0005711570265702903;1.0
789;0.0006737795192748308;1.0
790;0.0005480332765728235;1.0
791;0.0006785131990909576;1.0
792;0.0005319443880580366;1.0
793;0.0006878906278871;1.0
794;0.0006854118546471;1.0
795;0.0006324779242277145;1.0
796;0.0005912457127124071;1.0
797;0.0006565877120010555;1.0
798;0.0006608155090361834;1.0
799;0.0005631966050714254;1.0
800;0.0005373642779886723;1.0
801;0.0005935038789175451;1.0
802;0.0005651408573612571;1.0
803;0.0005837999051436782;1.0
804;0.000616298639215529;1.0
805;0.0005988845368847251;1.0
806;0.0005847280845046043;1.0
807;0.0006077009602449834;1.0
808;0.0006033788667991757;1.0
809;0.0005636544665321708;1.0
810;0.0006167484680190682;1.0
811;0.0005623222095891833;1.0
812;0.0005146522889845073;1.0
813;0.0005927177262492478;1.0
814;0.00053740618750453;1.0
815;0.000565368973184377;1.0
816;0.0004659404221456498;1.0
817;0.0005601639859378338;1.0
818;0.0005560962599702179;1.0
819;0.0005934732616879046;1.0
820;0.0006011263467371464;1.0
821;0.0005230212700553238;1.0
822;0.000515404564794153;1.0
823;0.0005022325203754008;1.0
824;0.0005799497594125569;1.0
825;0.0006238374044187367;1.0
826;0.0006015098770149052;1.0
827;0.0005637374124489725;1.0
828;0.0004793861007783562;1.0
829;0.0005667704972438514;1.0
830;0.000536984414793551;1.0
831;0.0005017847288399935;1.0
832;0.0006152003770694137;1.0
833;0.0005673937848769128;1.0
834;0.0005323950317688286;1.0
835;0.0005468681338243186;1.0
836;0.0005937317619100213;1.0
837;0.0005266478983685374;1.0
838;0.0005526635213755071;1.0
839;0.0005581244477070868;1.0
840;0.0005737891769967973;1.0
841;0.0005861062672920525;1.0
842;0.0005554368253797293;1.0
843;0.0005855092313140631;1.0
844;0.000622503983322531;1.0
845;0.0005923455464653671;1.0
846;0.0005852150497958064;1.0
847;0.0005184707115404308;1.0
848;0.0006080986349843442;1.0
849;0.000564677466172725;1.0
850;0.0005150244105607271;1.0
851;0.0004998494405299425;1.0
852;0.0005798727506771684;1.0
853;0.0005839454825036228;1.0
854;0.0005287518142722547;1.0
855;0.0005354166496545076;1.0
856;0.000513656297698617;1.0
857;0.0005730026168748736;1.0
858;0.0005021763499826193;1.0
859;0.0005434105987660587;1.0
860;0.0005799359059892595;1.0
861;0.0005122401053085923;1.0
862;0.0005420935922302306;1.0
863;0.0005744097288697958;1.0
864;0.0006044842302799225;1.0
865;0.0005146843031980097;1.0
866;0.0005073835491202772;1.0
867;0.0005337139591574669;1.0
868;0.0005832561873830855;1.0
869;0.0005753236473537982;1.0
870;0.0005083365831524134;1.0
871;0.0005887247389182448;1.0
872;0.0005071471096016467;1.0
873;0.0005499134422279894;1.0
874;0.0004939443315379322;1.0
875;0.00047820646432228386;1.0
876;0.0005523372092284262;1.0
877;0.000526023271959275;1.0
878;0.0004900580388493836;1.0
879;0.0005332030123099685;1.0
880;0.0005693670827895403;1.0
881;0.0005347953992895782;1.0
882;0.0005067061283625662;1.0
883;0.0005084052099846303;1.0
884;0.0004974608891643584;1.0
885;0.0005373988533392549;1.0
886;0.00047714528045617044;1.0
887;0.0005648163496516645;1.0
888;0.0005256200092844665;1.0
889;0.000499894202221185;1.0
890;0.0005861999816261232;1.0
891;0.0004409466637298465;1.0
892;0.0005153725505806506;1.0
893;0.00061762984842062;1.0
894;0.0005641764146275818;1.0
895;0.0005545865278691053;1.0
896;0.0005144369206391275;1.0
897;0.000491887389216572;1.0
898;0.0005048106540925801;1.0
899;0.0005565700121223927;1.0
900;0.00045770470751449466;1.0
901;0.0005306663224473596;1.0
902;0.0004609460011124611;1.0
903;0.0004458665498532355;1.0
904;0.0005278987227939069;1.0
905;0.0005428040749393404;1.0
906;0.0005295323790051043;1.0
907;0.0004847053496632725;1.0
908;0.000461729388916865;1.0
909;0.00043111361446790397;1.0
910;0.00046925025526434183;1.0
911;0.0004570693417917937;1.0
912;0.00045393090113066137;1.0
913;0.00048641132889315486;1.0
914;0.00044941293890587986;1.0
915;0.0004776853311341256;1.0
916;0.0004931574803777039;1.0
917;0.00039955959073267877;1.0
918;0.0004616194637492299;1.0
919;0.00047269859351217747;1.0
920;0.0004555766936391592;1.0
921;0.0004946006811223924;1.0
922;0.00043361668940633535;1.0
923;0.0004812918487004936;1.0
924;0.0004721403238363564;1.0
925;0.0004958860226906836;1.0
926;0.000424946250859648;1.0
927;0.0004853381251450628;1.0
928;0.0004501740913838148;1.0
929;0.00044759479351341724;1.0
930;0.00041043927194550633;1.0
931;0.0004025734669994563;1.0
932;0.0004567011201288551;1.0
933;0.00047792503028176725;1.0
934;0.000396928982809186;1.0
935;0.00047729595098644495;1.0
936;0.0004931810544803739;1.0
937;0.00044649458141066134;1.0
938;0.0004990657325834036;1.0
939;0.000499004265293479;1.0
940;0.0004574772319756448;1.0
941;0.0004672478244174272;1.0
942;0.0004850715631619096;1.0
943;0.00045506711467169225;1.0
944;0.0004155418719165027;1.0
945;0.00044222865835763514;1.0
946;0.0004622671112883836;1.0
947;0.00043188410927541554;1.0
948;0.00047836039448156953;1.0
949;0.00043557799654081464;1.0
950;0.0004745198821183294;1.0
951;0.0004186391015537083;1.0
952;0.0004523025709204376;1.0
953;0.00047535146586596966;1.0
954;0.0004934220341965556;1.0
955;0.0004385628562886268;1.0
956;0.0004858223837800324;1.0
957;0.0004886264796368778;1.0
958;0.00045217308797873557;1.0
959;0.00048386980779469013;1.0
960;0.0004610329633578658;1.0
961;0.00044238902046345174;1.0
962;0.00047574288328178227;1.0
963;0.0004646856395993382;1.0
964;0.00046080665197223425;1.0
965;0.00050875055603683;1.0
966;0.0004885950474999845;1.0
967;0.00039451956399716437;1.0
968;0.0004808958328794688;1.0
969;0.0005143431480973959;1.0
970;0.00048809967120178044;1.0
971;0.0004770316882058978;1.0
972;0.00045171380043029785;1.0
973;0.0004806666693184525;1.0
974;0.0004728789208456874;1.0
975;0.0005045048310421407;1.0
976;0.00046037245192565024;1.0
977;0.00045427956501953304;1.0
978;0.00042100020800717175;1.0
979;0.0004192832566332072;1.0
980;0.00041528508882038295;1.0
981;0.000455642759334296;1.0
982;0.0004414599679876119;1.0
983;0.00042644754284992814;1.0
984;0.0004311036318540573;1.0
985;0.0004531148006208241;1.0
986;0.00042345060501247644;1.0
987;0.00044198986142873764;1.0
988;0.000451368629001081;1.0
989;0.00046272308100014925;1.0
990;0.0004354552656877786;1.0
991;0.00039205950452014804;1.0
992;0.0004198358510620892;1.0
993;0.000439957482740283;1.0
994;0.000489654834382236;1.0
995;0.00044033865560777485;1.0
996;0.00039798315265215933;1.0
997;0.00047252289368771017;1.0
998;0.00040080954204313457;1.0
999;0.00042387295980006456;1.0
1000;0.0004331940726842731;1.0
1001;0.0003861833829432726;1.0
1002;0.0004148191073909402;1.0
1003;0.0004149100568611175;1.0
1004;0.00043312364141456783;1.0
1005;0.0004589831514749676;1.0
1006;0.0004578306106850505;1.0
1007;0.0004483433731365949;1.0
1008;0.00041849908302538097;1.0
1009;0.00042620403110049665;1.0
1010;0.0004362126055639237;1.0
1011;0.00041808729292824864;1.0
1012;0.0004383183259051293;1.0
1013;0.0003779045364353806;1.0
1014;0.00040029751835390925;1.0
1015;0.0004356547142378986;1.0
1016;0.0004064014647156;1.0
1017;0.00042268820106983185;1.0
1018;0.00036365195410326123;1.0
1019;0.0004287760239094496;1.0
1020;0.0003933973202947527;1.0
1021;0.0003952699771616608;1.0
1022;0.00042488324106670916;1.0
1023;0.0004078116035088897;1.0
1024;0.0004301796143408865;1.0
1025;0.0004615190264303237;1.0
1026;0.0003995112783741206;1.0
1027;0.000512610946316272;1.0
1028;0.00041967202560044825;1.0
1029;0.0004511544539127499;1.0
1030;0.00040184121462516487;1.0
1031;0.000361966755008325;1.0
1032;0.0004031218122690916;1.0
1033;0.00037705578142777085;1.0
1034;0.00039621334872208536;1.0
1035;0.000416276219766587;1.0
1036;0.0004516129265539348;1.0
1037;0.0004466469690669328;1.0
1038;0.0004493152955546975;1.0
1039;0.0003989885444752872;1.0
1040;0.0004145019920542836;1.0
1041;0.0004108222492504865;1.0
1042;0.00036710037966258824;1.0
1043;0.0004275267128832638;1.0
1044;0.0004104864492546767;1.0
1045;0.0004423944337759167;1.0
1046;0.0004148749285377562;1.0
1047;0.00042275237501598895;1.0
1048;0.000402762001613155;1.0
1049;0.00041117146611213684;1.0
1050;0.0004292459925636649;1.0
1051;0.00036930455826222897;1.0
1052;0.00041461506043560803;1.0
1053;0.0003621020878199488;1.0
1054;0.0003681637463159859;1.0
1055;0.00036824087146669626;1.0
1056;0.0003814653609879315;1.0
1057;0.00038168721948750317;1.0
1058;0.00037941872142255306;1.0
1059;0.0003615856112446636;1.0
1060;0.0004295527469366789;1.0
1061;0.00039301151991821826;1.0
1062;0.00036986416671425104;1.0
1063;0.0003675959014799446;1.0
1064;0.0003734555502887815;1.0
1065;0.0003780245897360146;1.0
1066;0.0003619484486989677;1.0
1067;0.0004567855503410101;1.0
1068;0.00038313306868076324;1.0
1069;0.0003723869158420712;1.0
1070;0.0003902761673089117;1.0
1071;0.00040247946162708104;1.0
1072;0.00038022769149392843;1.0
1073;0.0003700360539369285;1.0
1074;0.00039886243757791817;1.0
1075;0.00036814206396229565;1.0
1076;0.00040987617103382945;1.0
1077;0.000347218505339697;1.0
1078;0.00036843400448560715;1.0
1079;0.0003403589071240276;1.0
1080;0.00037755927769467235;1.0
1081;0.0003888953069690615;1.0
1082;0.0003865472099278122;1.0
1083;0.0004049789276905358;1.0
1084;0.00038273073732852936;1.0
1085;0.00037207125569693744;1.0
1086;0.00038782149204052985;1.0
1087;0.000382596772396937;1.0
1088;0.0003752858319785446;1.0
1089;0.00036782282404601574;1.0
1090;0.00044737718417309225;1.0
1091;0.0003317671944387257;1.0
1092;0.00039013352943584323;1.0
1093;0.0003573384019546211;1.0
1094;0.0003976935113314539;1.0
1095;0.0003574876463972032;1.0
1096;0.0004272079386282712;1.0
1097;0.0003855396353174001;1.0
1098;0.00040863605681806803;1.0
1099;0.0003649433783721179;1.0
1100;0.0003893840766977519;1.0
1101;0.0003823135339189321;1.0
1102;0.00043571804417297244;1.0
1103;0.000386201252695173;1.0
1104;0.00041124000563286245;1.0
1105;0.0003800767590291798;1.0
1106;0.00035548832966014743;1.0
1107;0.0003946289361920208;1.0
1108;0.000410451932111755;1.0
1109;0.00038578431122004986;1.0
1110;0.000382036785595119;1.0
1111;0.00038620905252173543;1.0
1112;0.0003793987270910293;1.0
1113;0.0004170264583081007;1.0
1114;0.000370658264728263;1.0
1115;0.0003690269950311631;1.0
1116;0.0003440772998146713;1.0
1117;0.0003804394509643316;1.0
1118;0.0004120072990190238;1.0
1119;0.0003310528118163347;1.0
1120;0.0003749324823729694;1.0
1121;0.0003427570918574929;1.0
1122;0.00035104239941574633;1.0
1123;0.0003376157837919891;1.0
1124;0.00036113642272539437;1.0
1125;0.00035007126280106604;1.0
1126;0.00036129093496128917;1.0
1127;0.0003397109976503998;1.0
1128;0.00036040786653757095;1.0
1129;0.0003486032655928284;1.0
1130;0.0003550808469299227;1.0
1131;0.0004315036057960242;1.0
1132;0.000348903879057616;1.0
1133;0.0003420122084207833;1.0
1134;0.00038420260534621775;1.0
1135;0.0003844889288302511;1.0
1136;0.0003276725474279374;1.0
1137;0.0002936521777883172;1.0
1138;0.0003533908457029611;1.0
1139;0.0003509576490614563;1.0
1140;0.000325202097883448;1.0
1141;0.0003619460330810398;1.0
1142;0.00036420358810573816;1.0
1143;0.0003675129555631429;1.0
1144;0.0003628335252869874;1.0
1145;0.00033655433799140155;1.0
1146;0.00040590070420876145;1.0
1147;0.0003816290700342506;1.0
1148;0.00033274642191827297;1.0
1149;0.0003428686468396336;1.0
1150;0.000355169759131968;1.0
1151;0.0003598630428314209;1.0
1152;0.0003518959565553814;1.0
1153;0.0003621996147558093;1.0
1154;0.00033241897472180426;1.0
1155;0.000364523904863745;1.0
1156;0.0004321124288253486;1.0
1157;0.00036296300822868943;1.0
1158;0.0003705961862578988;1.0
1159;0.00034788899938575923;1.0
1160;0.00040844109025783837;1.0
1161;0.0003331802145112306;1.0
1162;0.0003288066654931754;1.0
1163;0.00038563457201234996;1.0
1164;0.00032995964284054935;1.0
1165;0.000319348881021142;1.0
1166;0.00036297860788181424;1.0
1167;0.0003455348196439445;1.0
1168;0.0003117792075499892;1.0
1169;0.0003579842741601169;1.0
1170;0.0003633664455264807;1.0
1171;0.000315763900289312;1.0
1172;0.00034187978599220514;1.0
1173;0.00033576032728888094;1.0
1174;0.00037358113331720233;1.0
1175;0.00034058786695823073;1.0
1176;0.0003589979314710945;1.0
1177;0.00036437733797356486;1.0
1178;0.00035589144681580365;1.0
1179;0.0003444773028604686;1.0
1180;0.000338973302859813;1.0
1181;0.00033137929858639836;1.0
1182;0.0003468963550403714;1.0
1183;0.00036348483990877867;1.0
1184;0.0003239049401599914;1.0
1185;0.0003813418443314731;1.0
1186;0.00031213878537528217;1.0
1187;0.0003374045481905341;1.0
1188;0.0003357353853061795;1.0
1189;0.00034143045195378363;1.0
1190;0.0003847765037789941;1.0
1191;0.00036178791197016835;1.0
1192;0.00034163144300691783;1.0
1193;0.00035526289138942957;1.0
1194;0.000381962803658098;1.0
1195;0.0003430173674132675;1.0
1196;0.0003007497580256313;1.0
1197;0.0003125824732705951;1.0
1198;0.00034537841565907;1.0
1199;0.0003464948676992208;1.0
1200;0.00031758123077452183;1.0
1201;0.0003583602956496179;1.0
1202;0.00041271737427450716;1.0
1203;0.0003338867099955678;1.0
1204;0.0003310314496047795;1.0
1205;0.00031793781090527773;1.0
1206;0.0003234259784221649;1.0
1207;0.0003886369231622666;1.0
1208;0.000342065206496045;1.0
1209;0.0003693717299029231;1.0
1210;0.00035372033016756177;1.0
1211;0.00034602146479301155;1.0
1212;0.0003123419883195311;1.0
1213;0.0003073844709433615;1.0
1214;0.00034811627119779587;1.0
1215;0.00031911605037748814;1.0
1216;0.0003730862226802856;1.0
1217;0.00030737818451598287;1.0
1218;0.0003107405500486493;1.0
1219;0.00030050764326006174;1.0
1220;0.00033355504274368286;1.0
1221;0.0003028972423635423;1.0
1222;0.00027964788023382425;1.0
1223;0.00031392311211675406;1.0
1224;0.00030804245034232736;1.0
1225;0.0003679890069179237;1.0
1226;0.00028623369871638715;1.0
1227;0.00032963455305434763;1.0
1228;0.00031847969512455165;1.0
1229;0.00030275454628281295;1.0
1230;0.00030962168239057064;1.0
1231;0.0003228859859518707;1.0
1232;0.00030103663448244333;1.0
1233;0.0003061397874262184;1.0
1234;0.0002850130549632013;1.0
1235;0.00029514546622522175;1.0
1236;0.0003047040372621268;1.0
1237;0.0003159244079142809;1.0
1238;0.00027796116773970425;1.0
1239;0.0003010939690284431;1.0
1240;0.00031272086198441684;1.0
1241;0.00029308185912668705;1.0
1242;0.0002997017581947148;1.0
1243;0.00030209289980120957;1.0
1244;0.0003268355503678322;1.0
1245;0.00030241577769629657;1.0
1246;0.0003072546096518636;1.0
1247;0.00029819959308952093;1.0
1248;0.00029421737417578697;1.0
1249;0.0002922016428783536;1.0
1250;0.0003300189273431897;1.0
1251;0.00031816959381103516;1.0
1252;0.00030714881722815335;1.0
1253;0.00031872448744252324;1.0
1254;0.0003813161456491798;1.0
1255;0.00028032760019414127;1.0
1256;0.00028164786635898054;1.0
1257;0.00028068057144992054;1.0
1258;0.00029035619809292257;1.0
1259;0.0002989170025102794;1.0
1260;0.00028260532417334616;1.0
1261;0.00031915842555463314;1.0
1262;0.0002874277997761965;1.0
1263;0.00032549360184930265;1.0
1264;0.0003004814207088202;1.0
1265;0.00034675103961490095;1.0
1266;0.00032388055115006864;1.0
1267;0.00028942679637111723;1.0
1268;0.0003056905698031187;1.0
1269;0.0002895413781516254;1.0
1270;0.0003192238218616694;1.0
1271;0.00028066421509720385;1.0
1272;0.0002789034624584019;1.0
1273;0.00028944757650606334;1.0
1274;0.0002916407538577914;1.0
1275;0.000275711267022416;1.0
1276;0.0003262795216869563;1.0
1277;0.00027590608806349337;1.0
1278;0.0003037482383660972;1.0
1279;0.0003059257287532091;1.0
1280;0.00030503005837090313;1.0
1281;0.0002837581851053983;1.0
1282;0.00030190020333975554;1.0
1283;0.0003358924004714936;1.0
1284;0.0002532231737859547;1.0
1285;0.0002716690069064498;1.0
1286;0.00029576869565062225;1.0
1287;0.00027462528669275343;1.0
1288;0.00028574568568728864;1.0
1289;0.00027080310974270105;1.0
1290;0.0002771870931610465;1.0
1291;0.00031385719194076955;1.0
1292;0.00024367404694203287;1.0
1293;0.0002780919021461159;1.0
1294;0.0003271218156442046;1.0
1295;0.00024949994985945523;1.0
1296;0.00029702341998927295;1.0
1297;0.0002902890555560589;1.0
1298;0.00025246755103580654;1.0
1299;0.00029685100889764726;1.0
1300;0.0002694011200219393;1.0
1301;0.00028732503415085375;1.0
1302;0.00028533858130685985;1.0
1303;0.0002837661886587739;1.0
1304;0.0003330976760480553;1.0
1305;0.00026308142696507275;1.0
1306;0.0003112421545665711;1.0
1307;0.00030975081608630717;1.0
1308;0.0003059128357563168;1.0
1309;0.0002863575064111501;1.0
1310;0.0003010825312230736;1.0
1311;0.00030677925678901374;1.0
1312;0.0003171270072925836;1.0
1313;0.00028262552223168314;1.0
1314;0.000259050284512341;1.0
1315;0.00032742973417043686;1.0
1316;0.0003194354067090899;1.0
1317;0.00027640812913887203;1.0
1318;0.0002797944762278348;1.0
1319;0.0002657499862834811;1.0
1320;0.00025630724849179387;1.0
1321;0.0003271695168223232;1.0
1322;0.0002960583660751581;1.0
1323;0.00027115445118397474;1.0
1324;0.0002583795867394656;1.0
1325;0.0002913248317781836;1.0
1326;0.00031111392308957875;1.0
1327;0.0002573216042947024;1.0
1328;0.00027203152421861887;1.0
1329;0.0002692865673452616;1.0
1330;0.00029047171119600534;1.0
1331;0.0002828615834005177;1.0
1332;0.0002511702768970281;1.0
1333;0.00027468305779621005;1.0
1334;0.00029131813789717853;1.0
1335;0.0002942419669125229;1.0
1336;0.0002574597019702196;1.0
1337;0.0002531811478547752;1.0
1338;0.0002746128593571484;1.0
1339;0.00025444471975788474;1.0
1340;0.00024289371503982693;1.0
1341;0.0002619625302031636;1.0
1342;0.0002651736722327769;1.0
1343;0.00026598083786666393;1.0
1344;0.0002923609281424433;1.0
1345;0.00026100530521944165;1.0
1346;0.00027071486692875624;1.0
1347;0.0002528810582589358;1.0
1348;0.00031146095716394484;1.0
1349;0.0002409923035884276;1.0
1350;0.00028162833768874407;1.0
1351;0.0003058413858525455;1.0
1352;0.0003292216861154884;1.0
1353;0.0002602360909804702;1.0
1354;0.00027723994571715593;1.0
1355;0.000273698300588876;1.0
1356;0.0002654491690918803;1.0
1357;0.000273180688964203;1.0
1358;0.00032445043325424194;1.0
1359;0.000276375183602795;1.0
1360;0.0002955626405309886;1.0
1361;0.0002697472518775612;1.0
1362;0.0002645235217642039;1.0
1363;0.00030056890682317317;1.0
1364;0.0002610381634440273;1.0
1365;0.00026621005963534117;1.0
1366;0.0002726817037910223;1.0
1367;0.0002691489062272012;1.0
1368;0.0002614713739603758;1.0
1369;0.00028161180671304464;1.0
1370;0.0002710473199840635;1.0
1371;0.00026817608159035444;1.0
1372;0.0002855736529454589;1.0
1373;0.00027422982384450734;1.0
1374;0.00025776142138056457;1.0
1375;0.00028190005104988813;1.0
1376;0.00025400155573152006;1.0
1377;0.00023139329277910292;1.0
1378;0.0002664726343937218;1.0
1379;0.000264352944213897;1.0
1380;0.00027392327319830656;1.0
1381;0.00028963221120648086;1.0
1382;0.00026466973940841854;1.0
1383;0.00025689846370369196;1.0
1384;0.00026219943538308144;1.0
1385;0.0002602529712021351;1.0
1386;0.000272328412393108;1.0
1387;0.00025889105745591223;1.0
1388;0.00023866764968261123;1.0
1389;0.00022227807494346052;1.0
1390;0.0002587327908258885;1.0
1391;0.00025583626120351255;1.0
1392;0.00025024055503308773;1.0
1393;0.00027977745048701763;1.0
1394;0.0002381280210101977;1.0
1395;0.0002634431584738195;1.0
1396;0.00024838934768922627;1.0
1397;0.00026393262669444084;1.0
1398;0.0002445218269713223;1.0
1399;0.00022639088274445385;1.0
1400;0.0002456285001244396;1.0
1401;0.000247055955696851;1.0
1402;0.0002584577305242419;1.0
1403;0.000245503120822832;1.0
1404;0.00027685583336278796;1.0
1405;0.00027091868105344474;1.0
1406;0.00026348012033849955;1.0
1407;0.00026481575332581997;1.0
1408;0.00022264612198341638;1.0
1409;0.0002662216720636934;1.0
1410;0.00025024250498972833;1.0
1411;0.0002796585613396019;1.0
1412;0.00024122172908391804;1.0
1413;0.00029384723166003823;1.0
1414;0.0002940870763268322;1.0
1415;0.00026955100474879146;1.0
1416;0.0003200450155418366;1.0
1417;0.00026090198662132025;1.0
1418;0.00026484375121071935;1.0
1419;0.0002959971025120467;1.0
1420;0.0002880883403122425;1.0
1421;0.0002716145245358348;1.0
1422;0.0002428066509310156;1.0
1423;0.00027734553441405296;1.0
1424;0.0002562815207056701;1.0
1425;0.00023855357721913606;1.0
1426;0.00023980159312486649;1.0
1427;0.00024077061971183866;1.0
1428;0.0002642940089572221;1.0
1429;0.00025438988814130425;1.0
1430;0.0002708294487092644;1.0
1431;0.0002173565881093964;1.0
1432;0.00021476545953191817;1.0
1433;0.0002827662683557719;1.0
1434;0.0002401809033472091;1.0
1435;0.0002644284686539322;1.0
1436;0.00027142593171447515;1.0
1437;0.0002378081699134782;1.0
1438;0.00027518870774656534;1.0
1439;0.00020977570966351777;1.0
1440;0.00021978914446663111;1.0
1441;0.0002463400305714458;1.0
1442;0.0002591013035271317;1.0
1443;0.00022285427257884294;1.0
1444;0.00026331658591516316;1.0
1445;0.00023417576448991895;1.0
1446;0.00022878689924255013;1.0
1447;0.0002324471133761108;1.0
1448;0.00023925225832499564;1.0
1449;0.00027094653341919184;1.0
1450;0.00022878835443407297;1.0
1451;0.0002602119348011911;1.0
1452;0.0002236603177152574;1.0
1453;0.00024033544468693435;1.0
1454;0.0002508257457520813;1.0
1455;0.00024209177354350686;1.0
1456;0.00023305114882532507;1.0
1457;0.00025937482132576406;1.0
1458;0.00022580214135814458;1.0
1459;0.0002442079712636769;1.0
1460;0.00023840635549277067;1.0
1461;0.0002549807250034064;1.0
1462;0.00023741967743262649;1.0
1463;0.00022863291087560356;1.0
1464;0.00025784163153730333;1.0
1465;0.0002104022423736751;1.0
1466;0.00021524663316085935;1.0
1467;0.00022861527395434678;1.0
1468;0.00025242858100682497;1.0
1469;0.00021106863277964294;1.0
1470;0.0002773701271507889;1.0
1471;0.0002257568994536996;1.0
1472;0.00026192975929006934;1.0
1473;0.0002825321280397475;1.0
1474;0.00023168338520918041;1.0
1475;0.00023623864399269223;1.0
1476;0.00024129514349624515;1.0
1477;0.00026859098579734564;1.0
1478;0.0002462896809447557;1.0
1479;0.0002333664451725781;1.0
1480;0.0002730028936639428;1.0
1481;0.0002860090462490916;1.0
1482;0.00022384330804925412;1.0
1483;0.00023464186233468354;1.0
1484;0.00025175808696076274;1.0
1485;0.00023868592688813806;1.0
1486;0.00022732721117790788;1.0
1487;0.0002455372014082968;1.0
1488;0.00024474289966747165;1.0
1489;0.00027390997274778783;1.0
1490;0.0002277039020555094;1.0
1491;0.00024940900038927794;1.0
1492;0.00019746212637983263;1.0
1493;0.00025148666463792324;1.0
1494;0.00022428664669860154;1.0
1495;0.0002335241879336536;1.0
1496;0.00022699523833580315;1.0
1497;0.00023788231192156672;1.0
1498;0.0002231969265267253;1.0
1499;0.0002609905495774001;1.0
