iteration;loss;accuracy
0;0.03978051245212555;0.08620689809322357
1;0.03639732301235199;0.11206896603107452
2;0.03535013273358345;0.12068965286016464
3;0.034713100641965866;0.1551724076271057
4;0.034463126212358475;0.16379310190677643
5;0.03429852053523064;0.1465517282485962
6;0.03389532491564751;0.1982758641242981
7;0.03378434106707573;0.25
8;0.033836014568805695;0.22413793206214905
9;0.033833280205726624;0.18103447556495667
10;0.033380333334207535;0.22413793206214905
11;0.03315519914031029;0.24137930572032928
12;0.032745808362960815;0.2586206793785095
13;0.032308027148246765;0.2586206793785095
14;0.03243446350097656;0.2586206793785095
15;0.03213360160589218;0.2586206793785095
16;0.03231147676706314;0.3017241358757019
17;0.031542714685201645;0.2931034564971924
18;0.03133130446076393;0.32758620381355286
19;0.03068707510828972;0.3448275923728943
20;0.030637593939900398;0.32758620381355286
21;0.030223391950130463;0.38793104887008667
22;0.030296336859464645;0.38793104887008667
23;0.029858846217393875;0.37931033968925476
24;0.02965988591313362;0.3965517282485962
25;0.02941042184829712;0.4655172526836395
26;0.029309526085853577;0.37068966031074524
27;0.028646767139434814;0.48275861144065857
28;0.02874116599559784;0.5
29;0.028009403496980667;0.42241379618644714
30;0.027600307017564774;0.4655172526836395
31;0.027284987270832062;0.5775862336158752
32;0.027034612372517586;0.568965494632721
33;0.02654705010354519;0.5862069129943848
34;0.025868047028779984;0.5948275923728943
35;0.025035200640559196;0.6293103694915771
36;0.024717288091778755;0.6206896305084229
37;0.02461787313222885;0.6120689511299133
38;0.02446274273097515;0.6637930870056152
39;0.023523665964603424;0.6379310488700867
40;0.022579442709684372;0.6551724076271057
41;0.022768326103687286;0.681034505367279
42;0.02185092680156231;0.6637930870056152
43;0.022602777928113937;0.6465517282485962
44;0.021602828055620193;0.7155172228813171
45;0.021354656666517258;0.7068965435028076
46;0.021286657080054283;0.7413793206214905
47;0.021286915987730026;0.681034505367279
48;0.020199527963995934;0.7241379022598267
49;0.020623959600925446;0.7068965435028076
50;0.01952929049730301;0.75
51;0.020140016451478004;0.7068965435028076
52;0.0188800897449255;0.767241358757019
53;0.01920761540532112;0.7586206793785095
54;0.018361248075962067;0.767241358757019
55;0.017985576763749123;0.7241379022598267
56;0.018453828990459442;0.75
57;0.01840834692120552;0.732758641242981
58;0.017155500128865242;0.7586206793785095
59;0.01707838848233223;0.7586206793785095
60;0.01680522784590721;0.7586206793785095
61;0.016742074862122536;0.767241358757019
62;0.016264380887150764;0.75
63;0.016034793108701706;0.7586206793785095
64;0.015832627192139626;0.7413793206214905
65;0.01597963087260723;0.7413793206214905
66;0.015449358150362968;0.7758620977401733
67;0.016011584550142288;0.7586206793785095
68;0.014501303434371948;0.75
69;0.014756161719560623;0.7844827771186829
70;0.014660042710602283;0.7931034564971924
71;0.014197476208209991;0.8103448152542114
72;0.014355120249092579;0.7931034564971924
73;0.013653451576828957;0.8017241358757019
74;0.014019033871591091;0.7758620977401733
75;0.013430413790047169;0.818965494632721
76;0.0138646075502038;0.818965494632721
77;0.013021890074014664;0.8103448152542114
78;0.012708442285656929;0.8103448152542114
79;0.012908166274428368;0.8275862336158752
80;0.012951439246535301;0.8017241358757019
81;0.012913871556520462;0.7931034564971924
82;0.013494322076439857;0.8275862336158752
83;0.012208739295601845;0.8534482717514038
84;0.012225300073623657;0.8362069129943848
85;0.012814990244805813;0.8448275923728943
86;0.011879047378897667;0.8275862336158752
87;0.011521236971020699;0.8362069129943848
88;0.012103215791285038;0.8793103694915771
89;0.011072992347180843;0.8534482717514038
90;0.011661862023174763;0.8275862336158752
91;0.011805526912212372;0.8620689511299133
92;0.010576913133263588;0.9051724076271057
93;0.012723492458462715;0.8448275923728943
94;0.010934190824627876;0.8793103694915771
95;0.013158871792256832;0.8275862336158752
96;0.011483180336654186;0.8793103694915771
97;0.010953576304018497;0.8793103694915771
98;0.010521010495722294;0.8879310488700867
99;0.010708031244575977;0.8448275923728943
100;0.010465079918503761;0.8706896305084229
101;0.010807953774929047;0.8793103694915771
102;0.010907748714089394;0.8706896305084229
103;0.011164124123752117;0.8534482717514038
104;0.01029425859451294;0.8620689511299133
105;0.010285595431923866;0.8879310488700867
106;0.01013365387916565;0.8965517282485962
107;0.009627249091863632;0.8965517282485962
108;0.010078364983201027;0.8879310488700867
109;0.009912766516208649;0.8879310488700867
110;0.009714804589748383;0.8879310488700867
111;0.009649227373301983;0.8965517282485962
112;0.009396822191774845;0.8965517282485962
113;0.009566280990839005;0.9051724076271057
114;0.010468614287674427;0.8879310488700867
115;0.009880345314741135;0.8793103694915771
116;0.011211443692445755;0.8879310488700867
117;0.009748564101755619;0.8965517282485962
118;0.009916871786117554;0.8965517282485962
119;0.008998041972517967;0.8879310488700867
120;0.009135240688920021;0.8879310488700867
121;0.009734293445944786;0.9137930870056152
122;0.009068792685866356;0.9137930870056152
123;0.009978123940527439;0.8879310488700867
124;0.009087629616260529;0.931034505367279
125;0.00822275597602129;0.9137930870056152
126;0.009407797828316689;0.9137930870056152
127;0.008789237588644028;0.8879310488700867
128;0.008522536605596542;0.9051724076271057
129;0.008855889551341534;0.931034505367279
130;0.008195486851036549;0.9051724076271057
131;0.008630349300801754;0.9137930870056152
132;0.008170833811163902;0.9137930870056152
133;0.008284022100269794;0.931034505367279
134;0.00793406367301941;0.9224137663841248
135;0.008093462325632572;0.9051724076271057
136;0.008457648567855358;0.9137930870056152
137;0.007427002303302288;0.9137930870056152
138;0.007810425944626331;0.9051724076271057
139;0.008074597455561161;0.9224137663841248
140;0.007650630082935095;0.9051724076271057
141;0.00814941804856062;0.9051724076271057
142;0.008164982311427593;0.9137930870056152
143;0.007459996268153191;0.9051724076271057
144;0.007640582975000143;0.8965517282485962
145;0.007904721423983574;0.9224137663841248
146;0.008532311767339706;0.8965517282485962
147;0.0070654829032719135;0.931034505367279
148;0.0076050120405852795;0.931034505367279
149;0.008387462235987186;0.9137930870056152
150;0.007546542678028345;0.9137930870056152
151;0.007410602644085884;0.9224137663841248
152;0.007555115036666393;0.931034505367279
153;0.007006825879216194;0.9396551847457886
154;0.006828116253018379;0.931034505367279
155;0.00806359201669693;0.9051724076271057
156;0.006520875729620457;0.931034505367279
157;0.008874270133674145;0.9137930870056152
158;0.007177894003689289;0.9051724076271057
159;0.009433131664991379;0.8879310488700867
160;0.007061411160975695;0.931034505367279
161;0.008096066303551197;0.9224137663841248
162;0.009101529605686665;0.9051724076271057
163;0.006991877686232328;0.931034505367279
164;0.008609483018517494;0.9137930870056152
165;0.007251902017742395;0.9396551847457886
166;0.0073700714856386185;0.9224137663841248
167;0.007594374939799309;0.9137930870056152
168;0.007434359285980463;0.931034505367279
169;0.006900574080646038;0.9396551847457886
170;0.0067061688750982285;0.931034505367279
171;0.007029963657259941;0.931034505367279
172;0.007300728932023048;0.9224137663841248
173;0.0064781135879457;0.931034505367279
174;0.0063230125233531;0.9224137663841248
175;0.006512250751256943;0.931034505367279
176;0.006127262022346258;0.9482758641242981
177;0.006520851049572229;0.931034505367279
178;0.006317398510873318;0.9224137663841248
179;0.006267507094889879;0.931034505367279
180;0.006057383958250284;0.9396551847457886
181;0.005559029523283243;0.931034505367279
182;0.00573901180177927;0.931034505367279
183;0.0057268207892775536;0.9482758641242981
184;0.005736235994845629;0.931034505367279
185;0.006390445400029421;0.9224137663841248
186;0.005568507127463818;0.9224137663841248
187;0.006222620606422424;0.931034505367279
188;0.005932239815592766;0.931034505367279
189;0.005948112811893225;0.9396551847457886
190;0.005958355497568846;0.931034505367279
191;0.006134517956525087;0.931034505367279
192;0.006060400046408176;0.9224137663841248
193;0.005403594579547644;0.9224137663841248
194;0.005444655194878578;0.9396551847457886
195;0.0056235105730593204;0.931034505367279
196;0.005845391657203436;0.9224137663841248
197;0.005666979588568211;0.9224137663841248
198;0.005684918258339167;0.931034505367279
199;0.005662537645548582;0.9137930870056152
200;0.005638918373733759;0.931034505367279
201;0.0059794033877551556;0.931034505367279
202;0.005456594750285149;0.931034505367279
203;0.005591694265604019;0.931034505367279
204;0.005438402760773897;0.931034505367279
205;0.0053616720251739025;0.9396551847457886
206;0.005221518687903881;0.9396551847457886
207;0.005271937698125839;0.9396551847457886
208;0.00569233950227499;0.9137930870056152
209;0.005366872530430555;0.9396551847457886
210;0.0055968570522964;0.9137930870056152
211;0.005807201378047466;0.9224137663841248
212;0.005514773540198803;0.931034505367279
213;0.005664881318807602;0.9224137663841248
214;0.0055206106044352055;0.9396551847457886
215;0.005388462450355291;0.931034505367279
216;0.005954509600996971;0.9051724076271057
217;0.005597670562565327;0.931034505367279
218;0.0049822404980659485;0.9396551847457886
219;0.0050371140241622925;0.9396551847457886
220;0.0051238639280200005;0.9482758641242981
221;0.00537248607724905;0.9224137663841248
222;0.005784698761999607;0.931034505367279
223;0.005585212726145983;0.931034505367279
224;0.0053306203335523605;0.9224137663841248
225;0.005434723105281591;0.9224137663841248
226;0.0050572240725159645;0.9224137663841248
227;0.005076766479760408;0.9396551847457886
228;0.005261078476905823;0.9224137663841248
229;0.005356549751013517;0.931034505367279
230;0.005472496151924133;0.9224137663841248
231;0.005051884800195694;0.931034505367279
232;0.00489411037415266;0.931034505367279
233;0.00548739917576313;0.931034505367279
234;0.005221857223659754;0.931034505367279
235;0.00531562278047204;0.931034505367279
236;0.00477571040391922;0.9396551847457886
237;0.005197213497012854;0.9396551847457886
238;0.005088904872536659;0.931034505367279
239;0.005015617236495018;0.931034505367279
240;0.004705893807113171;0.931034505367279
241;0.004987030755728483;0.9224137663841248
242;0.004943624138832092;0.931034505367279
243;0.004904044792056084;0.9396551847457886
244;0.0050830841064453125;0.931034505367279
245;0.004767091013491154;0.9396551847457886
246;0.005168287083506584;0.9224137663841248
247;0.004834381397813559;0.931034505367279
248;0.005261770449578762;0.931034505367279
249;0.005164963658899069;0.9396551847457886
250;0.005043732933700085;0.9396551847457886
251;0.005244359374046326;0.931034505367279
252;0.004809053149074316;0.9482758641242981
253;0.005102751776576042;0.9224137663841248
254;0.004732694011181593;0.931034505367279
255;0.004799181595444679;0.9396551847457886
256;0.0048904563300311565;0.9224137663841248
257;0.004884595982730389;0.9224137663841248
258;0.004788231570273638;0.9482758641242981
259;0.0051079364493489265;0.931034505367279
260;0.0048338924534618855;0.931034505367279
261;0.004946277942508459;0.931034505367279
262;0.004919972270727158;0.9224137663841248
263;0.005542592611163855;0.9224137663841248
264;0.004904923029243946;0.9224137663841248
265;0.004989560693502426;0.9224137663841248
266;0.004941153340041637;0.931034505367279
267;0.005108411889523268;0.931034505367279
268;0.004902601707726717;0.9224137663841248
269;0.004728513304144144;0.9396551847457886
270;0.0050397636368870735;0.9224137663841248
271;0.005374390631914139;0.931034505367279
272;0.0049830032512545586;0.9224137663841248
273;0.004627300426363945;0.9396551847457886
274;0.005105691961944103;0.931034505367279
275;0.004997149109840393;0.931034505367279
276;0.005116453394293785;0.9396551847457886
277;0.005018936935812235;0.9396551847457886
278;0.005347085651010275;0.931034505367279
279;0.004967641085386276;0.931034505367279
280;0.004850431811064482;0.931034505367279
281;0.004694586619734764;0.931034505367279
282;0.005342321004718542;0.9051724076271057
283;0.00494403624907136;0.931034505367279
284;0.00464321905747056;0.931034505367279
285;0.005082010757178068;0.931034505367279
286;0.005237480625510216;0.9224137663841248
287;0.004599041771143675;0.9137930870056152
288;0.004703959915786982;0.931034505367279
289;0.004739330615848303;0.931034505367279
290;0.00456866342574358;0.931034505367279
291;0.004407394677400589;0.931034505367279
292;0.004742998629808426;0.9137930870056152
293;0.004677719436585903;0.9224137663841248
294;0.00484065106138587;0.9224137663841248
295;0.004954957868903875;0.931034505367279
296;0.004327678587287664;0.9482758641242981
297;0.004774488043040037;0.9396551847457886
298;0.00473580090329051;0.931034505367279
299;0.004489039070904255;0.9396551847457886
300;0.004538978915661573;0.9224137663841248
301;0.004681816790252924;0.931034505367279
302;0.004515054170042276;0.9396551847457886
303;0.004185929428786039;0.9396551847457886
304;0.004290132317692041;0.931034505367279
305;0.004419475793838501;0.9396551847457886
306;0.004491565749049187;0.9224137663841248
307;0.004472018219530582;0.931034505367279
308;0.00448254682123661;0.9396551847457886
309;0.004410730674862862;0.9051724076271057
310;0.004375176969915628;0.9482758641242981
311;0.00451244879513979;0.9137930870056152
312;0.004471880383789539;0.931034505367279
313;0.004401732236146927;0.931034505367279
314;0.004450658801943064;0.931034505367279
315;0.005003303289413452;0.9224137663841248
316;0.004550393670797348;0.9396551847457886
317;0.00405929097905755;0.9396551847457886
318;0.004312166478484869;0.9396551847457886
319;0.004258641507476568;0.9396551847457886
320;0.004555943422019482;0.9224137663841248
321;0.004692406859248877;0.931034505367279
322;0.004662967287003994;0.9224137663841248
323;0.004329253453761339;0.9224137663841248
324;0.00448156101629138;0.931034505367279
325;0.004610811360180378;0.9396551847457886
326;0.004392462782561779;0.9396551847457886
327;0.004629611037671566;0.931034505367279
328;0.004885413683950901;0.9137930870056152
329;0.004512190818786621;0.9224137663841248
330;0.004731297958642244;0.9137930870056152
331;0.004315264988690615;0.9396551847457886
332;0.004412034526467323;0.9137930870056152
333;0.00439368886873126;0.9482758641242981
334;0.0043224915862083435;0.931034505367279
335;0.004770023748278618;0.9224137663841248
336;0.00470616202801466;0.9137930870056152
337;0.004280382301658392;0.9224137663841248
338;0.004496270325034857;0.9396551847457886
339;0.004418594762682915;0.931034505367279
340;0.004286866169422865;0.9396551847457886
341;0.004763432312756777;0.931034505367279
342;0.0043700095266103745;0.931034505367279
343;0.004540173802524805;0.931034505367279
344;0.004374986048787832;0.931034505367279
345;0.004073441494256258;0.9396551847457886
346;0.004551843740046024;0.931034505367279
347;0.003912642132490873;0.931034505367279
348;0.004260275047272444;0.9396551847457886
349;0.004462923388928175;0.931034505367279
350;0.004239391069859266;0.9396551847457886
351;0.004583967383950949;0.931034505367279
352;0.0043426635675132275;0.9137930870056152
353;0.0040001641027629375;0.9396551847457886
354;0.004387249238789082;0.931034505367279
355;0.004744824022054672;0.9137930870056152
356;0.00413872767239809;0.9224137663841248
357;0.004241134971380234;0.9224137663841248
358;0.004634237382560968;0.931034505367279
359;0.004627974703907967;0.931034505367279
360;0.004544836934655905;0.931034505367279
361;0.004440935328602791;0.931034505367279
362;0.003934201784431934;0.9396551847457886
363;0.004431502427905798;0.9224137663841248
364;0.004430875182151794;0.9224137663841248
365;0.004405305255204439;0.9051724076271057
366;0.004333824384957552;0.931034505367279
367;0.0040400950238108635;0.9224137663841248
368;0.0043796394020318985;0.9396551847457886
369;0.004485711921006441;0.931034505367279
370;0.004509484861046076;0.9224137663841248
371;0.004343727603554726;0.931034505367279
372;0.004710448905825615;0.9224137663841248
373;0.004873226396739483;0.931034505367279
374;0.004181686323136091;0.931034505367279
375;0.0047321501187980175;0.9137930870056152
376;0.00445537269115448;0.9224137663841248
377;0.004122607875615358;0.9396551847457886
378;0.004434747621417046;0.931034505367279
379;0.0041633229702711105;0.9224137663841248
380;0.004078170284628868;0.9655172228813171
381;0.004129098728299141;0.9224137663841248
382;0.004288741387426853;0.9224137663841248
383;0.0041530197486281395;0.931034505367279
384;0.004325294401496649;0.931034505367279
385;0.004528837278485298;0.931034505367279
386;0.004342248663306236;0.931034505367279
387;0.004585296381264925;0.9224137663841248
388;0.004495016764849424;0.9396551847457886
389;0.0044210306368768215;0.9396551847457886
390;0.004343078471720219;0.931034505367279
391;0.004322105553001165;0.931034505367279
392;0.004211359191685915;0.9568965435028076
393;0.004453182220458984;0.9137930870056152
394;0.004083037842065096;0.931034505367279
395;0.003878938499838114;0.9482758641242981
396;0.004085991997271776;0.931034505367279
397;0.004127169493585825;0.9396551847457886
398;0.0037978505715727806;0.9482758641242981
399;0.00397580536082387;0.931034505367279
400;0.00450191181153059;0.9137930870056152
401;0.004258331377059221;0.931034505367279
402;0.004131819121539593;0.931034505367279
403;0.004288920201361179;0.9224137663841248
404;0.003934165462851524;0.9396551847457886
405;0.003899348434060812;0.9396551847457886
406;0.00417792284861207;0.9568965435028076
407;0.0038703391328454018;0.9396551847457886
408;0.004133331589400768;0.9137930870056152
409;0.0041229152120649815;0.9396551847457886
410;0.003986158408224583;0.931034505367279
411;0.004214572254568338;0.931034505367279
412;0.0040082382038235664;0.9482758641242981
413;0.004252525977790356;0.931034505367279
414;0.00420548627153039;0.9224137663841248
415;0.004329508636146784;0.9137930870056152
416;0.004358144011348486;0.9482758641242981
417;0.004346037749201059;0.9137930870056152
418;0.004174058325588703;0.931034505367279
419;0.004200800321996212;0.9137930870056152
420;0.004078197758644819;0.9396551847457886
421;0.0038385926745831966;0.931034505367279
422;0.004111187066882849;0.9224137663841248
423;0.003829082939773798;0.9482758641242981
424;0.004354154225438833;0.931034505367279
425;0.003960255533456802;0.9396551847457886
426;0.0037097609601914883;0.9396551847457886
427;0.004068497568368912;0.9224137663841248
428;0.004262370523065329;0.9396551847457886
429;0.004254746250808239;0.9396551847457886
430;0.004205998498946428;0.931034505367279
431;0.0038228826597332954;0.9482758641242981
432;0.004317737650126219;0.9137930870056152
433;0.0043160151690244675;0.9224137663841248
434;0.004424117971211672;0.9396551847457886
435;0.003681507892906666;0.931034505367279
436;0.004421335645020008;0.931034505367279
437;0.004179004579782486;0.931034505367279
438;0.004133025649935007;0.931034505367279
439;0.0042797415517270565;0.9224137663841248
440;0.0040368130430579185;0.9396551847457886
441;0.004289217758923769;0.9224137663841248
442;0.004391292575746775;0.9224137663841248
443;0.004284061025828123;0.9224137663841248
444;0.003720814362168312;0.9482758641242981
445;0.004096071235835552;0.931034505367279
446;0.0038738371804356575;0.9396551847457886
447;0.0041419388726353645;0.9396551847457886
448;0.004018864128738642;0.9396551847457886
449;0.004470007959753275;0.931034505367279
450;0.003844673978164792;0.9224137663841248
451;0.004044965375214815;0.9224137663841248
452;0.004058657679706812;0.9396551847457886
453;0.004132635425776243;0.9224137663841248
454;0.004237827844917774;0.9137930870056152
455;0.0041899653151631355;0.9396551847457886
456;0.003825634950771928;0.9396551847457886
457;0.004066263325512409;0.931034505367279
458;0.004182134289294481;0.9482758641242981
459;0.003911916632205248;0.9396551847457886
460;0.003935275599360466;0.9224137663841248
461;0.0038751447573304176;0.9396551847457886
462;0.003782253945246339;0.9482758641242981
463;0.004079258069396019;0.931034505367279
464;0.003992998972535133;0.931034505367279
465;0.0042443531565368176;0.9224137663841248
466;0.0039062052965164185;0.931034505367279
467;0.0039505911991000175;0.931034505367279
468;0.003965435549616814;0.9396551847457886
469;0.0038586792070418596;0.931034505367279
470;0.003865182166919112;0.9482758641242981
471;0.004116144496947527;0.9051724076271057
472;0.003998410422354937;0.9224137663841248
473;0.003863624529913068;0.931034505367279
474;0.0037260097451508045;0.9224137663841248
475;0.004179335664957762;0.9224137663841248
476;0.004053737968206406;0.931034505367279
477;0.0040167649276554585;0.9396551847457886
478;0.0037608665879815817;0.9224137663841248
479;0.0036251218989491463;0.9482758641242981
480;0.0037153533194214106;0.931034505367279
481;0.0037826732732355595;0.931034505367279
482;0.0041281552985310555;0.931034505367279
483;0.003949588630348444;0.9051724076271057
484;0.004234769847244024;0.9224137663841248
485;0.003805355401709676;0.931034505367279
486;0.003817890537902713;0.9224137663841248
487;0.0037916330620646477;0.9396551847457886
488;0.003669685684144497;0.9482758641242981
489;0.00378058641217649;0.9224137663841248
490;0.003971494268625975;0.9224137663841248
491;0.004055063705891371;0.9224137663841248
492;0.0038860710337758064;0.931034505367279
493;0.00396356638520956;0.9224137663841248
494;0.004032452125102282;0.9137930870056152
495;0.0038012461736798286;0.9396551847457886
496;0.004193821921944618;0.9224137663841248
497;0.0039001405239105225;0.931034505367279
498;0.0037793212104588747;0.9396551847457886
499;0.004079857375472784;0.931034505367279
500;0.003920270130038261;0.9051724076271057
501;0.003963690251111984;0.9396551847457886
502;0.0037561070639640093;0.931034505367279
503;0.0038031258154660463;0.9396551847457886
504;0.004001847933977842;0.931034505367279
505;0.003729430492967367;0.931034505367279
506;0.004033376462757587;0.931034505367279
507;0.004203944467008114;0.9396551847457886
508;0.003722058143466711;0.931034505367279
509;0.004044863861054182;0.931034505367279
510;0.004197256173938513;0.9137930870056152
511;0.003940780181437731;0.9224137663841248
512;0.003983603790402412;0.931034505367279
513;0.003917167894542217;0.931034505367279
514;0.003758341772481799;0.931034505367279
515;0.0038682101294398308;0.9396551847457886
516;0.003966296091675758;0.9224137663841248
517;0.003952691797167063;0.931034505367279
518;0.0038355716969817877;0.9224137663841248
519;0.003721525426954031;0.9482758641242981
520;0.0035363957285881042;0.9482758641242981
521;0.00421889265999198;0.931034505367279
522;0.003908177837729454;0.931034505367279
523;0.0037426850758492947;0.9224137663841248
524;0.004087455570697784;0.9224137663841248
525;0.00380578450858593;0.9482758641242981
526;0.003917418885976076;0.931034505367279
527;0.0037084189243614674;0.9396551847457886
528;0.0035928073339164257;0.931034505367279
529;0.0040534320287406445;0.9137930870056152
530;0.00393432704731822;0.9137930870056152
531;0.004333610646426678;0.9224137663841248
532;0.003763119922950864;0.9396551847457886
533;0.003666825359687209;0.9396551847457886
534;0.00366892758756876;0.9396551847457886
535;0.0038300591986626387;0.9224137663841248
536;0.003652916755527258;0.9482758641242981
537;0.0035489255096763372;0.9396551847457886
538;0.003917783964425325;0.931034505367279
539;0.0036439956165850163;0.9396551847457886
540;0.0038048478309065104;0.9482758641242981
541;0.0035600350238382816;0.9396551847457886
542;0.003932064399123192;0.9137930870056152
543;0.003918681293725967;0.9224137663841248
544;0.003800611011683941;0.931034505367279
545;0.003624610835686326;0.931034505367279
546;0.0034168586134910583;0.9568965435028076
547;0.0035037794150412083;0.9568965435028076
548;0.0038034904282540083;0.9224137663841248
549;0.003823489649221301;0.9224137663841248
550;0.0037772865034639835;0.931034505367279
551;0.00374804250895977;0.931034505367279
552;0.0036671014968305826;0.9396551847457886
553;0.0033989346120506525;0.9568965435028076
554;0.0036441460251808167;0.931034505367279
555;0.0035700961016118526;0.9482758641242981
556;0.003454654710367322;0.931034505367279
557;0.003742168191820383;0.9482758641242981
558;0.0037587075494229794;0.931034505367279
559;0.0035095512866973877;0.9396551847457886
560;0.0038952925242483616;0.9137930870056152
561;0.003536710748448968;0.9482758641242981
562;0.003893605200573802;0.9224137663841248
563;0.0036638500168919563;0.9396551847457886
564;0.0034035267308354378;0.9396551847457886
565;0.0037362745497375727;0.9224137663841248
566;0.003202318912371993;0.9482758641242981
567;0.003617786569520831;0.931034505367279
568;0.0035283383913338184;0.9396551847457886
569;0.003976679872721434;0.931034505367279
570;0.003765521105378866;0.9224137663841248
571;0.0032808752730488777;0.9482758641242981
572;0.003639107570052147;0.9396551847457886
573;0.003560030832886696;0.9396551847457886
574;0.003389840479940176;0.931034505367279
575;0.0037823528982698917;0.9051724076271057
576;0.0031982525251805782;0.9482758641242981
577;0.0032836603932082653;0.9568965435028076
578;0.003617088543251157;0.931034505367279
579;0.0035475397016853094;0.9396551847457886
580;0.003314260160550475;0.9568965435028076
581;0.003132925136014819;0.9741379022598267
582;0.0037553757429122925;0.931034505367279
583;0.003405170515179634;0.9224137663841248
584;0.0038446506951004267;0.9568965435028076
585;0.0034772357903420925;0.9137930870056152
586;0.003637579269707203;0.9137930870056152
587;0.003086870303377509;0.9568965435028076
588;0.004211912862956524;0.931034505367279
589;0.0041564228013157845;0.9224137663841248
590;0.0049406783655285835;0.9051724076271057
591;0.003950910177081823;0.9224137663841248
592;0.004381087608635426;0.9051724076271057
593;0.003828351153060794;0.931034505367279
594;0.0040956116281449795;0.931034505367279
595;0.003929345402866602;0.9224137663841248
596;0.0035168142057955265;0.9396551847457886
597;0.0036610893439501524;0.931034505367279
598;0.003936627879738808;0.931034505367279
599;0.0033404442947357893;0.9396551847457886
600;0.003602255368605256;0.9137930870056152
601;0.0037555035669356585;0.9224137663841248
602;0.004176066257059574;0.9224137663841248
603;0.0032747196964919567;0.9482758641242981
604;0.0034777196124196053;0.9396551847457886
605;0.003704831236973405;0.9137930870056152
606;0.004055325873196125;0.9224137663841248
607;0.003650256432592869;0.9482758641242981
608;0.0036726666148751974;0.9396551847457886
609;0.0033573622349649668;0.9396551847457886
610;0.0034924917854368687;0.9396551847457886
611;0.0035944951232522726;0.9396551847457886
612;0.0034050452522933483;0.9568965435028076
613;0.0036884418223053217;0.931034505367279
614;0.003165787784382701;0.9568965435028076
615;0.003166625276207924;0.9482758641242981
616;0.003973145969212055;0.931034505367279
617;0.003075235988944769;0.9568965435028076
618;0.003418037900701165;0.9396551847457886
619;0.0034351851791143417;0.931034505367279
620;0.0034916556905955076;0.9224137663841248
621;0.0033861789852380753;0.9655172228813171
622;0.0035613449290394783;0.931034505367279
623;0.003842461621388793;0.9137930870056152
624;0.0032198522239923477;0.9568965435028076
625;0.0033795100171118975;0.9396551847457886
626;0.0034212227910757065;0.9482758641242981
627;0.0036189889069646597;0.9396551847457886
628;0.003618021262809634;0.9482758641242981
629;0.0033516755793243647;0.9396551847457886
630;0.003074830397963524;0.9568965435028076
631;0.0030291678849607706;0.9482758641242981
632;0.003201784798875451;0.9741379022598267
633;0.003286896739155054;0.931034505367279
634;0.003249136731028557;0.9655172228813171
635;0.0031665575224906206;0.9482758641242981
636;0.0028572501614689827;0.9655172228813171
637;0.0031687996815890074;0.9655172228813171
638;0.0031302657444030046;0.9396551847457886
639;0.003566959174349904;0.9482758641242981
640;0.00418887659907341;0.931034505367279
641;0.00403857696801424;0.9224137663841248
642;0.004312981851398945;0.9137930870056152
643;0.003473923308774829;0.9482758641242981
644;0.0036979294382035732;0.931034505367279
645;0.003276442177593708;0.931034505367279
646;0.002954897005110979;0.9655172228813171
647;0.003926324658095837;0.9224137663841248
648;0.00341397849842906;0.9655172228813171
649;0.0031798642594367266;0.9568965435028076
650;0.003286234103143215;0.9482758641242981
651;0.0034479766618460417;0.931034505367279
652;0.003005462931469083;0.9655172228813171
653;0.0037807186599820852;0.9137930870056152
654;0.0029064062982797623;0.9655172228813171
655;0.002970391884446144;0.9655172228813171
656;0.0032257179263979197;0.931034505367279
657;0.0029438540805131197;0.9568965435028076
658;0.0032181001733988523;0.982758641242981
659;0.003293887944892049;0.9482758641242981
660;0.00377472466789186;0.931034505367279
661;0.002911350456997752;0.982758641242981
662;0.003582081524655223;0.9482758641242981
663;0.003285408718511462;0.9396551847457886
664;0.003048436716198921;0.9568965435028076
665;0.0030699865892529488;0.9741379022598267
666;0.0032710880041122437;0.9482758641242981
667;0.0026353183202445507;0.9741379022598267
668;0.0034250691533088684;0.9224137663841248
669;0.0030288556590676308;0.9655172228813171
670;0.002965694759041071;0.982758641242981
671;0.0030154564883559942;0.982758641242981
672;0.0025139772333204746;0.9913793206214905
673;0.0030780553352087736;0.9482758641242981
674;0.0028290890622884035;0.9741379022598267
675;0.0033589580561965704;0.9482758641242981
676;0.002689650747925043;0.9913793206214905
677;0.003605910809710622;0.9482758641242981
678;0.002652282128110528;0.982758641242981
679;0.0030283797532320023;0.9655172228813171
680;0.0034284444991499186;0.9482758641242981
681;0.002873882418498397;0.982758641242981
682;0.003124114591628313;0.9482758641242981
683;0.0026583594735711813;0.9568965435028076
684;0.0026196646504104137;0.9741379022598267
685;0.0026431563310325146;0.982758641242981
686;0.0028033193666487932;0.982758641242981
687;0.0028180319350212812;0.982758641242981
688;0.002948812209069729;0.9568965435028076
689;0.0027033493388444185;0.982758641242981
690;0.0027918282430619;0.9913793206214905
691;0.0032365622464567423;0.9568965435028076
692;0.003350671613588929;0.9568965435028076
693;0.0025451239198446274;1.0
694;0.002995734568685293;0.9568965435028076
695;0.002254817634820938;0.9913793206214905
696;0.0026407220866531134;1.0
697;0.002625779714435339;0.9913793206214905
698;0.0023635062389075756;1.0
699;0.0024538072757422924;0.9913793206214905
700;0.002789250575006008;0.9655172228813171
701;0.002183539094403386;1.0
702;0.0022503151558339596;0.982758641242981
703;0.002287333831191063;1.0
704;0.002346523804590106;1.0
705;0.0019512106664478779;1.0
706;0.0027947393245995045;0.982758641242981
707;0.0016631829785183072;1.0
708;0.003569688182324171;0.9568965435028076
709;0.0022290644701570272;0.9913793206214905
710;0.002892958465963602;0.9568965435028076
711;0.0031926343217492104;0.9482758641242981
712;0.002020537853240967;1.0
713;0.0024267181288450956;0.9913793206214905
714;0.0021147800143808126;0.9913793206214905
715;0.0020350152626633644;1.0
716;0.002423224039375782;0.9913793206214905
717;0.0020742700435221195;1.0
718;0.0018763098632916808;1.0
719;0.0022547231055796146;1.0
720;0.002036212245002389;1.0
721;0.0017277252627536654;1.0
722;0.003688107244670391;0.9655172228813171
723;0.03704531490802765;0.4051724076271057
724;0.041435789316892624;0.6293103694915771
725;0.027022695168852806;0.5258620977401733
726;0.03202443942427635;0.4482758641242981
727;0.040664270520210266;0.26724138855934143
728;0.03017541952431202;0.42241379618644714
729;0.03050832822918892;0.43103447556495667
730;0.030632639303803444;0.4482758641242981
731;0.031354185193777084;0.37068966031074524
732;0.03136919438838959;0.37068966031074524
733;0.030942559242248535;0.3965517282485962
734;0.030084237456321716;0.47413793206214905
735;0.029070818796753883;0.517241358757019
736;0.027291681617498398;0.48275861144065857
737;0.027466416358947754;0.43103447556495667
738;0.02570798620581627;0.5431034564971924
739;0.02576497383415699;0.4655172526836395
740;0.025571661069989204;0.5775862336158752
741;0.02366120181977749;0.6379310488700867
742;0.02345261164009571;0.6551724076271057
743;0.022348498925566673;0.6551724076271057
744;0.02053673192858696;0.7241379022598267
745;0.020562589168548584;0.6982758641242981
746;0.020115943625569344;0.7068965435028076
747;0.01971426233649254;0.6724137663841248
748;0.018726002424955368;0.681034505367279
749;0.01913720928132534;0.7068965435028076
750;0.01851426251232624;0.6982758641242981
751;0.018272586166858673;0.6896551847457886
752;0.017914388328790665;0.7068965435028076
753;0.016902640461921692;0.732758641242981
754;0.0162368044257164;0.75
755;0.01669135130941868;0.767241358757019
756;0.01572655513882637;0.7844827771186829
757;0.015092152170836926;0.732758641242981
758;0.014513036236166954;0.7413793206214905
759;0.013786530122160912;0.7413793206214905
760;0.01382027193903923;0.732758641242981
761;0.013456171378493309;0.7758620977401733
762;0.013341435231268406;0.7844827771186829
763;0.012735125608742237;0.8275862336158752
764;0.012653609737753868;0.8103448152542114
765;0.012473903596401215;0.818965494632721
766;0.01167293544858694;0.8017241358757019
767;0.011303837411105633;0.8879310488700867
768;0.010898705571889877;0.8879310488700867
769;0.010545014403760433;0.8965517282485962
770;0.0110121238976717;0.8965517282485962
771;0.010429645888507366;0.9482758641242981
772;0.009943731129169464;0.9224137663841248
773;0.009994708001613617;0.931034505367279
774;0.009342843666672707;0.9224137663841248
775;0.009638621471822262;0.9137930870056152
776;0.009523198939859867;0.931034505367279
777;0.00840550847351551;0.9224137663841248
778;0.008601441979408264;0.9396551847457886
779;0.007830610498785973;0.9224137663841248
780;0.007582398597151041;0.9396551847457886
781;0.008110680617392063;0.9396551847457886
782;0.007928851991891861;0.931034505367279
783;0.006852712482213974;0.9568965435028076
784;0.007033086847513914;0.9396551847457886
785;0.0064407032914459705;0.9482758641242981
786;0.0064061349257826805;0.9482758641242981
787;0.006726151332259178;0.9482758641242981
788;0.006014612503349781;0.931034505367279
789;0.005979286041110754;0.9396551847457886
790;0.006236155517399311;0.9051724076271057
791;0.006093322765082121;0.9224137663841248
792;0.005640014540404081;0.9396551847457886
793;0.0057694874703884125;0.931034505367279
794;0.005617531016469002;0.9396551847457886
795;0.005679217167198658;0.9224137663841248
796;0.005616374779492617;0.9396551847457886
797;0.005433231592178345;0.9396551847457886
798;0.0053980350494384766;0.931034505367279
799;0.005199875682592392;0.931034505367279
800;0.005217220634222031;0.9396551847457886
801;0.005677314940840006;0.9051724076271057
802;0.004806002601981163;0.9482758641242981
803;0.004986060783267021;0.9482758641242981
804;0.004881540313363075;0.9396551847457886
805;0.004672505892813206;0.9396551847457886
806;0.0051841395907104015;0.931034505367279
807;0.005118709988892078;0.9224137663841248
808;0.004814343526959419;0.9482758641242981
809;0.0048172567039728165;0.931034505367279
810;0.004743826109915972;0.931034505367279
811;0.005125982221215963;0.9137930870056152
812;0.004697252064943314;0.931034505367279
813;0.004848454613238573;0.9396551847457886
814;0.004602475091814995;0.9568965435028076
815;0.004316939506679773;0.9482758641242981
816;0.0047017293982207775;0.9396551847457886
817;0.004613542463630438;0.931034505367279
818;0.004838183056563139;0.9137930870056152
819;0.00467917462810874;0.931034505367279
820;0.004494507797062397;0.931034505367279
821;0.0046295467764139175;0.9396551847457886
822;0.004355806391686201;0.9396551847457886
823;0.0043912651017308235;0.9224137663841248
824;0.004492486827075481;0.9396551847457886
825;0.004548052791506052;0.931034505367279
826;0.0045102001167833805;0.931034505367279
827;0.0041828160174191;0.9568965435028076
828;0.004561302717775106;0.931034505367279
829;0.0048078554682433605;0.9137930870056152
830;0.004557944368571043;0.9224137663841248
831;0.003957531414926052;0.9396551847457886
832;0.004455848131328821;0.9396551847457886
833;0.004455845803022385;0.9396551847457886
834;0.00448130676522851;0.9224137663841248
835;0.004439848009496927;0.9137930870056152
836;0.004386239219456911;0.9396551847457886
837;0.004832205828279257;0.9224137663841248
838;0.00435835774987936;0.931034505367279
839;0.0044272770173847675;0.9224137663841248
840;0.004497746005654335;0.9396551847457886
841;0.004380440805107355;0.9137930870056152
842;0.004199976101517677;0.931034505367279
843;0.004305345471948385;0.9224137663841248
844;0.004448660649359226;0.9137930870056152
845;0.004364253021776676;0.931034505367279
846;0.004035786259919405;0.9224137663841248
847;0.004163508303463459;0.9224137663841248
848;0.0038050261791795492;0.9396551847457886
849;0.004444900434464216;0.931034505367279
850;0.0038699654396623373;0.9396551847457886
851;0.00429892260581255;0.8965517282485962
852;0.004027796909213066;0.9224137663841248
853;0.003961196634918451;0.931034505367279
854;0.004138497170060873;0.931034505367279
855;0.003916912246495485;0.931034505367279
856;0.004248472861945629;0.9224137663841248
857;0.003983738366514444;0.9396551847457886
858;0.003822806291282177;0.931034505367279
859;0.0038426253013312817;0.9396551847457886
860;0.003879772499203682;0.9396551847457886
861;0.00441141240298748;0.9137930870056152
862;0.0040342845022678375;0.931034505367279
863;0.0037433013785630465;0.9482758641242981
864;0.0038806027732789516;0.931034505367279
865;0.003903073025867343;0.8965517282485962
866;0.0038864652160555124;0.9482758641242981
867;0.0041748397052288055;0.9396551847457886
868;0.003873781068250537;0.931034505367279
869;0.004256329033523798;0.9224137663841248
870;0.0036898269318044186;0.931034505367279
871;0.0038339621387422085;0.9396551847457886
872;0.004261646419763565;0.9051724076271057
873;0.004052547737956047;0.931034505367279
874;0.00382992229424417;0.931034505367279
875;0.0038957013748586178;0.9224137663841248
876;0.0038623332511633635;0.8965517282485962
877;0.0038186076562851667;0.9224137663841248
878;0.0039096432738006115;0.9137930870056152
879;0.0037544206716120243;0.9482758641242981
880;0.0036669790279120207;0.9396551847457886
881;0.003501002211123705;0.9482758641242981
882;0.0034060743637382984;0.9568965435028076
883;0.003859657095745206;0.931034505367279
884;0.0037247061263769865;0.9482758641242981
885;0.003698254469782114;0.9655172228813171
886;0.0036148950457572937;0.9568965435028076
887;0.00371732865460217;0.9396551847457886
888;0.0036581112071871758;0.9568965435028076
889;0.0036223118659108877;0.9655172228813171
890;0.0036434372887015343;0.9482758641242981
891;0.0036396468058228493;0.931034505367279
892;0.003633493557572365;0.9137930870056152
893;0.003543357364833355;0.931034505367279
894;0.0035752609837800264;0.9568965435028076
895;0.003436832223087549;0.9741379022598267
896;0.003447765950113535;0.9568965435028076
897;0.0035022697411477566;0.9568965435028076
898;0.0036058533005416393;0.9568965435028076
899;0.0030997171998023987;0.9568965435028076
900;0.0033991653472185135;0.9482758641242981
901;0.003928031772375107;0.931034505367279
902;0.0034963565412908792;0.9396551847457886
903;0.003189775161445141;0.9741379022598267
904;0.0030942775774747133;0.9741379022598267
905;0.0036925352178514004;0.9482758641242981
906;0.003444254631176591;0.982758641242981
907;0.003263009712100029;0.9655172228813171
908;0.003024876117706299;0.9913793206214905
909;0.0030399898532778025;0.9741379022598267
910;0.002994549460709095;0.9913793206214905
911;0.002968135289847851;0.982758641242981
912;0.003213828196749091;0.9741379022598267
913;0.0028564566746354103;0.982758641242981
914;0.0030048764310777187;0.9913793206214905
915;0.002896161749958992;1.0
916;0.002575444523245096;1.0
917;0.002758854301646352;0.982758641242981
918;0.003114869352430105;0.9913793206214905
919;0.003409540979191661;0.9568965435028076
920;0.002947587985545397;1.0
921;0.003664064919576049;0.9224137663841248
922;0.0023666443303227425;1.0
923;0.0027267918922007084;0.9913793206214905
924;0.0026085602585226297;1.0
925;0.0024698853958398104;1.0
926;0.0024612166453152895;1.0
927;0.002750981831923127;0.9913793206214905
928;0.00213071727193892;1.0
929;0.002568125957623124;0.9913793206214905
930;0.0025177374482154846;1.0
931;0.002382146893069148;1.0
932;0.0019998904317617416;1.0
933;0.0020242987666279078;1.0
934;0.0019508330151438713;1.0
935;0.0019305710447952151;1.0
936;0.0023759258911013603;1.0
937;0.001963977701961994;1.0
938;0.0017276094295084476;1.0
939;0.0017623594030737877;1.0
940;0.0017495427746325731;1.0
941;0.001848406158387661;1.0
942;0.0016136944759637117;1.0
943;0.0018973072292283177;1.0
944;0.0016237603267654777;1.0
945;0.0016336909029632807;1.0
946;0.001735047553665936;1.0
947;0.001667255419306457;1.0
948;0.002046056091785431;1.0
949;0.0015118218725547194;1.0
950;0.0022643818520009518;0.982758641242981
951;0.001759896520525217;1.0
952;0.003057430498301983;0.9482758641242981
953;0.0039259297773242;0.9396551847457886
954;0.0033616749569773674;0.9568965435028076
955;0.003005010774359107;0.982758641242981
956;0.0025274648796766996;0.982758641242981
957;0.002712405286729336;0.9655172228813171
958;0.002507308730855584;0.9913793206214905
959;0.003162067849189043;0.9396551847457886
960;0.00237968354485929;1.0
961;0.0021963082253932953;1.0
962;0.0023688373621553183;0.982758641242981
963;0.002900328254327178;0.9741379022598267
964;0.0020855194889009;1.0
965;0.0015492283273488283;1.0
966;0.0018942340975627303;1.0
967;0.0020979628898203373;1.0
968;0.0025334518868476152;1.0
969;0.0016977745108306408;1.0
970;0.0016368761425837874;1.0
971;0.0020441485103219748;1.0
972;0.002450371626764536;0.9913793206214905
973;0.0018218616023659706;1.0
974;0.0015888095367699862;1.0
975;0.0021748815197497606;1.0
976;0.001882727025076747;1.0
977;0.001547258929349482;1.0
978;0.0014624230097979307;1.0
979;0.0015638550976291299;1.0
980;0.0015479369321838021;1.0
981;0.0020547821186482906;1.0
982;0.0014575974782928824;1.0
983;0.0013549182331189513;1.0
984;0.0013078259071335196;1.0
985;0.0014587290352210402;1.0
986;0.0013761763693764806;1.0
987;0.001383205410093069;1.0
988;0.0011179994326084852;1.0
989;0.0011510330950841308;1.0
990;0.0012915388215333223;1.0
991;0.00129023939371109;1.0
992;0.0011670368257910013;1.0
993;0.0012724734842777252;1.0
994;0.001319076749496162;1.0
995;0.0012751359026879072;1.0
996;0.0010990778682753444;1.0
997;0.0009704276453703642;1.0
998;0.0010793943656608462;1.0
999;0.0010063131339848042;1.0
1000;0.0013607351575046778;1.0
1001;0.0011835554614663124;1.0
1002;0.0009284607949666679;1.0
1003;0.0011707940138876438;1.0
1004;0.0011195142287760973;1.0
1005;0.001272555091418326;1.0
1006;0.0010326365008950233;1.0
1007;0.0010220251278951764;1.0
1008;0.0011809987481683493;1.0
1009;0.001142432214692235;1.0
1010;0.001080425106920302;1.0
1011;0.001043022726662457;1.0
1012;0.0010829153470695019;1.0
1013;0.001222163438796997;1.0
1014;0.0010828393278643489;1.0
1015;0.0011032941984012723;1.0
1016;0.0010155459167435765;1.0
1017;0.0011102412827312946;1.0
1018;0.0009951749816536903;1.0
1019;0.0009211354772560298;1.0
1020;0.0010334532707929611;1.0
1021;0.0009480480803176761;1.0
1022;0.0011121002025902271;1.0
1023;0.0013443283969536424;1.0
1024;0.0009234299650415778;1.0
1025;0.001579702366143465;1.0
1026;0.0009250997682102025;1.0
1027;0.0010324768954887986;1.0
1028;0.0011082026176154613;1.0
1029;0.0011873558396473527;1.0
1030;0.0018097280990332365;1.0
1031;0.0009724069968797266;1.0
1032;0.0020834514871239662;1.0
1033;0.001507975859567523;1.0
1034;0.0009579104371368885;1.0
1035;0.001027380465529859;1.0
1036;0.0010228457394987345;1.0
1037;0.001470271497964859;1.0
1038;0.0015162579948082566;1.0
1039;0.0010480512864887714;1.0
1040;0.0009295503841713071;1.0
1041;0.0009744138806127012;1.0
1042;0.001122169429436326;1.0
1043;0.0012256982736289501;1.0
1044;0.0008583555463701487;1.0
1045;0.001066765165887773;1.0
1046;0.0009177287574857473;1.0
1047;0.00105932611040771;1.0
1048;0.000857907289173454;1.0
1049;0.0008827261044643819;1.0
1050;0.0008335712482221425;1.0
1051;0.0010068983538076282;1.0
1052;0.0009670228464528918;1.0
1053;0.0008856041240505874;1.0
1054;0.0009929679799824953;1.0
1055;0.001019590301439166;1.0
1056;0.0009205326205119491;1.0
1057;0.0008260658360086381;1.0
1058;0.00101878319401294;1.0
1059;0.0008808036800473928;1.0
1060;0.0008430310990661383;1.0
1061;0.0007790178060531616;1.0
1062;0.000733598368242383;1.0
1063;0.0008201163145713508;1.0
1064;0.0008475009817630053;1.0
1065;0.0009316512732766569;1.0
1066;0.000850543612614274;1.0
1067;0.0007459556218236685;1.0
1068;0.0007993200561031699;1.0
1069;0.0008905692375265062;1.0
1070;0.0008391299052163959;1.0
1071;0.0007874401635490358;1.0
1072;0.0008908554445952177;1.0
1073;0.0008336796890944242;1.0
1074;0.0009153421851806343;1.0
1075;0.0007092329324223101;1.0
1076;0.0008611069642938673;1.0
1077;0.0007281776634044945;1.0
1078;0.0007172936457209289;1.0
1079;0.000667228305246681;1.0
1080;0.0006701771053485572;1.0
1081;0.0007680608541704714;1.0
1082;0.0008896932704374194;1.0
1083;0.0007722757873125374;1.0
1084;0.0007403101772069931;1.0
1085;0.0007648624014109373;1.0
1086;0.0007519509526900947;1.0
1087;0.0007978256326168776;1.0
1088;0.0007925510290078819;1.0
1089;0.0008168029598891735;1.0
1090;0.0008169777574948967;1.0
1091;0.000651961425319314;1.0
1092;0.0006502691539935768;1.0
1093;0.000753257772885263;1.0
1094;0.0005802407977171242;1.0
1095;0.0006337352679111063;1.0
1096;0.000804137613158673;1.0
1097;0.0006663539097644389;1.0
1098;0.0007623223937116563;1.0
1099;0.0006999074830673635;1.0
1100;0.0006650361465290189;1.0
1101;0.0006604325026273727;1.0
1102;0.0008661693427711725;1.0
1103;0.0006421153084374964;1.0
1104;0.0007256368407979608;1.0
1105;0.0006756723742000759;1.0
1106;0.0007356214337050915;1.0
1107;0.0008199422154575586;1.0
1108;0.0008468095329590142;1.0
1109;0.0006636054604314268;1.0
1110;0.0006240795482881367;1.0
1111;0.0006084960768930614;1.0
1112;0.0007089514401741326;1.0
1113;0.0006183281657285988;1.0
1114;0.0005402963724918664;1.0
1115;0.0006031844532117248;1.0
1116;0.0007536999764852226;1.0
1117;0.0006126638618297875;1.0
1118;0.0007024232763797045;1.0
1119;0.0007571869064122438;1.0
1120;0.0006116416188888252;1.0
1121;0.0006642290391027927;1.0
1122;0.0006115194992162287;1.0
1123;0.0008107029716484249;1.0
1124;0.000963374157436192;1.0
1125;0.0006697915378026664;1.0
1126;0.0007991262245923281;1.0
1127;0.000798814813606441;1.0
1128;0.0006736532668583095;1.0
1129;0.0007420146721415222;1.0
1130;0.0006856141262687743;1.0
1131;0.0007001303019933403;1.0
1132;0.0007535557961091399;1.0
1133;0.0007413639687001705;1.0
1134;0.0006739947712048888;1.0
1135;0.0006188524421304464;1.0
1136;0.0005863441620022058;1.0
1137;0.0005576438270509243;1.0
1138;0.000662290258333087;1.0
1139;0.0005536063108593225;1.0
1140;0.0006527768564410508;1.0
1141;0.0005606018821708858;1.0
1142;0.0006520631723105907;1.0
1143;0.0005634957342408597;1.0
1144;0.0005950008053332567;1.0
1145;0.0006895309779793024;1.0
1146;0.0005954367807134986;1.0
1147;0.0006144491489976645;1.0
1148;0.0007561057573184371;1.0
1149;0.0005986381438560784;1.0
1150;0.000661694270092994;1.0
1151;0.000613920739851892;1.0
1152;0.0005601155571639538;1.0
1153;0.0006774436915293336;1.0
1154;0.0006683511892333627;1.0
1155;0.0005670402897521853;1.0
1156;0.0005763534572906792;1.0
1157;0.0006025672191753983;1.0
1158;0.0005156514816917479;1.0
1159;0.0005729321273975074;1.0
1160;0.0005617087590508163;1.0
1161;0.0005561812431551516;1.0
1162;0.0005637261783704162;1.0
1163;0.0006022687302902341;1.0
1164;0.0005617632996290922;1.0
1165;0.0007671823841519654;1.0
1166;0.0005617177812382579;1.0
1167;0.0005024613928981125;1.0
1168;0.0006103130872361362;1.0
1169;0.0006415168754756451;1.0
1170;0.0005592717789113522;1.0
1171;0.00047809057286940515;1.0
1172;0.0007034876034595072;1.0
1173;0.0005913051427341998;1.0
1174;0.000500102061778307;1.0
1175;0.000556085491552949;1.0
1176;0.0005616944399662316;1.0
1177;0.0007146928692236543;1.0
1178;0.0006006580078974366;1.0
1179;0.0006051752716302872;1.0
1180;0.0006265693809837103;1.0
1181;0.0005835864576511085;1.0
1182;0.0005685966461896896;1.0
1183;0.0005071099731139839;1.0
1184;0.0005671908147633076;1.0
1185;0.0005940723931416869;1.0
1186;0.0004946678527630866;1.0
1187;0.0006437650881707668;1.0
1188;0.0006762925768271089;1.0
1189;0.0005766312242485583;1.0
1190;0.0006629145354963839;1.0
1191;0.0006000847206450999;1.0
1192;0.0005541594582609832;1.0
1193;0.000673934118822217;1.0
1194;0.0006278852233663201;1.0
1195;0.0005215687560848892;1.0
1196;0.0006357670645229518;1.0
1197;0.0005706091178581119;1.0
1198;0.0006139517645351589;1.0
1199;0.0005548155168071389;1.0
1200;0.0006523606716655195;1.0
1201;0.0005477963713929057;1.0
1202;0.0004952194285579026;1.0
1203;0.0006221879157237709;1.0
1204;0.00045478285755962133;1.0
1205;0.0004837382584810257;1.0
1206;0.0004976887721568346;1.0
1207;0.00052039505681023;1.0
1208;0.00044982245890423656;1.0
1209;0.0004813667619600892;1.0
1210;0.0005885002319701016;1.0
1211;0.0005405060364864767;1.0
1212;0.0005033437046222389;1.0
1213;0.00047982894466258585;1.0
1214;0.0005467853043228388;1.0
1215;0.00048038200475275517;1.0
1216;0.0005766202812083066;1.0
1217;0.0005587816121987998;1.0
1218;0.00046158803161233664;1.0
1219;0.00046016418491490185;1.0
1220;0.00047656879178248346;1.0
1221;0.0005373003659769893;1.0
1222;0.0006675535696558654;1.0
1223;0.00069097348023206;1.0
1224;0.0005445797578431666;1.0
1225;0.000559142732527107;1.0
1226;0.0006237480556592345;1.0
1227;0.000611189694609493;1.0
1228;0.00048509944463148713;1.0
1229;0.0005176677368581295;1.0
1230;0.0004976464551873505;1.0
1231;0.0005258714081719518;1.0
1232;0.0005160963628441095;1.0
1233;0.0005965148448012769;1.0
1234;0.00046336371451616287;1.0
1235;0.0005163783207535744;1.0
1236;0.0005317030008882284;1.0
1237;0.00048627619980834424;1.0
1238;0.000473427411634475;1.0
1239;0.0004861658380832523;1.0
1240;0.0004979191580787301;1.0
1241;0.0004832527774851769;1.0
1242;0.0005948208854533732;1.0
1243;0.0004252457001712173;1.0
1244;0.0005987173062749207;1.0
1245;0.0004883413203060627;1.0
1246;0.0004980564117431641;1.0
1247;0.0004993238835595548;1.0
1248;0.0004449349653441459;1.0
1249;0.0005977539694868028;1.0
1250;0.0004143359255976975;1.0
1251;0.000520271307323128;1.0
1252;0.00054632977116853;1.0
1253;0.0005050430772826076;1.0
1254;0.000526905118022114;1.0
1255;0.0003950367390643805;1.0
1256;0.00043614525930024683;1.0
1257;0.0004101859813090414;1.0
1258;0.00044784884084947407;1.0
1259;0.0004879675689153373;1.0
1260;0.00045074973604641855;1.0
1261;0.0004692120128311217;1.0
1262;0.0004467308463063091;1.0
1263;0.0004150815075263381;1.0
1264;0.0004672501527238637;1.0
1265;0.0004941612132824957;1.0
1266;0.00042898397077806294;1.0
1267;0.00045798957580700517;1.0
1268;0.0004610781616065651;1.0
1269;0.0004532125894911587;1.0
1270;0.00041332546970807016;1.0
1271;0.0005250424728728831;1.0
1272;0.0005501305568031967;1.0
1273;0.00046738344826735556;1.0
1274;0.0005173602257855237;1.0
1275;0.0004957560449838638;1.0
1276;0.000507927208673209;1.0
1277;0.00038846133975312114;1.0
1278;0.0004900202038697898;1.0
1279;0.0004225474549457431;1.0
1280;0.00041967150173150003;1.0
1281;0.0005055778310634196;1.0
1282;0.0004883506335318089;1.0
1283;0.00038152377237565815;1.0
1284;0.00047423079377040267;1.0
1285;0.0005702388589270413;1.0
1286;0.0006240415386855602;1.0
1287;0.0004244633310008794;1.0
1288;0.00039816886419430375;1.0
1289;0.000428989966167137;1.0
1290;0.00036907754838466644;1.0
1291;0.0004268082557246089;1.0
1292;0.0004425518854986876;1.0
1293;0.0004226792370900512;1.0
1294;0.0005264252540655434;1.0
1295;0.0004141289973631501;1.0
1296;0.000532224599737674;1.0
1297;0.00045570943620987236;1.0
1298;0.0005598702118732035;1.0
1299;0.00048811419401317835;1.0
1300;0.0004210585029795766;1.0
1301;0.00047584029380232096;1.0
1302;0.0005122099537402391;1.0
1303;0.0004768247890751809;1.0
1304;0.0005273581482470036;1.0
1305;0.00043537572491914034;1.0
1306;0.0005196365527808666;1.0
1307;0.0004054743913002312;1.0
1308;0.00042279038461856544;1.0
1309;0.0006157688912935555;1.0
1310;0.00048310283455066383;1.0
1311;0.0004079728096257895;1.0
1312;0.0004182411648798734;1.0
1313;0.0005138497217558324;1.0
1314;0.0005952595383860171;1.0
1315;0.0004726249317172915;1.0
1316;0.0004421410267241299;1.0
1317;0.0004816184809897095;1.0
1318;0.0004668579495046288;1.0
1319;0.0004511233128141612;1.0
1320;0.0005161811714060605;1.0
1321;0.0004410006513353437;1.0
1322;0.0004646187007892877;1.0
1323;0.00043352984357625246;1.0
1324;0.00040104816434904933;1.0
1325;0.00047418466419912875;1.0
1326;0.00036926596658304334;1.0
1327;0.0004238801484461874;1.0
1328;0.00047455314779654145;1.0
1329;0.0004076292971149087;1.0
1330;0.0005149317439645529;1.0
1331;0.0004194091306999326;1.0
1332;0.0003516288415994495;1.0
1333;0.00042183668119832873;1.0
1334;0.0003415737010072917;1.0
1335;0.0003860207216348499;1.0
1336;0.0004637765232473612;1.0
1337;0.0004910792340524495;1.0
1338;0.0003629969141911715;1.0
1339;0.00042144686449319124;1.0
1340;0.0003996535378973931;1.0
1341;0.0004353817494120449;1.0
1342;0.00041120871901512146;1.0
1343;0.0004215611843392253;1.0
1344;0.00048023404087871313;1.0
1345;0.0004180565010756254;1.0
1346;0.00044952600728720427;1.0
1347;0.0004312655364628881;1.0
1348;0.00037683395203202963;1.0
1349;0.00036652907147072256;1.0
1350;0.0006057435530237854;1.0
1351;0.0005424264236353338;1.0
1352;0.0009964769706130028;0.982758641242981
1353;0.0004380281316116452;1.0
1354;0.008960426785051823;0.9051724076271057
1355;0.007360699120908976;0.9051724076271057
1356;0.006292811129242182;0.9051724076271057
1357;0.005421644542366266;0.9051724076271057
1358;0.0050070094875991344;0.9137930870056152
1359;0.004869116935878992;0.931034505367279
1360;0.004677448887377977;0.9396551847457886
1361;0.004458652343600988;0.931034505367279
1362;0.004401990212500095;0.931034505367279
1363;0.0043327161110937595;0.9224137663841248
1364;0.004146444611251354;0.931034505367279
1365;0.0041451845318078995;0.931034505367279
1366;0.003908689133822918;0.931034505367279
1367;0.003984306938946247;0.931034505367279
1368;0.003906180849298835;0.931034505367279
1369;0.0036237293388694525;0.931034505367279
1370;0.0035831851419061422;0.931034505367279
1371;0.003525633132085204;0.931034505367279
1372;0.00331291020847857;0.931034505367279
1373;0.003449440700933337;0.931034505367279
1374;0.0032825246453285217;0.931034505367279
1375;0.0032541509717702866;0.931034505367279
1376;0.00335029442794621;0.9396551847457886
1377;0.003042705124244094;0.9396551847457886
1378;0.003052435116842389;0.931034505367279
1379;0.0029754964634776115;0.9396551847457886
1380;0.003051100065931678;0.931034505367279
1381;0.0027279548812657595;0.9396551847457886
1382;0.002703146543353796;0.9396551847457886
1383;0.0025910071562975645;0.9741379022598267
1384;0.0023342736531049013;0.9568965435028076
1385;0.002550157019868493;0.9655172228813171
1386;0.002257497515529394;0.982758641242981
1387;0.002551028737798333;0.9568965435028076
1388;0.0020672238897532225;0.982758641242981
1389;0.0020429252181202173;1.0
1390;0.001996862469241023;1.0
1391;0.001881360076367855;1.0
1392;0.001732180011458695;1.0
1393;0.001647698925808072;1.0
1394;0.001592947286553681;1.0
1395;0.0014152260264381766;1.0
1396;0.0014034132473170757;1.0
1397;0.0012880143476650119;1.0
1398;0.001368759898468852;1.0
1399;0.0010944048408418894;1.0
1400;0.0011986601166427135;1.0
1401;0.0011722382623702288;1.0
1402;0.0009186775423586369;1.0
1403;0.0008619760046713054;1.0
1404;0.0009090270032174885;1.0
1405;0.0008061859989538789;1.0
1406;0.0008157459087669849;1.0
1407;0.0007304674363695085;1.0
1408;0.0006940125022083521;1.0
1409;0.0007187555893324316;1.0
1410;0.000755548826418817;1.0
1411;0.0007301392615772784;1.0
1412;0.0007669197511859238;1.0
1413;0.0006098979501985013;1.0
1414;0.0006947868969291449;1.0
1415;0.0006547226803377271;1.0
1416;0.0005595334805548191;1.0
1417;0.0006476663984358311;1.0
1418;0.0005874509224668145;1.0
1419;0.0006071477546356618;1.0
1420;0.0005598498391918838;1.0
1421;0.000504279276356101;1.0
1422;0.0005236674915067852;1.0
1423;0.0004539051151368767;1.0
1424;0.0005027276929467916;1.0
1425;0.000820827845018357;1.0
1426;0.0005173831596039236;1.0
1427;0.0006339318351820111;1.0
1428;0.0007495480822399259;1.0
1429;0.0005205621710047126;1.0
1430;0.0004504580283537507;1.0
1431;0.0006441660807467997;1.0
1432;0.0005035812500864267;1.0
1433;0.0006245609256438911;1.0
1434;0.0007975859916768968;1.0
1435;0.00046912243124097586;1.0
1436;0.0004398686869535595;1.0
1437;0.0004618368693627417;1.0
1438;0.0005890090833418071;1.0
1439;0.0005668879020959139;1.0
1440;0.0006429095519706607;1.0
1441;0.0005864821141585708;1.0
1442;0.00047074604663066566;1.0
1443;0.0004166566941421479;1.0
1444;0.0006087390938773751;1.0
1445;0.000507308286614716;1.0
1446;0.0004490475985221565;1.0
1447;0.00045801023952662945;1.0
1448;0.00040519959293305874;1.0
1449;0.0003944869968108833;1.0
1450;0.0004013444413430989;1.0
1451;0.0005825713742524385;1.0
1452;0.0004027918621432036;1.0
1453;0.0004931300645694137;1.0
1454;0.00040612646262161434;1.0
1455;0.0004295715771149844;1.0
1456;0.0004179651732556522;1.0
1457;0.0004237077373545617;1.0
1458;0.00045154133113101125;1.0
1459;0.0003363294235896319;1.0
1460;0.0003730847383849323;1.0
1461;0.0004378632875159383;1.0
1462;0.0005579102435149252;1.0
1463;0.00036398458178155124;1.0
1464;0.000365818093996495;1.0
1465;0.00041329319356009364;1.0
1466;0.00038223768933676183;1.0
1467;0.000454042135970667;1.0
1468;0.0004194200737401843;1.0
1469;0.0003932050312869251;1.0
1470;0.0003835253301076591;1.0
1471;0.0003200165810994804;1.0
1472;0.0004373992851469666;1.0
1473;0.00036218593595549464;1.0
1474;0.00038566268631257117;1.0
1475;0.00034744461299851537;1.0
1476;0.0005921208648942411;1.0
1477;0.00041970715392380953;1.0
1478;0.00034092902205884457;1.0
1479;0.00045497421524487436;1.0
1480;0.0004217281530145556;1.0
1481;0.000414591864682734;1.0
1482;0.00036167490179650486;1.0
1483;0.00040308228926733136;1.0
1484;0.00034872000105679035;1.0
1485;0.00031802101875655353;1.0
1486;0.00042804740951396525;1.0
1487;0.0004145462007727474;1.0
1488;0.00030880034319125116;1.0
1489;0.00038254051469266415;1.0
1490;0.0003488766378723085;1.0
1491;0.0003468028153292835;1.0
1492;0.00043356893002055585;1.0
1493;0.0003429913485888392;1.0
1494;0.00039140411536209285;1.0
1495;0.00036204291973263025;1.0
1496;0.00042090628994628787;1.0
1497;0.0003541991754900664;1.0
1498;0.00039261867641471326;1.0
1499;0.00035999028477817774;1.0
