iteration;loss;accuracy
0;0.01765432208776474;0.0699300691485405
1;0.016655413433909416;0.0559440553188324
2;0.016821157187223434;0.0699300691485405
3;0.01670554094016552;0.0979020968079567
4;0.016555707901716232;0.09090909361839294
5;0.016371218487620354;0.11888112127780914
6;0.01634819246828556;0.10489510744810104
7;0.016340384259819984;0.0979020968079567
8;0.01631234958767891;0.10489510744810104
9;0.016172131523489952;0.11888112127780914
10;0.016144568100571632;0.16083915531635284
11;0.016035571694374084;0.16083915531635284
12;0.016018223017454147;0.11888112127780914
13;0.015850622206926346;0.17482517659664154
14;0.015853632241487503;0.139860138297081
15;0.015654470771551132;0.17482517659664154
16;0.01576203666627407;0.13286712765693665
17;0.015576913021504879;0.21678321063518524
18;0.015546346083283424;0.14685314893722534
19;0.015501421876251698;0.18881118297576904
20;0.015540302731096745;0.17482517659664154
21;0.015459906309843063;0.17482517659664154
22;0.015423553064465523;0.16083915531635284
23;0.015188303776085377;0.2097902148962021
24;0.015126981772482395;0.251748263835907
25;0.015008470974862576;0.25874125957489014
26;0.015062183141708374;0.20279720425605774
27;0.014836033806204796;0.25874125957489014
28;0.014991091564297676;0.25874125957489014
29;0.014832786284387112;0.24475523829460144
30;0.014693855307996273;0.3076923191547394
31;0.014812953770160675;0.2657342553138733
32;0.014867016114294529;0.24475523829460144
33;0.014512523077428341;0.27272728085517883
34;0.014895971864461899;0.2937062978744507
35;0.01442628726363182;0.30069929361343384
36;0.014711425639688969;0.24475523829460144
37;0.014453072100877762;0.279720276594162
38;0.014503265731036663;0.31468531489372253
39;0.014519920572638512;0.3216783106327057
40;0.014418530277907848;0.31468531489372253
41;0.014386218972504139;0.32867133617401123
42;0.01436398271471262;0.2377622425556183
43;0.014235769398510456;0.32867133617401123
44;0.014194161631166935;0.27272728085517883
45;0.014252202585339546;0.28671327233314514
46;0.01407238282263279;0.3076923191547394
47;0.013922112062573433;0.35664334893226624
48;0.013932143338024616;0.3916083872318268
49;0.013947628438472748;0.3426573574542999
50;0.013953601010143757;0.3496503531932831
51;0.013807399198412895;0.3636363744735718
52;0.013677868992090225;0.3636363744735718
53;0.01374642364680767;0.38461539149284363
54;0.013669585809111595;0.4195804297924042
55;0.01367677841335535;0.3986014127731323
56;0.013478287495672703;0.4195804297924042
57;0.013399267569184303;0.4195804297924042
58;0.013292122632265091;0.4755244851112366
59;0.013098004274070263;0.5244755148887634
60;0.013059582561254501;0.4965035021305084
61;0.012834170833230019;0.5314685106277466
62;0.01311351079493761;0.4965035021305084
63;0.013227038085460663;0.4615384638309479
64;0.012705814093351364;0.5664335489273071
65;0.012805311940610409;0.4895104765892029
66;0.012660661712288857;0.4965035021305084
67;0.012436682358384132;0.6013985872268677
68;0.012486710213124752;0.5384615659713745
69;0.012590079568326473;0.5384615659713745
70;0.0122755728662014;0.5454545617103577
71;0.01228107325732708;0.5384615659713745
72;0.012311241589486599;0.5804196000099182
73;0.012477656826376915;0.5174825191497803
74;0.012031487189233303;0.5664335489273071
75;0.011920910328626633;0.6013985872268677
76;0.011664457619190216;0.6013985872268677
77;0.011592699214816093;0.6293706297874451
78;0.01151348277926445;0.6223776340484619
79;0.011364796198904514;0.6293706297874451
80;0.011091869324445724;0.6853147149085999
81;0.011172331869602203;0.6713286638259888
82;0.01107979379594326;0.6433566212654114
83;0.01101357489824295;0.6783216595649719
84;0.010659689083695412;0.6993007063865662
85;0.010783130303025246;0.6713286638259888
86;0.010172759182751179;0.7622377872467041
87;0.010278332978487015;0.7202796936035156
88;0.010730301961302757;0.6713286638259888
89;0.010024412535130978;0.7412587404251099
90;0.010550162754952908;0.692307710647583
91;0.010668713599443436;0.6643356680870056
92;0.010181581601500511;0.7552447319030762
93;0.009995833970606327;0.692307710647583
94;0.009933199733495712;0.7272727489471436
95;0.009866866283118725;0.7272727489471436
96;0.009746439754962921;0.7692307829856873
97;0.009098909795284271;0.8041958212852478
98;0.009404728189110756;0.8041958212852478
99;0.0094734076410532;0.7622377872467041
100;0.00921518076211214;0.7692307829856873
101;0.009012925438582897;0.7762237787246704
102;0.008938546292483807;0.8391608595848083
103;0.008857378736138344;0.7692307829856873
104;0.00878467969596386;0.7832167744636536
105;0.00877358391880989;0.7832167744636536
106;0.008065126836299896;0.8251748085021973
107;0.008644103072583675;0.7972028255462646
108;0.008066105656325817;0.8321678042411804
109;0.008174699731171131;0.8391608595848083
110;0.008086808025836945;0.8531468510627747
111;0.008062133565545082;0.8391608595848083
112;0.008105195127427578;0.8181818127632141
113;0.008305671624839306;0.8321678042411804
114;0.007623724173754454;0.8601398468017578
115;0.0076412237249314785;0.8041958212852478
116;0.0073900483548641205;0.867132842540741
117;0.007871994748711586;0.8391608595848083
118;0.007464064750820398;0.881118893623352
119;0.007341624703258276;0.8461538553237915
120;0.0072321342304348946;0.8741258978843689
121;0.007022690959274769;0.8461538553237915
122;0.00707668624818325;0.867132842540741
123;0.006940091960132122;0.881118893623352
124;0.006842591799795628;0.8741258978843689
125;0.006806518882513046;0.8881118893623352
126;0.006731439381837845;0.881118893623352
127;0.00643140310421586;0.9020978808403015
128;0.006772134453058243;0.867132842540741
129;0.006565008778125048;0.8601398468017578
130;0.006450154818594456;0.881118893623352
131;0.006627881899476051;0.8321678042411804
132;0.0068612052127718925;0.8601398468017578
133;0.006528815720230341;0.8951048851013184
134;0.006125424988567829;0.881118893623352
135;0.006064815912395716;0.881118893623352
136;0.005876856856048107;0.8951048851013184
137;0.005933383479714394;0.9020978808403015
138;0.005864555016160011;0.8881118893623352
139;0.005519414320588112;0.9020978808403015
140;0.005920655559748411;0.9020978808403015
141;0.006046431604772806;0.9300699234008789
142;0.005338236689567566;0.9090909361839294
143;0.005413819570094347;0.9160839319229126
144;0.005726561415940523;0.8951048851013184
145;0.005421580746769905;0.9160839319229126
146;0.005417708307504654;0.9020978808403015
147;0.005287083797156811;0.9300699234008789
148;0.00533693004399538;0.9160839319229126
149;0.005493751261383295;0.9230769276618958
150;0.005396703258156776;0.8881118893623352
151;0.00522366538643837;0.8951048851013184
152;0.005043862387537956;0.9160839319229126
153;0.004998357966542244;0.9370629191398621
154;0.004823415074497461;0.9160839319229126
155;0.005132078658789396;0.9020978808403015
156;0.005105156451463699;0.9160839319229126
157;0.0049806381575763226;0.9160839319229126
158;0.005366329103708267;0.9090909361839294
159;0.0048789395950734615;0.9160839319229126
160;0.004960817284882069;0.9160839319229126
161;0.004611766431480646;0.9370629191398621
162;0.0045945001766085625;0.9440559148788452
163;0.004635276272892952;0.9370629191398621
164;0.004966840613633394;0.9230769276618958
165;0.004643105901777744;0.9440559148788452
166;0.004509642720222473;0.9230769276618958
167;0.004892690572887659;0.9090909361839294
168;0.0043413229286670685;0.9230769276618958
169;0.004446379374712706;0.9160839319229126
170;0.0043851472437381744;0.9160839319229126
171;0.00442742183804512;0.9300699234008789
172;0.004276692401617765;0.9510489702224731
173;0.004616542719304562;0.9090909361839294
174;0.004346198868006468;0.9440559148788452
175;0.0044392915442585945;0.881118893623352
176;0.004245894495397806;0.9510489702224731
177;0.004375918302685022;0.9370629191398621
178;0.003849766915664077;0.9300699234008789
179;0.004299042746424675;0.9370629191398621
180;0.004281216766685247;0.9300699234008789
181;0.003937439527362585;0.9370629191398621
182;0.004065502900630236;0.9370629191398621
183;0.003963619936257601;0.9440559148788452
184;0.004238487686961889;0.9300699234008789
185;0.0043812342919409275;0.9440559148788452
186;0.004411609843373299;0.9230769276618958
187;0.004120224621146917;0.9300699234008789
188;0.004165187943726778;0.9580419659614563
189;0.004184691701084375;0.9440559148788452
190;0.00404210714623332;0.9230769276618958
191;0.003853000933304429;0.9510489702224731
192;0.00381186930462718;0.9580419659614563
193;0.003943409770727158;0.9580419659614563
194;0.0038877578917890787;0.9300699234008789
195;0.004087374079972506;0.8951048851013184
196;0.004051221534609795;0.9230769276618958
197;0.004235188942402601;0.9020978808403015
198;0.004093735944479704;0.9440559148788452
199;0.004341233056038618;0.9580419659614563
200;0.003887550439685583;0.9580419659614563
201;0.004060609266161919;0.9230769276618958
202;0.0038406497333198786;0.9370629191398621
203;0.003956117667257786;0.9230769276618958
204;0.0035579439718276262;0.9580419659614563
205;0.004522687289863825;0.867132842540741
206;0.003969152923673391;0.9230769276618958
207;0.003910170868039131;0.8951048851013184
208;0.0038336310535669327;0.9160839319229126
209;0.0037510625552386045;0.9440559148788452
210;0.0038967221044003963;0.9230769276618958
211;0.003593442030251026;0.9300699234008789
212;0.0036259882617741823;0.9300699234008789
213;0.0036980328150093555;0.9440559148788452
214;0.0034774544183164835;0.9440559148788452
215;0.003336225636303425;0.9300699234008789
216;0.003757675876840949;0.9230769276618958
217;0.003641059622168541;0.9300699234008789
218;0.003497061086818576;0.9230769276618958
219;0.003512637224048376;0.9230769276618958
220;0.0035270857624709606;0.9440559148788452
221;0.003204943146556616;0.9370629191398621
222;0.003427408868446946;0.9440559148788452
223;0.0034049085807055235;0.9650349617004395
224;0.00342070241458714;0.9440559148788452
225;0.0032740363385528326;0.9370629191398621
226;0.003392728976905346;0.9370629191398621
227;0.0033736370969563723;0.9440559148788452
228;0.0032476657070219517;0.9510489702224731
229;0.0033268590923398733;0.9720279574394226
230;0.0034981814678758383;0.9510489702224731
231;0.0032474433537572622;0.9370629191398621
232;0.0031524605583399534;0.9160839319229126
233;0.0034012687392532825;0.9580419659614563
234;0.003240532474592328;0.9300699234008789
235;0.003065381897613406;0.9510489702224731
236;0.0032400954514741898;0.9650349617004395
237;0.003307355334982276;0.9160839319229126
238;0.0030053448863327503;0.9650349617004395
239;0.0033353855833411217;0.8951048851013184
240;0.003282223828136921;0.9160839319229126
241;0.0030373933259397745;0.9440559148788452
242;0.0029612286016345024;0.9370629191398621
243;0.0031150428112596273;0.9510489702224731
244;0.0030590645037591457;0.9090909361839294
245;0.0029730871319770813;0.9370629191398621
246;0.003050767118111253;0.9300699234008789
247;0.003046349622309208;0.9370629191398621
248;0.0030292882584035397;0.9440559148788452
249;0.003205460961908102;0.9510489702224731
250;0.002906584646552801;0.9580419659614563
251;0.003046734258532524;0.9510489702224731
252;0.0032905733678489923;0.9300699234008789
253;0.003059727605432272;0.9160839319229126
254;0.0030289869755506516;0.9580419659614563
255;0.003142055356875062;0.9580419659614563
256;0.002820617752149701;0.9510489702224731
257;0.0029173181392252445;0.9510489702224731
258;0.002834802493453026;0.9650349617004395
259;0.0029277990106493235;0.9300699234008789
260;0.002816735301166773;0.9300699234008789
261;0.0029291308019310236;0.9510489702224731
262;0.002763334894552827;0.9790209531784058
263;0.0028218082152307034;0.9650349617004395
264;0.0027369027957320213;0.9440559148788452
265;0.002779119648039341;0.9440559148788452
266;0.0027432101778686047;0.9650349617004395
267;0.0028581172227859497;0.9370629191398621
268;0.002830307697877288;0.9580419659614563
269;0.0027880349662154913;0.9370629191398621
270;0.0026943020056933165;0.9510489702224731
271;0.002688694279640913;0.9580419659614563
272;0.0025889284443110228;0.9300699234008789
273;0.0027784116100519896;0.9580419659614563
274;0.002632836112752557;0.9440559148788452
275;0.002810091944411397;0.9440559148788452
276;0.0029206343460828066;0.9440559148788452
277;0.0028045866638422012;0.9580419659614563
278;0.00285224593244493;0.9580419659614563
279;0.0027182442136108875;0.9790209531784058
280;0.002725682221353054;0.9720279574394226
281;0.0026739565655589104;0.9720279574394226
282;0.0027370199095457792;0.9580419659614563
283;0.002569533884525299;0.9720279574394226
284;0.002649454167112708;0.9720279574394226
285;0.0025624388363212347;0.9930070042610168
286;0.002911624265834689;0.9580419659614563
287;0.0024275691248476505;0.9720279574394226
288;0.00290695670992136;0.9440559148788452
289;0.0026356715243309736;0.9650349617004395
290;0.002473333152011037;0.9930070042610168
291;0.002662435406818986;0.9790209531784058
292;0.0026186914183199406;0.9790209531784058
293;0.0023940636310726404;0.9860140085220337
294;0.002589709358289838;0.9790209531784058
295;0.0026796432211995125;0.9510489702224731
296;0.0022926616948097944;0.9860140085220337
297;0.002523573348298669;0.9860140085220337
298;0.0025372884701937437;0.9930070042610168
299;0.0024975754786282778;0.9930070042610168
300;0.0024903248995542526;0.9790209531784058
301;0.002527655567973852;0.9790209531784058
302;0.002322738990187645;0.9860140085220337
303;0.0022774175740778446;1.0
304;0.002340486506000161;1.0
305;0.0024081014562398195;0.9790209531784058
306;0.0024004755541682243;0.9860140085220337
307;0.0024095536209642887;0.9720279574394226
308;0.0024287314154207706;0.9860140085220337
309;0.0023457014467567205;0.9720279574394226
310;0.0024723776150494814;1.0
311;0.0024241460487246513;0.9790209531784058
312;0.002295929938554764;0.9860140085220337
313;0.0021886304020881653;1.0
314;0.0022549305576831102;0.9930070042610168
315;0.002206803997978568;1.0
316;0.002533003920689225;0.9650349617004395
317;0.0021344509441405535;0.9860140085220337
318;0.002423775615170598;0.9650349617004395
319;0.0024177671875804663;0.9930070042610168
320;0.0020653950050473213;1.0
321;0.0020807033870369196;1.0
322;0.002688197884708643;0.9720279574394226
323;0.0024178866297006607;0.9790209531784058
324;0.0028233742341399193;0.9650349617004395
325;0.002583723049610853;0.9860140085220337
326;0.0024486687034368515;0.9720279574394226
327;0.0022612817119807005;1.0
328;0.0028155732434242964;0.9860140085220337
329;0.0022757737897336483;1.0
330;0.002440142445266247;0.9930070042610168
331;0.002651453949511051;0.9720279574394226
332;0.002136318013072014;1.0
333;0.002059284131973982;1.0
334;0.0021185558289289474;1.0
335;0.0022425916977226734;0.9930070042610168
336;0.002280621323734522;0.9930070042610168
337;0.002011443255469203;1.0
338;0.0018495710100978613;0.9930070042610168
339;0.0021124128252267838;0.9930070042610168
340;0.002125117927789688;0.9930070042610168
341;0.00208536465652287;1.0
342;0.0017904561245813966;1.0
343;0.0019597720820456743;1.0
344;0.002101491205394268;1.0
345;0.0018781799590215087;1.0
346;0.0017951875925064087;1.0
347;0.0017485350836068392;1.0
348;0.0019580889493227005;1.0
349;0.0017560721607878804;1.0
350;0.001882653683423996;1.0
351;0.0018465642351657152;1.0
352;0.0018012761138379574;0.9930070042610168
353;0.0016937643522396684;1.0
354;0.0019214646890759468;1.0
355;0.0017675955314189196;1.0
356;0.002211435232311487;0.9580419659614563
357;0.0018260922515764832;1.0
358;0.0022568064741790295;0.9720279574394226
359;0.001682997914031148;1.0
360;0.0018748356960713863;0.9930070042610168
361;0.0020955014042556286;1.0
362;0.001727527123875916;1.0
363;0.0020799762569367886;0.9790209531784058
364;0.0018752104369923472;1.0
365;0.0016219165408983827;1.0
366;0.0018283985555171967;1.0
367;0.00190312962513417;1.0
368;0.001768499962054193;1.0
369;0.00188345555216074;0.9930070042610168
370;0.00180332874879241;0.9930070042610168
371;0.0017144777812063694;0.9930070042610168
372;0.0017213171813637018;1.0
373;0.0018919648136943579;1.0
374;0.0015772623009979725;1.0
375;0.001674068160355091;1.0
376;0.001872571068815887;1.0
377;0.0016249396139755845;1.0
378;0.001536364434286952;1.0
379;0.0017292732372879982;1.0
380;0.0014758248580619693;1.0
381;0.0016710016643628478;1.0
382;0.0014612000668421388;1.0
383;0.001601151074282825;0.9930070042610168
384;0.0014152374351397157;1.0
385;0.0015494534745812416;1.0
386;0.0013815952697768807;1.0
387;0.001529370085336268;1.0
388;0.0014362400397658348;1.0
389;0.001440548337996006;1.0
390;0.0015503686154261231;1.0
391;0.0013597257202491164;1.0
392;0.0013710003113374114;1.0
393;0.0013815948041155934;1.0
394;0.0012782046105712652;1.0
395;0.001354662817902863;1.0
396;0.001357369706965983;1.0
397;0.001394669758155942;1.0
398;0.001298328978009522;1.0
399;0.001476254896260798;1.0
400;0.0013943202793598175;1.0
401;0.0014274781569838524;1.0
402;0.0012042970629408956;1.0
403;0.0011916308430954814;1.0
404;0.0013981026131659746;0.9930070042610168
405;0.0012603083159774542;1.0
406;0.0014510729815810919;1.0
407;0.001533915987238288;1.0
408;0.0014127750182524323;1.0
409;0.0013670303160324693;1.0
410;0.0013248224277049303;1.0
411;0.0013609591405838728;1.0
412;0.001358765410259366;1.0
413;0.0013718957779929042;1.0
414;0.0013091325527057052;1.0
415;0.001113513601012528;1.0
416;0.001329084625467658;1.0
417;0.0013537571066990495;1.0
418;0.00145161640830338;0.9930070042610168
419;0.00133285834454;1.0
420;0.001631713006645441;1.0
421;0.0015249043935909867;1.0
422;0.001402724185027182;1.0
423;0.0013709983322769403;1.0
424;0.001358121051453054;1.0
425;0.0013477882603183389;1.0
426;0.0014146463945508003;1.0
427;0.0013102954253554344;1.0
428;0.0012287248391658068;1.0
429;0.0014425100525841117;1.0
430;0.0012083236360922456;1.0
431;0.001285998267121613;0.9930070042610168
432;0.0012761407997459173;1.0
433;0.0012190269771963358;1.0
434;0.0011917196679860353;1.0
435;0.0011819957289844751;1.0
436;0.0011682024924084544;1.0
437;0.0011368541745468974;1.0
438;0.0011648063082247972;1.0
439;0.001101314090192318;1.0
440;0.001293885288760066;1.0
441;0.0012300428934395313;1.0
442;0.0011582804145291448;1.0
443;0.0011589366476982832;1.0
444;0.0010684366570785642;1.0
445;0.0012079868465662003;1.0
446;0.0010616076178848743;1.0
447;0.0011046641739085317;1.0
448;0.001171084470115602;1.0
449;0.0012414102675393224;1.0
450;0.001178256468847394;1.0
451;0.0011848979629576206;1.0
452;0.0011688948143273592;1.0
453;0.0012427782639861107;1.0
454;0.00119948317296803;1.0
455;0.0011228197254240513;1.0
456;0.0011749508557841182;1.0
457;0.00116983731277287;1.0
458;0.0010833749547600746;1.0
459;0.0012168254470452666;1.0
460;0.00108379777520895;1.0
461;0.0011459315428510308;1.0
462;0.0009619757765904069;1.0
463;0.0010239456314593554;1.0
464;0.0013073186855763197;1.0
465;0.0011203486938029528;1.0
466;0.0011481873225420713;1.0
467;0.001098603941500187;1.0
468;0.0010603382252156734;1.0
469;0.0011027597356587648;1.0
470;0.0010185852879658341;1.0
471;0.0010066076647490263;1.0
472;0.001030848128721118;1.0
473;0.00109101424459368;1.0
474;0.001143165398389101;1.0
475;0.0010776696726679802;1.0
476;0.0011943153804168105;1.0
477;0.0011069471947848797;1.0
478;0.0011923490092158318;1.0
479;0.001160287531092763;1.0
480;0.0010442374041303992;1.0
481;0.0011163398157805204;1.0
482;0.001011675107292831;1.0
483;0.001210110611282289;1.0
484;0.0010779399890452623;1.0
485;0.0010885880328714848;1.0
486;0.0009842000436037779;1.0
487;0.0010606379946693778;1.0
488;0.0010746278567239642;1.0
489;0.0010629771277308464;1.0
490;0.0011748347897082567;1.0
491;0.0011702484916895628;1.0
492;0.0010779981967061758;1.0
493;0.0011545706074684858;1.0
494;0.0010766604682430625;1.0
495;0.0009977939771488309;1.0
496;0.0009664538665674627;1.0
497;0.0011083025019615889;1.0
498;0.001006550039164722;1.0
499;0.0011580708669498563;1.0
500;0.0011265909997746348;1.0
501;0.0009490491938777268;1.0
502;0.0010654281359165907;1.0
503;0.0010216438677161932;1.0
504;0.0010814204579219222;1.0
505;0.0009665983379818499;1.0
506;0.001068242359906435;1.0
507;0.0010136095806956291;1.0
508;0.0009611174464225769;1.0
509;0.0009662855882197618;1.0
510;0.0010727826738730073;1.0
511;0.0010779027361422777;1.0
512;0.0009872213704511523;1.0
513;0.0009802038548514247;1.0
514;0.0010172860929742455;1.0
515;0.0009303826955147088;1.0
516;0.0011266611982136965;1.0
517;0.0009654174791648984;1.0
518;0.0009417464607395232;1.0
519;0.0009943016339093447;1.0
520;0.0010464816587045789;1.0
521;0.0010079084895551205;1.0
522;0.0009777669329196215;1.0
523;0.0008223664481192827;1.0
524;0.0008941050036810338;1.0
525;0.0009398471447639167;1.0
526;0.0010738926939666271;1.0
527;0.0008950431365519762;1.0
528;0.0009269668953493237;1.0
529;0.0009472656529396772;1.0
530;0.0008804643293842673;1.0
531;0.0009761376422829926;1.0
532;0.0008541175629943609;1.0
533;0.0009206838440150023;1.0
534;0.000970143242739141;1.0
535;0.000899544742424041;1.0
536;0.0008919066749513149;1.0
537;0.0009701058152131736;1.0
538;0.0008801629301160574;1.0
539;0.000998401315882802;1.0
540;0.0009107065270654857;1.0
541;0.001058481982909143;1.0
542;0.0008728908724151552;1.0
543;0.0009711153106763959;1.0
544;0.0008715289295651019;1.0
545;0.0009573825518600643;1.0
546;0.0009399784612469375;1.0
547;0.0008703558705747128;1.0
548;0.0010259996633976698;1.0
549;0.0009859706042334437;1.0
550;0.0009936138521879911;1.0
551;0.0008975189994089305;1.0
552;0.0009244773536920547;1.0
553;0.0009230762952938676;1.0
554;0.0008838518988341093;1.0
555;0.0008181639714166522;1.0
556;0.0009132060222327709;1.0
557;0.0008941836422309279;1.0
558;0.0007902624201960862;1.0
559;0.0008966749883256853;1.0
560;0.0009281341917812824;1.0
561;0.0007647585007362068;1.0
562;0.0008376893238164485;1.0
563;0.0008735068840906024;1.0
564;0.0008706353837624192;1.0
565;0.0008999677957035601;1.0
566;0.0008483670535497367;1.0
567;0.0008625750779174268;1.0
568;0.0008753947913646698;1.0
569;0.0008243308984674513;1.0
570;0.0009340071119368076;1.0
571;0.0008580003050155938;1.0
572;0.0009471587254665792;1.0
573;0.0009445427567698061;1.0
574;0.0009314742055721581;1.0
575;0.0007939418428577483;1.0
576;0.0007913663284853101;1.0
577;0.0008573599043302238;1.0
578;0.0008834800100885332;1.0
579;0.0008263253257609904;1.0
580;0.0008948461036197841;1.0
581;0.0008737449534237385;1.0
582;0.0008720386540517211;1.0
583;0.0009247750858776271;1.0
584;0.0008004097617231309;1.0
585;0.0007999459048733115;1.0
586;0.0007949065184220672;1.0
587;0.0008092019124887884;1.0
588;0.0007944785756990314;1.0
589;0.0008058279054239392;1.0
590;0.0008805001270957291;1.0
591;0.0008817971684038639;1.0
592;0.0007660837727598846;1.0
593;0.0008468965534120798;1.0
594;0.0008304598741233349;1.0
595;0.0007904540980234742;1.0
596;0.0008322708308696747;1.0
597;0.0007723448215983808;1.0
598;0.000852649740409106;1.0
599;0.000858100363984704;1.0
600;0.0008310645935125649;1.0
601;0.0008052597404457629;1.0
602;0.0009017639677040279;1.0
603;0.0009140542824752629;1.0
604;0.0007977460045367479;1.0
605;0.0009447642951272428;1.0
606;0.0007554141338914633;1.0
607;0.0008444399572908878;1.0
608;0.0008568477351218462;1.0
609;0.0008020673412829638;1.0
610;0.0008035889477469027;1.0
611;0.0007740900618955493;1.0
612;0.0007321092998608947;1.0
613;0.0007907727849669755;1.0
614;0.00070125178899616;1.0
615;0.0008450471796095371;1.0
616;0.0008399627404287457;1.0
617;0.0007785548223182559;1.0
618;0.0008287852397188544;1.0
619;0.0007562998798675835;1.0
620;0.0007598070078529418;1.0
621;0.0008347548427991569;1.0
622;0.0007938622729852796;1.0
623;0.000730607658624649;1.0
624;0.0006905056652612984;1.0
625;0.0007816744036972523;1.0
626;0.0008007343858480453;1.0
627;0.0007415342843160033;1.0
628;0.000769080244936049;1.0
629;0.0007381518371403217;1.0
630;0.0007225798908621073;1.0
631;0.0012127693044021726;0.9930070042610168
632;0.0008012449252419174;1.0
633;0.0030578630976378918;0.9300699234008789
634;0.0012371379416435957;1.0
635;0.0010441001504659653;1.0
636;0.0019039433682337403;0.9720279574394226
637;0.0010379152372479439;1.0
638;0.0011093940120190382;1.0
639;0.0009166997042484581;1.0
640;0.0010233389912173152;1.0
641;0.001235865755006671;1.0
642;0.0014725791988894343;0.9580419659614563
643;0.0011821659281849861;1.0
644;0.0015592536656185985;0.9860140085220337
645;0.0009878710843622684;1.0
646;0.001436250051483512;0.9930070042610168
647;0.0010552675230428576;1.0
648;0.001176955527625978;1.0
649;0.00144621217623353;0.9860140085220337
650;0.0012085109483450651;1.0
651;0.001051970524713397;1.0
652;0.001212571281939745;1.0
653;0.0016782917082309723;1.0
654;0.001339976442977786;0.9860140085220337
655;0.0010544609976932406;1.0
656;0.0011277678422629833;1.0
657;0.0016421392792835832;1.0
658;0.0010118490317836404;1.0
659;0.0012083887122571468;1.0
660;0.0012685063993558288;1.0
661;0.0009410303318873048;1.0
662;0.0009581930353306234;1.0
663;0.0010138375218957663;1.0
664;0.0010279848938807845;1.0
665;0.0010681095300242305;1.0
666;0.0008466536528430879;1.0
667;0.0009148134849965572;1.0
668;0.0009750670869834721;1.0
669;0.0008832705789245665;1.0
670;0.0009217060287483037;1.0
671;0.0009597130119800568;1.0
672;0.000815216451883316;1.0
673;0.000802585098426789;1.0
674;0.0008169471984729171;1.0
675;0.000786157266702503;1.0
676;0.0008399025537073612;1.0
677;0.000775782042182982;1.0
678;0.000816512678284198;1.0
679;0.0007493806770071387;1.0
680;0.0008357778424397111;1.0
681;0.0007379547460004687;1.0
682;0.0007209101459011436;1.0
683;0.0007395565044134855;1.0
684;0.0006597441388294101;1.0
685;0.000749623344745487;1.0
686;0.000714384310413152;1.0
687;0.0007575671188533306;1.0
688;0.0006625120877288282;1.0
689;0.0007335420814342797;1.0
690;0.0006369113107211888;1.0
691;0.0007624431746080518;1.0
692;0.0006576331215910614;1.0
693;0.0006780994590371847;1.0
694;0.0006904071778990328;1.0
695;0.000797294604126364;1.0
696;0.0007536772172898054;1.0
697;0.0007241664570756257;1.0
698;0.0006369280745275319;1.0
699;0.0007265008753165603;1.0
700;0.0006821430288255215;1.0
701;0.000755741202738136;1.0
702;0.000627485744189471;1.0
703;0.0006100258324295282;1.0
704;0.0006529596284963191;1.0
705;0.0006180376512929797;1.0
706;0.0006350413896143436;1.0
707;0.0006714384071528912;1.0
708;0.0006772804772481322;1.0
709;0.0006621435168199241;1.0
710;0.0005773904267698526;1.0
711;0.0007182854460552335;1.0
712;0.0006386566674336791;1.0
713;0.000645015446934849;1.0
714;0.0007677027024328709;0.9930070042610168
715;0.0006479029543697834;1.0
716;0.000707507599145174;1.0
717;0.0006782784475944936;1.0
718;0.0007871015113778412;1.0
719;0.0007711405050940812;1.0
720;0.0007278287666849792;1.0
721;0.0006638060440309346;1.0
722;0.0007218001992441714;1.0
723;0.0007211028132587671;1.0
724;0.0007024817750789225;1.0
725;0.0006519982707686722;1.0
726;0.0006289966404438019;1.0
727;0.0006868687341921031;1.0
728;0.000727689650375396;1.0
729;0.0006176764727570117;1.0
730;0.0006069053779356182;1.0
731;0.000641816935967654;1.0
732;0.0006324958521872759;1.0
733;0.0006608774419873953;1.0
734;0.0006530383252538741;1.0
735;0.000708532752469182;1.0
736;0.0005562352598644793;1.0
737;0.0005913771456107497;1.0
738;0.0006582813803106546;1.0
739;0.0005384283722378314;1.0
740;0.0005839286604896188;1.0
741;0.0006049021612852812;1.0
742;0.0005702985217794776;1.0
743;0.0006206675316207111;1.0
744;0.000537507759872824;1.0
745;0.000554825586732477;1.0
746;0.0005712774582207203;1.0
747;0.0005530300550162792;1.0
748;0.0006206512916833162;1.0
749;0.0006199755007401109;1.0
750;0.0005438291118480265;1.0
751;0.000562762375921011;1.0
752;0.0005733724101446569;1.0
753;0.0005668119993060827;1.0
754;0.0005849189474247396;1.0
755;0.0006717712385579944;1.0
756;0.000632765528280288;1.0
757;0.0005267306696623564;1.0
758;0.0006309610325843096;1.0
759;0.0005367413396015763;1.0
760;0.0005772289005108178;1.0
761;0.00048020086251199245;1.0
762;0.0005699674948118627;1.0
763;0.0005665153730660677;1.0
764;0.0006042005261406302;1.0
765;0.0006093926494941115;1.0
766;0.0005341244395822287;1.0
767;0.0005952861392870545;1.0
768;0.0006016712868586183;1.0
769;0.0005712416605092585;1.0
770;0.0006513721309602261;1.0
771;0.0005634251865558326;1.0
772;0.0005416630301624537;1.0
773;0.0005595582188107073;1.0
774;0.0005955786909908056;1.0
775;0.0005102361901663244;1.0
776;0.0005904660793021321;1.0
777;0.0005273042479529977;1.0
778;0.0005630459636449814;1.0
779;0.0005289686960168183;1.0
780;0.0005227483925409615;1.0
781;0.0005571795627474785;1.0
782;0.0005631753010675311;1.0
783;0.0006721811951138079;1.0
784;0.0005323857185430825;1.0
785;0.0005512741045095026;1.0
786;0.0005497992970049381;1.0
787;0.0006012240773998201;1.0
788;0.0005187442293390632;1.0
789;0.000585805275477469;1.0
790;0.0005024669808335602;1.0
791;0.0005479978863149881;1.0
792;0.000530802586581558;1.0
793;0.0005739756161347032;1.0
794;0.0005796903860755265;1.0
795;0.0005219744052737951;1.0
796;0.0006255637854337692;1.0
797;0.0005585194448940456;1.0
798;0.0005965717718936503;1.0
799;0.0006464503239840269;1.0
800;0.0005677530425600708;1.0
801;0.0005420373636297882;1.0
802;0.0005738638574257493;1.0
803;0.000566319387871772;1.0
804;0.0006260845111683011;1.0
805;0.0005757458857260644;1.0
806;0.0005582078010775149;1.0
807;0.0005585403414443135;1.0
808;0.0005400627269409597;1.0
809;0.000524373259395361;1.0
810;0.0005217712605372071;1.0
811;0.0005440344102680683;1.0
812;0.0005363719537854195;1.0
813;0.0005950462655164301;1.0
814;0.0005917745875194669;1.0
815;0.00052258389769122;1.0
816;0.0005241071339696646;1.0
817;0.0005593746318481863;1.0
818;0.0005279076285660267;1.0
819;0.0005124256713315845;1.0
820;0.0004635549848899245;1.0
821;0.0005671787075698376;1.0
822;0.000501687522046268;1.0
823;0.0005067790043540299;1.0
824;0.0005256643053144217;1.0
825;0.000564857036806643;1.0
826;0.00047906962572596967;1.0
827;0.0005374885513447225;1.0
828;0.0005302798235788941;1.0
829;0.0005107029573991895;1.0
830;0.0005389126017689705;1.0
831;0.0005171934608370066;1.0
832;0.0005045391153544188;1.0
833;0.00046928151277825236;1.0
834;0.000568999326787889;1.0
835;0.0005393603933043778;1.0
836;0.0005093453219160438;1.0
837;0.0005123052978888154;1.0
838;0.00045813049655407667;1.0
839;0.00043563504004850984;1.0
840;0.0005261723417788744;1.0
841;0.0005191075033508241;1.0
842;0.00047859619371593;1.0
843;0.0005507114110514522;1.0
844;0.0005166170885786414;1.0
845;0.0005133844679221511;1.0
846;0.00043939900933764875;1.0
847;0.0005283364444039762;1.0
848;0.0004499721108004451;1.0
849;0.0004971265443600714;1.0
850;0.0004615485668182373;1.0
851;0.0004404984647408128;1.0
852;0.0005023998091928661;1.0
853;0.00047309111687354743;1.0
854;0.0004792762629222125;1.0
855;0.0004422576748766005;1.0
856;0.0005693663842976093;1.0
857;0.0004753995453938842;1.0
858;0.0004958128556609154;1.0
859;0.0004858784668613225;1.0
860;0.0004729227803181857;1.0
861;0.00047514584730379283;1.0
862;0.0004965519183315337;1.0
863;0.00045923556899651885;1.0
864;0.00047675776295363903;1.0
865;0.0005091850180178881;1.0
866;0.0005011467728763819;1.0
867;0.000515553867444396;1.0
868;0.00042700167978182435;1.0
869;0.00043123483192175627;1.0
870;0.0005333328736014664;1.0
871;0.000446140649728477;1.0
872;0.0005295097944326699;1.0
873;0.0004939144128002226;1.0
874;0.0004948553978465497;1.0
875;0.0005353784654289484;1.0
876;0.00041580223478376865;1.0
877;0.0004759557486977428;1.0
878;0.00045334509923122823;1.0
879;0.00042626209324225783;1.0
880;0.0004487344704102725;1.0
881;0.0005131364450789988;1.0
882;0.0004424334329087287;1.0
883;0.0005505568697117269;1.0
884;0.00046392425429075956;1.0
885;0.0005525096785277128;1.0
886;0.0004718526324722916;1.0
887;0.00046406977344304323;1.0
888;0.0004672279173973948;1.0
889;0.0004542902170214802;1.0
890;0.0004992533358745277;1.0
891;0.0004852921993006021;1.0
892;0.000460522947832942;1.0
893;0.00041692625381983817;1.0
894;0.00045578909339383245;1.0
895;0.00046686266432516277;1.0
896;0.0004985250416211784;1.0
897;0.0004169243620708585;1.0
898;0.0004688729241024703;1.0
899;0.0004250111524015665;1.0
900;0.00042113111703656614;1.0
901;0.0004347552021499723;1.0
902;0.00043915302376262844;1.0
903;0.0004393408016767353;1.0
904;0.0004358423757366836;1.0
905;0.0004714610113296658;1.0
906;0.0004420057812239975;1.0
907;0.0003967740049120039;1.0
908;0.000430326908826828;1.0
909;0.00047679254203103483;1.0
910;0.0004170986358076334;1.0
911;0.0005181970191188157;1.0
912;0.0005169517826288939;1.0
913;0.00043847894994542;1.0
914;0.0004540371592156589;1.0
915;0.000517807318829;1.0
916;0.0005011360044591129;1.0
917;0.0004481477662920952;1.0
918;0.0004563320835586637;1.0
919;0.0004237500252202153;1.0
920;0.0004002256609965116;1.0
921;0.0004985069390386343;1.0
922;0.00041628465987741947;1.0
923;0.00047449630801565945;1.0
924;0.00045806041453033686;1.0
925;0.0004480777424760163;1.0
926;0.00043037280556745827;1.0
927;0.0004287429037503898;1.0
928;0.00047842052299529314;1.0
929;0.0004232284554746002;1.0
930;0.00039856464718468487;1.0
931;0.0004314429243095219;1.0
932;0.00040451608947478235;1.0
933;0.00045230035902932286;1.0
934;0.0004515947075560689;1.0
935;0.00035827659303322434;1.0
936;0.00041173252975568175;1.0
937;0.0004898841143585742;1.0
938;0.00039473187644034624;1.0
939;0.00044280473957769573;1.0
940;0.00042442799895070493;1.0
941;0.00045362842502072453;1.0
942;0.0004156426584813744;1.0
943;0.00041739348671399057;1.0
944;0.0004044491797685623;1.0
945;0.0004337361897341907;1.0
946;0.00036928619374521077;1.0
947;0.0004148389270994812;1.0
948;0.0004566855786833912;1.0
949;0.00040918600279837847;1.0
950;0.00043431937228888273;1.0
951;0.00047898400225676596;1.0
952;0.0003849935019388795;1.0
953;0.00045189523370936513;1.0
954;0.0003903961041942239;1.0
955;0.0003998399479314685;1.0
956;0.00036308937706053257;1.0
957;0.00040209240978583694;1.0
958;0.00040569930570200086;1.0
959;0.0004487811529543251;1.0
960;0.00041833409341052175;1.0
961;0.0003946836804971099;1.0
962;0.0004987437278032303;1.0
963;0.00045942177530378103;1.0
964;0.0004825065261684358;1.0
965;0.0003925362543668598;1.0
966;0.000411318993428722;1.0
967;0.00036807506694458425;1.0
968;0.00038829949335195124;1.0
969;0.00045828038128092885;1.0
970;0.0003959312161896378;1.0
971;0.0004440599004738033;1.0
972;0.0003517701115924865;1.0
973;0.00037130792043171823;1.0
974;0.00040577028994448483;1.0
975;0.0003893710672855377;1.0
976;0.00039136179839260876;1.0
977;0.00039837940130382776;1.0
978;0.0004084472020622343;1.0
979;0.0003830634814221412;1.0
980;0.0003949885140173137;1.0
981;0.00040936455479823053;1.0
982;0.0004106151172891259;1.0
983;0.0004203728458378464;1.0
984;0.0004336917772889137;1.0
985;0.00034261104883626103;1.0
986;0.00041036319453269243;1.0
987;0.0003656506887637079;1.0
988;0.0004091454902663827;1.0
989;0.0004456068272702396;1.0
990;0.00035439818748272955;1.0
991;0.00037507404340431094;1.0
992;0.000429400650318712;1.0
993;0.0004229535988997668;1.0
994;0.00044170208275318146;1.0
995;0.0004595639184117317;1.0
996;0.0003448088828008622;1.0
997;0.0004326696798671037;1.0
998;0.0003525080101098865;1.0
999;0.0003538078744895756;1.0
1000;0.00039192711119540036;1.0
1001;0.00036299671046435833;1.0
1002;0.0004043128283228725;1.0
1003;0.0003941326285712421;1.0
1004;0.0003973130078520626;1.0
1005;0.00036446392186917365;1.0
1006;0.0003921807510778308;1.0
1007;0.0003869583597406745;1.0
1008;0.00036970540531910956;1.0
1009;0.000400380085920915;1.0
1010;0.0004013119905721396;1.0
1011;0.00042158993892371655;1.0
1012;0.0003801099956035614;1.0
1013;0.0003999318287242204;1.0
1014;0.000336910568876192;1.0
1015;0.00034680921817198396;1.0
1016;0.0003549213579390198;1.0
1017;0.00037338174297474325;1.0
1018;0.00037148784031160176;1.0
1019;0.00043078832095488906;1.0
1020;0.00037361704744398594;1.0
1021;0.000393241411074996;1.0
1022;0.0003544991195667535;1.0
1023;0.0003894915571436286;1.0
1024;0.00042094127275049686;1.0
1025;0.0004062881926074624;1.0
1026;0.00036872923374176025;1.0
1027;0.0004129636799916625;1.0
1028;0.0003758557140827179;1.0
1029;0.0003973678103648126;1.0
1030;0.00038731208769604564;1.0
1031;0.000352389964973554;1.0
1032;0.0005545003223232925;1.0
1033;0.0005664661293849349;1.0
1034;0.0012768449960276484;0.9650349617004395
1035;0.0004301538283471018;1.0
1036;0.001075008767656982;0.9860140085220337
1037;0.0009746967116370797;0.9930070042610168
1038;0.0019519904162734747;0.9300699234008789
1039;0.0007216613739728928;1.0
1040;0.0022642689291387796;0.9650349617004395
1041;0.0024537721183151007;0.9580419659614563
1042;0.004982284270226955;0.8601398468017578
1043;0.002182968659326434;0.9440559148788452
1044;0.002137643052265048;0.9650349617004395
1045;0.0030634000431746244;0.9580419659614563
1046;0.00193026231136173;1.0
1047;0.003539368277415633;0.9370629191398621
1048;0.0025633564218878746;0.9510489702224731
1049;0.0021633352153003216;0.9720279574394226
1050;0.001829028013162315;1.0
1051;0.0017085119616240263;1.0
1052;0.0015936462441459298;1.0
1053;0.0020534300711005926;0.9860140085220337
1054;0.001514712697826326;0.9930070042610168
1055;0.0010932342847809196;1.0
1056;0.0011254301061853766;1.0
1057;0.001283713849261403;1.0
1058;0.001382082817144692;1.0
1059;0.0011483179405331612;1.0
1060;0.0010442666243761778;1.0
1061;0.0009976740693673491;1.0
1062;0.0009661063086241484;1.0
1063;0.001131021068431437;1.0
1064;0.0009499434963800013;1.0
1065;0.0008505537989549339;1.0
1066;0.000760273658670485;1.0
1067;0.0007470690179616213;1.0
1068;0.0008469660533592105;1.0
1069;0.0007393151754513383;1.0
1070;0.0007972864550538361;1.0
1071;0.0006700183730572462;1.0
1072;0.0006315460777841508;1.0
1073;0.000615021912381053;1.0
1074;0.0006338607636280358;1.0
1075;0.0006041348678991199;1.0
1076;0.0005967819015495479;1.0
1077;0.0005534308147616684;1.0
1078;0.0005712413694709539;1.0
1079;0.0006023278692737222;1.0
1080;0.0005764398956671357;1.0
1081;0.0005425494164228439;1.0
1082;0.0006598408799618483;1.0
1083;0.00048011745093390346;1.0
1084;0.0005104031297378242;1.0
1085;0.0005324080120772123;1.0
1086;0.0005249152891337872;1.0
1087;0.0004921998479403555;1.0
1088;0.000499458285048604;1.0
1089;0.0004491684085223824;1.0
1090;0.00044300142326392233;1.0
1091;0.000474141095764935;1.0
1092;0.00042378701618872583;1.0
1093;0.00041122970287688076;1.0
1094;0.0004507479025050998;1.0
1095;0.0005835395422764122;1.0
1096;0.0009415456443093717;1.0
1097;0.0014815973117947578;0.9720279574394226
1098;0.0007200592663139105;1.0
1099;0.0012466460466384888;0.9650349617004395
1100;0.003239728743210435;0.9230769276618958
1101;0.003320075571537018;0.8951048851013184
1102;0.0026135831139981747;0.9300699234008789
1103;0.0031999689526855946;0.9020978808403015
1104;0.0032992863561958075;0.8951048851013184
1105;0.002427325351163745;0.9440559148788452
1106;0.0030148946680128574;0.9230769276618958
1107;0.00332969450391829;0.9230769276618958
1108;0.0022683097049593925;0.9300699234008789
1109;0.0017565588932484388;1.0
1110;0.002033728174865246;1.0
1111;0.0019178349757567048;1.0
1112;0.001968475291505456;0.9790209531784058
1113;0.0013456635642796755;1.0
1114;0.0015607355162501335;1.0
1115;0.0015410089399665594;1.0
1116;0.0016216656658798456;1.0
1117;0.0015602722996845841;1.0
1118;0.001191553077660501;1.0
1119;0.0011845232220366597;1.0
1120;0.0010313313687220216;1.0
1121;0.0009332245099358261;1.0
1122;0.0009622537181712687;1.0
1123;0.0009910684311762452;1.0
1124;0.000981771619990468;1.0
1125;0.0009336891816928983;1.0
1126;0.0008137942058965564;1.0
1127;0.0007995646446943283;1.0
1128;0.0007849029498174787;1.0
1129;0.0007459838525392115;1.0
1130;0.0007488560513593256;1.0
1131;0.0006202564691193402;1.0
1132;0.000695158785674721;1.0
1133;0.000650224625132978;1.0
1134;0.0006155364098958671;1.0
1135;0.0005728561664000154;1.0
1136;0.0005133833619765937;1.0
1137;0.0006080679013393819;1.0
1138;0.0006852033548057079;1.0
1139;0.0005870211753062904;1.0
1140;0.0006159197073429823;1.0
1141;0.001110152923502028;0.9930070042610168
1142;0.0006518976297229528;0.9930070042610168
1143;0.0006617342587560415;1.0
1144;0.0006977728917263448;1.0
1145;0.0007968079298734665;1.0
1146;0.0007638956885784864;1.0
1147;0.0007080173236317933;1.0
1148;0.0005792384035885334;1.0
1149;0.0005835698102600873;0.9930070042610168
1150;0.0005562154110521078;1.0
1151;0.0005879381787963212;1.0
1152;0.00060055818175897;1.0
1153;0.0006270522717386484;1.0
1154;0.0005382850649766624;1.0
1155;0.0004919877392239869;1.0
1156;0.0005862226244062185;1.0
1157;0.0005193586112000048;1.0
1158;0.0005499545368365943;1.0
1159;0.0004985211417078972;1.0
1160;0.00046805196325294673;1.0
1161;0.0004859433975070715;1.0
1162;0.000516526575665921;1.0
1163;0.0005072896601632237;1.0
1164;0.0004552431055344641;1.0
1165;0.00040320842526853085;1.0
1166;0.00042049880721606314;1.0
1167;0.0004474064626265317;1.0
1168;0.0004903297522105277;1.0
1169;0.0004170329193584621;1.0
1170;0.00040592908044345677;1.0
1171;0.0004364036431070417;1.0
1172;0.0003776939702220261;1.0
1173;0.0003943194169551134;1.0
1174;0.0003560502955224365;1.0
1175;0.00038949857116676867;1.0
1176;0.00036054154043085873;1.0
1177;0.00040620207437314093;1.0
1178;0.00037679902743548155;1.0
1179;0.00037931010592728853;1.0
1180;0.0003949736710637808;1.0
1181;0.0003776361409109086;1.0
1182;0.0003854309325106442;1.0
1183;0.0004284326278138906;1.0
1184;0.0003755817888304591;1.0
1185;0.00041355827124789357;1.0
1186;0.0003521077742334455;1.0
1187;0.0003969281679019332;1.0
1188;0.00034261212567798793;1.0
1189;0.00037440829328261316;1.0
1190;0.00036090455250814557;1.0
1191;0.0003509011003188789;1.0
1192;0.00030858247191645205;1.0
1193;0.00038457888877019286;1.0
1194;0.00036975520197302103;1.0
1195;0.0003148854011669755;1.0
1196;0.0003949265228584409;1.0
1197;0.00034315400989726186;1.0
1198;0.0003215777105651796;1.0
1199;0.00036188552621752024;1.0
1200;0.0003231354057788849;1.0
1201;0.000390009256079793;1.0
1202;0.0003345913137309253;1.0
1203;0.00037203304236754775;1.0
1204;0.0003336506197229028;1.0
1205;0.0003370677004568279;1.0
1206;0.0003667310520540923;1.0
1207;0.000405190687160939;1.0
1208;0.00031278279493562877;1.0
1209;0.0003500386083032936;1.0
1210;0.0003847138723358512;1.0
1211;0.00031373673118650913;1.0
1212;0.0003521627513691783;1.0
1213;0.00032440616632811725;1.0
1214;0.0003758387756533921;1.0
1215;0.0003454138059169054;1.0
1216;0.00035096879582852125;1.0
1217;0.0003588522085919976;1.0
1218;0.00036131858360022306;1.0
1219;0.0003575565933715552;1.0
1220;0.00033838118542917073;1.0
1221;0.0003160115738864988;1.0
1222;0.00034529512049630284;1.0
1223;0.0003478509606793523;1.0
1224;0.0003306629369035363;1.0
1225;0.00037962570786476135;1.0
1226;0.00032168696634471416;1.0
1227;0.00032488376018591225;1.0
1228;0.00030450979829765856;1.0
1229;0.00033384174457751215;1.0
1230;0.0003143880167044699;1.0
1231;0.0003322013944853097;1.0
1232;0.0003627610276453197;1.0
1233;0.00033158689620904624;1.0
1234;0.00036605671630240977;1.0
1235;0.0003336341760586947;1.0
1236;0.000348869216395542;1.0
1237;0.00033332803286612034;1.0
1238;0.0002927189343608916;1.0
1239;0.00029548921156674623;1.0
1240;0.00034436193527653813;1.0
1241;0.00032950594322755933;1.0
1242;0.0002919727994594723;1.0
1243;0.0003150670963805169;1.0
1244;0.0003318713279440999;1.0
1245;0.00031938086613081396;1.0
1246;0.0003189202107023448;1.0
1247;0.0003647686680778861;1.0
1248;0.000320978433592245;1.0
1249;0.00033637191518209875;1.0
1250;0.0003104702045675367;1.0
1251;0.0003248895227443427;1.0
1252;0.00034379694261588156;1.0
1253;0.0003861642617266625;1.0
1254;0.00032719940645620227;1.0
1255;0.0003063558251596987;1.0
1256;0.0003388123877812177;1.0
1257;0.0003228284476790577;1.0
1258;0.00031534460140392184;1.0
1259;0.00032703668694011867;1.0
1260;0.0003613222506828606;1.0
1261;0.0003462042659521103;1.0
1262;0.0002740629424806684;1.0
1263;0.0003277929499745369;1.0
1264;0.0003121949848718941;1.0
1265;0.0003100828325841576;1.0
1266;0.0002867777948267758;1.0
1267;0.0003187615657225251;1.0
1268;0.00032107869628816843;1.0
1269;0.0003057188296224922;1.0
1270;0.0003334891516715288;1.0
1271;0.0003103116468992084;1.0
1272;0.00030051893554627895;1.0
1273;0.0003128144599031657;1.0
1274;0.00031388134812004864;1.0
1275;0.0003106165095232427;1.0
1276;0.00028879859019070864;1.0
1277;0.00027793849585577846;1.0
1278;0.0003275668132118881;1.0
1279;0.0002676704025361687;1.0
1280;0.00031224332633428276;1.0
1281;0.0003440582659095526;1.0
1282;0.0002935404481831938;1.0
1283;0.00033419104875065386;1.0
1284;0.0003170489508192986;1.0
1285;0.0003171121934428811;1.0
1286;0.0003093681007158011;1.0
1287;0.00035683662281371653;1.0
1288;0.00031015693093650043;1.0
1289;0.0003605298697948456;1.0
1290;0.00028372518136166036;1.0
1291;0.00030423159478232265;1.0
1292;0.0003199600032530725;1.0
1293;0.00031607187702320516;1.0
1294;0.0002723504730965942;1.0
1295;0.0003058955480810255;1.0
1296;0.0003185603127349168;1.0
1297;0.0002949668560177088;1.0
1298;0.00031462794868275523;1.0
1299;0.0002997630217578262;1.0
1300;0.0002912131603807211;1.0
1301;0.0003006279584951699;1.0
1302;0.0002882165426854044;1.0
1303;0.00032181490678340197;1.0
1304;0.00028700445545837283;1.0
1305;0.00031694714562036097;1.0
1306;0.00034207329736091197;1.0
1307;0.0003187814727425575;1.0
1308;0.000279545143712312;1.0
1309;0.00029296442517079413;1.0
1310;0.0002966767060570419;1.0
1311;0.0003102407499682158;1.0
1312;0.0002941953716799617;1.0
1313;0.0003242472594138235;1.0
1314;0.0003475428093224764;1.0
1315;0.0002536409592721611;1.0
1316;0.00030006651650182903;1.0
1317;0.00028449352248571813;1.0
1318;0.0002821515081450343;1.0
1319;0.00036444279248826206;1.0
1320;0.0002844217524398118;1.0
1321;0.0002928545873146504;1.0
1322;0.00030533826793543994;1.0
1323;0.0002790229336824268;1.0
1324;0.0003092057886533439;1.0
1325;0.0002782763622235507;1.0
1326;0.00029596671811304986;1.0
1327;0.000270696880761534;1.0
1328;0.00025625815032981336;1.0
1329;0.0002560159482527524;1.0
1330;0.0002585196343716234;1.0
1331;0.00031711102928966284;1.0
1332;0.00032999503309838474;1.0
1333;0.00027825587312690914;1.0
1334;0.0002697377640288323;1.0
1335;0.00030495543614961207;1.0
1336;0.0002958695113193244;1.0
1337;0.0002770515566226095;1.0
1338;0.0002633252879604697;1.0
1339;0.0002896081132348627;1.0
1340;0.00028710495098493993;1.0
1341;0.00027122138999402523;1.0
1342;0.000316103920340538;1.0
1343;0.00028352648951113224;1.0
1344;0.0002832434547599405;1.0
1345;0.0002863258996512741;1.0
1346;0.0002754493325483054;1.0
1347;0.000261550274444744;1.0
1348;0.0002672357077244669;1.0
1349;0.0002532833896111697;1.0
1350;0.00029518789961002767;1.0
1351;0.00027036017854698;1.0
1352;0.00030766063719056547;1.0
1353;0.00029608039767481387;1.0
1354;0.0002814641920849681;1.0
1355;0.0002886141592171043;1.0
1356;0.0002454077184665948;1.0
1357;0.00030758921639062464;1.0
1358;0.0002763095253612846;1.0
1359;0.0002584451576694846;1.0
1360;0.00029086830909363925;1.0
1361;0.00025895738508552313;1.0
1362;0.000268850737484172;1.0
1363;0.0002907738962676376;1.0
1364;0.00024374619533773512;1.0
1365;0.0002465320285409689;1.0
1366;0.00026268369401805103;1.0
1367;0.00027279119240120053;1.0
1368;0.00022491413983516395;1.0
1369;0.00027557570138014853;1.0
1370;0.00027643528301268816;1.0
1371;0.0002825713308993727;1.0
1372;0.00029509307933039963;1.0
1373;0.00025061151245608926;1.0
1374;0.00028511157142929733;1.0
1375;0.0002836752391885966;1.0
1376;0.0002475825895089656;1.0
1377;0.00026798047474585474;1.0
1378;0.00026469992008060217;1.0
1379;0.00026266006170772016;1.0
1380;0.0002789773279801011;1.0
1381;0.00025272328639402986;1.0
1382;0.00026493941550143063;1.0
1383;0.00025123063824139535;1.0
1384;0.00024238733749371022;1.0
1385;0.0002940645208582282;1.0
1386;0.0002538516710046679;1.0
1387;0.00026417727349326015;1.0
1388;0.0002578991116024554;1.0
1389;0.00025073569850064814;1.0
1390;0.0002481818664819002;1.0
1391;0.0002544489689171314;1.0
1392;0.0002479952818248421;1.0
1393;0.00027784216217696667;1.0
1394;0.00027165384381078184;1.0
1395;0.00025573509628884494;1.0
1396;0.00026890196022577584;1.0
1397;0.00024367694277316332;1.0
1398;0.00025834765983745456;1.0
1399;0.0002665132051333785;1.0
1400;0.000235866813454777;1.0
1401;0.000246646988671273;1.0
1402;0.0002698065072763711;1.0
1403;0.00030608815723098814;1.0
1404;0.0002714962465688586;1.0
1405;0.00027237110771238804;1.0
1406;0.0002531895006541163;1.0
1407;0.00027259052149020135;1.0
1408;0.0003008839557878673;1.0
1409;0.000258183223195374;1.0
1410;0.00024472427321597934;1.0
1411;0.00026712234830483794;1.0
1412;0.00026963380514644086;1.0
1413;0.000237198022659868;1.0
1414;0.00024598275194875896;1.0
1415;0.0002581736189313233;1.0
1416;0.0002922019048128277;1.0
1417;0.00025355478283017874;1.0
1418;0.0002564348396845162;1.0
1419;0.000319147075060755;1.0
1420;0.0002533983497414738;1.0
1421;0.0002610447409097105;1.0
1422;0.00026783152134157717;1.0
1423;0.00025253029889427125;1.0
1424;0.0002860522363334894;1.0
1425;0.0002529472694732249;1.0
1426;0.00023768570099491626;1.0
1427;0.000236193387536332;1.0
1428;0.0002933837240561843;1.0
1429;0.0002528352488297969;1.0
1430;0.0002641555911395699;1.0
1431;0.0002358768688281998;1.0
1432;0.0002441684191580862;1.0
1433;0.0002464227145537734;1.0
1434;0.0002277315070386976;1.0
1435;0.00022658986563328654;1.0
1436;0.00022543153318110853;1.0
1437;0.00028057905728928745;1.0
1438;0.00026218846323899925;1.0
1439;0.0002707387611735612;1.0
1440;0.00024073317763395607;1.0
1441;0.0002716146409511566;1.0
1442;0.00024081568699330091;1.0
1443;0.000269584619672969;1.0
1444;0.0002275987935718149;1.0
1445;0.00023302275803871453;1.0
1446;0.00024190744443330914;1.0
1447;0.0002678399614524096;1.0
1448;0.00025707256281748414;1.0
1449;0.00025021875626407564;1.0
1450;0.0002773496962618083;1.0
1451;0.00024641191703267395;1.0
1452;0.00026054680347442627;1.0
1453;0.0002699916949495673;1.0
1454;0.0002245118230348453;1.0
1455;0.00022889261890668422;1.0
1456;0.00023360238992609084;1.0
1457;0.0002485666482243687;1.0
1458;0.00022077839821577072;1.0
1459;0.00031280837720260024;1.0
1460;0.0002430007589282468;1.0
1461;0.0002708212414290756;1.0
1462;0.00020540603145491332;1.0
1463;0.0002607670030556619;1.0
1464;0.00024448486510664225;1.0
1465;0.0002592773817013949;1.0
1466;0.0002459205861669034;1.0
1467;0.0002497936657164246;1.0
1468;0.0002364347892580554;1.0
1469;0.00020958518143743277;1.0
1470;0.0002519013069104403;1.0
1471;0.0002421009703539312;1.0
1472;0.00022820272715762258;1.0
1473;0.00024849147303029895;1.0
1474;0.00023598903499078006;1.0
1475;0.00023237690038513392;1.0
1476;0.00023205633624456823;1.0
1477;0.00022928122780285776;1.0
1478;0.00024451359058730304;1.0
1479;0.00021600883337669075;1.0
1480;0.00027454577502794564;1.0
1481;0.00020944692369084805;1.0
1482;0.0002750589628703892;1.0
1483;0.00023250235244631767;1.0
1484;0.0002398417127551511;1.0
1485;0.0002431131579214707;1.0
1486;0.0002463824348524213;1.0
1487;0.00022088900732342154;1.0
1488;0.0002547859912738204;1.0
1489;0.0002236308646388352;1.0
1490;0.00026333454297855496;1.0
1491;0.00023424587561748922;1.0
1492;0.00026452375459484756;1.0
1493;0.00024793241755105555;1.0
1494;0.0002407713618595153;1.0
1495;0.0002386196720181033;1.0
1496;0.0002392355672782287;1.0
1497;0.0002026182773988694;1.0
1498;0.00021010851196479052;1.0
1499;0.00022529337729793042;1.0
