iteration;loss;accuracy
0;0.03978051245212555;0.08620689809322357
1;0.036749809980392456;0.11206896603107452
2;0.03512902557849884;0.18103447556495667
3;0.03472064808011055;0.22413793206214905
4;0.034145887941122055;0.21551723778247833
5;0.03447924181818962;0.17241379618644714
6;0.033505819737911224;0.23275862634181976
7;0.033443666994571686;0.23275862634181976
8;0.03370784595608711;0.24137930572032928
9;0.03345894441008568;0.24137930572032928
10;0.033098481595516205;0.25
11;0.03267025202512741;0.2844827473163605
12;0.03253871574997902;0.2586206793785095
13;0.03215206041932106;0.24137930572032928
14;0.031647827476263046;0.26724138855934143
15;0.03166799247264862;0.31896552443504333
16;0.03139998018741608;0.3362068831920624
17;0.030933037400245667;0.3448275923728943
18;0.030702736228704453;0.36206895112991333
19;0.030387451872229576;0.3965517282485962
20;0.030277201905846596;0.4137931168079376
21;0.02953227236866951;0.4137931168079376
22;0.029565565288066864;0.38793104887008667
23;0.029513198882341385;0.38793104887008667
24;0.02918490394949913;0.4051724076271057
25;0.02884754166007042;0.4482758641242981
26;0.028541244566440582;0.42241379618644714
27;0.028107963502407074;0.43103447556495667
28;0.027795078232884407;0.517241358757019
29;0.026920482516288757;0.5431034564971924
30;0.02724451944231987;0.4913793206214905
31;0.02616199664771557;0.5431034564971924
32;0.02635001391172409;0.6120689511299133
33;0.02549923025071621;0.568965494632721
34;0.025713913142681122;0.5431034564971924
35;0.024658555164933205;0.6206896305084229
36;0.0244841817766428;0.6293103694915771
37;0.024433748796582222;0.6551724076271057
38;0.023273257538676262;0.681034505367279
39;0.022802362218499184;0.6379310488700867
40;0.022679544985294342;0.681034505367279
41;0.02171984501183033;0.7068965435028076
42;0.02216406911611557;0.6551724076271057
43;0.021559424698352814;0.6724137663841248
44;0.021168416365981102;0.7068965435028076
45;0.02035440132021904;0.732758641242981
46;0.02012224867939949;0.732758641242981
47;0.019810304045677185;0.6982758641242981
48;0.019492926076054573;0.732758641242981
49;0.01956906169652939;0.7155172228813171
50;0.019640186801552773;0.7068965435028076
51;0.019931644201278687;0.6896551847457886
52;0.018526475876569748;0.7241379022598267
53;0.019768649712204933;0.7413793206214905
54;0.01854039542376995;0.732758641242981
55;0.01804337650537491;0.732758641242981
56;0.018799882382154465;0.7413793206214905
57;0.01749391295015812;0.7586206793785095
58;0.018681269139051437;0.7241379022598267
59;0.016931595280766487;0.7586206793785095
60;0.01717522367835045;0.75
61;0.016358740627765656;0.75
62;0.016144409775733948;0.7844827771186829
63;0.016094239428639412;0.7586206793785095
64;0.01597934402525425;0.7586206793785095
65;0.015225918032228947;0.8017241358757019
66;0.015183873474597931;0.767241358757019
67;0.016121307387948036;0.75
68;0.014822154305875301;0.767241358757019
69;0.01508358959108591;0.7758620977401733
70;0.014881176874041557;0.8017241358757019
71;0.014422107487916946;0.75
72;0.015918178483843803;0.732758641242981
73;0.014402955770492554;0.7931034564971924
74;0.014496578834950924;0.7931034564971924
75;0.01403474435210228;0.7758620977401733
76;0.013166605494916439;0.7931034564971924
77;0.013369014486670494;0.7931034564971924
78;0.01355252880603075;0.7931034564971924
79;0.013329664245247841;0.7931034564971924
80;0.013277429156005383;0.8103448152542114
81;0.013666006736457348;0.8103448152542114
82;0.01230546273291111;0.818965494632721
83;0.012845916673541069;0.8103448152542114
84;0.013322952203452587;0.8362069129943848
85;0.012463253922760487;0.8448275923728943
86;0.012362916022539139;0.8448275923728943
87;0.012443778105080128;0.8275862336158752
88;0.0120845353230834;0.8275862336158752
89;0.01227070577442646;0.8275862336158752
90;0.011823936365544796;0.8534482717514038
91;0.012043362483382225;0.8362069129943848
92;0.01222260668873787;0.8275862336158752
93;0.011611269786953926;0.8362069129943848
94;0.012343249283730984;0.8275862336158752
95;0.011796355247497559;0.8275862336158752
96;0.011549476534128189;0.8793103694915771
97;0.011026374995708466;0.8706896305084229
98;0.011678781360387802;0.8706896305084229
99;0.011049729771912098;0.8879310488700867
100;0.010949050076305866;0.8793103694915771
101;0.010769191198050976;0.8879310488700867
102;0.01085412036627531;0.8448275923728943
103;0.010746276006102562;0.8793103694915771
104;0.010145009495317936;0.8793103694915771
105;0.010731547139585018;0.8965517282485962
106;0.010706777684390545;0.8879310488700867
107;0.010386969894170761;0.8879310488700867
108;0.011229712516069412;0.8448275923728943
109;0.010510381311178207;0.9051724076271057
110;0.009676732122898102;0.9137930870056152
111;0.009675578214228153;0.8965517282485962
112;0.009392824023962021;0.9051724076271057
113;0.009230627678334713;0.9051724076271057
114;0.009517923928797245;0.9396551847457886
115;0.00909306388348341;0.931034505367279
116;0.008553547784686089;0.9137930870056152
117;0.009476509876549244;0.8620689511299133
118;0.008999870158731937;0.9137930870056152
119;0.008420866914093494;0.931034505367279
120;0.008449356071650982;0.9051724076271057
121;0.008338157087564468;0.9224137663841248
122;0.008504091762006283;0.931034505367279
123;0.008385772816836834;0.931034505367279
124;0.008464111015200615;0.9224137663841248
125;0.008267348632216454;0.9224137663841248
126;0.009123693220317364;0.931034505367279
127;0.008154216222465038;0.931034505367279
128;0.007788422517478466;0.931034505367279
129;0.008752936497330666;0.9224137663841248
130;0.00827105063945055;0.9224137663841248
131;0.008141618221998215;0.931034505367279
132;0.008208495564758778;0.931034505367279
133;0.007468370720744133;0.931034505367279
134;0.008095539174973965;0.9224137663841248
135;0.008215312846004963;0.9224137663841248
136;0.007663933094590902;0.931034505367279
137;0.007945048622786999;0.9224137663841248
138;0.007759375032037497;0.9224137663841248
139;0.007614514324814081;0.9224137663841248
140;0.007813000120222569;0.9224137663841248
141;0.007686189841479063;0.9396551847457886
142;0.0070822471752762794;0.9396551847457886
143;0.007024687714874744;0.9396551847457886
144;0.007678686175495386;0.931034505367279
145;0.007313228212296963;0.9224137663841248
146;0.007560098078101873;0.9224137663841248
147;0.0071701956912875175;0.9224137663841248
148;0.007346951402723789;0.931034505367279
149;0.00710268784314394;0.931034505367279
150;0.0074885543435812;0.9396551847457886
151;0.006558337714523077;0.931034505367279
152;0.006624829024076462;0.931034505367279
153;0.008218416944146156;0.9051724076271057
154;0.007446202449500561;0.931034505367279
155;0.007105967961251736;0.9224137663841248
156;0.0077830408699810505;0.931034505367279
157;0.007142460905015469;0.9224137663841248
158;0.007519904524087906;0.9224137663841248
159;0.0068166847340762615;0.931034505367279
160;0.006924277171492577;0.9224137663841248
161;0.007140084635466337;0.9396551847457886
162;0.006300338078290224;0.9224137663841248
163;0.006901140790432692;0.931034505367279
164;0.007723936345428228;0.9137930870056152
165;0.0067354841157794;0.9224137663841248
166;0.0068367416970431805;0.931034505367279
167;0.006616012658923864;0.931034505367279
168;0.006482691038399935;0.931034505367279
169;0.006458214949816465;0.9396551847457886
170;0.006562013179063797;0.931034505367279
171;0.006940790917724371;0.931034505367279
172;0.006608487572520971;0.931034505367279
173;0.006403373554348946;0.931034505367279
174;0.006369967944920063;0.931034505367279
175;0.00631622364744544;0.931034505367279
176;0.006238010711967945;0.931034505367279
177;0.0066038621589541435;0.9224137663841248
178;0.006174819078296423;0.931034505367279
179;0.006289460230618715;0.931034505367279
180;0.005753699690103531;0.9396551847457886
181;0.006568089593201876;0.9396551847457886
182;0.006163266487419605;0.931034505367279
183;0.006315452978014946;0.9137930870056152
184;0.005952852312475443;0.9396551847457886
185;0.006009240169078112;0.931034505367279
186;0.006175255868583918;0.9224137663841248
187;0.006291065365076065;0.931034505367279
188;0.005733137018978596;0.931034505367279
189;0.006139741744846106;0.9051724076271057
190;0.005601274780929089;0.931034505367279
191;0.005723873153328896;0.931034505367279
192;0.005729749333113432;0.931034505367279
193;0.005671304650604725;0.931034505367279
194;0.005666836630553007;0.9224137663841248
195;0.0057807061821222305;0.931034505367279
196;0.00554592115804553;0.931034505367279
197;0.0058151776902377605;0.9224137663841248
198;0.005764306988567114;0.931034505367279
199;0.0057805003598332405;0.931034505367279
200;0.005897464230656624;0.9396551847457886
201;0.005977877881377935;0.9224137663841248
202;0.005835973657667637;0.9396551847457886
203;0.005902111995965242;0.931034505367279
204;0.005669768899679184;0.9224137663841248
205;0.005682641640305519;0.9396551847457886
206;0.005463413428515196;0.931034505367279
207;0.006054993718862534;0.931034505367279
208;0.006141113117337227;0.9137930870056152
209;0.0056835440918803215;0.931034505367279
210;0.005181457847356796;0.9482758641242981
211;0.005936699919402599;0.931034505367279
212;0.00512653635814786;0.9224137663841248
213;0.005845590960234404;0.931034505367279
214;0.0057148016057908535;0.931034505367279
215;0.00552834989503026;0.9396551847457886
216;0.005507772788405418;0.9482758641242981
217;0.0054625701159238815;0.9137930870056152
218;0.005448366515338421;0.931034505367279
219;0.0051893373019993305;0.9396551847457886
220;0.005618064198642969;0.931034505367279
221;0.0056536318734288216;0.9224137663841248
222;0.005284716375172138;0.9137930870056152
223;0.005420506000518799;0.9137930870056152
224;0.005298194475471973;0.931034505367279
225;0.005282950587570667;0.9396551847457886
226;0.005532100331038237;0.9396551847457886
227;0.005257993470877409;0.931034505367279
228;0.005585222039371729;0.931034505367279
229;0.00589876901358366;0.931034505367279
230;0.005339546129107475;0.931034505367279
231;0.0051500629633665085;0.931034505367279
232;0.005970767233520746;0.931034505367279
233;0.005732052493840456;0.931034505367279
234;0.004936039913445711;0.9396551847457886
235;0.005468732211738825;0.9224137663841248
236;0.005327968392521143;0.931034505367279
237;0.005234598647803068;0.9396551847457886
238;0.00535228569060564;0.9224137663841248
239;0.005080001428723335;0.9482758641242981
240;0.005139906890690327;0.931034505367279
241;0.005099186673760414;0.9224137663841248
242;0.005161657929420471;0.931034505367279
243;0.005317069124430418;0.9137930870056152
244;0.0051219044253230095;0.9224137663841248
245;0.005201641470193863;0.9396551847457886
246;0.005048809107393026;0.9224137663841248
247;0.005225807428359985;0.931034505367279
248;0.005428183823823929;0.931034505367279
249;0.005296546034514904;0.9396551847457886
250;0.005460849963128567;0.931034505367279
251;0.005359213333576918;0.9224137663841248
252;0.005191741976886988;0.9396551847457886
253;0.005005302373319864;0.931034505367279
254;0.00516253337264061;0.9396551847457886
255;0.004816700704395771;0.9137930870056152
256;0.005253761541098356;0.9396551847457886
257;0.0046931542456150055;0.9396551847457886
258;0.004631269723176956;0.931034505367279
259;0.004748779349029064;0.931034505367279
260;0.0055180881172418594;0.9396551847457886
261;0.004915847443044186;0.9396551847457886
262;0.004667607136070728;0.931034505367279
263;0.004963607992976904;0.9396551847457886
264;0.0050959098152816296;0.931034505367279
265;0.005530157126486301;0.9396551847457886
266;0.005050164647400379;0.9224137663841248
267;0.005058275070041418;0.931034505367279
268;0.004816894885152578;0.9224137663841248
269;0.00469936802983284;0.9568965435028076
270;0.004913472104817629;0.931034505367279
271;0.00504353828728199;0.9396551847457886
272;0.0049476660788059235;0.9482758641242981
273;0.005004112143069506;0.9396551847457886
274;0.005534464493393898;0.9224137663841248
275;0.0053692772053182125;0.931034505367279
276;0.005188525188714266;0.9224137663841248
277;0.0051695359870791435;0.9224137663841248
278;0.004998479969799519;0.9396551847457886
279;0.005053384695202112;0.9396551847457886
280;0.0053236656822264194;0.931034505367279
281;0.0050922781229019165;0.931034505367279
282;0.005003396421670914;0.9224137663841248
283;0.005054446402937174;0.931034505367279
284;0.00507897324860096;0.9137930870056152
285;0.004932715557515621;0.931034505367279
286;0.0048005650751292706;0.9224137663841248
287;0.004875434096902609;0.931034505367279
288;0.005213339347392321;0.9224137663841248
289;0.004765479359775782;0.931034505367279
290;0.004640640690922737;0.931034505367279
291;0.004969718866050243;0.9224137663841248
292;0.004904947243630886;0.9396551847457886
293;0.004703606944531202;0.931034505367279
294;0.004580456297844648;0.9396551847457886
295;0.005281951278448105;0.9224137663841248
296;0.0048789577558636665;0.931034505367279
297;0.004764782264828682;0.931034505367279
298;0.00451711704954505;0.9396551847457886
299;0.005153768230229616;0.9224137663841248
300;0.004743929952383041;0.931034505367279
301;0.0051597412675619125;0.9224137663841248
302;0.005140521563589573;0.9224137663841248
303;0.004928061738610268;0.9396551847457886
304;0.004420022014528513;0.931034505367279
305;0.0048078210093081;0.931034505367279
306;0.0046235634945333;0.9396551847457886
307;0.0046991826966404915;0.931034505367279
308;0.004576894920319319;0.931034505367279
309;0.004820081405341625;0.931034505367279
310;0.004833365324884653;0.931034505367279
311;0.004891193006187677;0.931034505367279
312;0.004589039832353592;0.931034505367279
313;0.004640776664018631;0.9224137663841248
314;0.004936122335493565;0.931034505367279
315;0.00480239000171423;0.9224137663841248
316;0.004787485580891371;0.931034505367279
317;0.004571577999740839;0.931034505367279
318;0.004728396888822317;0.9224137663841248
319;0.0047393376007676125;0.931034505367279
320;0.0045285518281161785;0.9482758641242981
321;0.00464172987267375;0.9482758641242981
322;0.004490015096962452;0.9224137663841248
323;0.004392717964947224;0.931034505367279
324;0.0046534789726138115;0.9137930870056152
325;0.00445811590179801;0.9482758641242981
326;0.004700265359133482;0.9224137663841248
327;0.004692616406828165;0.9224137663841248
328;0.0046996427699923515;0.931034505367279
329;0.004406587686389685;0.9224137663841248
330;0.004678832832723856;0.9224137663841248
331;0.004873677622526884;0.9224137663841248
332;0.004543084651231766;0.931034505367279
333;0.0043634288012981415;0.9396551847457886
334;0.004724997095763683;0.931034505367279
335;0.004518346395343542;0.9137930870056152
336;0.004333777353167534;0.9396551847457886
337;0.004862741567194462;0.9224137663841248
338;0.004690162371844053;0.9224137663841248
339;0.004289462696760893;0.9224137663841248
340;0.004335777368396521;0.931034505367279
341;0.004347559064626694;0.9396551847457886
342;0.004522926639765501;0.931034505367279
343;0.004768235608935356;0.931034505367279
344;0.004423998761922121;0.9224137663841248
345;0.0045920792035758495;0.9224137663841248
346;0.004667425062507391;0.9137930870056152
347;0.004742821678519249;0.9396551847457886
348;0.004199401941150427;0.931034505367279
349;0.004313664976507425;0.9396551847457886
350;0.004447196610271931;0.9396551847457886
351;0.004683409817516804;0.9137930870056152
352;0.004229978192597628;0.931034505367279
353;0.004514720290899277;0.931034505367279
354;0.0045114243403077126;0.9396551847457886
355;0.004928293637931347;0.931034505367279
356;0.004439265932887793;0.9224137663841248
357;0.004621956031769514;0.931034505367279
358;0.004355867858976126;0.9568965435028076
359;0.004635615274310112;0.9051724076271057
360;0.004503339063376188;0.9396551847457886
361;0.004592361859977245;0.931034505367279
362;0.0047226776368916035;0.931034505367279
363;0.004564260132610798;0.9137930870056152
364;0.0041793640702962875;0.931034505367279
365;0.004423326347023249;0.9482758641242981
366;0.004497683607041836;0.9224137663841248
367;0.004152590874582529;0.9482758641242981
368;0.004310385789722204;0.931034505367279
369;0.003915606532245874;0.9482758641242981
370;0.004341693129390478;0.9051724076271057
371;0.004841666202992201;0.9224137663841248
372;0.00457165390253067;0.9396551847457886
373;0.004162967205047607;0.9224137663841248
374;0.004254640080034733;0.9482758641242981
375;0.0041491249576210976;0.9396551847457886
376;0.004322015214711428;0.931034505367279
377;0.004232817329466343;0.931034505367279
378;0.004371522460132837;0.931034505367279
379;0.004136914387345314;0.9396551847457886
380;0.004232506267726421;0.9137930870056152
381;0.004525019321590662;0.9224137663841248
382;0.004266953095793724;0.9482758641242981
383;0.003910396248102188;0.9482758641242981
384;0.004291349556297064;0.9396551847457886
385;0.004587737377732992;0.9137930870056152
386;0.004367918707430363;0.931034505367279
387;0.004174625501036644;0.931034505367279
388;0.004037394654005766;0.9396551847457886
389;0.004296539817005396;0.9224137663841248
390;0.0044136508367955685;0.9224137663841248
391;0.004043176304548979;0.9482758641242981
392;0.0042353724129498005;0.9396551847457886
393;0.004352721385657787;0.9224137663841248
394;0.004286303650587797;0.931034505367279
395;0.004377055447548628;0.9137930870056152
396;0.004436332732439041;0.9396551847457886
397;0.004294222686439753;0.9396551847457886
398;0.004350328352302313;0.931034505367279
399;0.00407354487106204;0.931034505367279
400;0.004208620637655258;0.931034505367279
401;0.004257121589034796;0.9396551847457886
402;0.004256263840943575;0.931034505367279
403;0.004136050585657358;0.9396551847457886
404;0.004106325097382069;0.9224137663841248
405;0.004005226772278547;0.9396551847457886
406;0.004126031883060932;0.9396551847457886
407;0.004577891435474157;0.9224137663841248
408;0.0042028529569506645;0.9396551847457886
409;0.0037564351223409176;0.931034505367279
410;0.0046035111881792545;0.9137930870056152
411;0.0040394957177340984;0.9482758641242981
412;0.0037920454051345587;0.9568965435028076
413;0.004219402093440294;0.9482758641242981
414;0.004211787134408951;0.9396551847457886
415;0.00385526055470109;0.9396551847457886
416;0.004039095249027014;0.9568965435028076
417;0.004632800351828337;0.9137930870056152
418;0.004112355876713991;0.9396551847457886
419;0.004558298736810684;0.931034505367279
420;0.004149946384131908;0.9224137663841248
421;0.004149338696151972;0.9224137663841248
422;0.0038826167583465576;0.931034505367279
423;0.004544260911643505;0.931034505367279
424;0.004124988801777363;0.931034505367279
425;0.0037549687549471855;0.931034505367279
426;0.0043954066932201385;0.931034505367279
427;0.004271509125828743;0.931034505367279
428;0.004001884255558252;0.931034505367279
429;0.004806971177458763;0.9224137663841248
430;0.0038848132826387882;0.931034505367279
431;0.004081111401319504;0.931034505367279
432;0.004283703397959471;0.931034505367279
433;0.004497726447880268;0.9224137663841248
434;0.004363495856523514;0.9137930870056152
435;0.004439257085323334;0.9396551847457886
436;0.00447677168995142;0.9224137663841248
437;0.004461077041924;0.9224137663841248
438;0.0042484477162361145;0.931034505367279
439;0.0046628606505692005;0.9224137663841248
440;0.004624573513865471;0.931034505367279
441;0.004119527991861105;0.9224137663841248
442;0.004174460656940937;0.9137930870056152
443;0.00394859816879034;0.931034505367279
444;0.004506323486566544;0.931034505367279
445;0.00425819493830204;0.931034505367279
446;0.004179351031780243;0.9137930870056152
447;0.004065658897161484;0.931034505367279
448;0.004264038056135178;0.9224137663841248
449;0.0040150852873921394;0.9224137663841248
450;0.00405869772657752;0.9482758641242981
451;0.004206566140055656;0.9224137663841248
452;0.004206009209156036;0.931034505367279
453;0.004044920206069946;0.9396551847457886
454;0.004101292695850134;0.9396551847457886
455;0.004208540543913841;0.9137930870056152
456;0.003921006806194782;0.9224137663841248
457;0.004041064064949751;0.9137930870056152
458;0.0041246917098760605;0.9568965435028076
459;0.003910884726792574;0.9482758641242981
460;0.003927238751202822;0.931034505367279
461;0.00410904036834836;0.9224137663841248
462;0.004398636054247618;0.9137930870056152
463;0.0041535659693181515;0.931034505367279
464;0.004222895950078964;0.931034505367279
465;0.003966749180108309;0.931034505367279
466;0.003950713202357292;0.9224137663841248
467;0.004632376600056887;0.9224137663841248
468;0.003760576480999589;0.931034505367279
469;0.003941938281059265;0.931034505367279
470;0.003947514109313488;0.9224137663841248
471;0.004020728636533022;0.9396551847457886
472;0.003927780315279961;0.9396551847457886
473;0.003924208227545023;0.931034505367279
474;0.00423043966293335;0.9396551847457886
475;0.004021910019218922;0.9482758641242981
476;0.004085028078407049;0.9396551847457886
477;0.0036432628985494375;0.9568965435028076
478;0.0038058378268033266;0.9655172228813171
479;0.00425384659320116;0.931034505367279
480;0.004809706471860409;0.931034505367279
481;0.008306203410029411;0.8534482717514038
482;0.048827171325683594;0.4051724076271057
483;0.0347050204873085;0.3534482717514038
484;0.029003141447901726;0.3965517282485962
485;0.029475955292582512;0.3103448152542114
486;0.031011274084448814;0.27586206793785095
487;0.030022993683815002;0.3103448152542114
488;0.028178725391626358;0.4396551847457886
489;0.026228463277220726;0.5862069129943848
490;0.024899721145629883;0.6551724076271057
491;0.02542634680867195;0.6465517282485962
492;0.02282802388072014;0.681034505367279
493;0.021070443093776703;0.6551724076271057
494;0.01993066444993019;0.6379310488700867
495;0.019200239330530167;0.6724137663841248
496;0.017568062990903854;0.7155172228813171
497;0.017998384311795235;0.767241358757019
498;0.016598274931311607;0.8275862336158752
499;0.015172550454735756;0.8017241358757019
500;0.01647036336362362;0.7758620977401733
501;0.013209096156060696;0.8534482717514038
502;0.014050548896193504;0.818965494632721
503;0.014198323711752892;0.818965494632721
504;0.011994843371212482;0.8448275923728943
505;0.013443350791931152;0.8275862336158752
506;0.011977401562035084;0.8534482717514038
507;0.012610184028744698;0.8448275923728943
508;0.011456364765763283;0.8448275923728943
509;0.0109592629596591;0.8448275923728943
510;0.011244645342230797;0.818965494632721
511;0.010326659306883812;0.8534482717514038
512;0.010499764233827591;0.818965494632721
513;0.010266847908496857;0.8534482717514038
514;0.01026079896837473;0.8448275923728943
515;0.009837936609983444;0.8448275923728943
516;0.009959139861166477;0.8706896305084229
517;0.0091394679620862;0.8534482717514038
518;0.009536980651319027;0.8448275923728943
519;0.009629499167203903;0.8448275923728943
520;0.009581603109836578;0.8362069129943848
521;0.008674750104546547;0.8534482717514038
522;0.008605157025158405;0.8534482717514038
523;0.008775499649345875;0.8448275923728943
524;0.00858341995626688;0.8534482717514038
525;0.008834346197545528;0.8448275923728943
526;0.008162914775311947;0.8620689511299133
527;0.00812180619686842;0.8793103694915771
528;0.0082032335922122;0.8706896305084229
529;0.007581967860460281;0.8793103694915771
530;0.007626005914062262;0.8620689511299133
531;0.00786608923226595;0.8620689511299133
532;0.007829644717276096;0.8879310488700867
533;0.0077641429379582405;0.8706896305084229
534;0.007244272623211145;0.8879310488700867
535;0.007427570875734091;0.9051724076271057
536;0.007774770725518465;0.8965517282485962
537;0.0074301487766206264;0.8793103694915771
538;0.006803090684115887;0.9224137663841248
539;0.0072109270840883255;0.8879310488700867
540;0.006535882130265236;0.9137930870056152
541;0.006569679826498032;0.931034505367279
542;0.006670534610748291;0.9051724076271057
543;0.0067451815120875835;0.9137930870056152
544;0.006179512944072485;0.9224137663841248
545;0.006611639633774757;0.9137930870056152
546;0.005875338800251484;0.931034505367279
547;0.006369708571583033;0.9224137663841248
548;0.006282267160713673;0.931034505367279
549;0.006014219950884581;0.931034505367279
550;0.005899323616176844;0.931034505367279
551;0.005613929592072964;0.931034505367279
552;0.006102570332586765;0.9051724076271057
553;0.005603438708931208;0.9224137663841248
554;0.005989399738609791;0.9137930870056152
555;0.0053392499685287476;0.9568965435028076
556;0.005955440457910299;0.931034505367279
557;0.005619307979941368;0.931034505367279
558;0.005329514853656292;0.9224137663841248
559;0.005477016791701317;0.9396551847457886
560;0.005167258903384209;0.9482758641242981
561;0.005303764250129461;0.9224137663841248
562;0.00534542603418231;0.9224137663841248
563;0.005336088128387928;0.9224137663841248
564;0.0051565044559538364;0.931034505367279
565;0.00521654961630702;0.9224137663841248
566;0.005251155700534582;0.931034505367279
567;0.005141621921211481;0.9224137663841248
568;0.004817483015358448;0.9482758641242981
569;0.004334574565291405;0.9396551847457886
570;0.004671597853302956;0.9482758641242981
571;0.005028560757637024;0.9396551847457886
572;0.004669537767767906;0.9482758641242981
573;0.004610302858054638;0.931034505367279
574;0.004699459299445152;0.9396551847457886
575;0.004667847882956266;0.9396551847457886
576;0.004557829350233078;0.9396551847457886
577;0.004363182000815868;0.931034505367279
578;0.004489397630095482;0.931034505367279
579;0.004625990521162748;0.931034505367279
580;0.0045365761034190655;0.9482758641242981
581;0.004538003820925951;0.9396551847457886
582;0.004486363381147385;0.9396551847457886
583;0.004278488922864199;0.9396551847457886
584;0.00453834468498826;0.931034505367279
585;0.004589090123772621;0.9224137663841248
586;0.004747186787426472;0.9051724076271057
587;0.004525197669863701;0.931034505367279
588;0.0042435890063643456;0.9396551847457886
589;0.004475962370634079;0.9137930870056152
590;0.004145064856857061;0.9568965435028076
591;0.004600965417921543;0.9224137663841248
592;0.004756514448672533;0.931034505367279
593;0.004598322324454784;0.9224137663841248
594;0.0045435563661158085;0.9396551847457886
595;0.0038493883330374956;0.9655172228813171
596;0.004465512931346893;0.931034505367279
597;0.004508507438004017;0.931034505367279
598;0.0044094957411289215;0.931034505367279
599;0.00447158794850111;0.9396551847457886
600;0.004471801221370697;0.931034505367279
601;0.004218841902911663;0.9137930870056152
602;0.0040871636010706425;0.931034505367279
603;0.004265447147190571;0.931034505367279
604;0.0038756646681576967;0.9396551847457886
605;0.004139280412346125;0.9396551847457886
606;0.004572000820189714;0.9137930870056152
607;0.003938140347599983;0.9396551847457886
608;0.004120842088013887;0.9224137663841248
609;0.004248322919011116;0.931034505367279
610;0.003723884467035532;0.9568965435028076
611;0.004119252786040306;0.9396551847457886
612;0.004476629663258791;0.9051724076271057
613;0.003780414815992117;0.9396551847457886
614;0.0043517001904547215;0.9224137663841248
615;0.004232075996696949;0.9224137663841248
616;0.004236344713717699;0.9224137663841248
617;0.003946294542402029;0.9568965435028076
618;0.004121545702219009;0.9137930870056152
619;0.004460720811039209;0.931034505367279
620;0.004096276592463255;0.931034505367279
621;0.004366537556052208;0.931034505367279
622;0.0038570272736251354;0.9224137663841248
623;0.004310946445912123;0.9396551847457886
624;0.00404967088252306;0.931034505367279
625;0.003844904014840722;0.9396551847457886
626;0.004174472764134407;0.9396551847457886
627;0.004112049471586943;0.931034505367279
628;0.0037975101731717587;0.9396551847457886
629;0.003493036376312375;0.9482758641242981
630;0.004057626239955425;0.9396551847457886
631;0.004016471095383167;0.9224137663841248
632;0.004012125078588724;0.931034505367279
633;0.003669251687824726;0.9482758641242981
634;0.003884005593135953;0.931034505367279
635;0.003914843313395977;0.931034505367279
636;0.004185462836176157;0.9051724076271057
637;0.0038299388252198696;0.9568965435028076
638;0.003967671189457178;0.931034505367279
639;0.003748671617358923;0.931034505367279
640;0.0036994637921452522;0.9396551847457886
641;0.003632816020399332;0.9482758641242981
642;0.003854333655908704;0.931034505367279
643;0.0033878821413964033;0.9741379022598267
644;0.0038019788917154074;0.9482758641242981
645;0.003760403487831354;0.9568965435028076
646;0.003897931892424822;0.9396551847457886
647;0.003927498124539852;0.9396551847457886
648;0.0036147132050246;0.9568965435028076
649;0.0038386157248169184;0.9396551847457886
650;0.0036696400493383408;0.9568965435028076
651;0.0042758663184940815;0.9224137663841248
652;0.003638108028098941;0.9568965435028076
653;0.003680628724396229;0.9396551847457886
654;0.0041079409420490265;0.9396551847457886
655;0.003633643500506878;0.9568965435028076
656;0.0032744419295340776;0.9655172228813171
657;0.0035090679302811623;0.9396551847457886
658;0.0044304062612354755;0.931034505367279
659;0.0034539871849119663;0.9568965435028076
660;0.004384322557598352;0.931034505367279
661;0.003949027042835951;0.9482758641242981
662;0.0033283873926848173;0.9482758641242981
663;0.003933591302484274;0.931034505367279
664;0.0033503295853734016;0.9568965435028076
665;0.00398235023021698;0.9396551847457886
666;0.0034700443502515554;0.9655172228813171
667;0.0036132317036390305;0.9396551847457886
668;0.0035076478961855173;0.931034505367279
669;0.003916412126272917;0.9224137663841248
670;0.004250264260917902;0.9482758641242981
671;0.0036414077039808035;0.9482758641242981
672;0.003245109226554632;0.9482758641242981
673;0.003834231523796916;0.9482758641242981
674;0.003986763767898083;0.9396551847457886
675;0.0035012203734368086;0.9568965435028076
676;0.003256225259974599;0.982758641242981
677;0.0032930844463407993;0.9655172228813171
678;0.003671444021165371;0.931034505367279
679;0.0037061681505292654;0.9482758641242981
680;0.0035777154844254255;0.9482758641242981
681;0.0029472284950315952;0.982758641242981
682;0.003549851244315505;0.9568965435028076
683;0.0039033598732203245;0.9655172228813171
684;0.0036698312032967806;0.9482758641242981
685;0.0033144084736704826;0.9741379022598267
686;0.002943972358480096;0.982758641242981
687;0.0035107750445604324;0.9396551847457886
688;0.003442288376390934;0.982758641242981
689;0.003930367063730955;0.931034505367279
690;0.00473973760381341;0.9224137663841248
691;0.0042066737078130245;0.9051724076271057
692;0.004746622871607542;0.9051724076271057
693;0.004444384481757879;0.9224137663841248
694;0.003919526468962431;0.9396551847457886
695;0.004060015548020601;0.9224137663841248
696;0.004022807348519564;0.931034505367279
697;0.003641620045527816;0.9482758641242981
698;0.003910205792635679;0.931034505367279
699;0.003600125666707754;0.9568965435028076
700;0.0038266456685960293;0.9396551847457886
701;0.004443779122084379;0.9224137663841248
702;0.003734258469194174;0.9396551847457886
703;0.003635130124166608;0.9396551847457886
704;0.0031827709171921015;0.9482758641242981
705;0.003296579932793975;0.9482758641242981
706;0.0031439545564353466;0.9741379022598267
707;0.003618150018155575;0.9568965435028076
708;0.0031650173477828503;0.9741379022598267
709;0.0031766467727720737;0.9655172228813171
710;0.0032108831219375134;0.9655172228813171
711;0.003131745383143425;0.9655172228813171
712;0.003654090454801917;0.9396551847457886
713;0.002992018824443221;0.9913793206214905
714;0.003270483110100031;0.9741379022598267
715;0.003244101768359542;0.9655172228813171
716;0.003026324324309826;0.9741379022598267
717;0.0034611665178090334;0.9568965435028076
718;0.0032401650678366423;0.9655172228813171
719;0.0026703805197030306;1.0
720;0.0034174895845353603;0.9655172228813171
721;0.003003658726811409;0.982758641242981
722;0.0029940172098577023;0.982758641242981
723;0.0028837022837251425;1.0
724;0.002698478288948536;0.9913793206214905
725;0.0027093198150396347;0.982758641242981
726;0.002696444047614932;0.9913793206214905
727;0.0030968948267400265;0.9913793206214905
728;0.0031682851258665323;0.9655172228813171
729;0.0032635321840643883;0.9482758641242981
730;0.0032245242036879063;0.9655172228813171
731;0.003999475389719009;0.931034505367279
732;0.003855436109006405;0.9568965435028076
733;0.003564253682270646;0.9482758641242981
734;0.0030708813574165106;0.982758641242981
735;0.003660468850284815;0.9396551847457886
736;0.003705245442688465;0.9568965435028076
737;0.0036350362934172153;0.9741379022598267
738;0.003664436051622033;0.931034505367279
739;0.0033023471478372812;0.9741379022598267
740;0.0027827173471450806;0.9913793206214905
741;0.002940698293969035;0.9913793206214905
742;0.0029771795962005854;0.9568965435028076
743;0.0032252566888928413;0.9655172228813171
744;0.0039024867583066225;0.9396551847457886
745;0.003414957318454981;0.9568965435028076
746;0.0026303466875106096;1.0
747;0.003917403984814882;0.931034505367279
748;0.002690942957997322;0.9741379022598267
749;0.00231548142619431;1.0
750;0.0030288330744951963;0.9655172228813171
751;0.0023665325716137886;0.9913793206214905
752;0.0023037432692945004;1.0
753;0.0023317374289035797;1.0
754;0.002563755726441741;1.0
755;0.0025488720275461674;0.9913793206214905
756;0.0020910215098410845;1.0
757;0.002441809047013521;1.0
758;0.0031380029395222664;0.9655172228813171
759;0.003753537777811289;0.9396551847457886
760;0.0026295555289834738;1.0
761;0.003929908387362957;0.9482758641242981
762;0.005050924606621265;0.9051724076271057
763;0.0034383931197226048;0.9396551847457886
764;0.0042155166156589985;0.931034505367279
765;0.004826576914638281;0.931034505367279
766;0.0031749021727591753;0.9482758641242981
767;0.0026721879839897156;1.0
768;0.003392748534679413;0.9655172228813171
769;0.003984926734119654;0.9396551847457886
770;0.0029134335927665234;0.9741379022598267
771;0.002805283758789301;0.982758641242981
772;0.002765730721876025;1.0
773;0.003101134905591607;0.9482758641242981
774;0.002651036949828267;0.9913793206214905
775;0.002536582062020898;1.0
776;0.002383667277172208;0.9913793206214905
777;0.002240898087620735;1.0
778;0.0018063789466395974;1.0
779;0.0022087497636675835;1.0
780;0.0021210992708802223;1.0
781;0.002037612022832036;1.0
782;0.0022698314860463142;1.0
783;0.0018670596182346344;1.0
784;0.0018736663041636348;1.0
785;0.0018815771909430623;1.0
786;0.0016990932635962963;1.0
787;0.0018637132598087192;1.0
788;0.001714947633445263;1.0
789;0.001765652559697628;1.0
790;0.0015131442341953516;1.0
791;0.001644457457587123;1.0
792;0.0016774741234257817;1.0
793;0.0019579415675252676;1.0
794;0.004313691519200802;0.9137930870056152
795;0.004325249698013067;0.931034505367279
796;0.006561189889907837;0.931034505367279
797;0.005628601182252169;0.931034505367279
798;0.0052790469489991665;0.931034505367279
799;0.0049082026816904545;0.9482758641242981
800;0.005060827825218439;0.9051724076271057
801;0.004370580427348614;0.9482758641242981
802;0.004482909571379423;0.9482758641242981
803;0.005000056233257055;0.9137930870056152
804;0.004572529345750809;0.9568965435028076
805;0.004559470806270838;0.9655172228813171
806;0.004451271146535873;0.9396551847457886
807;0.004288292024284601;0.931034505367279
808;0.0040228948928415775;0.9568965435028076
809;0.004212021827697754;0.9568965435028076
810;0.0039871614426374435;0.9655172228813171
811;0.003796977922320366;0.9482758641242981
812;0.0038708425126969814;0.9655172228813171
813;0.0032851947471499443;0.9913793206214905
814;0.0037113807629793882;0.9741379022598267
815;0.0033090042416006327;0.9741379022598267
816;0.003553656628355384;0.9741379022598267
817;0.0029015562031418085;1.0
818;0.0027865103911608458;1.0
819;0.0026584395673125982;0.9913793206214905
820;0.002974504604935646;0.9913793206214905
821;0.0026660608127713203;1.0
822;0.0024391510523855686;1.0
823;0.0022300633136183023;1.0
824;0.0019680082332342863;1.0
825;0.0018358300440013409;1.0
826;0.0019075529417023063;1.0
827;0.002050005830824375;1.0
828;0.0018439484992995858;1.0
829;0.001844246406108141;1.0
830;0.0021242389921098948;1.0
831;0.0016135460464283824;1.0
832;0.0018159253522753716;1.0
833;0.0015454874373972416;1.0
834;0.002025708556175232;1.0
835;0.0018154666759073734;1.0
836;0.0014138583792373538;1.0
837;0.001922697527334094;1.0
838;0.0017701409524306655;1.0
839;0.0014156544348224998;1.0
840;0.0016296401154249907;1.0
841;0.0014221430756151676;1.0
842;0.0015462269075214863;1.0
843;0.0014407964190468192;1.0
844;0.0012782819103449583;1.0
845;0.0013629760360345244;1.0
846;0.001463361200876534;1.0
847;0.001335066743195057;1.0
848;0.0013323784805834293;1.0
849;0.0013332403032109141;1.0
850;0.001271825865842402;1.0
851;0.0012304269475862384;1.0
852;0.001428485382348299;1.0
853;0.0011512232013046741;1.0
854;0.0010681271087378263;1.0
855;0.0011026388965547085;1.0
856;0.0011604632018133998;1.0
857;0.0011373201850801706;1.0
858;0.001204397645778954;1.0
859;0.0013058437034487724;1.0
860;0.0012834230437874794;1.0
861;0.0009630130371078849;1.0
862;0.0011755583109334111;1.0
863;0.0011043496197089553;1.0
864;0.001291072927415371;1.0
865;0.0011882067192345858;1.0
866;0.001108704600483179;1.0
867;0.0012345261638984084;1.0
868;0.0009758032392710447;1.0
869;0.0009222759981639683;1.0
870;0.0012036581756547093;1.0
871;0.001021882169879973;1.0
872;0.0011250241659581661;1.0
873;0.0013668232131749392;1.0
874;0.001151718315668404;1.0
875;0.0010912324069067836;1.0
876;0.0014292909763753414;1.0
877;0.0010349468793720007;1.0
878;0.000981458113528788;1.0
879;0.0012956904247403145;1.0
880;0.0009413283551111817;1.0
881;0.0008718351018615067;1.0
882;0.001319604692980647;1.0
883;0.0009954930283129215;1.0
884;0.0008388336282223463;1.0
885;0.0008882662514224648;1.0
886;0.0008610596414655447;1.0
887;0.0011324752122163773;1.0
888;0.0010211035842075944;1.0
889;0.0010774770053103566;1.0
890;0.0008460100507363677;1.0
891;0.0008415812044404447;1.0
892;0.0009597300668247044;1.0
893;0.0009082237374968827;1.0
894;0.0010157226352021098;1.0
895;0.0008886765572242439;1.0
896;0.0010188118321821094;1.0
897;0.0009289048030041158;1.0
898;0.0009885012404993176;1.0
899;0.0010793714318424463;1.0
900;0.0009948124643415213;1.0
901;0.0008445992134511471;1.0
902;0.0009312438196502626;1.0
903;0.0010569622972980142;1.0
904;0.000912070507183671;1.0
905;0.0010154262417927384;1.0
906;0.0008754314621910453;1.0
907;0.0008773575536906719;1.0
908;0.001061897026374936;1.0
909;0.000954026123508811;1.0
910;0.0010874682338908315;1.0
911;0.0007792951073497534;1.0
912;0.0008372835582122207;1.0
913;0.0009521981119178236;1.0
914;0.0007861232152208686;1.0
915;0.0008408545982092619;1.0
916;0.0007939002825878561;1.0
917;0.0008351142168976367;1.0
918;0.0009918150026351213;1.0
919;0.000839846208691597;1.0
920;0.0008633520337752998;1.0
921;0.0009093215921893716;1.0
922;0.0008102880674414337;1.0
923;0.0007187979645095766;1.0
924;0.0007927255937829614;1.0
925;0.0007728685159236193;1.0
926;0.0010114633478224277;1.0
927;0.0008762432844378054;1.0
928;0.0008664847700856626;1.0
929;0.0007765194750390947;1.0
930;0.0008475499344058335;1.0
931;0.0008407224668189883;1.0
932;0.0009157415479421616;1.0
933;0.000769966165535152;1.0
934;0.0008883337723091245;1.0
935;0.0008118447731249034;1.0
936;0.0007848861278034747;1.0
937;0.0008395343902520835;1.0
938;0.0008422585087828338;1.0
939;0.0007093923632055521;1.0
940;0.0006024882895871997;1.0
941;0.0008758191834203899;1.0
942;0.0007516832556575537;1.0
943;0.000702160585206002;1.0
944;0.0007592258625663817;1.0
945;0.000729391525965184;1.0
946;0.0008299611508846283;1.0
947;0.0007677797693759203;1.0
948;0.0008609113865531981;1.0
949;0.0007578212535008788;1.0
950;0.0007113018073141575;1.0
951;0.0007400839240290225;1.0
952;0.0006873687962070107;1.0
953;0.0008269755053333938;1.0
954;0.0017264792695641518;0.982758641242981
955;0.007898815907537937;0.8965517282485962
956;0.007397751789540052;0.9051724076271057
957;0.006951907649636269;0.8965517282485962
958;0.006717898417264223;0.8965517282485962
959;0.006334243807941675;0.9051724076271057
960;0.006021620240062475;0.9224137663841248
961;0.00605078274384141;0.931034505367279
962;0.005670673213899136;0.9051724076271057
963;0.00516952108591795;0.8965517282485962
964;0.005136645399034023;0.9051724076271057
965;0.005191040225327015;0.9137930870056152
966;0.005037582479417324;0.9137930870056152
967;0.005118027329444885;0.9224137663841248
968;0.004629893694072962;0.9396551847457886
969;0.004810204729437828;0.931034505367279
970;0.004577021114528179;0.931034505367279
971;0.004620041232556105;0.9224137663841248
972;0.00425858236849308;0.9396551847457886
973;0.004295371938496828;0.931034505367279
974;0.004374448210000992;0.9224137663841248
975;0.00429944321513176;0.931034505367279
976;0.004264120943844318;0.931034505367279
977;0.0040421923622488976;0.9224137663841248
978;0.004051383584737778;0.9396551847457886
979;0.0040629468858242035;0.9224137663841248
980;0.00447573559358716;0.9051724076271057
981;0.0039389533922076225;0.9396551847457886
982;0.004655382130295038;0.8965517282485962
983;0.004192159045487642;0.9396551847457886
984;0.004060643259435892;0.931034505367279
985;0.0039090379141271114;0.931034505367279
986;0.004261183552443981;0.9224137663841248
987;0.0040960609912872314;0.9224137663841248
988;0.003917532041668892;0.9224137663841248
989;0.004181946627795696;0.9224137663841248
990;0.0038708660285919905;0.9224137663841248
991;0.003953529521822929;0.931034505367279
992;0.004096807911992073;0.931034505367279
993;0.003858985612168908;0.931034505367279
994;0.003634663764387369;0.9396551847457886
995;0.0036617028526961803;0.9396551847457886
996;0.0037951269187033176;0.9396551847457886
997;0.0038037127815186977;0.9396551847457886
998;0.003957642707973719;0.9224137663841248
999;0.0036945354659110308;0.9482758641242981
1000;0.003666641190648079;0.9396551847457886
1001;0.0034915274009108543;0.931034505367279
1002;0.003587283194065094;0.9396551847457886
1003;0.003584300633519888;0.9396551847457886
1004;0.003747706301510334;0.931034505367279
1005;0.003691762452945113;0.9396551847457886
1006;0.003716111183166504;0.931034505367279
1007;0.003944626543670893;0.9396551847457886
1008;0.003600925439968705;0.9224137663841248
1009;0.0034926962107419968;0.9568965435028076
1010;0.00381313799880445;0.9224137663841248
1011;0.0033580318558961153;0.9396551847457886
1012;0.003730099881067872;0.9224137663841248
1013;0.0035235434770584106;0.9396551847457886
1014;0.0037760359700769186;0.9396551847457886
1015;0.003468617796897888;0.9224137663841248
1016;0.003777853911742568;0.931034505367279
1017;0.003685576841235161;0.9224137663841248
1018;0.0039534480310976505;0.9224137663841248
1019;0.003767283633351326;0.931034505367279
1020;0.0034865126945078373;0.9482758641242981
1021;0.0033990410156548023;0.931034505367279
1022;0.003880488919094205;0.9137930870056152
1023;0.0035992455668747425;0.9396551847457886
1024;0.0037358177360147238;0.931034505367279
1025;0.003821606282144785;0.931034505367279
1026;0.0035605784505605698;0.931034505367279
1027;0.003774757729843259;0.931034505367279
1028;0.0036835013888776302;0.9224137663841248
1029;0.003465356770902872;0.9396551847457886
1030;0.003445714944973588;0.9482758641242981
1031;0.003671478945761919;0.931034505367279
1032;0.0035499567165970802;0.9224137663841248
1033;0.003801122307777405;0.9051724076271057
1034;0.003366271033883095;0.9396551847457886
1035;0.0036117651034146547;0.9224137663841248
1036;0.0037925168871879578;0.931034505367279
1037;0.0035660630092024803;0.9396551847457886
1038;0.003530041314661503;0.9224137663841248
1039;0.0034599369391798973;0.9396551847457886
1040;0.003538071410730481;0.931034505367279
1041;0.0032692032400518656;0.9482758641242981
1042;0.0036006334703415632;0.9396551847457886
1043;0.003756221616640687;0.931034505367279
1044;0.0037720140535384417;0.931034505367279
1045;0.003470354015007615;0.9396551847457886
1046;0.0036099418066442013;0.9396551847457886
1047;0.003581412835046649;0.931034505367279
1048;0.003257279982790351;0.9482758641242981
1049;0.003446935210376978;0.9396551847457886
1050;0.0036980786826461554;0.931034505367279
1051;0.0035593328066170216;0.931034505367279
1052;0.003476625308394432;0.931034505367279
1053;0.0036959913559257984;0.9396551847457886
1054;0.0037612521555274725;0.9137930870056152
1055;0.003588561899960041;0.9396551847457886
1056;0.0033159705344587564;0.931034505367279
1057;0.0033514362294226885;0.9396551847457886
1058;0.0032838836777955294;0.9137930870056152
1059;0.0034058766905218363;0.931034505367279
1060;0.00325620174407959;0.931034505367279
1061;0.0037798136472702026;0.9137930870056152
1062;0.0036447024904191494;0.9482758641242981
1063;0.002995132002979517;0.9568965435028076
1064;0.0033860034309327602;0.931034505367279
1065;0.0037549964617937803;0.9224137663841248
1066;0.003343210555613041;0.9396551847457886
1067;0.0035600108094513416;0.931034505367279
1068;0.003547519678249955;0.931034505367279
1069;0.0036936893593519926;0.931034505367279
1070;0.0035265847109258175;0.9224137663841248
1071;0.0034783529117703438;0.9396551847457886
1072;0.0032228440977633;0.9482758641242981
1073;0.003460066858679056;0.9396551847457886
1074;0.00321030430495739;0.9655172228813171
1075;0.0035358478780835867;0.931034505367279
1076;0.0035709512885659933;0.9396551847457886
1077;0.0034487973898649216;0.9224137663841248
1078;0.0032735541462898254;0.9568965435028076
1079;0.0031739738769829273;0.9396551847457886
1080;0.003332272171974182;0.9224137663841248
1081;0.0030191419646143913;0.9482758641242981
1082;0.003278481075540185;0.9568965435028076
1083;0.003663229290395975;0.931034505367279
1084;0.0032234876416623592;0.931034505367279
1085;0.003391031641513109;0.9224137663841248
1086;0.0033499591518193483;0.9655172228813171
1087;0.0031085293740034103;0.9655172228813171
1088;0.003410475328564644;0.9224137663841248
1089;0.0034875122364610434;0.931034505367279
1090;0.0033993548713624477;0.9396551847457886
1091;0.002847263589501381;0.9741379022598267
1092;0.0030058599077165127;0.9568965435028076
1093;0.0028582410886883736;0.9568965435028076
1094;0.00399882672354579;0.9224137663841248
1095;0.0029682049062103033;0.9741379022598267
1096;0.00353657896630466;0.9137930870056152
1097;0.003245236584916711;0.931034505367279
1098;0.00341949425637722;0.9137930870056152
1099;0.0031610566657036543;0.9224137663841248
1100;0.0032449259888380766;0.9396551847457886
1101;0.0030995928682386875;0.9396551847457886
1102;0.003163876011967659;0.9568965435028076
1103;0.002562526846304536;0.9913793206214905
1104;0.0027713864110410213;0.9655172228813171
1105;0.0036497225519269705;0.9137930870056152
1106;0.004150973632931709;0.8965517282485962
1107;0.003783951513469219;0.931034505367279
1108;0.006527039222419262;0.8879310488700867
1109;0.005186034366488457;0.8965517282485962
1110;0.0036592709366232157;0.9482758641242981
1111;0.004187664482742548;0.931034505367279
1112;0.0050256457179784775;0.8965517282485962
1113;0.004242148250341415;0.9396551847457886
1114;0.0038980147801339626;0.9482758641242981
1115;0.003688464406877756;0.9482758641242981
1116;0.003941748756915331;0.931034505367279
1117;0.004338189493864775;0.931034505367279
1118;0.004090737551450729;0.9396551847457886
1119;0.0035863674711436033;0.9482758641242981
1120;0.003705111099407077;0.9137930870056152
1121;0.0036156908608973026;0.931034505367279
1122;0.0038003551308065653;0.9396551847457886
1123;0.0037569254636764526;0.9224137663841248
1124;0.0034072636626660824;0.9482758641242981
1125;0.003796068951487541;0.931034505367279
1126;0.003428157651796937;0.9482758641242981
1127;0.0032417671754956245;0.9568965435028076
1128;0.0037377558182924986;0.9224137663841248
1129;0.0034779473207890987;0.9396551847457886
1130;0.0032105811405926943;0.9482758641242981
1131;0.0033641124609857798;0.9482758641242981
1132;0.0029488096479326487;0.982758641242981
1133;0.0029880425427109003;0.9741379022598267
1134;0.0028994986787438393;0.9741379022598267
1135;0.002928256755694747;0.982758641242981
1136;0.002723848447203636;0.9655172228813171
1137;0.0034033090341836214;0.931034505367279
1138;0.002650975249707699;0.9913793206214905
1139;0.0027074620593339205;0.9913793206214905
1140;0.002525737276300788;0.982758641242981
1141;0.0029132887721061707;0.9655172228813171
1142;0.003034051042050123;0.9482758641242981
1143;0.0027580317109823227;0.982758641242981
1144;0.002459511859342456;0.982758641242981
1145;0.0025941417552530766;0.982758641242981
1146;0.002436101669445634;0.9913793206214905
1147;0.0025720151606947184;0.9655172228813171
1148;0.0032846610993146896;0.9396551847457886
1149;0.0022922155912965536;0.9913793206214905
1150;0.003120706882327795;0.931034505367279
1151;0.002417044248431921;0.9741379022598267
1152;0.00387390935793519;0.931034505367279
1153;0.002209436148405075;0.9913793206214905
1154;0.0037491426337510347;0.9051724076271057
1155;0.0022463956847786903;0.9913793206214905
1156;0.0029026055708527565;0.9396551847457886
1157;0.0029032211750745773;0.9482758641242981
1158;0.0026231184601783752;0.9741379022598267
1159;0.0024231867864727974;0.9655172228813171
1160;0.0027397489175200462;0.9655172228813171
1161;0.0025955853052437305;0.9482758641242981
1162;0.0031904014758765697;0.931034505367279
1163;0.002098705852404237;0.9741379022598267
1164;0.002348442329093814;0.9741379022598267
1165;0.002275599166750908;0.9741379022598267
1166;0.002557338448241353;0.9655172228813171
1167;0.001962148118764162;1.0
1168;0.0021408048924058676;0.9913793206214905
1169;0.0025016088038682938;0.9655172228813171
1170;0.0018334254855290055;1.0
1171;0.0018617085879668593;1.0
1172;0.0017575138481333852;1.0
1173;0.002095613395795226;0.982758641242981
1174;0.0016725962050259113;1.0
1175;0.0020764844957739115;0.982758641242981
1176;0.0020075722131878138;0.982758641242981
1177;0.0016000702744349837;1.0
1178;0.0014278690796345472;1.0
1179;0.0023127191234380007;1.0
1180;0.0014980719424784184;1.0
1181;0.0014066146686673164;1.0
1182;0.0019814041443169117;1.0
1183;0.0015026858309283853;1.0
1184;0.0011596987023949623;1.0
1185;0.0019266675226390362;1.0
1186;0.0011614717077463865;1.0
1187;0.0016357551794499159;1.0
1188;0.004104119259864092;0.931034505367279
1189;0.006037300918251276;0.9051724076271057
1190;0.008945463225245476;0.8620689511299133
1191;0.004358493257313967;0.9051724076271057
1192;0.0033317008055746555;0.9913793206214905
1193;0.0030820583924651146;0.982758641242981
1194;0.00550767732784152;0.9396551847457886
1195;0.0036111718509346247;0.9482758641242981
1196;0.0033418601378798485;0.9482758641242981
1197;0.003025455167517066;0.982758641242981
1198;0.0032703825272619724;0.9913793206214905
1199;0.0035936597269028425;1.0
1200;0.002787084085866809;1.0
1201;0.0027841890696436167;1.0
1202;0.0024862259160727262;1.0
1203;0.002488246187567711;1.0
1204;0.002478930866345763;1.0
1205;0.002435546601191163;1.0
1206;0.0020722446497529745;1.0
1207;0.002172967419028282;1.0
1208;0.0019067078828811646;1.0
1209;0.0018309709848836064;1.0
1210;0.0017609427450224757;1.0
1211;0.001690506236627698;1.0
1212;0.0013851783005520701;1.0
1213;0.0015346570871770382;1.0
1214;0.0014962642453610897;1.0
1215;0.001352556748315692;1.0
1216;0.0014269378734752536;1.0
1217;0.0012571661500260234;1.0
1218;0.0012191125424578786;1.0
1219;0.0012411992065608501;1.0
1220;0.0012352976482361555;1.0
1221;0.001169553492218256;1.0
1222;0.0011356475297361612;1.0
1223;0.000989234889857471;1.0
1224;0.001130358432419598;1.0
1225;0.0008612396777607501;1.0
1226;0.000982789439149201;1.0
1227;0.000924893596675247;1.0
1228;0.0010246369056403637;1.0
1229;0.000991139910183847;1.0
1230;0.00117278634570539;1.0
1231;0.0008835771004669368;1.0
1232;0.0007876322488300502;1.0
1233;0.0009752528858371079;1.0
1234;0.0008983654552139342;1.0
1235;0.001043827855028212;1.0
1236;0.0010360880987718701;1.0
1237;0.0008388518472202122;1.0
1238;0.0007958347559906542;1.0
1239;0.0008528422331437469;1.0
1240;0.0008190936641767621;1.0
1241;0.0009515102137811482;1.0
1242;0.0007177867810241878;1.0
1243;0.0007548771682195365;1.0
1244;0.0007702487637288868;1.0
1245;0.0007981646340340376;1.0
1246;0.0008317565661855042;1.0
1247;0.000876725185662508;1.0
1248;0.001010365318506956;1.0
1249;0.0006641074432991445;1.0
1250;0.0007103860261850059;1.0
1251;0.0007225729641504586;1.0
1252;0.000605474691838026;1.0
1253;0.000898868078365922;1.0
1254;0.000749636092223227;1.0
1255;0.000780138245318085;1.0
1256;0.0009918083669617772;1.0
1257;0.000785230309702456;1.0
1258;0.0007355780689977109;1.0
1259;0.000793284154497087;1.0
1260;0.0006946276407688856;1.0
1261;0.0006911178934387863;1.0
1262;0.0007791430689394474;1.0
1263;0.0006789900362491608;1.0
1264;0.0006568383541889489;1.0
1265;0.0005724186776205897;1.0
1266;0.0006651292787864804;1.0
1267;0.0006617407780140638;1.0
1268;0.0006484226323664188;1.0
1269;0.0006745591526851058;1.0
1270;0.0006769426981918514;1.0
1271;0.0006480432930402458;1.0
1272;0.0006592789432033896;1.0
1273;0.000638410507235676;1.0
1274;0.0005710568511858582;1.0
1275;0.0005487711750902236;1.0
1276;0.0006914975238032639;1.0
1277;0.0006966731161810458;1.0
1278;0.0006480875890702009;1.0
1279;0.0006837687687948346;1.0
1280;0.0006394945085048676;1.0
1281;0.0005965917371213436;1.0
1282;0.000813404971268028;1.0
1283;0.0006332320044748485;1.0
1284;0.0006186301470734179;1.0
1285;0.0005970268975943327;1.0
1286;0.000617175130173564;1.0
1287;0.0006224093376658857;1.0
1288;0.0005871404428035021;1.0
1289;0.0006796763045713305;1.0
1290;0.0006214038585312665;1.0
1291;0.0005435679922811687;1.0
1292;0.0005539904814213514;1.0
1293;0.0005670496029779315;1.0
1294;0.0005633484106510878;1.0
1295;0.0007156575447879732;1.0
1296;0.0005259488825686276;1.0
1297;0.0006165095837786794;1.0
1298;0.0007174526690505445;1.0
1299;0.0006235050386749208;1.0
1300;0.0005298363976180553;1.0
1301;0.0006528247031383216;1.0
1302;0.0005779587081633508;1.0
1303;0.0005778486374765635;1.0
1304;0.0006272786995396018;1.0
1305;0.0005957530811429024;1.0
1306;0.0005362713127397001;1.0
1307;0.000545499671716243;1.0
1308;0.000635889417026192;1.0
1309;0.0005024857237003744;1.0
1310;0.0005651291576214135;1.0
1311;0.0005147770280018449;1.0
1312;0.0006015283870510757;1.0
1313;0.0005898928502574563;1.0
1314;0.0005073526408523321;1.0
1315;0.0006320610409602523;1.0
1316;0.0005781800136901438;1.0
1317;0.0005181379383429885;1.0
1318;0.0006201963988132775;1.0
1319;0.000588193244766444;1.0
1320;0.000540832756087184;1.0
1321;0.0006144201615825295;1.0
1322;0.0005682256305590272;1.0
1323;0.0005779010243713856;1.0
1324;0.0005956103559583426;1.0
1325;0.0004456712631508708;1.0
1326;0.0004306906776037067;1.0
1327;0.000521667767316103;1.0
1328;0.0006315638311207294;1.0
1329;0.000534607854206115;1.0
1330;0.0006078568403609097;1.0
1331;0.0004046204558108002;1.0
1332;0.0005624996265396476;1.0
1333;0.0005778204067610204;1.0
1334;0.00048125776811502874;1.0
1335;0.0004105493426322937;1.0
1336;0.0004679849371314049;1.0
1337;0.0005693809944204986;1.0
1338;0.000622185121756047;1.0
1339;0.0004289565549697727;1.0
1340;0.000559767649974674;1.0
1341;0.0005979937850497663;1.0
1342;0.00045578129356727004;1.0
1343;0.0005027013830840588;1.0
1344;0.000503727700561285;1.0
1345;0.0004615260404534638;1.0
1346;0.0005608985084109008;1.0
1347;0.0005060397670604289;1.0
1348;0.0005162836750969291;1.0
1349;0.0005175902624614537;1.0
1350;0.0005073568318039179;1.0
1351;0.000555474660359323;1.0
1352;0.00045666666119359434;1.0
1353;0.0005096561508253217;1.0
1354;0.0005414544139057398;1.0
1355;0.0004414791183080524;1.0
1356;0.0005269963876344264;1.0
1357;0.0004431824781931937;1.0
1358;0.00048042682465165854;1.0
1359;0.00045920308912172914;1.0
1360;0.0004103372630197555;1.0
1361;0.0005112363141961396;1.0
1362;0.0004638312093447894;1.0
1363;0.0005001112585887313;1.0
1364;0.0005695398431271315;1.0
1365;0.0005200452287681401;1.0
1366;0.0004950762377120554;1.0
1367;0.0004065785324200988;1.0
1368;0.0004912708536721766;1.0
1369;0.0004661172570195049;1.0
1370;0.0004622788110282272;1.0
1371;0.0004967278800904751;1.0
1372;0.0004896993632428348;1.0
1373;0.0006394200026988983;1.0
1374;0.0004639843828044832;1.0
1375;0.0004949774011038244;1.0
1376;0.000450038438430056;1.0
1377;0.0004990059533156455;1.0
1378;0.0004655623924918473;1.0
1379;0.0003914558910764754;1.0
1380;0.00047347720828838646;1.0
1381;0.0004068068810738623;1.0
1382;0.0004714689857792109;1.0
1383;0.0005461426917463541;1.0
1384;0.0004580127424560487;1.0
1385;0.0004043027001898736;1.0
1386;0.00042737112380564213;1.0
1387;0.000462088588392362;1.0
1388;0.0005199905717745423;1.0
1389;0.0004310695512685925;1.0
1390;0.0004121737147215754;1.0
1391;0.0004079147765878588;1.0
1392;0.0005015207570977509;1.0
1393;0.0004599524545483291;1.0
1394;0.0004344806948211044;1.0
1395;0.0004115822084713727;1.0
1396;0.0004769651568494737;1.0
1397;0.0004517297784332186;1.0
1398;0.0004973939503543079;1.0
1399;0.0004095186304766685;1.0
1400;0.0004655173688661307;1.0
1401;0.0003838542033918202;1.0
1402;0.0004500918148551136;1.0
1403;0.0006158663309179246;1.0
1404;0.00039992734673433006;1.0
1405;0.0004179670359008014;1.0
1406;0.00045227789087221026;1.0
1407;0.0005540729034692049;1.0
1408;0.00040803899173624814;1.0
1409;0.000413841160479933;1.0
1410;0.0003819293633569032;1.0
1411;0.00047847628593444824;1.0
1412;0.00043393822852522135;1.0
1413;0.0005630066152662039;1.0
1414;0.00042003608541563153;1.0
1415;0.0003695086343213916;1.0
1416;0.0004889723495580256;1.0
1417;0.0004120325029361993;1.0
1418;0.0004933393793180585;1.0
1419;0.0003922837204299867;1.0
1420;0.0004137996584177017;1.0
1421;0.000401635275920853;1.0
1422;0.00042457442032173276;1.0
1423;0.0004094300384167582;1.0
1424;0.00040051882388070226;1.0
1425;0.0004025729722343385;1.0
1426;0.00035886093974113464;1.0
1427;0.00041263087769038975;1.0
1428;0.0004066746623720974;1.0
1429;0.0003824856539722532;1.0
1430;0.0004406127263791859;1.0
1431;0.00042317825136706233;1.0
1432;0.00046833461965434253;1.0
1433;0.0003689909353852272;1.0
1434;0.0003969113458879292;1.0
1435;0.0003986404335591942;1.0
1436;0.00037525928928516805;1.0
1437;0.0004002091591246426;1.0
1438;0.00046973745338618755;1.0
1439;0.0003230541478842497;1.0
1440;0.000397513183997944;1.0
1441;0.00038867309922352433;1.0
1442;0.0003430682118050754;1.0
1443;0.0004014041041955352;1.0
1444;0.00043661377276293933;1.0
1445;0.00040100139449350536;1.0
1446;0.0003288184234406799;1.0
1447;0.00036208928213454783;1.0
1448;0.0004027530667372048;1.0
1449;0.00041859905468299985;1.0
1450;0.00035349559038877487;1.0
1451;0.00038902717642486095;1.0
1452;0.00034487462835386395;1.0
1453;0.0003901274176314473;1.0
1454;0.00032875576289370656;1.0
1455;0.0003905450867023319;1.0
1456;0.00038753513945266604;1.0
1457;0.0004923191154375672;1.0
1458;0.0003378230321686715;1.0
1459;0.0004403521597851068;1.0
1460;0.00035622992436401546;1.0
1461;0.000379415403585881;1.0
1462;0.00038964860141277313;1.0
1463;0.00035874443710781634;1.0
1464;0.00039632097468711436;1.0
1465;0.0003762725100386888;1.0
1466;0.00042188435327261686;1.0
1467;0.0003792240167967975;1.0
1468;0.0003779479011427611;1.0
1469;0.0003859862335957587;1.0
1470;0.00040867362986318767;1.0
1471;0.000414537382312119;1.0
1472;0.0003616318863350898;1.0
1473;0.00032754201674833894;1.0
1474;0.0004053468001075089;1.0
1475;0.0003737320366781205;1.0
1476;0.00041158110252581537;1.0
1477;0.00037043465999886394;1.0
1478;0.0003690576122608036;1.0
1479;0.00041180173866450787;1.0
1480;0.0004284898459445685;1.0
1481;0.0003314373316243291;1.0
1482;0.0003598155453801155;1.0
1483;0.00036004267167299986;1.0
1484;0.0003692134050652385;1.0
1485;0.000420637137722224;1.0
1486;0.0004085850378032774;1.0
1487;0.0003919296432286501;1.0
1488;0.00040145963430404663;1.0
1489;0.0003702680114656687;1.0
1490;0.00043451334931887686;1.0
1491;0.0003698674845509231;1.0
1492;0.0003477750578895211;1.0
1493;0.00033893249928951263;1.0
1494;0.0003648900310508907;1.0
1495;0.0004616780497599393;1.0
1496;0.00037347761099226773;1.0
1497;0.0003734008932951838;1.0
1498;0.0003711534955073148;1.0
1499;0.00042537145782262087;1.0
