iteration;loss;accuracy
0;0.039780519902706146;0.08620689809322357
1;0.03883595019578934;0.11206896603107452
2;0.03623170033097267;0.1034482792019844
3;0.03524571657180786;0.12068965286016464
4;0.03460424393415451;0.16379310190677643
5;0.03600269556045532;0.21551723778247833
6;0.0340961292386055;0.2068965584039688
7;0.03536556288599968;0.25
8;0.03375113755464554;0.22413793206214905
9;0.03391027823090553;0.17241379618644714
10;0.034820806235075;0.1982758641242981
11;0.0344524011015892;0.1982758641242981
12;0.03389369323849678;0.2586206793785095
13;0.03484717756509781;0.21551723778247833
14;0.035292353481054306;0.24137930572032928
15;0.03458715230226517;0.24137930572032928
16;0.03418785333633423;0.21551723778247833
17;0.03398425877094269;0.16379310190677643
18;0.03533860296010971;0.22413793206214905
19;0.033001866191625595;0.21551723778247833
20;0.03341096639633179;0.22413793206214905
21;0.033179715275764465;0.26724138855934143
22;0.03354443982243538;0.24137930572032928
23;0.03389016538858414;0.25
24;0.03262463957071304;0.2844827473163605
25;0.035592589527368546;0.22413793206214905
26;0.03241267055273056;0.2586206793785095
27;0.03415253013372421;0.17241379618644714
28;0.03227550536394119;0.26724138855934143
29;0.0323198139667511;0.27586206793785095
30;0.03359803929924965;0.2931034564971924
31;0.03209619224071503;0.26724138855934143
32;0.03203752264380455;0.3448275923728943
33;0.031549107283353806;0.2844827473163605
34;0.034031350165605545;0.22413793206214905
35;0.03071727603673935;0.32758620381355286
36;0.031109359115362167;0.3362068831920624
37;0.03163907676935196;0.27586206793785095
38;0.030703572556376457;0.3534482717514038
39;0.03273524343967438;0.3534482717514038
40;0.03312864154577255;0.3362068831920624
41;0.033650029450654984;0.2586206793785095
42;0.04244731739163399;0.3103448152542114
43;0.031032729893922806;0.3103448152542114
44;0.033119432628154755;0.37068966031074524
45;0.032320063561201096;0.3534482717514038
46;0.0321594774723053;0.37068966031074524
47;0.03345698490738869;0.3448275923728943
48;0.03058752231299877;0.36206895112991333
49;0.030719369649887085;0.3448275923728943
50;0.03028748743236065;0.36206895112991333
51;0.03268890455365181;0.37068966031074524
52;0.03046112135052681;0.3534482717514038
53;0.03046838752925396;0.3362068831920624
54;0.034725021570920944;0.2586206793785095
55;0.033022940158843994;0.32758620381355286
56;0.032012149691581726;0.3017241358757019
57;0.031173910945653915;0.31896552443504333
58;0.030855024233460426;0.3103448152542114
59;0.030556093901395798;0.37931033968925476
60;0.03021329641342163;0.32758620381355286
61;0.030569886788725853;0.3534482717514038
62;0.03186248987913132;0.37068966031074524
63;0.030121691524982452;0.3534482717514038
64;0.031451985239982605;0.31896552443504333
65;0.0308345016092062;0.36206895112991333
66;0.03337690979242325;0.3362068831920624
67;0.028534118086099625;0.4396551847457886
68;0.02965373545885086;0.37931033968925476
69;0.031184818595647812;0.27586206793785095
70;0.029661688953638077;0.42241379618644714
71;0.030284855514764786;0.2844827473163605
72;0.028855295851826668;0.38793104887008667
73;0.029858103021979332;0.32758620381355286
74;0.02987375296652317;0.43103447556495667
75;0.02873673476278782;0.38793104887008667
76;0.02820853516459465;0.37068966031074524
77;0.02951641194522381;0.37068966031074524
78;0.02808145247399807;0.4396551847457886
79;0.0324629545211792;0.3448275923728943
80;0.03272141516208649;0.37931033968925476
81;0.02842361479997635;0.4396551847457886
82;0.029727334156632423;0.4137931168079376
83;0.02881973423063755;0.37931033968925476
84;0.033201608806848526;0.32758620381355286
85;0.032252538949251175;0.36206895112991333
86;0.02882082760334015;0.4482758641242981
87;0.03071414679288864;0.3965517282485962
88;0.027402084320783615;0.5431034564971924
89;0.031758591532707214;0.32758620381355286
90;0.03167304769158363;0.3448275923728943
91;0.027706528082489967;0.4482758641242981
92;0.028782835230231285;0.4913793206214905
93;0.02791259065270424;0.4568965435028076
94;0.026772210374474525;0.48275861144065857
95;0.027067435905337334;0.568965494632721
96;0.029318055137991905;0.47413793206214905
97;0.03102770447731018;0.43103447556495667
98;0.026192663237452507;0.5517241358757019
99;0.024585949257016182;0.5862069129943848
100;0.026713905856013298;0.48275861144065857
101;0.029182374477386475;0.4482758641242981
102;0.02774243801832199;0.48275861144065857
103;0.030393879860639572;0.42241379618644714
104;0.030945107340812683;0.36206895112991333
105;0.025936424732208252;0.5517241358757019
106;0.023500757291913033;0.568965494632721
107;0.024849964305758476;0.568965494632721
108;0.02807057835161686;0.5258620977401733
109;0.02956489287316799;0.4568965435028076
110;0.03314031660556793;0.3534482717514038
111;0.025663278996944427;0.5603448152542114
112;0.03022409789264202;0.4051724076271057
113;0.02505357190966606;0.6379310488700867
114;0.02866828627884388;0.4655172526836395
115;0.029573271051049232;0.4137931168079376
116;0.025116518139839172;0.5344827771186829
117;0.025132151320576668;0.6465517282485962
118;0.0236631091684103;0.5948275923728943
119;0.02757897414267063;0.5
120;0.025689417496323586;0.6120689511299133
121;0.022321345284581184;0.6637930870056152
122;0.027714010328054428;0.4913793206214905
123;0.02384321391582489;0.5517241358757019
124;0.03244047984480858;0.6120689511299133
125;0.022566940635442734;0.6465517282485962
126;0.025056010112166405;0.5775862336158752
127;0.02594500593841076;0.5862069129943848
128;0.031304147094488144;0.517241358757019
129;0.02976739965379238;0.5086206793785095
130;0.02826320379972458;0.5431034564971924
131;0.028073318302631378;0.5603448152542114
132;0.028478525578975677;0.5258620977401733
133;0.024865619838237762;0.5862069129943848
134;0.03315963223576546;0.32758620381355286
135;0.023713309317827225;0.6034482717514038
136;0.02638593688607216;0.5517241358757019
137;0.028194880113005638;0.43103447556495667
138;0.0253482386469841;0.5603448152542114
139;0.024460820481181145;0.568965494632721
140;0.02152051217854023;0.6293103694915771
141;0.029970750212669373;0.36206895112991333
142;0.02261085994541645;0.6034482717514038
143;0.03154357895255089;0.4051724076271057
144;0.021552901715040207;0.6465517282485962
145;0.023711154237389565;0.5948275923728943
146;0.025084054097533226;0.568965494632721
147;0.024266015738248825;0.5517241358757019
148;0.026388758793473244;0.5086206793785095
149;0.031090818345546722;0.3965517282485962
150;0.02342434786260128;0.6982758641242981
151;0.020999690517783165;0.6465517282485962
152;0.025514712557196617;0.5431034564971924
153;0.020014014095067978;0.6896551847457886
154;0.02434120886027813;0.5862069129943848
155;0.027298999950289726;0.5
156;0.023421788588166237;0.6293103694915771
157;0.022848637774586678;0.6120689511299133
158;0.021638529375195503;0.6206896305084229
159;0.024187849834561348;0.5517241358757019
160;0.019083566963672638;0.7155172228813171
161;0.020621465519070625;0.7241379022598267
162;0.021143309772014618;0.7586206793785095
163;0.025250814855098724;0.5775862336158752
164;0.023625805974006653;0.6896551847457886
165;0.019877269864082336;0.6896551847457886
166;0.01880311593413353;0.7241379022598267
167;0.02279037795960903;0.681034505367279
168;0.029083847999572754;0.5
169;0.027504898607730865;0.5344827771186829
170;0.029648611322045326;0.48275861144065857
171;0.02269805781543255;0.6465517282485962
172;0.020053712651133537;0.6724137663841248
173;0.019688131287693977;0.7155172228813171
174;0.01961805857717991;0.6724137663841248
175;0.02016632817685604;0.6982758641242981
176;0.021655362099409103;0.7155172228813171
177;0.021410543471574783;0.681034505367279
178;0.0259572584182024;0.5431034564971924
179;0.029216481372714043;0.5344827771186829
180;0.02162531204521656;0.6982758641242981
181;0.017749710008502007;0.7155172228813171
182;0.020577741786837578;0.6551724076271057
183;0.01988648623228073;0.6896551847457886
184;0.02302548848092556;0.6379310488700867
185;0.018957262858748436;0.6982758641242981
186;0.01692541129887104;0.7413793206214905
187;0.017748214304447174;0.7413793206214905
188;0.016734439879655838;0.7241379022598267
189;0.01826445944607258;0.7068965435028076
190;0.01721315272152424;0.732758641242981
191;0.019142232835292816;0.7241379022598267
192;0.016535192728042603;0.732758641242981
193;0.02630085125565529;0.6206896305084229
194;0.02467433363199234;0.6551724076271057
195;0.0209253691136837;0.6896551847457886
196;0.031271934509277344;0.43103447556495667
197;0.01852540671825409;0.7155172228813171
198;0.027169430628418922;0.5431034564971924
199;0.017924359068274498;0.7413793206214905
200;0.0264157522469759;0.6293103694915771
201;0.016385788097977638;0.75
202;0.022442355751991272;0.6982758641242981
203;0.025273215025663376;0.6551724076271057
204;0.018538007512688637;0.7241379022598267
205;0.01640976592898369;0.75
206;0.01575271598994732;0.7413793206214905
207;0.016812540590763092;0.7155172228813171
208;0.015841420739889145;0.7241379022598267
209;0.02206546440720558;0.6465517282485962
210;0.022948307916522026;0.6896551847457886
211;0.017108922824263573;0.75
212;0.017128590494394302;0.7586206793785095
213;0.01826726831495762;0.7068965435028076
214;0.016170820221304893;0.7586206793785095
215;0.019722215831279755;0.7844827771186829
216;0.01690788008272648;0.7241379022598267
217;0.018339399248361588;0.767241358757019
218;0.024669207632541656;0.681034505367279
219;0.02017403393983841;0.7068965435028076
220;0.02358640357851982;0.6982758641242981
221;0.01664360798895359;0.7586206793785095
222;0.02959129773080349;0.568965494632721
223;0.02723366767168045;0.5517241358757019
224;0.02264278195798397;0.6724137663841248
225;0.025642435997724533;0.6465517282485962
226;0.02604280412197113;0.6206896305084229
227;0.017796220257878304;0.7413793206214905
228;0.022712208330631256;0.6724137663841248
229;0.016439801082015038;0.7586206793785095
230;0.017770027741789818;0.7155172228813171
231;0.025202322751283646;0.6206896305084229
232;0.015514311380684376;0.7758620977401733
233;0.016919555142521858;0.732758641242981
234;0.018125126138329506;0.7068965435028076
235;0.02450668253004551;0.6637930870056152
236;0.02355433814227581;0.6724137663841248
237;0.01641429029405117;0.75
238;0.025172805413603783;0.767241358757019
239;0.017121998593211174;0.7844827771186829
240;0.01782475970685482;0.732758641242981
241;0.01717231795191765;0.7413793206214905
242;0.018862534314393997;0.7413793206214905
243;0.017277751117944717;0.7758620977401733
244;0.01750202663242817;0.7241379022598267
245;0.027708789333701134;0.5862069129943848
246;0.01591510884463787;0.767241358757019
247;0.017097866162657738;0.7068965435028076
248;0.029809627681970596;0.517241358757019
249;0.016488905996084213;0.75
250;0.02000010758638382;0.7068965435028076
251;0.018528716638684273;0.75
252;0.018489070236682892;0.732758641242981
253;0.01776079274713993;0.7068965435028076
254;0.02204711362719536;0.6724137663841248
255;0.0189250148832798;0.7586206793785095
256;0.01531264465302229;0.75
257;0.01429201290011406;0.8017241358757019
258;0.02105077914893627;0.767241358757019
259;0.017661258578300476;0.75
260;0.022834034636616707;0.681034505367279
261;0.025146789848804474;0.6551724076271057
262;0.01635870710015297;0.732758641242981
263;0.0167734045535326;0.7586206793785095
264;0.02838311903178692;0.5517241358757019
265;0.023361995816230774;0.6551724076271057
266;0.015366032719612122;0.767241358757019
267;0.01883794367313385;0.7586206793785095
268;0.015075159259140491;0.7241379022598267
269;0.021360056474804878;0.732758641242981
270;0.015420920215547085;0.7931034564971924
271;0.017592867836356163;0.75
272;0.01720101572573185;0.767241358757019
273;0.030176911503076553;0.7758620977401733
274;0.026392921805381775;0.6293103694915771
275;0.02331962063908577;0.7413793206214905
276;0.02190312184393406;0.7068965435028076
277;0.01809481717646122;0.7241379022598267
278;0.016963928937911987;0.7413793206214905
279;0.024660468101501465;0.6896551847457886
280;0.01835758239030838;0.8103448152542114
281;0.01876133307814598;0.7241379022598267
282;0.014892468228936195;0.7758620977401733
283;0.01479970384389162;0.7586206793785095
284;0.023347526788711548;0.681034505367279
285;0.02708989754319191;0.568965494632721
286;0.023748138919472694;0.6637930870056152
287;0.015805266797542572;0.7586206793785095
288;0.016406919807195663;0.7586206793785095
289;0.01441455353051424;0.767241358757019
290;0.014787375926971436;0.767241358757019
291;0.019672466441988945;0.75
292;0.015933848917484283;0.7931034564971924
293;0.0167512409389019;0.7586206793785095
294;0.014101076871156693;0.7758620977401733
295;0.013673227280378342;0.767241358757019
296;0.014418408274650574;0.7586206793785095
297;0.018105683848261833;0.767241358757019
298;0.015254253521561623;0.767241358757019
299;0.023953983560204506;0.7068965435028076
300;0.025400519371032715;0.6465517282485962
301;0.015228538773953915;0.75
302;0.016925714910030365;0.767241358757019
303;0.013810239732265472;0.7844827771186829
304;0.015672074630856514;0.75
305;0.014879647642374039;0.767241358757019
306;0.019640233367681503;0.7758620977401733
307;0.016441240906715393;0.7931034564971924
308;0.013738487847149372;0.7758620977401733
309;0.013871247880160809;0.767241358757019
310;0.015079365111887455;0.7844827771186829
311;0.017980124801397324;0.7241379022598267
312;0.01483303401619196;0.767241358757019
313;0.021083028987050056;0.7155172228813171
314;0.022915441542863846;0.6982758641242981
315;0.013787488453090191;0.7844827771186829
316;0.014358765445649624;0.7586206793785095
317;0.01316426508128643;0.7931034564971924
318;0.018159158527851105;0.732758641242981
319;0.018165383487939835;0.7844827771186829
320;0.014667892828583717;0.7758620977401733
321;0.013690694235265255;0.7758620977401733
322;0.014593906700611115;0.7844827771186829
323;0.015311166644096375;0.767241358757019
324;0.02415039762854576;0.6724137663841248
325;0.025733154267072678;0.6637930870056152
326;0.014758031815290451;0.7413793206214905
327;0.016337234526872635;0.7758620977401733
328;0.02635110542178154;0.6465517282485962
329;0.01568622887134552;0.7758620977401733
330;0.01837332732975483;0.7413793206214905
331;0.013890624977648258;0.7413793206214905
332;0.014902709051966667;0.7586206793785095
333;0.012087547220289707;0.8103448152542114
334;0.026241673156619072;0.6206896305084229
335;0.02148176170885563;0.681034505367279
336;0.01878390833735466;0.7155172228813171
337;0.015402102842926979;0.7586206793785095
338;0.015545214526355267;0.767241358757019
339;0.02282017096877098;0.6637930870056152
340;0.018564904108643532;0.7931034564971924
341;0.0250309556722641;0.6465517282485962
342;0.015172322280704975;0.7844827771186829
343;0.013895186595618725;0.8017241358757019
344;0.015164915472269058;0.767241358757019
345;0.013182914815843105;0.7931034564971924
346;0.014329898171126842;0.7931034564971924
347;0.014493674039840698;0.7586206793785095
348;0.025378631427884102;0.6637930870056152
349;0.017504185438156128;0.767241358757019
350;0.026406800374388695;0.6120689511299133
351;0.016594376415014267;0.8017241358757019
352;0.022404666990041733;0.7758620977401733
353;0.018421180546283722;0.75
354;0.013660796917974949;0.818965494632721
355;0.014096041209995747;0.767241358757019
356;0.023499246686697006;0.7068965435028076
357;0.012613341212272644;0.7931034564971924
358;0.016064194962382317;0.7844827771186829
359;0.012870565056800842;0.7844827771186829
360;0.015271777287125587;0.767241358757019
361;0.02105233632028103;0.7068965435028076
362;0.015210742130875587;0.8103448152542114
363;0.013460355810821056;0.7758620977401733
364;0.019374793395400047;0.732758641242981
365;0.017271604388952255;0.732758641242981
366;0.016614995896816254;0.7931034564971924
367;0.01567138358950615;0.7758620977401733
368;0.012659124098718166;0.7931034564971924
369;0.015835219994187355;0.767241358757019
370;0.015051188878715038;0.767241358757019
371;0.013698726892471313;0.767241358757019
372;0.013577967882156372;0.7844827771186829
373;0.0126385148614645;0.7844827771186829
374;0.016563326120376587;0.75
375;0.013629179447889328;0.8103448152542114
376;0.016648711636662483;0.7413793206214905
377;0.019943244755268097;0.732758641242981
378;0.01421122532337904;0.7413793206214905
379;0.01485043577849865;0.7758620977401733
380;0.013267102651298046;0.8017241358757019
381;0.013853155076503754;0.8103448152542114
382;0.013255678117275238;0.7844827771186829
383;0.01248938962817192;0.8103448152542114
384;0.026186008006334305;0.6637930870056152
385;0.01781349815428257;0.75
386;0.013486786745488644;0.8017241358757019
387;0.01515394076704979;0.767241358757019
388;0.012504059821367264;0.8103448152542114
389;0.014278775081038475;0.7931034564971924
390;0.016947541385889053;0.7844827771186829
391;0.017136216163635254;0.7931034564971924
392;0.02038555033504963;0.767241358757019
393;0.012550625950098038;0.7844827771186829
394;0.019860420376062393;0.7413793206214905
395;0.018567703664302826;0.75
396;0.01647263392806053;0.7844827771186829
397;0.01899113319814205;0.7413793206214905
398;0.016296619549393654;0.7931034564971924
399;0.016990698873996735;0.75
400;0.017917482182383537;0.7931034564971924
401;0.018181530758738518;0.7586206793785095
402;0.012922869995236397;0.7586206793785095
403;0.013897866010665894;0.818965494632721
404;0.01370717491954565;0.7931034564971924
405;0.012911328114569187;0.818965494632721
406;0.01991654746234417;0.7241379022598267
407;0.01646108366549015;0.7844827771186829
408;0.0171060711145401;0.7931034564971924
409;0.020909328013658524;0.7241379022598267
410;0.014034386724233627;0.767241358757019
411;0.015156930312514305;0.767241358757019
412;0.013454727828502655;0.7844827771186829
413;0.02203718200325966;0.7068965435028076
414;0.014752009883522987;0.75
415;0.022873511537909508;0.7068965435028076
416;0.013342761434614658;0.818965494632721
417;0.02299480326473713;0.6637930870056152
418;0.02215462550520897;0.6896551847457886
419;0.023275984451174736;0.681034505367279
420;0.01562531478703022;0.7844827771186829
421;0.0141327865421772;0.767241358757019
422;0.013749371282756329;0.7931034564971924
423;0.012688349932432175;0.818965494632721
424;0.015178263187408447;0.8103448152542114
425;0.013742337003350258;0.8017241358757019
426;0.020343633368611336;0.6982758641242981
427;0.012619869783520699;0.7931034564971924
428;0.013907467015087605;0.8275862336158752
429;0.019146811217069626;0.7413793206214905
430;0.012724275700747967;0.8017241358757019
431;0.013173413462936878;0.8275862336158752
432;0.0242381002753973;0.6982758641242981
433;0.013042347505688667;0.7844827771186829
434;0.02390294335782528;0.6637930870056152
435;0.012336120940744877;0.7931034564971924
436;0.013205601833760738;0.7931034564971924
437;0.013712285086512566;0.7758620977401733
438;0.021195176988840103;0.732758641242981
439;0.016219336539506912;0.75
440;0.015243652276694775;0.75
441;0.012320857495069504;0.7931034564971924
442;0.016276312991976738;0.7758620977401733
443;0.013372340239584446;0.7758620977401733
444;0.01565379649400711;0.767241358757019
445;0.01567586325109005;0.7931034564971924
446;0.01769244857132435;0.75
447;0.01712666265666485;0.75
448;0.016322528943419456;0.8103448152542114
449;0.012837105430662632;0.7844827771186829
450;0.016425594687461853;0.8017241358757019
451;0.013918948359787464;0.7844827771186829
452;0.020482152700424194;0.7241379022598267
453;0.01210731826722622;0.8275862336158752
454;0.013303559273481369;0.7586206793785095
455;0.011652286164462566;0.8448275923728943
456;0.0166240856051445;0.7586206793785095
457;0.011717315763235092;0.8534482717514038
458;0.01187299657613039;0.8103448152542114
459;0.011394241824746132;0.8275862336158752
460;0.011579571291804314;0.8103448152542114
461;0.012033156119287014;0.8103448152542114
462;0.011079826392233372;0.8362069129943848
463;0.011514423415064812;0.8793103694915771
464;0.01213923655450344;0.7931034564971924
465;0.011986305005848408;0.8103448152542114
466;0.019486118108034134;0.7586206793785095
467;0.013620270416140556;0.7931034564971924
468;0.012447179295122623;0.7758620977401733
469;0.013919267803430557;0.7844827771186829
470;0.012663112953305244;0.7931034564971924
471;0.012302123941481113;0.8103448152542114
472;0.010920838452875614;0.8448275923728943
473;0.011746305972337723;0.7931034564971924
474;0.011506973765790462;0.8362069129943848
475;0.023364262655377388;0.7241379022598267
476;0.014755146577954292;0.7931034564971924
477;0.011966719292104244;0.8017241358757019
478;0.022746339440345764;0.6896551847457886
479;0.013896209187805653;0.8362069129943848
480;0.01382523775100708;0.7931034564971924
481;0.02019825391471386;0.7155172228813171
482;0.01596555858850479;0.7931034564971924
483;0.011786858551204205;0.8103448152542114
484;0.013253618963062763;0.8017241358757019
485;0.015425711870193481;0.767241358757019
486;0.011884071864187717;0.7931034564971924
487;0.01212217379361391;0.8103448152542114
488;0.011989337392151356;0.7844827771186829
489;0.011733434163033962;0.8275862336158752
490;0.013166223652660847;0.818965494632721
491;0.014328368939459324;0.767241358757019
492;0.012109345756471157;0.8275862336158752
493;0.011886652559041977;0.8275862336158752
494;0.01174348033964634;0.8448275923728943
495;0.014623907394707203;0.8275862336158752
496;0.018652543425559998;0.75
497;0.01150233019143343;0.8448275923728943
498;0.01151162851601839;0.8275862336158752
499;0.011978939175605774;0.818965494632721
500;0.012196144089102745;0.8534482717514038
501;0.011136054061353207;0.8448275923728943
502;0.01169856358319521;0.8275862336158752
503;0.017552055418491364;0.75
504;0.015260165557265282;0.8017241358757019
505;0.012297704815864563;0.7758620977401733
506;0.011642241850495338;0.8103448152542114
507;0.017572598531842232;0.767241358757019
508;0.01669030450284481;0.7931034564971924
509;0.017615554854273796;0.8017241358757019
510;0.013656962662935257;0.8362069129943848
511;0.015278053469955921;0.7586206793785095
512;0.01574528031051159;0.7758620977401733
513;0.018705546855926514;0.7068965435028076
514;0.014972657896578312;0.7586206793785095
515;0.013404006138443947;0.8103448152542114
516;0.013681299053132534;0.8448275923728943
517;0.012735482305288315;0.8017241358757019
518;0.01892189495265484;0.7844827771186829
519;0.013226070441305637;0.8017241358757019
520;0.012307852506637573;0.8362069129943848
521;0.011376813985407352;0.8103448152542114
522;0.017895333468914032;0.7844827771186829
523;0.012974238023161888;0.8275862336158752
524;0.01213945634663105;0.8017241358757019
525;0.019843310117721558;0.7068965435028076
526;0.022965602576732635;0.7155172228813171
527;0.01220492273569107;0.8706896305084229
528;0.011239573359489441;0.8448275923728943
529;0.011541693471372128;0.8362069129943848
530;0.011269154958426952;0.8275862336158752
531;0.013138730078935623;0.8620689511299133
532;0.015340064652264118;0.8017241358757019
533;0.012727830559015274;0.818965494632721
534;0.011929662898182869;0.8275862336158752
535;0.01963822916150093;0.767241358757019
536;0.012622077018022537;0.7844827771186829
537;0.012290546670556068;0.8017241358757019
538;0.01101693045347929;0.8448275923728943
539;0.010823871940374374;0.8706896305084229
540;0.011068988591432571;0.8793103694915771
541;0.012163486331701279;0.8362069129943848
542;0.012717748060822487;0.8103448152542114
543;0.0118478462100029;0.818965494632721
544;0.012852484360337257;0.8362069129943848
545;0.010644511319696903;0.8275862336158752
546;0.016127340495586395;0.7758620977401733
547;0.012858550064265728;0.8017241358757019
548;0.01344809215515852;0.818965494632721
549;0.01053541898727417;0.8534482717514038
550;0.018037205561995506;0.767241358757019
551;0.015290512703359127;0.7586206793785095
552;0.010871650651097298;0.8362069129943848
553;0.012937108986079693;0.7844827771186829
554;0.011502038687467575;0.8362069129943848
555;0.015809908509254456;0.7758620977401733
556;0.012365487404167652;0.8534482717514038
557;0.01314622350037098;0.8103448152542114
558;0.011426224373281002;0.818965494632721
559;0.011077236384153366;0.7931034564971924
560;0.01072368212044239;0.8362069129943848
561;0.010782108642160892;0.8448275923728943
562;0.016332287341356277;0.8275862336158752
563;0.016308864578604698;0.8275862336158752
564;0.015069144777953625;0.8017241358757019
565;0.011605036444962025;0.8275862336158752
566;0.010057435370981693;0.8534482717514038
567;0.010870637372136116;0.8620689511299133
568;0.011271475814282894;0.8448275923728943
569;0.011341207660734653;0.8706896305084229
570;0.01757902279496193;0.8103448152542114
571;0.013086448423564434;0.818965494632721
572;0.01078198291361332;0.8620689511299133
573;0.019412344321608543;0.767241358757019
574;0.018646180629730225;0.7758620977401733
575;0.013369495049118996;0.7844827771186829
576;0.011360010132193565;0.8448275923728943
577;0.013045504689216614;0.8448275923728943
578;0.01164933294057846;0.8362069129943848
579;0.010833078995347023;0.8620689511299133
580;0.010133998468518257;0.8793103694915771
581;0.013504729606211185;0.8448275923728943
582;0.009626141749322414;0.8965517282485962
583;0.010601725429296494;0.8793103694915771
584;0.014142205007374287;0.8017241358757019
585;0.013134931214153767;0.8620689511299133
586;0.011758915148675442;0.8620689511299133
587;0.010992215014994144;0.8706896305084229
588;0.014871419407427311;0.818965494632721
589;0.01706491969525814;0.7413793206214905
590;0.013611724600195885;0.818965494632721
591;0.010521067306399345;0.8879310488700867
592;0.010477776639163494;0.8620689511299133
593;0.014042637310922146;0.818965494632721
594;0.013504968956112862;0.8362069129943848
595;0.010691029019653797;0.8793103694915771
596;0.009800266474485397;0.8448275923728943
597;0.011091979220509529;0.8534482717514038
598;0.013842913322150707;0.8103448152542114
599;0.01521830540150404;0.7931034564971924
600;0.013206594623625278;0.8620689511299133
601;0.013703366741538048;0.8275862336158752
602;0.010817188769578934;0.8362069129943848
603;0.013664674945175648;0.9137930870056152
604;0.00990994367748499;0.8965517282485962
605;0.020297802984714508;0.7931034564971924
606;0.01713920757174492;0.7844827771186829
607;0.011627597734332085;0.9051724076271057
608;0.018100326880812645;0.75
609;0.011879109777510166;0.7931034564971924
610;0.012837497517466545;0.818965494632721
611;0.010868001729249954;0.8448275923728943
612;0.011701853014528751;0.8362069129943848
613;0.010500541888177395;0.8879310488700867
614;0.01373843103647232;0.818965494632721
615;0.014271869324147701;0.8017241358757019
616;0.0177676472812891;0.7844827771186829
617;0.01150481402873993;0.8534482717514038
618;0.013021263293921947;0.8017241358757019
619;0.012339876033365726;0.8275862336158752
620;0.014071800746023655;0.8620689511299133
621;0.014684716239571571;0.7844827771186829
622;0.011545934714376926;0.8362069129943848
623;0.011556850746273994;0.8879310488700867
624;0.010495101101696491;0.8879310488700867
625;0.014867727644741535;0.8448275923728943
626;0.010908846743404865;0.8793103694915771
627;0.016144027933478355;0.8448275923728943
628;0.012759728357195854;0.8362069129943848
629;0.013774055056273937;0.8448275923728943
630;0.01119872648268938;0.8793103694915771
631;0.011895193718373775;0.8879310488700867
632;0.009646865539252758;0.8793103694915771
633;0.017403630539774895;0.7931034564971924
634;0.010454757139086723;0.8706896305084229
635;0.010369086638092995;0.8620689511299133
636;0.010716008953750134;0.8534482717514038
637;0.00908310990780592;0.9051724076271057
638;0.016894105821847916;0.8103448152542114
639;0.010771677829325199;0.8965517282485962
640;0.00930718146264553;0.9137930870056152
641;0.009995967149734497;0.8793103694915771
642;0.010515167377889156;0.8706896305084229
643;0.009959864430129528;0.8706896305084229
644;0.010010707192122936;0.8706896305084229
645;0.009799133986234665;0.8879310488700867
646;0.009778191335499287;0.8965517282485962
647;0.014990482479333878;0.8017241358757019
648;0.010050304234027863;0.9224137663841248
649;0.01046020444482565;0.8620689511299133
650;0.019051173701882362;0.7758620977401733
651;0.010566763579845428;0.8706896305084229
652;0.008783719502389431;0.8879310488700867
653;0.008901889435946941;0.8965517282485962
654;0.01083421241492033;0.8534482717514038
655;0.009380592033267021;0.8706896305084229
656;0.012694129720330238;0.8534482717514038
657;0.009699337184429169;0.931034505367279
658;0.009084588848054409;0.8965517282485962
659;0.009793752804398537;0.8793103694915771
660;0.010665366426110268;0.8706896305084229
661;0.010469716042280197;0.8448275923728943
662;0.010086744092404842;0.8879310488700867
663;0.012372802942991257;0.8362069129943848
664;0.014006702229380608;0.8448275923728943
665;0.010141048580408096;0.8706896305084229
666;0.014507945626974106;0.8103448152542114
667;0.017940180376172066;0.7844827771186829
668;0.008901572786271572;0.8879310488700867
669;0.019795848056674004;0.7413793206214905
670;0.014126592315733433;0.8017241358757019
671;0.011193038895726204;0.8706896305084229
672;0.01069081760942936;0.8706896305084229
673;0.013440762646496296;0.8103448152542114
674;0.010074548423290253;0.8448275923728943
675;0.009456354193389416;0.8965517282485962
676;0.012049541808664799;0.7931034564971924
677;0.011503126472234726;0.9224137663841248
678;0.00949860829859972;0.9051724076271057
679;0.013647250831127167;0.8103448152542114
680;0.008477924391627312;0.9137930870056152
681;0.011503183282911777;0.8448275923728943
682;0.020623106509447098;0.7586206793785095
683;0.01180355530232191;0.8362069129943848
684;0.009474589489400387;0.8793103694915771
685;0.009324980899691582;0.9137930870056152
686;0.009951417334377766;0.8879310488700867
687;0.012882869690656662;0.8620689511299133
688;0.019028441980481148;0.7931034564971924
689;0.015899423509836197;0.7758620977401733
690;0.011057239957153797;0.8275862336158752
691;0.009387434460222721;0.8879310488700867
692;0.008828687481582165;0.8706896305084229
693;0.017574043944478035;0.7758620977401733
694;0.011314239352941513;0.8620689511299133
695;0.01583288609981537;0.7844827771186829
696;0.010538430884480476;0.8879310488700867
697;0.01136363297700882;0.8534482717514038
698;0.00898946076631546;0.8965517282485962
699;0.009310773573815823;0.8879310488700867
700;0.017591452226042747;0.7586206793785095
701;0.00850347988307476;0.8879310488700867
702;0.010373259894549847;0.8620689511299133
703;0.00923957396298647;0.8879310488700867
704;0.01397292222827673;0.818965494632721
705;0.014413251541554928;0.8275862336158752
706;0.010845010168850422;0.8793103694915771
707;0.010662125423550606;0.9137930870056152
708;0.013816960155963898;0.8620689511299133
709;0.014692999422550201;0.818965494632721
710;0.008398881182074547;0.931034505367279
711;0.009335164912045002;0.9137930870056152
712;0.010410549119114876;0.8362069129943848
713;0.007966892793774605;0.9482758641242981
714;0.009824561886489391;0.8965517282485962
715;0.008470993489027023;0.9051724076271057
716;0.009166326373815536;0.8706896305084229
717;0.010242166928946972;0.8620689511299133
718;0.009290768764913082;0.9137930870056152
719;0.010370563715696335;0.8879310488700867
720;0.007830350659787655;0.931034505367279
721;0.007736993487924337;0.9396551847457886
722;0.009275690652430058;0.8965517282485962
723;0.009290479123592377;0.8706896305084229
724;0.015261380933225155;0.8275862336158752
725;0.008868302218616009;0.9224137663841248
726;0.007895969785749912;0.9224137663841248
727;0.00823778472840786;0.9051724076271057
728;0.007349922321736813;0.931034505367279
729;0.010454799048602581;0.8965517282485962
730;0.009038763120770454;0.8965517282485962
731;0.01524638757109642;0.8362069129943848
732;0.008368237875401974;0.8965517282485962
733;0.015061214566230774;0.8362069129943848
734;0.01118092704564333;0.8706896305084229
735;0.008802351541817188;0.9568965435028076
736;0.019478118047118187;0.7586206793785095
737;0.00959097221493721;0.8706896305084229
738;0.009253083728253841;0.9137930870056152
739;0.00851531233638525;0.9396551847457886
740;0.011056036688387394;0.8620689511299133
741;0.017572596669197083;0.7931034564971924
742;0.010930456221103668;0.8534482717514038
743;0.007780427113175392;0.931034505367279
744;0.008575758896768093;0.931034505367279
745;0.00829427782446146;0.9051724076271057
746;0.012747791595757008;0.8275862336158752
747;0.008854051120579243;0.931034505367279
748;0.008649878203868866;0.9051724076271057
749;0.014161456376314163;0.8448275923728943
750;0.008672728203237057;0.9224137663841248
751;0.013740546070039272;0.8534482717514038
752;0.011161506175994873;0.8448275923728943
753;0.017260035499930382;0.8017241358757019
754;0.008012007921934128;0.9137930870056152
755;0.007557579316198826;0.931034505367279
756;0.008953990414738655;0.9137930870056152
757;0.008106077089905739;0.9224137663841248
758;0.009262491948902607;0.931034505367279
759;0.008354539051651955;0.9051724076271057
760;0.008141265250742435;0.9396551847457886
761;0.014654389582574368;0.8362069129943848
762;0.01506651472300291;0.8620689511299133
763;0.010923144407570362;0.8793103694915771
764;0.012684928253293037;0.8534482717514038
765;0.010757549665868282;0.8448275923728943
766;0.008033179678022861;0.9396551847457886
767;0.011388368904590607;0.8793103694915771
768;0.00839852262288332;0.9137930870056152
769;0.017040276899933815;0.8103448152542114
770;0.008485713973641396;0.8965517282485962
771;0.009087958373129368;0.8793103694915771
772;0.010112069547176361;0.8793103694915771
773;0.007950963452458382;0.9051724076271057
774;0.009406435303390026;0.9137930870056152
775;0.008730882778763771;0.9051724076271057
776;0.007396991830319166;0.9224137663841248
777;0.00921179074794054;0.9051724076271057
778;0.009785909205675125;0.9137930870056152
779;0.008511591702699661;0.9224137663841248
780;0.007839476689696312;0.9224137663841248
781;0.0127228032797575;0.8706896305084229
782;0.0069535644724965096;0.9396551847457886
783;0.0075632850639522076;0.9396551847457886
784;0.013469441793859005;0.8706896305084229
785;0.014660432003438473;0.8534482717514038
786;0.009817556478083134;0.8879310488700867
787;0.00825478881597519;0.9137930870056152
788;0.009493101388216019;0.8793103694915771
789;0.011003232561051846;0.8879310488700867
790;0.014563634991645813;0.818965494632721
791;0.008339639753103256;0.9051724076271057
792;0.008302438072860241;0.9051724076271057
793;0.00752344261854887;0.9137930870056152
794;0.009191413410007954;0.8965517282485962
795;0.008164308965206146;0.8965517282485962
796;0.008018849417567253;0.9137930870056152
797;0.006874535698443651;0.9137930870056152
798;0.011288510635495186;0.8448275923728943
799;0.01899666339159012;0.767241358757019
800;0.015455834567546844;0.8362069129943848
801;0.015159687958657742;0.8362069129943848
802;0.008214701898396015;0.8965517282485962
803;0.015169302932918072;0.8362069129943848
804;0.00823682639747858;0.9137930870056152
805;0.007335121743381023;0.9396551847457886
806;0.007892873138189316;0.8965517282485962
807;0.015496707521378994;0.8275862336158752
808;0.007960442453622818;0.8879310488700867
809;0.009952250868082047;0.8620689511299133
810;0.006512646563351154;0.9482758641242981
811;0.008689308539032936;0.8879310488700867
812;0.007346817757934332;0.9482758641242981
813;0.007180325221270323;0.9224137663841248
814;0.012421347200870514;0.8448275923728943
815;0.007941908203065395;0.9224137663841248
816;0.013168503530323505;0.8620689511299133
817;0.008538353256881237;0.8965517282485962
818;0.008287686854600906;0.9051724076271057
819;0.010073341429233551;0.8793103694915771
820;0.010145091451704502;0.8793103694915771
821;0.01437524426728487;0.818965494632721
822;0.008716927841305733;0.9137930870056152
823;0.0072398255579173565;0.9051724076271057
824;0.007686424069106579;0.9137930870056152
825;0.010843168944120407;0.8706896305084229
826;0.009222605265676975;0.8793103694915771
827;0.015188110060989857;0.8362069129943848
828;0.008183794096112251;0.9051724076271057
829;0.00774175301194191;0.931034505367279
830;0.016712196171283722;0.8017241358757019
831;0.00944540649652481;0.8879310488700867
832;0.010212522931396961;0.9224137663841248
833;0.008384217508137226;0.931034505367279
834;0.0070699541829526424;0.9137930870056152
835;0.0072672683745622635;0.9224137663841248
836;0.009951375424861908;0.8793103694915771
837;0.016667962074279785;0.8103448152542114
838;0.00907992571592331;0.9396551847457886
839;0.007292190100997686;0.931034505367279
840;0.006711484398692846;0.9482758641242981
841;0.0072930194437503815;0.931034505367279
842;0.016561055555939674;0.818965494632721
843;0.012931342236697674;0.8620689511299133
844;0.013146509416401386;0.8448275923728943
845;0.009177949279546738;0.8965517282485962
846;0.009210506454110146;0.9051724076271057
847;0.008120122365653515;0.9482758641242981
848;0.008948368951678276;0.9224137663841248
849;0.00750503595918417;0.9224137663841248
850;0.007082133088260889;0.9224137663841248
851;0.012614664621651173;0.9137930870056152
852;0.008488737046718597;0.8879310488700867
853;0.007672423496842384;0.9137930870056152
854;0.015665479004383087;0.8793103694915771
855;0.009553658775985241;0.931034505367279
856;0.009231002070009708;0.8965517282485962
857;0.007660600356757641;0.8965517282485962
858;0.017909355461597443;0.7931034564971924
859;0.011562574654817581;0.8879310488700867
860;0.01293549407273531;0.8620689511299133
861;0.01267001498490572;0.8017241358757019
862;0.01015979889780283;0.8793103694915771
863;0.011504733003675938;0.9051724076271057
864;0.008151588030159473;0.931034505367279
865;0.013470555655658245;0.8534482717514038
866;0.013226214796304703;0.8706896305084229
867;0.006613096687942743;0.9224137663841248
868;0.007339244708418846;0.9224137663841248
869;0.013058415614068508;0.8706896305084229
870;0.011351940222084522;0.8706896305084229
871;0.007652240339666605;0.931034505367279
872;0.007805402856320143;0.931034505367279
873;0.013789612799882889;0.8620689511299133
874;0.007306139450520277;0.9051724076271057
875;0.010470986366271973;0.8448275923728943
876;0.00729054631665349;0.9137930870056152
877;0.008781814947724342;0.9137930870056152
878;0.01105522271245718;0.8879310488700867
879;0.007078598719090223;0.9396551847457886
880;0.008123711682856083;0.8965517282485962
881;0.011220722459256649;0.8706896305084229
882;0.008376975543797016;0.931034505367279
883;0.01340441033244133;0.8362069129943848
884;0.01009236741811037;0.9137930870056152
885;0.006922679953277111;0.9137930870056152
886;0.006851367186754942;0.931034505367279
887;0.009587083011865616;0.9137930870056152
888;0.01023571565747261;0.8879310488700867
889;0.015418916009366512;0.8362069129943848
890;0.015921711921691895;0.7931034564971924
891;0.007745699025690556;0.9224137663841248
892;0.00768766924738884;0.9137930870056152
893;0.009663254953920841;0.8793103694915771
894;0.007772160694003105;0.8965517282485962
895;0.008575160056352615;0.8879310488700867
896;0.006731449160724878;0.9224137663841248
897;0.006390678696334362;0.9396551847457886
898;0.006667240988463163;0.9224137663841248
899;0.008901032619178295;0.8965517282485962
900;0.008567786775529385;0.8879310488700867
901;0.0073638297617435455;0.931034505367279
902;0.0061639766208827496;0.931034505367279
903;0.006263629533350468;0.9224137663841248
904;0.007397624664008617;0.9137930870056152
905;0.014890511520206928;0.8620689511299133
906;0.007894773036241531;0.9051724076271057
907;0.006848486140370369;0.8965517282485962
908;0.006199080031365156;0.9396551847457886
909;0.008306268602609634;0.9051724076271057
910;0.008696500211954117;0.9224137663841248
911;0.009004288353025913;0.9137930870056152
912;0.01584186963737011;0.7931034564971924
913;0.008039969950914383;0.931034505367279
914;0.006932497955858707;0.931034505367279
915;0.008088396862149239;0.9224137663841248
916;0.007645051460713148;0.9396551847457886
917;0.00684563210234046;0.8965517282485962
918;0.01544169057160616;0.8103448152542114
919;0.007435087580233812;0.9137930870056152
920;0.006448244210332632;0.9224137663841248
921;0.007606816478073597;0.9224137663841248
922;0.014854754321277142;0.8275862336158752
923;0.0067254723981022835;0.931034505367279
924;0.007085940334945917;0.9224137663841248
925;0.009027761407196522;0.9396551847457886
926;0.006484272889792919;0.9396551847457886
927;0.008232184685766697;0.9396551847457886
928;0.006771050859242678;0.9396551847457886
929;0.0069257053546607494;0.9568965435028076
930;0.007031952030956745;0.9051724076271057
931;0.00640220008790493;0.9137930870056152
932;0.0060575613752007484;0.931034505367279
933;0.006851096637547016;0.9224137663841248
934;0.0076185860671103;0.9137930870056152
935;0.006776966620236635;0.931034505367279
936;0.01026392076164484;0.9224137663841248
937;0.0066478257067501545;0.9396551847457886
938;0.006902134045958519;0.9224137663841248
939;0.009755581617355347;0.9051724076271057
940;0.006256242282688618;0.9224137663841248
941;0.009423898532986641;0.8965517282485962
942;0.008934521116316319;0.9137930870056152
943;0.006037539336830378;0.9482758641242981
944;0.007088014855980873;0.9396551847457886
945;0.008630800992250443;0.9137930870056152
946;0.01279488205909729;0.8448275923728943
947;0.009975152090191841;0.8793103694915771
948;0.013367746025323868;0.8534482717514038
949;0.007099383044987917;0.931034505367279
950;0.006367625668644905;0.9137930870056152
951;0.007848604582250118;0.9396551847457886
952;0.012234484776854515;0.9137930870056152
953;0.00741219287738204;0.9224137663841248
954;0.01158989779651165;0.8879310488700867
955;0.007456709630787373;0.9137930870056152
956;0.00740557536482811;0.9137930870056152
957;0.006870171520859003;0.9396551847457886
958;0.006168739404529333;0.9224137663841248
959;0.008263396099209785;0.8965517282485962
960;0.007574634160846472;0.9224137663841248
961;0.0062055024318397045;0.9224137663841248
962;0.007063242141157389;0.931034505367279
963;0.008036638610064983;0.9137930870056152
964;0.008369778282940388;0.9051724076271057
965;0.006997171323746443;0.9137930870056152
966;0.006329352036118507;0.9137930870056152
967;0.006210661958903074;0.931034505367279
968;0.008434911258518696;0.8965517282485962
969;0.008341670036315918;0.9137930870056152
970;0.008682497777044773;0.9051724076271057
971;0.007946613244712353;0.9137930870056152
972;0.009705896489322186;0.8448275923728943
973;0.0068686287850141525;0.9396551847457886
974;0.008115341886878014;0.9224137663841248
975;0.006155990529805422;0.9224137663841248
976;0.011994016356766224;0.8879310488700867
977;0.006999561097472906;0.9224137663841248
978;0.007755074184387922;0.9224137663841248
979;0.011888963170349598;0.8793103694915771
980;0.007435701787471771;0.9137930870056152
981;0.0077678305096924305;0.9051724076271057
982;0.006848861929029226;0.9482758641242981
983;0.016104603186249733;0.7844827771186829
984;0.006902690045535564;0.9051724076271057
985;0.013852771371603012;0.8448275923728943
986;0.009556110017001629;0.8879310488700867
987;0.007952483370900154;0.9224137663841248
988;0.013664918020367622;0.9137930870056152
989;0.0069524492137134075;0.9137930870056152
990;0.008193770423531532;0.9137930870056152
991;0.007588599808514118;0.9051724076271057
992;0.0079708406701684;0.9224137663841248
993;0.017472822219133377;0.767241358757019
994;0.011331306770443916;0.9051724076271057
995;0.011415391229093075;0.9051724076271057
996;0.014593026600778103;0.8017241358757019
997;0.007743955589830875;0.9137930870056152
998;0.006703963503241539;0.931034505367279
999;0.011298692785203457;0.8879310488700867
1000;0.006895918399095535;0.931034505367279
1001;0.012593424879014492;0.8706896305084229
1002;0.00757388211786747;0.9396551847457886
1003;0.006660415790975094;0.931034505367279
1004;0.007049840409308672;0.9137930870056152
1005;0.013772069476544857;0.8362069129943848
1006;0.006380989216268063;0.9224137663841248
1007;0.015139534138143063;0.8448275923728943
1008;0.005859352648258209;0.931034505367279
1009;0.006868090480566025;0.9051724076271057
1010;0.006059104576706886;0.931034505367279
1011;0.006097698118537664;0.931034505367279
1012;0.010098039172589779;0.8706896305084229
1013;0.013546795584261417;0.8534482717514038
1014;0.014152481220662594;0.8706896305084229
1015;0.006780946161597967;0.9224137663841248
1016;0.006574037950485945;0.931034505367279
1017;0.009108182042837143;0.9051724076271057
1018;0.007162644062191248;0.9051724076271057
1019;0.006439151242375374;0.9396551847457886
1020;0.006526745390146971;0.9137930870056152
1021;0.00675716670230031;0.9396551847457886
1022;0.006791940424591303;0.8879310488700867
1023;0.006461613345891237;0.9224137663841248
1024;0.006819574628025293;0.9224137663841248
1025;0.006437878590077162;0.9224137663841248
1026;0.008166145533323288;0.8965517282485962
1027;0.00685568992048502;0.9396551847457886
1028;0.01142475102096796;0.8706896305084229
1029;0.011516110971570015;0.8620689511299133
1030;0.010937334038317204;0.8879310488700867
1031;0.011030670255422592;0.8965517282485962
1032;0.006349923554807901;0.9482758641242981
1033;0.006841444876044989;0.9051724076271057
1034;0.006683729123324156;0.931034505367279
1035;0.006463231518864632;0.9224137663841248
1036;0.007149169687181711;0.9224137663841248
1037;0.00990183837711811;0.9224137663841248
1038;0.01660267449915409;0.8362069129943848
1039;0.008213224820792675;0.8965517282485962
1040;0.0065591782331466675;0.9137930870056152
1041;0.005810299422591925;0.9568965435028076
1042;0.008158953860402107;0.9396551847457886
1043;0.006636729463934898;0.9224137663841248
1044;0.007744868751615286;0.931034505367279
1045;0.006945774890482426;0.9051724076271057
1046;0.009930581785738468;0.8965517282485962
1047;0.005466042086482048;0.9482758641242981
1048;0.007633731700479984;0.931034505367279
1049;0.006585529539734125;0.9224137663841248
1050;0.007535831071436405;0.9137930870056152
1051;0.007731711026281118;0.8965517282485962
1052;0.012567555531859398;0.8620689511299133
1053;0.009004550985991955;0.9137930870056152
1054;0.01400117389857769;0.8620689511299133
1055;0.006772251799702644;0.9137930870056152
1056;0.007499318104237318;0.9224137663841248
1057;0.009258782491087914;0.9396551847457886
1058;0.006775618530809879;0.9224137663841248
1059;0.007255992386490107;0.9482758641242981
1060;0.010852817445993423;0.9137930870056152
1061;0.006302185822278261;0.9137930870056152
1062;0.007753717713057995;0.9396551847457886
1063;0.009149858728051186;0.8965517282485962
1064;0.0069491746835410595;0.931034505367279
1065;0.010060543194413185;0.9051724076271057
1066;0.013726303353905678;0.8448275923728943
1067;0.015390654094517231;0.7844827771186829
1068;0.011738147586584091;0.8965517282485962
1069;0.008050575852394104;0.9396551847457886
1070;0.008182968944311142;0.8965517282485962
1071;0.010575862601399422;0.8620689511299133
1072;0.0065104044042527676;0.9396551847457886
1073;0.006813337095081806;0.9396551847457886
1074;0.006023194175213575;0.931034505367279
1075;0.006477911490947008;0.9224137663841248
1076;0.006459279451519251;0.9396551847457886
1077;0.0068570771254599094;0.9482758641242981
1078;0.012495167553424835;0.8706896305084229
1079;0.006336655467748642;0.931034505367279
1080;0.005617344286292791;0.931034505367279
1081;0.00614896509796381;0.9224137663841248
1082;0.006093838717788458;0.9224137663841248
1083;0.008328430354595184;0.8965517282485962
1084;0.005890597589313984;0.9482758641242981
1085;0.0083965715020895;0.9051724076271057
1086;0.014687912538647652;0.8448275923728943
1087;0.0058397152461111546;0.9482758641242981
1088;0.00626269681379199;0.931034505367279
1089;0.006219947710633278;0.931034505367279
1090;0.008302238769829273;0.9051724076271057
1091;0.007391985971480608;0.931034505367279
1092;0.0061952657997608185;0.9482758641242981
1093;0.010094302706420422;0.9051724076271057
1094;0.0078103612177073956;0.9224137663841248
1095;0.007662391290068626;0.8965517282485962
1096;0.014800818637013435;0.8362069129943848
1097;0.006459137424826622;0.9396551847457886
1098;0.0112703712657094;0.8793103694915771
1099;0.010257542133331299;0.8793103694915771
1100;0.00608225679025054;0.9224137663841248
1101;0.0066261738538742065;0.9137930870056152
1102;0.007869202643632889;0.8793103694915771
1103;0.012124116532504559;0.8965517282485962
1104;0.006630036514252424;0.9482758641242981
1105;0.01351086888462305;0.8620689511299133
1106;0.00806313194334507;0.9137930870056152
1107;0.006724504288285971;0.931034505367279
1108;0.014035201631486416;0.8793103694915771
1109;0.007437739986926317;0.931034505367279
1110;0.006829111371189356;0.931034505367279
1111;0.006742685567587614;0.9051724076271057
1112;0.006481005810201168;0.9396551847457886
1113;0.014308616518974304;0.8362069129943848
1114;0.005812212824821472;0.931034505367279
1115;0.007445863448083401;0.9051724076271057
1116;0.009348556399345398;0.8965517282485962
1117;0.007199187763035297;0.931034505367279
1118;0.006158630363643169;0.9655172228813171
1119;0.005908074323087931;0.9396551847457886
1120;0.006794656161218882;0.9137930870056152
1121;0.005340311210602522;0.931034505367279
1122;0.006236690562218428;0.9224137663841248
1123;0.006008860655128956;0.9224137663841248
1124;0.006216700654476881;0.9482758641242981
1125;0.006694938987493515;0.9396551847457886
1126;0.0058974772691726685;0.9482758641242981
1127;0.00606097187846899;0.9396551847457886
1128;0.012581775896251202;0.8793103694915771
1129;0.006170220673084259;0.9482758641242981
1130;0.008291486650705338;0.8879310488700867
1131;0.005755269899964333;0.931034505367279
1132;0.012154423631727695;0.8706896305084229
1133;0.006126651540398598;0.9051724076271057
1134;0.005489162169396877;0.9224137663841248
1135;0.007403266616165638;0.9051724076271057
1136;0.009968082420527935;0.9224137663841248
1137;0.009805796667933464;0.8620689511299133
1138;0.009336687624454498;0.931034505367279
1139;0.0065546296536922455;0.931034505367279
1140;0.006075924262404442;0.9224137663841248
1141;0.006466904655098915;0.9137930870056152
1142;0.006716665346175432;0.931034505367279
1143;0.0062289610505104065;0.931034505367279
1144;0.005784056149423122;0.9568965435028076
1145;0.00589336920529604;0.931034505367279
1146;0.005604983307421207;0.9482758641242981
1147;0.006064741872251034;0.9396551847457886
1148;0.007040906231850386;0.9137930870056152
1149;0.005947230849415064;0.9137930870056152
1150;0.01319634448736906;0.9051724076271057
1151;0.005656510591506958;0.931034505367279
1152;0.010690174996852875;0.9051724076271057
1153;0.005995586980134249;0.9137930870056152
1154;0.011238195933401585;0.8965517282485962
1155;0.00553834717720747;0.9396551847457886
1156;0.00758732296526432;0.9224137663841248
1157;0.0066219717264175415;0.931034505367279
1158;0.00673159072175622;0.931034505367279
1159;0.006815276574343443;0.9224137663841248
1160;0.005595814902335405;0.9396551847457886
1161;0.007283626589924097;0.9224137663841248
1162;0.0054196640849113464;0.9224137663841248
1163;0.006339875049889088;0.9396551847457886
1164;0.005699849221855402;0.9396551847457886
1165;0.008332420140504837;0.931034505367279
1166;0.007612635847181082;0.931034505367279
1167;0.005765961948782206;0.9396551847457886
1168;0.007776529993861914;0.9224137663841248
1169;0.009133370593190193;0.9224137663841248
1170;0.007277540862560272;0.9224137663841248
1171;0.006636126432567835;0.9396551847457886
1172;0.007898787036538124;0.931034505367279
1173;0.007552232127636671;0.9137930870056152
1174;0.014557304792106152;0.818965494632721
1175;0.006523914635181427;0.9396551847457886
1176;0.009143907576799393;0.9396551847457886
1177;0.006181629840284586;0.931034505367279
1178;0.006936664693057537;0.9137930870056152
1179;0.005851699970662594;0.9137930870056152
1180;0.011281226761639118;0.9137930870056152
1181;0.0072448053397238255;0.9051724076271057
1182;0.00890137068927288;0.9396551847457886
1183;0.010940843261778355;0.9224137663841248
1184;0.005934445653110743;0.8965517282485962
1185;0.0064559937454760075;0.9137930870056152
1186;0.006783324293792248;0.9137930870056152
1187;0.006427436601370573;0.9224137663841248
1188;0.009571182541549206;0.9396551847457886
1189;0.007523971144109964;0.8965517282485962
1190;0.005628511775285006;0.9568965435028076
1191;0.005919658578932285;0.9224137663841248
1192;0.0068680825643241405;0.931034505367279
1193;0.006170140579342842;0.931034505367279
1194;0.00780117092654109;0.9051724076271057
1195;0.005807311274111271;0.9137930870056152
1196;0.005783523432910442;0.9137930870056152
1197;0.01396150141954422;0.8793103694915771
1198;0.0064717973582446575;0.9137930870056152
1199;0.007514297030866146;0.8965517282485962
1200;0.010224168188869953;0.8879310488700867
1201;0.008491087704896927;0.9051724076271057
1202;0.013899252749979496;0.8534482717514038
1203;0.006501695141196251;0.9137930870056152
1204;0.00529748247936368;0.9568965435028076
1205;0.010876195505261421;0.8706896305084229
1206;0.007189065217971802;0.9396551847457886
1207;0.005870678927749395;0.9137930870056152
1208;0.008456549607217312;0.9051724076271057
1209;0.011333830654621124;0.8620689511299133
1210;0.0057689412496984005;0.9224137663841248
1211;0.00531101506203413;0.9396551847457886
1212;0.00635086465626955;0.9137930870056152
1213;0.006103204097598791;0.9051724076271057
1214;0.00584436347708106;0.931034505367279
1215;0.00576061150059104;0.9137930870056152
1216;0.004958732519298792;0.9482758641242981
1217;0.0054762838408350945;0.9482758641242981
1218;0.013473514467477798;0.8793103694915771
1219;0.005802979227155447;0.9482758641242981
1220;0.005733676254749298;0.9224137663841248
1221;0.005971984006464481;0.931034505367279
1222;0.010018927045166492;0.8793103694915771
1223;0.007815403863787651;0.9137930870056152
1224;0.013177400454878807;0.8879310488700867
1225;0.005871589761227369;0.9482758641242981
1226;0.007100771181285381;0.9137930870056152
1227;0.006174427457153797;0.9137930870056152
1228;0.005802367813885212;0.9482758641242981
1229;0.01147250086069107;0.8706896305084229
1230;0.00998634658753872;0.9051724076271057
1231;0.008467809297144413;0.8879310488700867
1232;0.007207660004496574;0.9224137663841248
1233;0.006686517968773842;0.9396551847457886
1234;0.0055973120033741;0.9224137663841248
1235;0.006081977393478155;0.9224137663841248
1236;0.005715073086321354;0.9224137663841248
1237;0.005756673868745565;0.9482758641242981
1238;0.005898775067180395;0.9137930870056152
1239;0.0059396568685770035;0.9137930870056152
1240;0.005803011357784271;0.9396551847457886
1241;0.006892519537359476;0.9137930870056152
1242;0.006243889685720205;0.931034505367279
1243;0.006710574962198734;0.9224137663841248
1244;0.01251133717596531;0.8793103694915771
1245;0.009823936969041824;0.9224137663841248
1246;0.006452261004596949;0.931034505367279
1247;0.006309565622359514;0.9137930870056152
1248;0.005890193395316601;0.931034505367279
1249;0.005733547732234001;0.9396551847457886
1250;0.007710902485996485;0.9396551847457886
1251;0.011908621527254581;0.818965494632721
1252;0.0090395612642169;0.8879310488700867
1253;0.00768790440633893;0.9224137663841248
1254;0.007153769955039024;0.9051724076271057
1255;0.007436152547597885;0.9137930870056152
1256;0.006396676879376173;0.9137930870056152
1257;0.006122543476521969;0.931034505367279
1258;0.014233666472136974;0.8620689511299133
1259;0.005196346435695887;0.9482758641242981
1260;0.007437237072736025;0.9051724076271057
1261;0.01165203470736742;0.8620689511299133
1262;0.006668468937277794;0.931034505367279
1263;0.012753648683428764;0.8534482717514038
1264;0.010254397056996822;0.8793103694915771
1265;0.005867604166269302;0.931034505367279
1266;0.006144753657281399;0.9137930870056152
1267;0.006734922062605619;0.9224137663841248
1268;0.007550745736807585;0.9224137663841248
1269;0.006263443734496832;0.9137930870056152
1270;0.005564675200730562;0.9396551847457886
1271;0.0052889189682900906;0.931034505367279
1272;0.0058734118938446045;0.9051724076271057
1273;0.006084204185754061;0.931034505367279
1274;0.013091055676341057;0.8793103694915771
1275;0.007044302765280008;0.8879310488700867
1276;0.008781238459050655;0.9224137663841248
1277;0.006736302748322487;0.9482758641242981
1278;0.010861794464290142;0.8965517282485962
1279;0.009013978764414787;0.9051724076271057
1280;0.006321745924651623;0.9655172228813171
1281;0.006303271744400263;0.9224137663841248
1282;0.005488355178385973;0.931034505367279
1283;0.006187824998050928;0.9568965435028076
1284;0.008881914429366589;0.9051724076271057
1285;0.01063396967947483;0.8793103694915771
1286;0.007073583081364632;0.9224137663841248
1287;0.006541549228131771;0.9396551847457886
1288;0.008095940575003624;0.9396551847457886
1289;0.006047012284398079;0.931034505367279
1290;0.00591050460934639;0.9051724076271057
1291;0.00676922919228673;0.9137930870056152
1292;0.012149347923696041;0.8965517282485962
1293;0.006110487040132284;0.8965517282485962
1294;0.005062486510723829;0.9396551847457886
1295;0.006120712496340275;0.9224137663841248
1296;0.005460144020617008;0.9224137663841248
1297;0.005850005894899368;0.931034505367279
1298;0.006254404317587614;0.9396551847457886
1299;0.01041442435234785;0.9051724076271057
1300;0.00823022611439228;0.9051724076271057
1301;0.009021676145493984;0.9224137663841248
1302;0.012009844183921814;0.8879310488700867
1303;0.011146671138703823;0.8793103694915771
1304;0.005496010649949312;0.931034505367279
1305;0.006924291606992483;0.931034505367279
1306;0.0064072879031300545;0.9482758641242981
1307;0.009343956597149372;0.8706896305084229
1308;0.0060845972038805485;0.9051724076271057
1309;0.007225946523249149;0.9137930870056152
1310;0.0076833064667880535;0.9224137663841248
1311;0.010085898451507092;0.9137930870056152
1312;0.0056611597537994385;0.931034505367279
1313;0.00630806852132082;0.9224137663841248
1314;0.007982117123901844;0.8706896305084229
1315;0.005827051587402821;0.9051724076271057
1316;0.0051680030301213264;0.9396551847457886
1317;0.006995434407144785;0.8965517282485962
1318;0.006734073627740145;0.9396551847457886
1319;0.006710990332067013;0.931034505367279
1320;0.006328181363642216;0.9137930870056152
1321;0.006725803948938847;0.931034505367279
1322;0.005806096829473972;0.9396551847457886
1323;0.005682775285094976;0.9482758641242981
1324;0.005917146801948547;0.931034505367279
1325;0.00838548969477415;0.9051724076271057
1326;0.009344137273728848;0.9051724076271057
1327;0.005583946127444506;0.9224137663841248
1328;0.005589972250163555;0.931034505367279
1329;0.0055365366861224174;0.9396551847457886
1330;0.006299806293100119;0.9224137663841248
1331;0.0048910160548985004;0.9568965435028076
1332;0.005778698716312647;0.9224137663841248
1333;0.007728243246674538;0.9396551847457886
1334;0.005799946375191212;0.9224137663841248
1335;0.006004142574965954;0.9137930870056152
1336;0.006672401912510395;0.9137930870056152
1337;0.004978806711733341;0.9224137663841248
1338;0.007608761545270681;0.9137930870056152
1339;0.005555948708206415;0.9396551847457886
1340;0.005017340183258057;0.9396551847457886
1341;0.006230771075934172;0.9224137663841248
1342;0.0052591473795473576;0.9224137663841248
1343;0.005298985168337822;0.931034505367279
1344;0.0054916637018322945;0.9051724076271057
1345;0.0051192110404372215;0.9482758641242981
1346;0.012613300234079361;0.9051724076271057
1347;0.005652124062180519;0.9137930870056152
1348;0.0061464388854801655;0.9396551847457886
1349;0.005428970791399479;0.931034505367279
1350;0.005361346993595362;0.9396551847457886
1351;0.0048375483602285385;0.9482758641242981
1352;0.005966405849903822;0.9224137663841248
1353;0.005572517868131399;0.9224137663841248
1354;0.008388030342757702;0.8965517282485962
1355;0.0064263311214745045;0.9396551847457886
1356;0.006722784601151943;0.9137930870056152
1357;0.005916613154113293;0.931034505367279
1358;0.004983438178896904;0.9224137663841248
1359;0.005477133672684431;0.9396551847457886
1360;0.005240763537585735;0.9655172228813171
1361;0.005539246369153261;0.9224137663841248
1362;0.010642834939062595;0.8706896305084229
1363;0.005767094437032938;0.9396551847457886
1364;0.005122652277350426;0.9568965435028076
1365;0.005718892440199852;0.9224137663841248
1366;0.008585434406995773;0.9655172228813171
1367;0.0053876969031989574;0.9137930870056152
1368;0.005820180755108595;0.9137930870056152
1369;0.00596229312941432;0.9137930870056152
1370;0.005284495651721954;0.931034505367279
1371;0.004900384694337845;0.9396551847457886
1372;0.0062521761283278465;0.9051724076271057
1373;0.013234274461865425;0.8706896305084229
1374;0.007327551953494549;0.9137930870056152
1375;0.009338488802313805;0.9137930870056152
1376;0.0059643215499818325;0.9224137663841248
1377;0.012480352073907852;0.8965517282485962
1378;0.005207695998251438;0.9396551847457886
1379;0.00699907261878252;0.9396551847457886
1380;0.007162344176322222;0.9224137663841248
1381;0.005894926376640797;0.9224137663841248
1382;0.006109761074185371;0.9137930870056152
1383;0.006001708097755909;0.9137930870056152
1384;0.004778093658387661;0.931034505367279
1385;0.007758299354463816;0.8448275923728943
1386;0.00505033740773797;0.931034505367279
1387;0.005040109623223543;0.931034505367279
1388;0.005541633348912001;0.931034505367279
1389;0.004584244918078184;0.9396551847457886
1390;0.007388485595583916;0.9396551847457886
1391;0.006495678331702948;0.9137930870056152
1392;0.00526048569008708;0.9396551847457886
1393;0.004849602933973074;0.931034505367279
1394;0.0050812684930861;0.9568965435028076
1395;0.005027269944548607;0.9396551847457886
1396;0.010255652479827404;0.8448275923728943
1397;0.006148758810013533;0.9137930870056152
1398;0.005081961862742901;0.931034505367279
1399;0.005911235697567463;0.9051724076271057
1400;0.005510343238711357;0.9482758641242981
1401;0.00860231276601553;0.8965517282485962
1402;0.005100143142044544;0.9396551847457886
1403;0.005396310705691576;0.9224137663841248
1404;0.005810653790831566;0.9224137663841248
1405;0.005576267372816801;0.9396551847457886
1406;0.004861827939748764;0.9482758641242981
1407;0.005269628018140793;0.9137930870056152
1408;0.005581642966717482;0.9224137663841248
1409;0.005413800477981567;0.9224137663841248
1410;0.00717180734500289;0.9568965435028076
1411;0.005288298707455397;0.9224137663841248
1412;0.005350837484002113;0.9396551847457886
1413;0.005262736696749926;0.931034505367279
1414;0.010625564493238926;0.9224137663841248
1415;0.007219486404210329;0.9137930870056152
1416;0.005543935112655163;0.9137930870056152
1417;0.005376290995627642;0.9224137663841248
1418;0.006599191576242447;0.9396551847457886
1419;0.007163157686591148;0.9482758641242981
1420;0.012604684568941593;0.8793103694915771
1421;0.005512549076229334;0.9224137663841248
1422;0.005019501317292452;0.9482758641242981
1423;0.005884568206965923;0.9482758641242981
1424;0.0051236930303275585;0.9396551847457886
1425;0.005762389395385981;0.9224137663841248
1426;0.005584224127233028;0.9137930870056152
1427;0.005448207259178162;0.9224137663841248
1428;0.005525939632207155;0.9224137663841248
1429;0.005459592677652836;0.9137930870056152
1430;0.010204891674220562;0.8879310488700867
1431;0.0059077502228319645;0.9051724076271057
1432;0.005428450182080269;0.9224137663841248
1433;0.005270522553473711;0.9137930870056152
1434;0.005164249334484339;0.9568965435028076
1435;0.00533059798181057;0.9396551847457886
1436;0.006250019185245037;0.9396551847457886
1437;0.006001630332320929;0.8965517282485962
1438;0.0057528759352862835;0.931034505367279
1439;0.005581310484558344;0.9137930870056152
1440;0.005579337943345308;0.9396551847457886
1441;0.0059373811818659306;0.9051724076271057
1442;0.005860503762960434;0.9396551847457886
1443;0.006654377095401287;0.9051724076271057
1444;0.005914106033742428;0.9224137663841248
1445;0.004939952399581671;0.9137930870056152
1446;0.005873830523341894;0.9051724076271057
1447;0.013104520738124847;0.8793103694915771
1448;0.005196251440793276;0.9396551847457886
1449;0.004990613088011742;0.931034505367279
1450;0.005869396962225437;0.9396551847457886
1451;0.00577766727656126;0.9137930870056152
1452;0.006707644555717707;0.9224137663841248
1453;0.007509097922593355;0.8965517282485962
1454;0.007624879479408264;0.931034505367279
1455;0.009739823639392853;0.8965517282485962
1456;0.006230256054550409;0.9224137663841248
1457;0.005073369946330786;0.9396551847457886
1458;0.0057831634767353535;0.9224137663841248
1459;0.006007540039718151;0.9396551847457886
1460;0.008819114416837692;0.9137930870056152
1461;0.012613565661013126;0.8448275923728943
1462;0.005254181567579508;0.9224137663841248
1463;0.005042059347033501;0.9396551847457886
1464;0.008017663843929768;0.9224137663841248
1465;0.012604095041751862;0.8879310488700867
1466;0.0055738454684615135;0.931034505367279
1467;0.006093831267207861;0.9051724076271057
1468;0.006622417364269495;0.9396551847457886
1469;0.006132973358035088;0.931034505367279
1470;0.005635565146803856;0.9137930870056152
1471;0.006193830631673336;0.9137930870056152
1472;0.005730860400944948;0.931034505367279
1473;0.005473840516060591;0.9137930870056152
1474;0.006319801323115826;0.9396551847457886
1475;0.005569622851908207;0.9137930870056152
1476;0.004820713307708502;0.9396551847457886
1477;0.010668681003153324;0.8879310488700867
1478;0.0071824281476438046;0.9224137663841248
1479;0.005571148358285427;0.8965517282485962
1480;0.005483883898705244;0.9224137663841248
1481;0.0054832459427416325;0.9224137663841248
1482;0.004695523530244827;0.9482758641242981
1483;0.005179497878998518;0.931034505367279
1484;0.005175868980586529;0.9482758641242981
1485;0.005742790177464485;0.931034505367279
1486;0.004798313602805138;0.931034505367279
1487;0.005990232340991497;0.9224137663841248
1488;0.005407879129052162;0.9137930870056152
1489;0.005319881718605757;0.9482758641242981
1490;0.005353166721761227;0.9655172228813171
1491;0.005370726343244314;0.931034505367279
1492;0.005141222383826971;0.9396551847457886
1493;0.010310182347893715;0.9137930870056152
1494;0.0062826587818562984;0.931034505367279
1495;0.0066976179368793964;0.9224137663841248
1496;0.00593114597722888;0.9224137663841248
1497;0.012183907441794872;0.8275862336158752
1498;0.009924155659973621;0.8706896305084229
1499;0.01048048585653305;0.8965517282485962
