iteration;loss;accuracy
0;0.01765432208776474;0.0699300691485405
1;0.016709739342331886;0.0839160829782486
2;0.016588404774665833;0.06293706595897675
3;0.016805090010166168;0.0839160829782486
4;0.01676231622695923;0.0699300691485405
5;0.016686275601387024;0.0559440553188324
6;0.0165414921939373;0.0839160829782486
7;0.016477447003126144;0.09090909361839294
8;0.016392376273870468;0.09090909361839294
9;0.016438208520412445;0.09090909361839294
10;0.01643407717347145;0.1118881106376648
11;0.016344361007213593;0.14685314893722534
12;0.016369758173823357;0.11888112127780914
13;0.01635378785431385;0.1118881106376648
14;0.016300143674016;0.1258741319179535
15;0.016205813735723495;0.1258741319179535
16;0.01622137427330017;0.1118881106376648
17;0.016138995066285133;0.16083915531635284
18;0.01617623120546341;0.13286712765693665
19;0.01610652543604374;0.139860138297081
20;0.01606488786637783;0.139860138297081
21;0.01602902077138424;0.1538461595773697
22;0.015959294512867928;0.1818181872367859
23;0.01592397503554821;0.18881118297576904
24;0.015849504619836807;0.1538461595773697
25;0.01590944640338421;0.11888112127780914
26;0.015710683539509773;0.20279720425605774
27;0.015667326748371124;0.17482517659664154
28;0.01573721319437027;0.2097902148962021
29;0.015578017570078373;0.20279720425605774
30;0.015584239736199379;0.14685314893722534
31;0.015501848421990871;0.1818181872367859
32;0.015463870950043201;0.18881118297576904
33;0.015464899130165577;0.1818181872367859
34;0.01533463690429926;0.1958041936159134
35;0.01541835069656372;0.17482517659664154
36;0.015149401500821114;0.25874125957489014
37;0.015178637579083443;0.2237762212753296
38;0.015178700909018517;0.16083915531635284
39;0.015057692304253578;0.2657342553138733
40;0.015066147781908512;0.2377622425556183
41;0.015039380639791489;0.2237762212753296
42;0.01504848524928093;0.20279720425605774
43;0.014980975538492203;0.23076923191547394
44;0.014989317394793034;0.21678321063518524
45;0.014895016327500343;0.2377622425556183
46;0.014872951433062553;0.24475523829460144
47;0.014844590798020363;0.2657342553138733
48;0.014904738403856754;0.17482517659664154
49;0.014747227542102337;0.28671327233314514
50;0.014764654450118542;0.28671327233314514
51;0.014779324643313885;0.2097902148962021
52;0.014752800576388836;0.3076923191547394
53;0.014686579816043377;0.251748263835907
54;0.014686639420688152;0.2937062978744507
55;0.014581906609237194;0.30069929361343384
56;0.014675012789666653;0.32867133617401123
57;0.01451944001019001;0.251748263835907
58;0.014531760476529598;0.27272728085517883
59;0.01452135294675827;0.251748263835907
60;0.014499944634735584;0.3356643319129944
61;0.014479810371994972;0.23076923191547394
62;0.014469828456640244;0.279720276594162
63;0.014269203878939152;0.2937062978744507
64;0.01449887827038765;0.25874125957489014
65;0.014408314600586891;0.30069929361343384
66;0.01444125734269619;0.2937062978744507
67;0.014268483966588974;0.3076923191547394
68;0.01422176230698824;0.25874125957489014
69;0.014379811473190784;0.2657342553138733
70;0.01427213940769434;0.27272728085517883
71;0.01439614873379469;0.28671327233314514
72;0.014129821211099625;0.32867133617401123
73;0.014211433939635754;0.37062937021255493
74;0.01411791518330574;0.31468531489372253
75;0.014146903529763222;0.3356643319129944
76;0.014076560735702515;0.3496503531932831
77;0.014001241885125637;0.3426573574542999
78;0.014147605746984482;0.32867133617401123
79;0.013971536420285702;0.38461539149284363
80;0.013926711864769459;0.3636363744735718
81;0.013812202960252762;0.3636363744735718
82;0.013995067216455936;0.3356643319129944
83;0.013837195932865143;0.31468531489372253
84;0.013857971876859665;0.3636363744735718
85;0.013784997165203094;0.46853145956993103
86;0.013772854581475258;0.3916083872318268
87;0.013724204152822495;0.4195804297924042
88;0.013629861176013947;0.4545454680919647
89;0.013703311793506145;0.37062937021255493
90;0.013659724034368992;0.3426573574542999
91;0.013400030322372913;0.4055944085121155
92;0.013607664033770561;0.3986014127731323
93;0.013577924109995365;0.3916083872318268
94;0.01354445330798626;0.3986014127731323
95;0.013734543696045876;0.3776223659515381
96;0.013721918687224388;0.41258740425109863
97;0.013462953269481659;0.4615384638309479
98;0.013466433621942997;0.4335664212703705
99;0.013090912252664566;0.4475524425506592
100;0.013218116946518421;0.4335664212703705
101;0.013266317546367645;0.440559446811676
102;0.01330316998064518;0.4755244851112366
103;0.013079604133963585;0.46853145956993103
104;0.012919851578772068;0.46853145956993103
105;0.012952773831784725;0.4755244851112366
106;0.012926471419632435;0.503496527671814
107;0.013017739169299603;0.4545454680919647
108;0.01277836225926876;0.4615384638309479
109;0.012691754847764969;0.5174825191497803
110;0.012867506593465805;0.4615384638309479
111;0.01257198303937912;0.5384615659713745
112;0.012734269723296165;0.5174825191497803
113;0.012834825552999973;0.440559446811676
114;0.012753864750266075;0.42657342553138733
115;0.012842013500630856;0.5314685106277466
116;0.012565585784614086;0.5174825191497803
117;0.01259551290422678;0.5314685106277466
118;0.012287693098187447;0.5874125957489014
119;0.01238309033215046;0.4755244851112366
120;0.012398817576467991;0.4965035021305084
121;0.012399698607623577;0.5104895234107971
122;0.012484760023653507;0.5244755148887634
123;0.012214338406920433;0.5454545617103577
124;0.012296037748456001;0.5174825191497803
125;0.012142755091190338;0.5174825191497803
126;0.012036582455039024;0.5664335489273071
127;0.012157240882515907;0.5104895234107971
128;0.01192247960716486;0.5664335489273071
129;0.01195474062114954;0.5174825191497803
130;0.012147974222898483;0.4825174808502197
131;0.012000931426882744;0.5314685106277466
132;0.01206905860453844;0.5734265446662903
133;0.011670020408928394;0.6223776340484619
134;0.011742794886231422;0.5314685106277466
135;0.01200544461607933;0.5174825191497803
136;0.011896120384335518;0.5944055914878845
137;0.011881779879331589;0.5314685106277466
138;0.011665168218314648;0.559440553188324
139;0.011961722746491432;0.5664335489273071
140;0.011956808157265186;0.5314685106277466
141;0.011724970303475857;0.5104895234107971
142;0.011538226157426834;0.5874125957489014
143;0.01174463052302599;0.5384615659713745
144;0.011290911585092545;0.6293706297874451
145;0.011764640919864178;0.6013985872268677
146;0.011334747076034546;0.6223776340484619
147;0.01183420792222023;0.5104895234107971
148;0.011235106736421585;0.6013985872268677
149;0.01171597559005022;0.5804196000099182
150;0.011581447906792164;0.5734265446662903
151;0.011689777486026287;0.5524475574493408
152;0.011592264287173748;0.5734265446662903
153;0.011218531057238579;0.6083915829658508
154;0.011510995216667652;0.5734265446662903
155;0.011125861667096615;0.6293706297874451
156;0.011226627975702286;0.5734265446662903
157;0.011195484548807144;0.6083915829658508
158;0.011060979217290878;0.6503496766090393
159;0.011006738059222698;0.6153846383094788
160;0.011089726351201534;0.6083915829658508
161;0.010706696659326553;0.6853147149085999
162;0.010904191993176937;0.6153846383094788
163;0.010820149444043636;0.6503496766090393
164;0.010906677693128586;0.6083915829658508
165;0.011068862862884998;0.559440553188324
166;0.010874344035983086;0.6153846383094788
167;0.010826307348906994;0.6223776340484619
168;0.010812214575707912;0.6363636255264282
169;0.010784554295241833;0.6573426723480225
170;0.010688576847314835;0.5804196000099182
171;0.010621757246553898;0.6503496766090393
172;0.010809199884533882;0.6153846383094788
173;0.010657455772161484;0.6433566212654114
174;0.010432855226099491;0.6223776340484619
175;0.010657081380486488;0.5454545617103577
176;0.010601970367133617;0.6433566212654114
177;0.010688245296478271;0.5804196000099182
178;0.010606893338263035;0.6503496766090393
179;0.010333290323615074;0.6643356680870056
180;0.010410219430923462;0.6713286638259888
181;0.010290507227182388;0.692307710647583
182;0.01042412780225277;0.6223776340484619
183;0.010415985248982906;0.6433566212654114
184;0.010107920505106449;0.6713286638259888
185;0.010348161682486534;0.6153846383094788
186;0.010272904299199581;0.6433566212654114
187;0.010222761891782284;0.6783216595649719
188;0.009830011986196041;0.7132866978645325
189;0.010084858164191246;0.6503496766090393
190;0.00991175789386034;0.6223776340484619
191;0.010135692544281483;0.6503496766090393
192;0.009917041286826134;0.692307710647583
193;0.0099336514249444;0.6573426723480225
194;0.009891730733215809;0.6433566212654114
195;0.00986454263329506;0.6853147149085999
196;0.009757356718182564;0.6713286638259888
197;0.009587095119059086;0.692307710647583
198;0.009715469554066658;0.6993007063865662
199;0.009822079911828041;0.6993007063865662
200;0.009614509530365467;0.6853147149085999
201;0.009787281975150108;0.7062937021255493
202;0.009599597193300724;0.692307710647583
203;0.009707075543701649;0.6853147149085999
204;0.009657231159508228;0.6643356680870056
205;0.009531903080642223;0.7202796936035156
206;0.009985897690057755;0.6573426723480225
207;0.009589849971234798;0.692307710647583
208;0.009688418358564377;0.7412587404251099
209;0.009686652570962906;0.6573426723480225
210;0.009228149428963661;0.6363636255264282
211;0.00908910483121872;0.7272727489471436
212;0.009154507890343666;0.6993007063865662
213;0.009312008507549763;0.692307710647583
214;0.009302651509642601;0.6853147149085999
215;0.009644120000302792;0.6223776340484619
216;0.00912255235016346;0.7062937021255493
217;0.009543467313051224;0.6503496766090393
218;0.009609672240912914;0.6713286638259888
219;0.009072080254554749;0.748251736164093
220;0.00935218296945095;0.7622377872467041
221;0.009061229415237904;0.7132866978645325
222;0.009276867844164371;0.7062937021255493
223;0.009251519106328487;0.7342657446861267
224;0.009162746369838715;0.7062937021255493
225;0.00914896558970213;0.7342657446861267
226;0.00895263534039259;0.7342657446861267
227;0.009640295058488846;0.6643356680870056
228;0.008975804783403873;0.692307710647583
229;0.009349305182695389;0.6643356680870056
230;0.008673994801938534;0.7552447319030762
231;0.00903669185936451;0.7132866978645325
232;0.008810320869088173;0.7412587404251099
233;0.008780269883573055;0.748251736164093
234;0.008732826448976994;0.7412587404251099
235;0.008763875812292099;0.6993007063865662
236;0.00908532366156578;0.6993007063865662
237;0.008766128681600094;0.7342657446861267
238;0.008675129152834415;0.7552447319030762
239;0.009006159380078316;0.6643356680870056
240;0.008831538259983063;0.692307710647583
241;0.008595510385930538;0.7132866978645325
242;0.008839573711156845;0.748251736164093
243;0.008818215690553188;0.7062937021255493
244;0.008694048970937729;0.7202796936035156
245;0.008792422711849213;0.6783216595649719
246;0.008717718534171581;0.7062937021255493
247;0.00859080534428358;0.7692307829856873
248;0.008572361432015896;0.7342657446861267
249;0.008640510030090809;0.7272727489471436
250;0.009068234823644161;0.7132866978645325
251;0.008615020662546158;0.692307710647583
252;0.008804873563349247;0.692307710647583
253;0.008628255687654018;0.7342657446861267
254;0.008664154447615147;0.6993007063865662
255;0.00838096346706152;0.7412587404251099
256;0.00875804666429758;0.7202796936035156
257;0.008487160317599773;0.7622377872467041
258;0.008551215752959251;0.7202796936035156
259;0.008680088445544243;0.7202796936035156
260;0.008862863294780254;0.6643356680870056
261;0.008578953333199024;0.7202796936035156
262;0.008093909360468388;0.7692307829856873
263;0.00830718781799078;0.7902097702026367
264;0.008534708991646767;0.7692307829856873
265;0.008207130245864391;0.7342657446861267
266;0.008602830581367016;0.6993007063865662
267;0.008261390961706638;0.6993007063865662
268;0.008549869991838932;0.6993007063865662
269;0.008831236511468887;0.7412587404251099
270;0.008029365912079811;0.7692307829856873
271;0.008172338828444481;0.7832167744636536
272;0.008396677672863007;0.7552447319030762
273;0.008043146692216396;0.7902097702026367
274;0.007985381409525871;0.7762237787246704
275;0.008638846687972546;0.6993007063865662
276;0.00786062516272068;0.7342657446861267
277;0.007866056635975838;0.7832167744636536
278;0.008307264186441898;0.7552447319030762
279;0.008239159360527992;0.7832167744636536
280;0.007977789267897606;0.7622377872467041
281;0.007986072450876236;0.7412587404251099
282;0.007805278990417719;0.7762237787246704
283;0.008124925196170807;0.7552447319030762
284;0.007970299571752548;0.7132866978645325
285;0.00788745004683733;0.7552447319030762
286;0.008056712336838245;0.7202796936035156
287;0.0077142552472651005;0.7762237787246704
288;0.00815223902463913;0.7972028255462646
289;0.0077448999509215355;0.7762237787246704
290;0.007729905191808939;0.8251748085021973
291;0.007791187148541212;0.7972028255462646
292;0.007818182930350304;0.7762237787246704
293;0.00755082443356514;0.7692307829856873
294;0.008077806793153286;0.7692307829856873
295;0.007818819023668766;0.811188817024231
296;0.007630978245288134;0.8181818127632141
297;0.007777070626616478;0.7692307829856873
298;0.007930382154881954;0.6993007063865662
299;0.007797548081725836;0.7692307829856873
300;0.007940880954265594;0.748251736164093
301;0.007781127467751503;0.8181818127632141
302;0.007832761853933334;0.8041958212852478
303;0.007627297658473253;0.7902097702026367
304;0.0074659716337919235;0.8321678042411804
305;0.007743011228740215;0.8531468510627747
306;0.007420757319778204;0.8181818127632141
307;0.007677827496081591;0.7062937021255493
308;0.008049942553043365;0.7622377872467041
309;0.00738826859742403;0.8251748085021973
310;0.007496173493564129;0.7832167744636536
311;0.007780893240123987;0.811188817024231
312;0.007270582485944033;0.8181818127632141
313;0.007443709298968315;0.7832167744636536
314;0.007696300279349089;0.7622377872467041
315;0.007577172946184874;0.7762237787246704
316;0.007415217813104391;0.7972028255462646
317;0.007379838265478611;0.7552447319030762
318;0.007468980737030506;0.7692307829856873
319;0.007387347053736448;0.7902097702026367
320;0.007163201458752155;0.8531468510627747
321;0.00719404174014926;0.8181818127632141
322;0.007463846355676651;0.7902097702026367
323;0.0072564976289868355;0.7972028255462646
324;0.007414564024657011;0.7902097702026367
325;0.007525478024035692;0.7832167744636536
326;0.007611938286572695;0.7692307829856873
327;0.007297803647816181;0.8321678042411804
328;0.0068897670134902;0.8321678042411804
329;0.007063914090394974;0.8251748085021973
330;0.007192370481789112;0.8041958212852478
331;0.0073746927082538605;0.8181818127632141
332;0.007150911260396242;0.8391608595848083
333;0.007127320393919945;0.8181818127632141
334;0.007194729521870613;0.8041958212852478
335;0.007340486627072096;0.7762237787246704
336;0.007210475858300924;0.8391608595848083
337;0.007200305350124836;0.8251748085021973
338;0.007217449136078358;0.8041958212852478
339;0.006772726774215698;0.8321678042411804
340;0.00704620499163866;0.8181818127632141
341;0.006976881064474583;0.8321678042411804
342;0.0071648345328867435;0.7832167744636536
343;0.006681603845208883;0.8321678042411804
344;0.007087092846632004;0.8181818127632141
345;0.006662460975348949;0.8251748085021973
346;0.006826387718319893;0.8461538553237915
347;0.0068320841528475285;0.8461538553237915
348;0.006618693005293608;0.8251748085021973
349;0.006767785642296076;0.8181818127632141
350;0.007017683237791061;0.8181818127632141
351;0.006719464436173439;0.8251748085021973
352;0.006551393307745457;0.8461538553237915
353;0.00700002908706665;0.7902097702026367
354;0.0063365912064909935;0.8531468510627747
355;0.006648491136729717;0.8391608595848083
356;0.0065481169149279594;0.8321678042411804
357;0.006692169699817896;0.867132842540741
358;0.006660694256424904;0.8321678042411804
359;0.006299471482634544;0.867132842540741
360;0.006440642289817333;0.8461538553237915
361;0.006544854026287794;0.8531468510627747
362;0.006775539368391037;0.811188817024231
363;0.006495316047221422;0.8391608595848083
364;0.006735645700246096;0.8391608595848083
365;0.006558856926858425;0.8461538553237915
366;0.006771145388484001;0.8041958212852478
367;0.006782033015042543;0.8391608595848083
368;0.006500321440398693;0.8601398468017578
369;0.00667211040854454;0.8181818127632141
370;0.006364601198583841;0.8391608595848083
371;0.006614732556045055;0.8181818127632141
372;0.006497691851109266;0.8391608595848083
373;0.006536751985549927;0.8181818127632141
374;0.006405205931514502;0.8251748085021973
375;0.006608793046325445;0.8531468510627747
376;0.006608948111534119;0.7902097702026367
377;0.006738730240613222;0.8181818127632141
378;0.006248698104172945;0.867132842540741
379;0.0062423450872302055;0.8741258978843689
380;0.006649032700806856;0.8181818127632141
381;0.0061440677382051945;0.811188817024231
382;0.006596803665161133;0.8531468510627747
383;0.006825107149779797;0.8041958212852478
384;0.0063143218867480755;0.8601398468017578
385;0.006343372631818056;0.811188817024231
386;0.0064690797589719296;0.811188817024231
387;0.006402364932000637;0.8041958212852478
388;0.006154301576316357;0.8881118893623352
389;0.006065359804779291;0.8321678042411804
390;0.0063096280209720135;0.8531468510627747
391;0.006378620862960815;0.7972028255462646
392;0.006111936643719673;0.811188817024231
393;0.007311887573450804;0.7902097702026367
394;0.006517981179058552;0.8321678042411804
395;0.006380564998835325;0.8391608595848083
396;0.0070567806251347065;0.7622377872467041
397;0.006419626995921135;0.8531468510627747
398;0.007193712517619133;0.8531468510627747
399;0.006788191385567188;0.8531468510627747
400;0.0061863865703344345;0.8251748085021973
401;0.0064958264119923115;0.8951048851013184
402;0.00691677862778306;0.7972028255462646
403;0.006297880318015814;0.8391608595848083
404;0.006869646720588207;0.8531468510627747
405;0.006495035253465176;0.8601398468017578
406;0.0064988406375050545;0.8251748085021973
407;0.006157383322715759;0.8181818127632141
408;0.0064772265031933784;0.8251748085021973
409;0.006196153815835714;0.8601398468017578
410;0.006192775443196297;0.8601398468017578
411;0.005992671940475702;0.8601398468017578
412;0.006018076557666063;0.8251748085021973
413;0.006136234849691391;0.867132842540741
414;0.00648284750059247;0.8181818127632141
415;0.005829968024045229;0.867132842540741
416;0.0060092187486588955;0.8531468510627747
417;0.006488182116299868;0.8321678042411804
418;0.006096508353948593;0.8321678042411804
419;0.005991693586111069;0.8321678042411804
420;0.00616267928853631;0.8321678042411804
421;0.006092705298215151;0.881118893623352
422;0.005749546457082033;0.8391608595848083
423;0.006050779949873686;0.8741258978843689
424;0.005624409299343824;0.8741258978843689
425;0.00589714664965868;0.8601398468017578
426;0.005933346226811409;0.8531468510627747
427;0.00591993285343051;0.8741258978843689
428;0.005753630772233009;0.8741258978843689
429;0.00589257525280118;0.8601398468017578
430;0.006136319134384394;0.8531468510627747
431;0.005926414858549833;0.8951048851013184
432;0.005801478400826454;0.8741258978843689
433;0.005932336673140526;0.8741258978843689
434;0.005889894440770149;0.8601398468017578
435;0.005950307473540306;0.881118893623352
436;0.005739558953791857;0.8601398468017578
437;0.00570023525506258;0.8881118893623352
438;0.0056357248686254025;0.9020978808403015
439;0.005789932794868946;0.8461538553237915
440;0.005907882004976273;0.8601398468017578
441;0.0060172188095748425;0.8321678042411804
442;0.005722828675061464;0.8391608595848083
443;0.005674873478710651;0.8741258978843689
444;0.005498029757291079;0.8881118893623352
445;0.005887193139642477;0.9020978808403015
446;0.0057931519113481045;0.8461538553237915
447;0.006118719466030598;0.8461538553237915
448;0.005531711503863335;0.9090909361839294
449;0.005788236390799284;0.867132842540741
450;0.00564871309325099;0.8601398468017578
451;0.005632520187646151;0.881118893623352
452;0.005593500565737486;0.8391608595848083
453;0.005614758934825659;0.8951048851013184
454;0.0053145200945436954;0.9090909361839294
455;0.005753112491220236;0.867132842540741
456;0.005372408777475357;0.8951048851013184
457;0.005343530792742968;0.9090909361839294
458;0.005746166687458754;0.867132842540741
459;0.0058708880096673965;0.8601398468017578
460;0.005446147173643112;0.9020978808403015
461;0.005565656814724207;0.8601398468017578
462;0.005663614254444838;0.8951048851013184
463;0.005500385072082281;0.8741258978843689
464;0.005544803570955992;0.8951048851013184
465;0.0055280751548707485;0.9160839319229126
466;0.005966349970549345;0.8531468510627747
467;0.005399868357926607;0.8741258978843689
468;0.005792142823338509;0.881118893623352
469;0.005637488793581724;0.9090909361839294
470;0.005459549371153116;0.8741258978843689
471;0.0055718631483614445;0.8881118893623352
472;0.005666437558829784;0.9160839319229126
473;0.005434216465801001;0.8951048851013184
474;0.0059129283763468266;0.8601398468017578
475;0.005923799704760313;0.8461538553237915
476;0.005716926883906126;0.9090909361839294
477;0.005490726791322231;0.8951048851013184
478;0.005535368341952562;0.8741258978843689
479;0.005673955660313368;0.8741258978843689
480;0.005229021888226271;0.9230769276618958
481;0.005235414486378431;0.9020978808403015
482;0.005103002302348614;0.8881118893623352
483;0.0057698446325957775;0.8461538553237915
484;0.005475048441439867;0.9020978808403015
485;0.005337889771908522;0.8741258978843689
486;0.005370318423956633;0.8951048851013184
487;0.005355966277420521;0.9160839319229126
488;0.0054960125125944614;0.9090909361839294
489;0.004987700376659632;0.9090909361839294
490;0.005680223926901817;0.8601398468017578
491;0.005360465031117201;0.8881118893623352
492;0.0053945863619446754;0.9160839319229126
493;0.004921577870845795;0.9300699234008789
494;0.005184429232031107;0.9160839319229126
495;0.0049821543507277966;0.9440559148788452
496;0.0049397605471313;0.9300699234008789
497;0.00491345813497901;0.9230769276618958
498;0.005020206794142723;0.9230769276618958
499;0.005387335550040007;0.8741258978843689
500;0.005399895831942558;0.881118893623352
501;0.005189244169741869;0.9090909361839294
502;0.004813883453607559;0.9510489702224731
503;0.0049240668304264545;0.9230769276618958
504;0.005211304873228073;0.9090909361839294
505;0.005223221145570278;0.9160839319229126
506;0.005429531913250685;0.881118893623352
507;0.005050026345998049;0.8881118893623352
508;0.005146779585629702;0.9230769276618958
509;0.005388787016272545;0.867132842540741
510;0.005283522419631481;0.9230769276618958
511;0.00516731571406126;0.9580419659614563
512;0.004975548014044762;0.9300699234008789
513;0.004809259902685881;0.9160839319229126
514;0.005066396668553352;0.9230769276618958
515;0.0051702712662518024;0.9020978808403015
516;0.005071923602372408;0.9160839319229126
517;0.005079653114080429;0.9160839319229126
518;0.004792194813489914;0.9300699234008789
519;0.0051446519792079926;0.8951048851013184
520;0.004921769257634878;0.9440559148788452
521;0.004866588860750198;0.9510489702224731
522;0.005406437441706657;0.8881118893623352
523;0.005082345567643642;0.9020978808403015
524;0.00507988641038537;0.8881118893623352
525;0.004915324971079826;0.9370629191398621
526;0.004848618991672993;0.9440559148788452
527;0.0052126324735581875;0.881118893623352
528;0.005004907958209515;0.9230769276618958
529;0.005040905904024839;0.9160839319229126
530;0.004968234803527594;0.9370629191398621
531;0.0049668955616652966;0.9090909361839294
532;0.0051177977584302425;0.9440559148788452
533;0.004849134478718042;0.9160839319229126
534;0.004853507969528437;0.9160839319229126
535;0.005427336785942316;0.9090909361839294
536;0.004952682182192802;0.9160839319229126
537;0.004881690256297588;0.9300699234008789
538;0.005183347966521978;0.9090909361839294
539;0.005053076893091202;0.9160839319229126
540;0.004681420978158712;0.9580419659614563
541;0.005339544266462326;0.8951048851013184
542;0.004975971765816212;0.9160839319229126
543;0.005145394708961248;0.9370629191398621
544;0.004922672640532255;0.9300699234008789
545;0.005089595448225737;0.9160839319229126
546;0.004914351273328066;0.9090909361839294
547;0.004757737275213003;0.9300699234008789
548;0.004743571393191814;0.9440559148788452
549;0.004868076648563147;0.9300699234008789
550;0.004748648963868618;0.8951048851013184
551;0.00464644143357873;0.9230769276618958
552;0.005019570700824261;0.9160839319229126
553;0.005086992867290974;0.9370629191398621
554;0.004498012829571962;0.9510489702224731
555;0.0050654299557209015;0.9510489702224731
556;0.004731271415948868;0.9160839319229126
557;0.004726854152977467;0.9300699234008789
558;0.004879441112279892;0.9440559148788452
559;0.004843190312385559;0.9440559148788452
560;0.004874833859503269;0.9370629191398621
561;0.004554401151835918;0.9440559148788452
562;0.005023612175136805;0.9440559148788452
563;0.004766905680298805;0.9300699234008789
564;0.004603650886565447;0.9230769276618958
565;0.004617472179234028;0.9370629191398621
566;0.00463622622191906;0.9510489702224731
567;0.004597781226038933;0.9370629191398621
568;0.004666791297495365;0.9510489702224731
569;0.00466632517054677;0.9230769276618958
570;0.0045103575102984905;0.9370629191398621
571;0.004593182820826769;0.9370629191398621
572;0.004950699862092733;0.9090909361839294
573;0.004714078735560179;0.9230769276618958
574;0.005137454718351364;0.9370629191398621
575;0.004648198373615742;0.9300699234008789
576;0.0046844277530908585;0.9440559148788452
577;0.004828139673918486;0.9230769276618958
578;0.005192372016608715;0.8881118893623352
579;0.00472618080675602;0.8951048851013184
580;0.004955279640853405;0.9090909361839294
581;0.004840502981096506;0.9440559148788452
582;0.004766127094626427;0.9370629191398621
583;0.0048264022916555405;0.9230769276618958
584;0.004528841469436884;0.9580419659614563
585;0.004393299110233784;0.9370629191398621
586;0.004702020902186632;0.9300699234008789
587;0.004459751769900322;0.9440559148788452
588;0.004749972373247147;0.9090909361839294
589;0.004387446213513613;0.9370629191398621
590;0.00457865372300148;0.9370629191398621
591;0.004721852485090494;0.9160839319229126
592;0.004523815121501684;0.9160839319229126
593;0.004086640197783709;0.9510489702224731
594;0.004400898702442646;0.9160839319229126
595;0.004254800267517567;0.9650349617004395
596;0.004439756739884615;0.9650349617004395
597;0.004430900793522596;0.9440559148788452
598;0.004338384140282869;0.9230769276618958
599;0.004266601055860519;0.9650349617004395
600;0.004327997099608183;0.9440559148788452
601;0.004213045351207256;0.9300699234008789
602;0.004221199080348015;0.9370629191398621
603;0.004441456403583288;0.9440559148788452
604;0.004149417392909527;0.9230769276618958
605;0.0041659134440124035;0.9440559148788452
606;0.004157841205596924;0.9510489702224731
607;0.004549603443592787;0.9090909361839294
608;0.00430369982495904;0.9370629191398621
609;0.005862649530172348;0.8461538553237915
610;0.004476967733353376;0.9370629191398621
611;0.005390757229179144;0.9160839319229126
612;0.004797700792551041;0.9090909361839294
613;0.0041608018800616264;0.9510489702224731
614;0.004840170964598656;0.9650349617004395
615;0.005109578371047974;0.8881118893623352
616;0.004764820449054241;0.9370629191398621
617;0.004542819689959288;0.9370629191398621
618;0.004276560619473457;0.9440559148788452
619;0.004538503475487232;0.9580419659614563
620;0.0041847373358905315;0.9300699234008789
621;0.004034251440316439;0.9650349617004395
622;0.004227993078529835;0.9440559148788452
623;0.00420578196644783;0.9370629191398621
624;0.004178807605057955;0.9300699234008789
625;0.004018545616418123;0.9440559148788452
626;0.0041936663910746574;0.9650349617004395
627;0.004163041710853577;0.9510489702224731
628;0.004165074322372675;0.9370629191398621
629;0.004170076455920935;0.9580419659614563
630;0.004205046687275171;0.9440559148788452
631;0.004163675010204315;0.9370629191398621
632;0.004213608335703611;0.9510489702224731
633;0.004117988515645266;0.9300699234008789
634;0.004224071744829416;0.9300699234008789
635;0.003974223509430885;0.9720279574394226
636;0.003992508631199598;0.9510489702224731
637;0.0040493919514119625;0.9300699234008789
638;0.0040798429399728775;0.9440559148788452
639;0.004127152264118195;0.9510489702224731
640;0.004208523314446211;0.9300699234008789
641;0.004120531491935253;0.9580419659614563
642;0.003891685977578163;0.9510489702224731
643;0.004177354741841555;0.9440559148788452
644;0.003993806429207325;0.9510489702224731
645;0.0038657463155686855;0.9160839319229126
646;0.003910796716809273;0.9580419659614563
647;0.003901539370417595;0.9440559148788452
648;0.003971708007156849;0.9440559148788452
649;0.0038956566713750362;0.9720279574394226
650;0.0037815903779119253;0.9580419659614563
651;0.003892536973580718;0.9370629191398621
652;0.0038263637106865644;0.9720279574394226
653;0.004129658453166485;0.9510489702224731
654;0.0037815896794199944;0.9230769276618958
655;0.004004520829766989;0.9510489702224731
656;0.0040346067398786545;0.9650349617004395
657;0.004056874662637711;0.9440559148788452
658;0.00416067149490118;0.9230769276618958
659;0.00418497109785676;0.9510489702224731
660;0.004067874047905207;0.9160839319229126
661;0.003975666128098965;0.9510489702224731
662;0.003908928483724594;0.9510489702224731
663;0.003836894640699029;0.9440559148788452
664;0.003824451006948948;0.9370629191398621
665;0.004079698119312525;0.9510489702224731
666;0.0036159788724035025;0.9580419659614563
667;0.0038968175649642944;0.9160839319229126
668;0.003724271897226572;0.9370629191398621
669;0.003823193721473217;0.9440559148788452
670;0.003851472632959485;0.9440559148788452
671;0.003823001403361559;0.9440559148788452
672;0.0037466799840331078;0.9510489702224731
673;0.0039323014207184315;0.9230769276618958
674;0.003718229476362467;0.9720279574394226
675;0.003768155351281166;0.9650349617004395
676;0.003936795983463526;0.9510489702224731
677;0.0038849879056215286;0.9580419659614563
678;0.003720333566889167;0.9720279574394226
679;0.0037314435467123985;0.9510489702224731
680;0.0039697433821856976;0.9510489702224731
681;0.0038299839943647385;0.9510489702224731
682;0.003918477799743414;0.9510489702224731
683;0.004152937326580286;0.9020978808403015
684;0.004226182121783495;0.9510489702224731
685;0.004027918912470341;0.9300699234008789
686;0.0037691104225814342;0.9790209531784058
687;0.004117202945053577;0.9370629191398621
688;0.0038888929411768913;0.9650349617004395
689;0.004566662944853306;0.9160839319229126
690;0.0038072816096246243;0.9720279574394226
691;0.005251673981547356;0.881118893623352
692;0.00421006977558136;0.9650349617004395
693;0.003755301935598254;0.9720279574394226
694;0.003804577514529228;0.9580419659614563
695;0.004136329982429743;0.9300699234008789
696;0.005275513976812363;0.881118893623352
697;0.004010708536952734;0.9510489702224731
698;0.004114561248570681;0.9440559148788452
699;0.004788117948919535;0.9300699234008789
700;0.004124756436794996;0.9650349617004395
701;0.003912908490747213;0.9370629191398621
702;0.004284449387341738;0.9300699234008789
703;0.003988344222307205;0.9230769276618958
704;0.003933360334485769;0.9440559148788452
705;0.004324920009821653;0.9440559148788452
706;0.0037003320176154375;0.9440559148788452
707;0.003872721688821912;0.9580419659614563
708;0.003779349382966757;0.9580419659614563
709;0.0037769554182887077;0.9440559148788452
710;0.0036371240857988596;0.9650349617004395
711;0.003943596966564655;0.9440559148788452
712;0.003935538697987795;0.9580419659614563
713;0.003619854338467121;0.9650349617004395
714;0.0035454535391181707;0.9370629191398621
715;0.003777792677283287;0.9580419659614563
716;0.003611325053498149;0.9510489702224731
717;0.003895960981026292;0.9580419659614563
718;0.0037309154868125916;0.9440559148788452
719;0.0036928101908415556;0.9440559148788452
720;0.0035801995545625687;0.9650349617004395
721;0.0034974359441548586;0.9510489702224731
722;0.003625024575740099;0.9720279574394226
723;0.003492469899356365;0.9580419659614563
724;0.0036626753862947226;0.9440559148788452
725;0.003600717755034566;0.9580419659614563
726;0.0036186114884912968;0.9440559148788452
727;0.0036841712426394224;0.9580419659614563
728;0.003435693448409438;0.9580419659614563
729;0.0042023747228085995;0.8951048851013184
730;0.003807378700003028;0.9510489702224731
731;0.003621413605287671;0.9580419659614563
732;0.0035079859662801027;0.9650349617004395
733;0.0035848363768309355;0.9790209531784058
734;0.003584548132494092;0.9650349617004395
735;0.0035876885522156954;0.9650349617004395
736;0.0035974523052573204;0.9580419659614563
737;0.003317231545224786;0.9510489702224731
738;0.003561964025720954;0.9580419659614563
739;0.00334368459880352;0.9580419659614563
740;0.0031932503916323185;0.9790209531784058
741;0.003492736490443349;0.9580419659614563
742;0.0033871394116431475;0.9440559148788452
743;0.003491906449198723;0.9650349617004395
744;0.0035472000017762184;0.9440559148788452
745;0.0032297701109200716;0.9650349617004395
746;0.003238677280023694;0.9440559148788452
747;0.003477203892543912;0.9440559148788452
748;0.0033517482224851847;0.9860140085220337
749;0.0033415094949305058;0.9720279574394226
750;0.003482535481452942;0.9580419659614563
751;0.0035469497088342905;0.9650349617004395
752;0.00349162588827312;0.9510489702224731
753;0.00333082745783031;0.9650349617004395
754;0.003530282061547041;0.9510489702224731
755;0.0034309430047869682;0.9720279574394226
756;0.0035385391674935818;0.9720279574394226
757;0.0033662596251815557;0.9650349617004395
758;0.0033708089031279087;0.9650349617004395
759;0.0034030459355562925;0.9650349617004395
760;0.003486035391688347;0.9650349617004395
761;0.003416352206841111;0.9650349617004395
762;0.00334919523447752;0.9510489702224731
763;0.003191020106896758;0.9790209531784058
764;0.003407326526939869;0.9580419659614563
765;0.003415820887312293;0.9440559148788452
766;0.0035607395693659782;0.9510489702224731
767;0.003381584770977497;0.9790209531784058
768;0.0034650976303964853;0.9650349617004395
769;0.0032185616437345743;0.9650349617004395
770;0.003602794138714671;0.9650349617004395
771;0.0033017888199537992;0.9370629191398621
772;0.003293538698926568;0.9720279574394226
773;0.003164112800732255;0.9720279574394226
774;0.003070307895541191;0.9790209531784058
775;0.0034209222067147493;0.9300699234008789
776;0.003520587459206581;0.9790209531784058
777;0.0033350717276334763;0.9720279574394226
778;0.00298588490113616;0.9930070042610168
779;0.003325693542137742;0.9790209531784058
780;0.0032140978146344423;0.9720279574394226
781;0.0031031465623527765;0.9790209531784058
782;0.003430728567764163;0.9650349617004395
783;0.0031188903376460075;0.9790209531784058
784;0.0034538907930254936;0.9580419659614563
785;0.0033052002545446157;0.9790209531784058
786;0.003106209682300687;0.9370629191398621
787;0.0033466871827840805;0.9580419659614563
788;0.0030976540874689817;0.9790209531784058
789;0.003202739404514432;0.9650349617004395
790;0.003280411008745432;0.9930070042610168
791;0.003118164138868451;0.9510489702224731
792;0.0035038182977586985;0.9580419659614563
793;0.0031491818372160196;0.9860140085220337
794;0.0034646757412701845;0.9510489702224731
795;0.003089098259806633;0.9580419659614563
796;0.003527623601257801;0.9370629191398621
797;0.0032332458067685366;0.9440559148788452
798;0.0036244336515665054;0.9650349617004395
799;0.0031583744566887617;0.9860140085220337
800;0.003224744228646159;0.9860140085220337
801;0.003123331582173705;0.9860140085220337
802;0.0031048425007611513;0.9930070042610168
803;0.0033898588735610247;0.9790209531784058
804;0.0029660684522241354;0.9860140085220337
805;0.003003543009981513;0.9720279574394226
806;0.003145338501781225;0.9720279574394226
807;0.003231409238651395;0.9790209531784058
808;0.002869662828743458;0.9860140085220337
809;0.0029836467001587152;0.9790209531784058
810;0.003049850231036544;0.9720279574394226
811;0.0035287297796458006;0.9300699234008789
812;0.0032158312387764454;0.9650349617004395
813;0.0030603341292589903;0.9790209531784058
814;0.003977524116635323;0.9790209531784058
815;0.003509031841531396;0.9510489702224731
816;0.003999708220362663;0.9090909361839294
817;0.003717065090313554;0.9230769276618958
818;0.003288514679297805;0.9580419659614563
819;0.004676623735576868;0.8601398468017578
820;0.003379102097824216;0.9930070042610168
821;0.0033189135137945414;0.9510489702224731
822;0.0034342152066528797;0.9580419659614563
823;0.003152152057737112;0.9580419659614563
824;0.00339487218298018;0.9790209531784058
825;0.0034086063969880342;0.9720279574394226
826;0.0031059561297297478;0.9790209531784058
827;0.0037009345833212137;0.9440559148788452
828;0.003978291526436806;0.9020978808403015
829;0.00314946286380291;0.9860140085220337
830;0.0030621085315942764;0.9860140085220337
831;0.0031908145174384117;0.9860140085220337
832;0.0033226129598915577;0.9650349617004395
833;0.0034726387821137905;0.9440559148788452
834;0.0031845257617533207;0.9580419659614563
835;0.002984478371217847;0.9860140085220337
836;0.002787846140563488;0.9930070042610168
837;0.0031120404601097107;1.0
838;0.0029944723937660456;0.9860140085220337
839;0.0028866573702543974;0.9930070042610168
840;0.0030863138381391764;0.9930070042610168
841;0.003086530603468418;0.9930070042610168
842;0.0027925914619117975;0.9860140085220337
843;0.002761910669505596;0.9930070042610168
844;0.003405409399420023;0.9580419659614563
845;0.003157263156026602;0.9720279574394226
846;0.0036974952090531588;0.9580419659614563
847;0.0032575661316514015;0.9720279574394226
848;0.0031532621942460537;0.9580419659614563
849;0.002817827509716153;0.9860140085220337
850;0.0037387057673186064;0.9440559148788452
851;0.0027828204911202192;0.9720279574394226
852;0.0031794183887541294;1.0
853;0.00325219240039587;0.9860140085220337
854;0.003043934004381299;1.0
855;0.003169395262375474;0.9930070042610168
856;0.003432449884712696;1.0
857;0.0031110942363739014;0.9720279574394226
858;0.0029658377170562744;0.9860140085220337
859;0.0035139196552336216;0.9300699234008789
860;0.002809341298416257;0.9860140085220337
861;0.0028150398284196854;1.0
862;0.003098432905972004;0.9790209531784058
863;0.0025639235973358154;1.0
864;0.002932203933596611;0.9790209531784058
865;0.0028838475700467825;0.9790209531784058
866;0.0028376076370477676;0.9720279574394226
867;0.002823570044711232;0.9860140085220337
868;0.0029449716676026583;0.9790209531784058
869;0.002610669704154134;0.9930070042610168
870;0.002939283149316907;0.9930070042610168
871;0.00270029716193676;1.0
872;0.0027280128560960293;0.9860140085220337
873;0.0026895636692643166;0.9860140085220337
874;0.0027771354652941227;0.9930070042610168
875;0.0027990946546196938;0.9860140085220337
876;0.002921867882832885;1.0
877;0.0026461021043360233;0.9720279574394226
878;0.0027488183695822954;0.9720279574394226
879;0.0029854876920580864;0.9860140085220337
880;0.0028605004772543907;0.9720279574394226
881;0.0029362142086029053;0.9930070042610168
882;0.002645657630637288;0.9930070042610168
883;0.0029196832329034805;1.0
884;0.0027224398218095303;1.0
885;0.00266010919585824;0.9930070042610168
886;0.0026065462734550238;0.9930070042610168
887;0.002683797152712941;1.0
888;0.0026632908266037703;1.0
889;0.0026055523194372654;0.9860140085220337
890;0.002630907343700528;1.0
891;0.0025058987084776163;1.0
892;0.0025089436676353216;1.0
893;0.0026932833716273308;0.9930070042610168
894;0.002624435815960169;1.0
895;0.0025385546032339334;0.9930070042610168
896;0.0023764159996062517;1.0
897;0.00269866269081831;0.9860140085220337
898;0.0025914728175848722;0.9860140085220337
899;0.002477038884535432;1.0
900;0.002610177733004093;0.9720279574394226
901;0.0022940952330827713;1.0
902;0.0025023920461535454;0.9860140085220337
903;0.0026040205266326666;1.0
904;0.002338552847504616;0.9930070042610168
905;0.002405718667432666;1.0
906;0.0024595868308097124;1.0
907;0.0022994803730398417;0.9930070042610168
908;0.002337784506380558;0.9930070042610168
909;0.002315494930371642;1.0
910;0.002319956663995981;1.0
911;0.002462436445057392;1.0
912;0.0022794606629759073;1.0
913;0.0025971608702093363;0.9860140085220337
914;0.00251319189555943;1.0
915;0.0023508586455136538;1.0
916;0.002578994957730174;1.0
917;0.0024139760062098503;0.9860140085220337
918;0.0021408365573734045;1.0
919;0.0028532410506159067;0.9510489702224731
920;0.002241552574560046;0.9860140085220337
921;0.002597218845039606;0.9790209531784058
922;0.0022809458896517754;0.9930070042610168
923;0.0024789157323539257;1.0
924;0.0028820240404456854;0.9650349617004395
925;0.0031906773801892996;0.9720279574394226
926;0.002245949814096093;1.0
927;0.0023350364062935114;0.9930070042610168
928;0.0023303485941141844;0.9930070042610168
929;0.0021961238235235214;0.9930070042610168
930;0.0021033701486885548;1.0
931;0.002175411907956004;1.0
932;0.0025239884853363037;0.9860140085220337
933;0.002309453906491399;1.0
934;0.0023245704360306263;0.9860140085220337
935;0.0023386229295283556;1.0
936;0.002256533596664667;1.0
937;0.0022047841921448708;0.9930070042610168
938;0.002510270569473505;0.9930070042610168
939;0.0030420408584177494;0.9580419659614563
940;0.0022560087963938713;0.9930070042610168
941;0.0024214163422584534;0.9860140085220337
942;0.003701778594404459;0.9160839319229126
943;0.002616746351122856;1.0
944;0.006153334863483906;0.867132842540741
945;0.0050088828429579735;0.881118893623352
946;0.0039426302537322044;0.9370629191398621
947;0.002745267702266574;0.9650349617004395
948;0.00488656060770154;0.9160839319229126
949;0.0033242779318243265;0.9720279574394226
950;0.0030446453019976616;1.0
951;0.0037581913638859987;0.9440559148788452
952;0.002860944950953126;1.0
953;0.003051841864362359;1.0
954;0.002833645325154066;0.9860140085220337
955;0.002918357029557228;0.9860140085220337
956;0.0030798453371971846;0.9930070042610168
957;0.0024580552708357573;1.0
958;0.0023606703616678715;1.0
959;0.002453792607411742;1.0
960;0.002884865505620837;0.9580419659614563
961;0.0027887802571058273;1.0
962;0.0025171772576868534;1.0
963;0.0029427194967865944;0.9510489702224731
964;0.002325554145500064;0.9930070042610168
965;0.002488269004970789;1.0
966;0.002438255352899432;1.0
967;0.0025400298181921244;1.0
968;0.002535686595365405;1.0
969;0.0025738906115293503;1.0
970;0.002522127702832222;0.9930070042610168
971;0.002399978693574667;1.0
972;0.0022665797732770443;1.0
973;0.002408403204753995;0.9930070042610168
974;0.0023061351384967566;0.9930070042610168
975;0.0023699505254626274;0.9930070042610168
976;0.0023181061260402203;1.0
977;0.0024446891620755196;0.9860140085220337
978;0.0022955278400331736;0.9930070042610168
979;0.002198384376242757;1.0
980;0.002359074540436268;0.9930070042610168
981;0.002299636835232377;1.0
982;0.0022988421842455864;0.9930070042610168
983;0.002225434873253107;0.9930070042610168
984;0.002246397314593196;1.0
985;0.002758688060566783;0.9580419659614563
986;0.0023828905541449785;0.9860140085220337
987;0.002516249194741249;0.9930070042610168
988;0.0022728657349944115;1.0
989;0.0022760939318686724;1.0
990;0.002371743554249406;1.0
991;0.002127370797097683;1.0
992;0.002277946565300226;1.0
993;0.0022093041334301233;1.0
994;0.002183774020522833;1.0
995;0.0020664064213633537;1.0
996;0.002222847891971469;1.0
997;0.0022208974696695805;1.0
998;0.0021631098352372646;1.0
999;0.0023414986208081245;1.0
1000;0.0020585062447935343;1.0
1001;0.002116384217515588;0.9860140085220337
1002;0.0020296124275773764;1.0
1003;0.00197034515440464;0.9930070042610168
1004;0.0019497029716148973;0.9860140085220337
1005;0.0021115115378051996;1.0
1006;0.0020205676555633545;1.0
1007;0.0021712384186685085;1.0
1008;0.0020354834850877523;1.0
1009;0.0020535681396722794;1.0
1010;0.0019747139886021614;1.0
1011;0.002106445375829935;1.0
1012;0.0021343883126974106;0.9860140085220337
1013;0.0020874531473964453;1.0
1014;0.001965885516256094;1.0
1015;0.0021525013726204634;0.9930070042610168
1016;0.001993869198486209;0.9860140085220337
1017;0.002108491724357009;1.0
1018;0.0021155155263841152;1.0
1019;0.0020788037218153477;1.0
1020;0.0022479905746877193;0.9930070042610168
1021;0.002141969045624137;1.0
1022;0.002412714995443821;1.0
1023;0.004235302563756704;0.9440559148788452
1024;0.002516031265258789;0.9930070042610168
1025;0.0023008976131677628;1.0
1026;0.002628141548484564;0.9860140085220337
1027;0.0027800395619124174;0.9720279574394226
1028;0.002391871763393283;1.0
1029;0.0029594162479043007;0.9930070042610168
1030;0.0024820989929139614;1.0
1031;0.002173071261495352;1.0
1032;0.002508444245904684;1.0
1033;0.002375846728682518;1.0
1034;0.002137551549822092;0.9930070042610168
1035;0.002200797898694873;0.9860140085220337
1036;0.0021658064797520638;0.9930070042610168
1037;0.00228534871712327;1.0
1038;0.002152189379557967;1.0
1039;0.002203212585300207;1.0
1040;0.0022082955110818148;1.0
1041;0.0029425974935293198;0.9650349617004395
1042;0.002403720747679472;1.0
1043;0.0020991312339901924;1.0
1044;0.0034228703007102013;0.9230769276618958
1045;0.0022803260944783688;0.9790209531784058
1046;0.0019730129279196262;1.0
1047;0.0022618481889367104;1.0
1048;0.0035805823281407356;0.9370629191398621
1049;0.0033166219945997;0.9440559148788452
1050;0.002027698326855898;1.0
1051;0.0021197914611548185;1.0
1052;0.002046579262241721;1.0
1053;0.0023200344294309616;0.9930070042610168
1054;0.002242232672870159;0.9930070042610168
1055;0.0021131818648427725;0.9860140085220337
1056;0.002013582270592451;0.9860140085220337
1057;0.002061070641502738;1.0
1058;0.002169039100408554;1.0
1059;0.0021757767535746098;0.9930070042610168
1060;0.0019081862410530448;1.0
1061;0.001961940433830023;1.0
1062;0.001969177508726716;1.0
1063;0.002210389357060194;0.9930070042610168
1064;0.001998508581891656;1.0
1065;0.0021174494177103043;1.0
1066;0.0020022166427224874;1.0
1067;0.00197520200163126;1.0
1068;0.0021151332184672356;1.0
1069;0.0021114200353622437;0.9860140085220337
1070;0.0020908520091325045;0.9930070042610168
1071;0.0021131455432623625;1.0
1072;0.0019021169282495975;1.0
1073;0.0019501133356243372;0.9930070042610168
1074;0.0021397776436060667;1.0
1075;0.0018982518231496215;0.9930070042610168
1076;0.0019493199652060866;1.0
1077;0.001996288076043129;1.0
1078;0.0018404254224151373;1.0
1079;0.0018973115365952253;1.0
1080;0.0018969677621498704;1.0
1081;0.0019574561156332493;1.0
1082;0.0019911578856408596;0.9930070042610168
1083;0.0017754195723682642;1.0
1084;0.0020105282310396433;1.0
1085;0.0018013641238212585;1.0
1086;0.0019277000101283193;1.0
1087;0.0020287693478167057;1.0
1088;0.0020035593770444393;1.0
1089;0.0020053661428391933;1.0
1090;0.0018083452014252543;1.0
1091;0.0018614191794767976;1.0
1092;0.0020090024918317795;1.0
1093;0.0017463433323428035;1.0
1094;0.0017894526245072484;1.0
1095;0.0018953591352328658;1.0
1096;0.0017385859973728657;1.0
1097;0.0019165686098858714;1.0
1098;0.0018685448449105024;1.0
1099;0.0018716040067374706;1.0
1100;0.0018894497770816088;1.0
1101;0.0021446067839860916;1.0
1102;0.002021945081651211;1.0
1103;0.0017515200888738036;0.9930070042610168
1104;0.0019255360821262002;1.0
1105;0.0019121874356642365;1.0
1106;0.0020089398603886366;1.0
1107;0.0018637690227478743;1.0
1108;0.0019598091021180153;1.0
1109;0.0018809761386364698;1.0
1110;0.0017411521403118968;1.0
1111;0.001864487654529512;1.0
1112;0.0020150933414697647;1.0
1113;0.0017466864082962275;1.0
1114;0.0018477010307833552;1.0
1115;0.001890099374577403;1.0
1116;0.0018778011435642838;1.0
1117;0.0019761233124881983;1.0
1118;0.0019547531846910715;1.0
1119;0.0018880696734413505;1.0
1120;0.0018149990355595946;1.0
1121;0.0018310591112822294;1.0
1122;0.001815670751966536;1.0
1123;0.0018279735231772065;1.0
1124;0.0018128150841221213;1.0
1125;0.0018505256157368422;1.0
1126;0.002110362984240055;0.9930070042610168
1127;0.0020368071272969246;0.9860140085220337
1128;0.0019249148899689317;1.0
1129;0.0018660074565559626;1.0
1130;0.0018033215310424566;1.0
1131;0.0020571104250848293;1.0
1132;0.0018743519904091954;1.0
1133;0.0017444324912503362;1.0
1134;0.0016293752705678344;1.0
1135;0.0017889851005747914;0.9930070042610168
1136;0.0017535495571792126;1.0
1137;0.0017849275609478354;1.0
1138;0.001869327388703823;1.0
1139;0.0018710263539105654;1.0
1140;0.0016879984177649021;1.0
1141;0.0017455876804888248;1.0
1142;0.0017515815561637282;1.0
1143;0.0017672975081950426;1.0
1144;0.0017965049482882023;1.0
1145;0.0016726062167435884;1.0
1146;0.0017563487635925412;1.0
1147;0.001740716747008264;1.0
1148;0.001587697770446539;1.0
1149;0.0019470661645755172;1.0
1150;0.0018384987488389015;1.0
1151;0.0017595849931240082;1.0
1152;0.0017156705725938082;1.0
1153;0.0017756283050403;1.0
1154;0.001798739773221314;1.0
1155;0.0017910270253196359;1.0
1156;0.0017188650090247393;1.0
1157;0.001567004481330514;1.0
1158;0.0017059239326044917;1.0
1159;0.0017751865088939667;1.0
1160;0.0017114519141614437;1.0
1161;0.0018549091182649136;1.0
1162;0.0018591772532090545;1.0
1163;0.0017128752078860998;1.0
1164;0.0016898963367566466;1.0
1165;0.0018427863251417875;1.0
1166;0.0017733009299263358;1.0
1167;0.0017413090681657195;1.0
1168;0.0018056667177006602;1.0
1169;0.001757425838150084;1.0
1170;0.0017291898839175701;1.0
1171;0.0017049344023689628;1.0
1172;0.0016781191807240248;1.0
1173;0.0017961838748306036;1.0
1174;0.0017236408311873674;1.0
1175;0.0018185045337304473;1.0
1176;0.001663520815782249;1.0
1177;0.0020076455548405647;1.0
1178;0.0017065301071852446;1.0
1179;0.0016376386629417539;1.0
1180;0.001586488215252757;1.0
1181;0.001706887735053897;1.0
1182;0.001715259742923081;1.0
1183;0.0017456717323511839;1.0
1184;0.001886966172605753;1.0
1185;0.0017817009938880801;1.0
1186;0.0019926829263567924;1.0
1187;0.00199308292940259;0.9860140085220337
1188;0.0016245865263044834;1.0
1189;0.0017418095376342535;1.0
1190;0.001875641057267785;1.0
1191;0.0017705258214846253;0.9930070042610168
1192;0.0017906640423461795;1.0
1193;0.0018426956376060843;1.0
1194;0.0017732803244143724;1.0
1195;0.0017020941013470292;1.0
1196;0.0019059651531279087;1.0
1197;0.0017351146088913083;1.0
1198;0.0019525311654433608;0.9790209531784058
1199;0.0019155795453116298;1.0
1200;0.0015658402116969228;1.0
1201;0.002034613862633705;0.9930070042610168
1202;0.0017071125330403447;1.0
1203;0.002095250878483057;1.0
1204;0.0021518999710679054;0.9790209531784058
1205;0.0016771139344200492;1.0
1206;0.0032091394532471895;0.9160839319229126
1207;0.002186078578233719;0.9790209531784058
1208;0.0018357794033363461;1.0
1209;0.0018939119763672352;1.0
1210;0.002412712201476097;0.9860140085220337
1211;0.002167945494875312;1.0
1212;0.002007732866331935;1.0
1213;0.0020509010646492243;0.9930070042610168
1214;0.0022207507863640785;0.9790209531784058
1215;0.0017132674111053348;1.0
1216;0.0020650927908718586;1.0
1217;0.0025360442232340574;0.9580419659614563
1218;0.002040759427472949;1.0
1219;0.0028410819359123707;0.9580419659614563
1220;0.001785050961188972;1.0
1221;0.0019148201681673527;1.0
1222;0.0020804370287805796;1.0
1223;0.0020283006597310305;1.0
1224;0.0022983020171523094;0.9860140085220337
1225;0.0019258692627772689;1.0
1226;0.002107747131958604;1.0
1227;0.0019038668833673;1.0
1228;0.002043792512267828;1.0
1229;0.002204001182690263;1.0
1230;0.002092300448566675;1.0
1231;0.0019144265679642558;1.0
1232;0.0018743608379736543;1.0
1233;0.0019101250218227506;1.0
1234;0.002015349455177784;0.9860140085220337
1235;0.001807859051041305;1.0
1236;0.0017568807816132903;1.0
1237;0.001961573027074337;1.0
1238;0.00231618108227849;0.9790209531784058
1239;0.0019524011295288801;1.0
1240;0.0022800990846008062;1.0
1241;0.002344373147934675;0.9650349617004395
1242;0.0016364844050258398;1.0
1243;0.004590283147990704;0.8881118893623352
1244;0.0027288473211228848;0.9720279574394226
1245;0.0019255413208156824;1.0
1246;0.002015496604144573;0.9930070042610168
1247;0.002470775507390499;0.9650349617004395
1248;0.0025759499985724688;0.9860140085220337
1249;0.002110713627189398;1.0
1250;0.0019652906339615583;1.0
1251;0.0020310941617935896;1.0
1252;0.002001295331865549;1.0
1253;0.0019740352872759104;1.0
1254;0.0018549482338130474;1.0
1255;0.0019100533099845052;1.0
1256;0.0018053196836262941;1.0
1257;0.0017976834205910563;1.0
1258;0.0016253622015938163;1.0
1259;0.0017654928378760815;1.0
1260;0.0017332180868834257;1.0
1261;0.0020314878784120083;1.0
1262;0.0019541969522833824;1.0
1263;0.0018031070940196514;1.0
1264;0.0019012406701222062;1.0
1265;0.0017531327903270721;1.0
1266;0.0014836520422250032;1.0
1267;0.0017177340341731906;1.0
1268;0.0018009016057476401;1.0
1269;0.0016653105849400163;1.0
1270;0.0015825837617740035;1.0
1271;0.0016002566553652287;1.0
1272;0.001512920018285513;1.0
1273;0.001677847234532237;1.0
1274;0.0015548947267234325;1.0
1275;0.001636991393752396;1.0
1276;0.0015789499739184976;1.0
1277;0.0016764632891863585;1.0
1278;0.0016569365980103612;1.0
1279;0.0015360121615231037;1.0
1280;0.0015851542120799422;1.0
1281;0.001582716009579599;1.0
1282;0.0016472962452098727;1.0
1283;0.0015891685616225004;1.0
1284;0.0015189344994723797;1.0
1285;0.0015358951641246676;1.0
1286;0.0015533370897173882;1.0
1287;0.001458183629438281;1.0
1288;0.0016356016276404262;1.0
1289;0.0017180506838485599;1.0
1290;0.0015764615964144468;1.0
1291;0.001614152453839779;1.0
1292;0.0015123756602406502;1.0
1293;0.0017432960448786616;1.0
1294;0.0015368603635579348;1.0
1295;0.0016876443987712264;0.9790209531784058
1296;0.001607414218597114;1.0
1297;0.0015751027967780828;1.0
1298;0.0015117228031158447;1.0
1299;0.0014134295051917434;1.0
1300;0.001546512241475284;1.0
1301;0.0015134293353185058;1.0
1302;0.001590983010828495;1.0
1303;0.0016114828176796436;1.0
1304;0.0015541246393695474;1.0
1305;0.0015486194752156734;1.0
1306;0.0015487318160012364;1.0
1307;0.0015935812843963504;0.9860140085220337
1308;0.0014654893893748522;1.0
1309;0.0015143324853852391;1.0
1310;0.0016394705744460225;1.0
1311;0.0014893546467646956;1.0
1312;0.0016808435320854187;0.9930070042610168
1313;0.0016896453453227878;1.0
1314;0.0014558996772393584;1.0
1315;0.0015616602031514049;1.0
1316;0.0014972393400967121;1.0
1317;0.001491796225309372;1.0
1318;0.001603058073669672;1.0
1319;0.0016695621889084578;1.0
1320;0.0014768359251320362;1.0
1321;0.0015013142256066203;0.9930070042610168
1322;0.0015662359073758125;1.0
1323;0.0016115984180942178;1.0
1324;0.0013948243577033281;1.0
1325;0.0015411167405545712;1.0
1326;0.0015363103011623025;1.0
1327;0.0015320315724238753;1.0
1328;0.0015938562573865056;1.0
1329;0.0015937878051772714;1.0
1330;0.0015625194646418095;1.0
1331;0.0017245354829356074;1.0
1332;0.0017235113773494959;1.0
1333;0.001457173959352076;1.0
1334;0.001506022410467267;1.0
1335;0.0016018480528146029;1.0
1336;0.0015100773889571428;1.0
1337;0.00146176153793931;1.0
1338;0.0014634281396865845;1.0
1339;0.0015671816654503345;1.0
1340;0.00149160239379853;1.0
1341;0.001394286286085844;1.0
1342;0.0015015286626294255;1.0
1343;0.0014170478098094463;1.0
1344;0.001456347992643714;1.0
1345;0.0014890489401295781;1.0
1346;0.0015236618928611279;1.0
1347;0.0013779541477560997;1.0
1348;0.0014433617470785975;1.0
1349;0.0015326893189921975;1.0
1350;0.0014954108046367764;1.0
1351;0.0014101607957854867;1.0
1352;0.0015450913924723864;1.0
1353;0.0014905728166922927;1.0
1354;0.0016183912521228194;1.0
1355;0.0015115459682419896;1.0
1356;0.0016794429393485188;1.0
1357;0.001566138002090156;1.0
1358;0.001558171701617539;1.0
1359;0.0014546859310939908;1.0
1360;0.0014165029861032963;1.0
1361;0.001468969276174903;1.0
1362;0.001610707025974989;0.9860140085220337
1363;0.001445678062736988;1.0
1364;0.0015709042781963944;1.0
1365;0.0015899373684078455;1.0
1366;0.0015861190622672439;1.0
1367;0.0015411529457196593;1.0
1368;0.0015938857104629278;1.0
1369;0.0013553384924307466;1.0
1370;0.0014965493464842439;1.0
1371;0.00148017646279186;1.0
1372;0.0015837025130167603;1.0
1373;0.0014536980306729674;1.0
1374;0.0014332577120512724;1.0
1375;0.0014174818061292171;1.0
1376;0.0013327146880328655;1.0
1377;0.0015930656809359789;1.0
1378;0.0014700598549097776;1.0
1379;0.001362394541501999;1.0
1380;0.001372676924802363;1.0
1381;0.001477026497013867;1.0
1382;0.0015417748363688588;1.0
1383;0.0013970942236483097;1.0
1384;0.0013661747798323631;1.0
1385;0.0013435226865112782;1.0
1386;0.0014683379558846354;1.0
1387;0.001484534121118486;1.0
1388;0.0014263358898460865;1.0
1389;0.001473722280934453;1.0
1390;0.00136624276638031;1.0
1391;0.0013998151989653707;1.0
1392;0.0015053333481773734;1.0
1393;0.0014047815930098295;1.0
1394;0.0013374730478972197;1.0
1395;0.0014659191947430372;1.0
1396;0.0013667820021510124;1.0
1397;0.0013362087775021791;1.0
1398;0.0014425053959712386;1.0
1399;0.0015619632322341204;1.0
1400;0.0014151011127978563;1.0
1401;0.001659089233726263;0.9930070042610168
1402;0.0015195838641375303;1.0
1403;0.0015833902871236205;1.0
1404;0.0015411829808726907;1.0
1405;0.0017558210529386997;1.0
1406;0.0014067173469811678;1.0
1407;0.0016678194515407085;1.0
1408;0.001534478273242712;1.0
1409;0.001891968073323369;0.9930070042610168
1410;0.0022922572679817677;0.9720279574394226
1411;0.0017859750660136342;1.0
1412;0.001720661181025207;1.0
1413;0.0020099061075598;1.0
1414;0.0017103442223742604;1.0
1415;0.001556064235046506;1.0
1416;0.0017914179479703307;1.0
1417;0.003589794272556901;0.8951048851013184
1418;0.0016503335209563375;1.0
1419;0.00205033621750772;1.0
1420;0.004740677308291197;0.867132842540741
1421;0.0020130418706685305;0.9930070042610168
1422;0.0018900681752711535;1.0
1423;0.0024835970252752304;0.9720279574394226
1424;0.001986445626243949;0.9930070042610168
1425;0.0017182178562507033;1.0
1426;0.001675054314546287;1.0
1427;0.0019218741217628121;0.9860140085220337
1428;0.0017613900126889348;1.0
1429;0.002171148778870702;0.9860140085220337
1430;0.002450927160680294;0.9720279574394226
1431;0.001855506794527173;0.9930070042610168
1432;0.0019264396978542209;1.0
1433;0.0018462665611878037;1.0
1434;0.0017216348787769675;1.0
1435;0.0019653085619211197;1.0
1436;0.0024266126565635204;0.9650349617004395
1437;0.0017411026638001204;1.0
1438;0.0018197632161900401;1.0
1439;0.0020587979815900326;0.9930070042610168
1440;0.0020825518295168877;0.9860140085220337
1441;0.0016664414433762431;1.0
1442;0.0016440019244328141;1.0
1443;0.0020969200413674116;1.0
1444;0.00341462017968297;0.9300699234008789
1445;0.0017494350904598832;1.0
1446;0.0015852398937568069;1.0
1447;0.0018822458805516362;1.0
1448;0.0023880144581198692;0.9650349617004395
1449;0.002353520365431905;0.9860140085220337
1450;0.0021497865673154593;0.9720279574394226
1451;0.001774754491634667;1.0
1452;0.0016692003700882196;1.0
1453;0.0016834917478263378;1.0
1454;0.0016173954354599118;1.0
1455;0.0018447245238348842;1.0
1456;0.0018480558646842837;1.0
1457;0.0017832457087934017;1.0
1458;0.0019818353466689587;1.0
1459;0.0016592970350757241;1.0
1460;0.0015599844045937061;1.0
1461;0.0015416622627526522;1.0
1462;0.0015357454540207982;1.0
1463;0.0016773911193013191;1.0
1464;0.001481784274801612;1.0
1465;0.0016005081124603748;1.0
1466;0.0014978594845160842;1.0
1467;0.0014837292255833745;1.0
1468;0.0015936563722789288;1.0
1469;0.001607802463695407;1.0
1470;0.0014800361823290586;1.0
1471;0.0013240869157016277;1.0
1472;0.0015948016662150621;1.0
1473;0.0013750417856499553;1.0
1474;0.0015310975722968578;1.0
1475;0.0014192051021382213;1.0
1476;0.0014762920327484608;1.0
1477;0.0014935844810679555;1.0
1478;0.0013539521023631096;1.0
1479;0.0014699819730594754;1.0
1480;0.0015775907086208463;1.0
1481;0.0014476951910182834;1.0
1482;0.0015059532597661018;1.0
1483;0.001483954954892397;1.0
1484;0.0014960133703425527;1.0
1485;0.0013825601199641824;1.0
1486;0.001282737823203206;1.0
1487;0.001406919676810503;1.0
1488;0.00139349396340549;1.0
1489;0.0013799453154206276;1.0
1490;0.00153916550334543;1.0
1491;0.0014194659888744354;1.0
1492;0.001376572297886014;1.0
1493;0.0014445617562159896;1.0
1494;0.0013767059426754713;1.0
1495;0.001435716636478901;1.0
1496;0.001386315212585032;1.0
1497;0.0013642932754009962;1.0
1498;0.0013773333048447967;1.0
1499;0.0013908419059589505;1.0
