iteration;loss;accuracy
0;0.09567903727293015;0.32258063554763794
1;0.08872371912002563;0.32258063554763794
2;0.08148570358753204;0.3870967626571655
3;0.07528498023748398;0.3870967626571655
4;0.06911467760801315;0.29032257199287415
5;0.0645662322640419;0.4516128897666931
6;0.06625708192586899;0.5483871102333069
7;0.07224158197641373;0.35483869910240173
8;0.07078340649604797;0.4193548262119293
9;0.06864567846059799;0.3870967626571655
10;0.06810358166694641;0.32258063554763794
11;0.0658237636089325;0.4193548262119293
12;0.06386468559503555;0.3870967626571655
13;0.06851241737604141;0.22580644488334656
14;0.06454840302467346;0.35483869910240173
15;0.0642380490899086;0.3870967626571655
16;0.06329497694969177;0.4516128897666931
17;0.06376446783542633;0.3870967626571655
18;0.06331536918878555;0.35483869910240173
19;0.06153346225619316;0.4838709533214569
20;0.06441515684127808;0.29032257199287415
21;0.06274600327014923;0.3870967626571655
22;0.06186730042099953;0.5483871102333069
23;0.062081217765808105;0.4838709533214569
24;0.05940241366624832;0.5806451439857483
25;0.060905322432518005;0.5161290168762207
26;0.05956190079450607;0.5161290168762207
27;0.0580081045627594;0.5483871102333069
28;0.058627899736166;0.5806451439857483
29;0.05523254722356796;0.6451612710952759
30;0.05562952905893326;0.6451612710952759
31;0.055611759424209595;0.6451612710952759
32;0.05423135682940483;0.6451612710952759
33;0.051132816821336746;0.6774193644523621
34;0.05041004344820976;0.5806451439857483
35;0.0503736175596714;0.6774193644523621
36;0.051645293831825256;0.6129032373428345
37;0.04825617000460625;0.6451612710952759
38;0.047444380819797516;0.5806451439857483
39;0.04850233718752861;0.6451612710952759
40;0.0442994199693203;0.7096773982048035
41;0.044484544545412064;0.774193525314331
42;0.042732205241918564;0.7096773982048035
43;0.0424003042280674;0.7096773982048035
44;0.04120974987745285;0.7419354915618896
45;0.040270350873470306;0.8064516186714172
46;0.038673754781484604;0.774193525314331
47;0.036285094916820526;0.8387096524238586
48;0.038561757653951645;0.7419354915618896
49;0.03852158784866333;0.8064516186714172
50;0.03556135296821594;0.774193525314331
51;0.03690323233604431;0.8064516186714172
52;0.03617041930556297;0.7419354915618896
53;0.035857561975717545;0.7419354915618896
54;0.03364831954240799;0.8387096524238586
55;0.03222237527370453;0.8387096524238586
56;0.0316578671336174;0.8709677457809448
57;0.03618396446108818;0.8709677457809448
58;0.030886251479387283;0.9677419066429138
59;0.03079226054251194;0.9354838728904724
60;0.02899223379790783;0.9354838728904724
61;0.02843906171619892;0.9354838728904724
62;0.024509219452738762;0.9354838728904724
63;0.028508644551038742;0.9354838728904724
64;0.022906530648469925;0.9677419066429138
65;0.024989476427435875;0.9677419066429138
66;0.021379379555583;1.0
67;0.021058114245533943;1.0
68;0.01956379972398281;1.0
69;0.019210949540138245;1.0
70;0.017927562817931175;1.0
71;0.01799842156469822;1.0
72;0.017482193186879158;0.9677419066429138
73;0.014451214112341404;1.0
74;0.016223272308707237;1.0
75;0.01571466028690338;1.0
76;0.014770793728530407;1.0
77;0.015554300509393215;1.0
78;0.014619643799960613;1.0
79;0.013426622375845909;1.0
80;0.012279827147722244;1.0
81;0.012811736203730106;1.0
82;0.01442860160022974;1.0
83;0.01246272586286068;1.0
84;0.01288553699851036;1.0
85;0.012295709922909737;1.0
86;0.013667254708707333;1.0
87;0.011565924622118473;1.0
88;0.010999423451721668;1.0
89;0.01011749543249607;1.0
90;0.010346847586333752;1.0
91;0.010580543428659439;1.0
92;0.011418432928621769;1.0
93;0.009880521334707737;1.0
94;0.011841417290270329;1.0
95;0.010955404490232468;1.0
96;0.01094108447432518;1.0
97;0.012635117396712303;1.0
98;0.011482156813144684;1.0
99;0.012441056780517101;1.0
100;0.01062493585050106;1.0
101;0.012597238644957542;1.0
102;0.011094936169683933;1.0
103;0.00843867752701044;1.0
104;0.008967741392552853;1.0
105;0.010765322484076023;1.0
106;0.010075182653963566;1.0
107;0.010035943239927292;1.0
108;0.009580861777067184;1.0
109;0.009106580168008804;1.0
110;0.011030299589037895;1.0
111;0.011834579519927502;1.0
112;0.007530907168984413;1.0
113;0.008740060031414032;1.0
114;0.008647867478430271;1.0
115;0.008625688962638378;1.0
116;0.009377985261380672;1.0
117;0.009967035613954067;1.0
118;0.00691144960001111;1.0
119;0.007402312010526657;1.0
120;0.007870456203818321;1.0
121;0.007905539125204086;1.0
122;0.008259776048362255;1.0
123;0.007547684945166111;1.0
124;0.006178689189255238;1.0
125;0.007951502688229084;1.0
126;0.0068786535412073135;1.0
127;0.006762935314327478;1.0
128;0.0068995533511042595;1.0
129;0.006873863749206066;1.0
130;0.010250397957861423;0.9677419066429138
131;0.0064324671402573586;1.0
132;0.007013831753283739;1.0
133;0.008441690355539322;1.0
134;0.00840938463807106;1.0
135;0.006309956777840853;1.0
136;0.006186887621879578;1.0
137;0.006819229573011398;1.0
138;0.005168955773115158;1.0
139;0.007400338537991047;1.0
140;0.006629486568272114;1.0
141;0.007171160075813532;1.0
142;0.007335794623941183;1.0
143;0.007960449904203415;1.0
144;0.005736881401389837;1.0
145;0.007807696238160133;1.0
146;0.006313298363238573;1.0
147;0.0054667298682034016;1.0
148;0.00618378771468997;1.0
149;0.008737754076719284;1.0
150;0.007924004457890987;1.0
151;0.007276419550180435;1.0
152;0.006487762555480003;1.0
153;0.006519964896142483;1.0
154;0.007712375372648239;1.0
155;0.007312137633562088;1.0
156;0.006254538428038359;1.0
157;0.005236821714788675;1.0
158;0.0069696344435215;1.0
159;0.006861174013465643;1.0
160;0.005457508377730846;1.0
161;0.005580381024628878;1.0
162;0.005869234912097454;1.0
163;0.006709631532430649;1.0
164;0.0043987976387143135;1.0
165;0.005697549786418676;1.0
166;0.0054815649054944515;1.0
167;0.004725310020148754;1.0
168;0.007062080316245556;1.0
169;0.005082522053271532;1.0
170;0.005783438682556152;1.0
171;0.004771504085510969;1.0
172;0.007222111336886883;1.0
173;0.003949783742427826;1.0
174;0.005114666186273098;1.0
175;0.005183416418731213;1.0
176;0.0035556296352297068;1.0
177;0.006096765864640474;1.0
178;0.0051121581345796585;1.0
179;0.005223404616117477;1.0
180;0.008382320404052734;1.0
181;0.006560002453625202;1.0
182;0.004726267419755459;1.0
183;0.006410811562091112;1.0
184;0.006469088606536388;1.0
185;0.004156877752393484;1.0
186;0.005758377257734537;1.0
187;0.007629422005265951;1.0
188;0.005864486563950777;1.0
189;0.005220318213105202;1.0
190;0.004561834502965212;1.0
191;0.004648006986826658;1.0
192;0.005180319771170616;1.0
193;0.005212860181927681;1.0
194;0.0038264510221779346;1.0
195;0.005117910448461771;1.0
196;0.004434964619576931;1.0
197;0.005325715057551861;1.0
198;0.005744678433984518;1.0
199;0.003670257981866598;1.0
200;0.0034868218936026096;1.0
201;0.004304783418774605;1.0
202;0.005197011865675449;1.0
203;0.004880948457866907;1.0
204;0.004175719805061817;1.0
205;0.004766744561493397;1.0
206;0.0036364858970046043;1.0
207;0.004233265295624733;1.0
208;0.004446270409971476;1.0
209;0.003854130394756794;1.0
210;0.0050658369436860085;1.0
211;0.005164882633835077;1.0
212;0.004287479445338249;1.0
213;0.00477003725245595;1.0
214;0.004164563491940498;1.0
215;0.00530983554199338;1.0
216;0.004652564413845539;1.0
217;0.0044337850995361805;1.0
218;0.0046126991510391235;1.0
219;0.004488368518650532;1.0
220;0.004246128723025322;1.0
221;0.004987568128854036;1.0
222;0.003915170673280954;1.0
223;0.004024833906441927;1.0
224;0.0036548185162246227;1.0
225;0.004333533812314272;1.0
226;0.004571892321109772;1.0
227;0.004982172045856714;1.0
228;0.004081508610397577;1.0
229;0.004663063213229179;1.0
230;0.0029919487424194813;1.0
231;0.004095432348549366;1.0
232;0.00426885113120079;1.0
233;0.0034314305521547794;1.0
234;0.0034824120812118053;1.0
235;0.003725968999788165;1.0
236;0.004276875406503677;1.0
237;0.004632071126252413;1.0
238;0.003708570497110486;1.0
239;0.003816871903836727;1.0
240;0.0045067803002893925;1.0
241;0.004812103230506182;1.0
242;0.0037702801637351513;1.0
243;0.0034863189794123173;1.0
244;0.003864740487188101;1.0
245;0.004430070985108614;1.0
246;0.0033106855116784573;1.0
247;0.004256486892700195;1.0
248;0.003917304798960686;1.0
249;0.005922555457800627;1.0
250;0.004327007103711367;1.0
251;0.004915817175060511;1.0
252;0.004721741657704115;1.0
253;0.0035504684783518314;1.0
254;0.0034537184983491898;1.0
255;0.0030114243272691965;1.0
256;0.003589049680158496;1.0
257;0.004492628388106823;1.0
258;0.004581136163324118;1.0
259;0.0037124543450772762;1.0
260;0.004275040701031685;1.0
261;0.005739137064665556;1.0
262;0.005502426531165838;1.0
263;0.0038980641402304173;1.0
264;0.003851112676784396;1.0
265;0.004413808695971966;1.0
266;0.0056825317442417145;1.0
267;0.0051543195731937885;1.0
268;0.004061834421008825;1.0
269;0.002655904972925782;1.0
270;0.0025876101572066545;1.0
271;0.003705038456246257;1.0
272;0.004604573827236891;1.0
273;0.003983784932643175;1.0
274;0.004747339989989996;1.0
275;0.00238503934815526;1.0
276;0.0032266464550048113;1.0
277;0.004111764952540398;1.0
278;0.003269587643444538;1.0
279;0.005565838422626257;1.0
280;0.004052454140037298;1.0
281;0.005308321677148342;1.0
282;0.00393472146242857;1.0
283;0.004470077343285084;1.0
284;0.0035164838191121817;1.0
285;0.005501279141753912;1.0
286;0.0023970624897629023;1.0
287;0.0034313190262764692;1.0
288;0.003969957586377859;1.0
289;0.0048497943207621574;1.0
290;0.0030207305680960417;1.0
291;0.002975941402837634;1.0
292;0.003544642822816968;1.0
293;0.0025963997468352318;1.0
294;0.0023229701910167933;1.0
295;0.003265469102188945;1.0
296;0.004332613665610552;1.0
297;0.002716462127864361;1.0
298;0.0033111972734332085;1.0
299;0.00321593158878386;1.0
300;0.003910783212631941;1.0
301;0.004212995991110802;1.0
302;0.0038683386519551277;1.0
303;0.003427359275519848;1.0
304;0.0028798477724194527;1.0
305;0.004100065212696791;1.0
306;0.0035121976397931576;1.0
307;0.004894682671874762;1.0
308;0.004696810618042946;1.0
309;0.0029604171868413687;1.0
310;0.0031199967488646507;1.0
311;0.004109030589461327;1.0
312;0.0025336050894111395;1.0
313;0.0037910479586571455;1.0
314;0.0026435228064656258;1.0
315;0.002804036717861891;1.0
316;0.003388131270185113;1.0
317;0.0029576998203992844;1.0
318;0.0025103690568357706;1.0
319;0.0032978965900838375;1.0
320;0.002978578908368945;1.0
321;0.0031331065110862255;1.0
322;0.0029698756989091635;1.0
323;0.004491046536713839;1.0
324;0.002622100990265608;1.0
325;0.003005671314895153;1.0
326;0.0025133443996310234;1.0
327;0.0023417016491293907;1.0
328;0.002892336342483759;1.0
329;0.0033084405586123466;1.0
330;0.0031500402837991714;1.0
331;0.0027756316121667624;1.0
332;0.003400222398340702;1.0
333;0.00264527415856719;1.0
334;0.003576295915991068;1.0
335;0.0025066277012228966;1.0
336;0.002858221298083663;1.0
337;0.0024232526775449514;1.0
338;0.0025356709957122803;1.0
339;0.002794431522488594;1.0
340;0.0030235256999731064;1.0
341;0.0023712303955107927;1.0
342;0.0026824476663023233;1.0
343;0.0031604671385139227;1.0
344;0.002547192620113492;1.0
345;0.0021227041725069284;1.0
346;0.0031296592205762863;1.0
347;0.00262177805416286;1.0
348;0.002830921672284603;1.0
349;0.002447119913995266;1.0
350;0.0026951078325510025;1.0
351;0.0027343174442648888;1.0
352;0.0027754721231758595;1.0
353;0.0028678164817392826;1.0
354;0.003135040169581771;1.0
355;0.0023344061337411404;1.0
356;0.0027451920323073864;1.0
357;0.00312866666354239;1.0
358;0.0032848473638296127;1.0
359;0.0034560817293822765;1.0
360;0.002851394470781088;1.0
361;0.002769329585134983;1.0
362;0.0024831355549395084;1.0
363;0.0036413276102393866;1.0
364;0.0023290894459933043;1.0
365;0.002397088799625635;1.0
366;0.002649228321388364;1.0
367;0.002378734527155757;1.0
368;0.0022294579539448023;1.0
369;0.0022942773066461086;1.0
370;0.0033553882967680693;1.0
371;0.0030620647594332695;1.0
372;0.002957763150334358;1.0
373;0.002311035757884383;1.0
374;0.002285807393491268;1.0
375;0.0026082757394760847;1.0
376;0.0031989868730306625;1.0
377;0.0030605385545641184;1.0
378;0.00307652004994452;1.0
379;0.0022793542593717575;1.0
380;0.0023709959350526333;1.0
381;0.0027260335627943277;1.0
382;0.0025854918640106916;1.0
383;0.0016435743309557438;1.0
384;0.002736839698627591;1.0
385;0.0018967852229252458;1.0
386;0.0024650057312101126;1.0
387;0.0031024005729705095;1.0
388;0.0027095635887235403;1.0
389;0.002203791867941618;1.0
390;0.0022268788889050484;1.0
391;0.0022498294711112976;1.0
392;0.00207143509760499;1.0
393;0.0021125650964677334;1.0
394;0.0025637997314333916;1.0
395;0.002073437673971057;1.0
396;0.0025510925333946943;1.0
397;0.0026163323782384396;1.0
398;0.0023872896563261747;1.0
399;0.00229578441940248;1.0
400;0.0017263287445530295;1.0
401;0.0030291611328721046;1.0
402;0.0023859709035605192;1.0
403;0.0027519252616912127;1.0
404;0.002452511340379715;1.0
405;0.0018225812818855047;1.0
406;0.002032678807154298;1.0
407;0.0018988101510331035;1.0
408;0.002934988820925355;1.0
409;0.002058373996987939;1.0
410;0.0021234943997114897;1.0
411;0.001797398435883224;1.0
412;0.0017515101935714483;1.0
413;0.002280676271766424;1.0
414;0.0028488547541201115;1.0
415;0.0018392588244751096;1.0
416;0.002571891061961651;1.0
417;0.0029248008504509926;1.0
418;0.002881088526919484;1.0
419;0.0024743443354964256;1.0
420;0.002683307509869337;1.0
421;0.0021170685067772865;1.0
422;0.0026444108225405216;1.0
423;0.0028480931650847197;1.0
424;0.0023307495284825563;1.0
425;0.002432081615552306;1.0
426;0.00221561873331666;1.0
427;0.0025915526784956455;1.0
428;0.002171434462070465;1.0
429;0.0018120992463082075;1.0
430;0.001266102073714137;1.0
431;0.0021044460590928793;1.0
432;0.0019676059018820524;1.0
433;0.0027883434668183327;1.0
434;0.0016750982031226158;1.0
435;0.0014976495876908302;1.0
436;0.002330683870241046;1.0
437;0.0012918401043862104;1.0
438;0.0027148453518748283;1.0
439;0.0022263198625296354;1.0
440;0.0020541062112897635;1.0
441;0.0016802665777504444;1.0
442;0.0017551332712173462;1.0
443;0.002112281508743763;1.0
444;0.0018386729061603546;1.0
445;0.00171799142844975;1.0
446;0.0018331223400309682;1.0
447;0.0019301112042739987;1.0
448;0.0020035437773913145;1.0
449;0.0019886265508830547;1.0
450;0.0017986625898629427;1.0
451;0.0015317365759983659;1.0
452;0.00217772601172328;1.0
453;0.0012291130842640996;1.0
454;0.001587041886523366;1.0
455;0.002395584946498275;1.0
456;0.0018261837540194392;1.0
457;0.001649219891987741;1.0
458;0.0017310655675828457;1.0
459;0.0023366156965494156;1.0
460;0.0016436976147815585;1.0
461;0.002054099692031741;1.0
462;0.0027866375166922808;1.0
463;0.0015792548656463623;1.0
464;0.0020851523149758577;1.0
465;0.002396675990894437;1.0
466;0.002029828727245331;1.0
467;0.0021214301232248545;1.0
468;0.0014511204790323973;1.0
469;0.00212572468444705;1.0
470;0.0018625506199896336;1.0
471;0.0018787570297718048;1.0
472;0.0015886675100773573;1.0
473;0.0017190526705235243;1.0
474;0.0016268986510112882;1.0
475;0.0015802858397364616;1.0
476;0.0023445365950465202;1.0
477;0.0014922709669917822;1.0
478;0.002087309956550598;1.0
479;0.0017030079616233706;1.0
480;0.001699912711046636;1.0
481;0.0016950629651546478;1.0
482;0.0026229755021631718;1.0
483;0.0020817068871110678;1.0
484;0.0011511279735714197;1.0
485;0.0022252111230045557;1.0
486;0.0016773795941844583;1.0
487;0.0020482807885855436;1.0
488;0.0017811439465731382;1.0
489;0.002392787719145417;1.0
490;0.0013612471520900726;1.0
491;0.0024241344071924686;1.0
492;0.002165833953768015;1.0
493;0.002360244281589985;1.0
494;0.002174931112676859;1.0
495;0.001755028497427702;1.0
496;0.001642699120566249;1.0
497;0.0018861598800867796;1.0
498;0.001981972949579358;1.0
499;0.0013787257485091686;1.0
500;0.0018713839817792177;1.0
501;0.001638701418414712;1.0
502;0.0012872715014964342;1.0
503;0.0025510776322335005;1.0
504;0.00141629739664495;1.0
505;0.0016557861818000674;1.0
506;0.0019084052182734013;1.0
507;0.0017118118703365326;1.0
508;0.0013177874498069286;1.0
509;0.0016087263356894255;1.0
510;0.0013441266492009163;1.0
511;0.001337096095085144;1.0
512;0.002082552993670106;1.0
513;0.0009142389753833413;1.0
514;0.0019208029843866825;1.0
515;0.000997943221591413;1.0
516;0.001484345062635839;1.0
517;0.0011270148679614067;1.0
518;0.0021384090650826693;1.0
519;0.0012493637623265386;1.0
520;0.0015642371727153659;1.0
521;0.0011342066572979093;1.0
522;0.0019050495466217399;1.0
523;0.0008531452622264624;1.0
524;0.0012224003439769149;1.0
525;0.0014715574216097593;1.0
526;0.001447864924557507;1.0
527;0.001641692710109055;1.0
528;0.001604878343641758;1.0
529;0.0017975642113015056;1.0
530;0.0012602076167240739;1.0
531;0.0011261067120358348;1.0
532;0.0022684158757328987;1.0
533;0.0015787999145686626;1.0
534;0.001378183951601386;1.0
535;0.0021311859600245953;1.0
536;0.0017363923834636807;1.0
537;0.0010793500114232302;1.0
538;0.0014493386261165142;1.0
539;0.0016537754563614726;1.0
540;0.0012372510973364115;1.0
541;0.0019586572889238596;1.0
542;0.0014609645586460829;1.0
543;0.001182127045467496;1.0
544;0.0013753757812082767;1.0
545;0.0012844938319176435;1.0
546;0.0014589130878448486;1.0
547;0.001315938774496317;1.0
548;0.001198689336888492;1.0
549;0.001539407530799508;1.0
550;0.0012698083883151412;1.0
551;0.0011229069205000997;1.0
552;0.0014024407137185335;1.0
553;0.0020134784281253815;1.0
554;0.0010667018359526992;1.0
555;0.0015291557647287846;1.0
556;0.0010255343513563275;1.0
557;0.0009415620006620884;1.0
558;0.0012619016924872994;1.0
559;0.001556155737489462;1.0
560;0.0008439637022092938;1.0
561;0.0013513182057067752;1.0
562;0.0018758740043267608;1.0
563;0.0012661259388551116;1.0
564;0.0013507073745131493;1.0
565;0.0014494621427729726;1.0
566;0.0011800035135820508;1.0
567;0.0013459938345476985;1.0
568;0.0010885356459766626;1.0
569;0.0011452235048636794;1.0
570;0.001049421145580709;1.0
571;0.0009647280676290393;1.0
572;0.0006772109773010015;1.0
573;0.0008807192789390683;1.0
574;0.0010286576580256224;1.0
575;0.0010598724475130439;1.0
576;0.0011539609404280782;1.0
577;0.0011241226457059383;1.0
578;0.0011206810595467687;1.0
579;0.0014321105554699898;1.0
580;0.0009380184928886592;1.0
581;0.0013541303342208266;1.0
582;0.0007934754830785096;1.0
583;0.0011948898900300264;1.0
584;0.0011511797783896327;1.0
585;0.0011190609075129032;1.0
586;0.0010518099879845977;1.0
587;0.0012533918488770723;1.0
588;0.0008215053239837289;1.0
589;0.001053319894708693;1.0
590;0.0010056712199002504;1.0
591;0.0020644639153033495;1.0
592;0.0010504968231543899;1.0
593;0.0012345666764304042;1.0
594;0.0009353100322186947;1.0
595;0.0011298375902697444;1.0
596;0.0014298385940492153;1.0
597;0.0011667812941595912;1.0
598;0.0007723364396952093;1.0
599;0.0012340594548732042;1.0
600;0.000879332481417805;1.0
601;0.0010471052955836058;1.0
602;0.0011930391192436218;1.0
603;0.0011889637680724263;1.0
604;0.0013364334590733051;1.0
605;0.000958070217166096;1.0
606;0.0013084481470286846;1.0
607;0.0016008204547688365;1.0
608;0.0011606545886024833;1.0
609;0.0008719891775399446;1.0
610;0.001146581838838756;1.0
611;0.0012710194569081068;1.0
612;0.0016018043970689178;1.0
613;0.0007581620011478662;1.0
614;0.0008833319880068302;1.0
615;0.000856083061080426;1.0
616;0.0009404968004673719;1.0
617;0.0012099435552954674;1.0
618;0.0008175010443665087;1.0
619;0.001345215830951929;1.0
620;0.0010319032007828355;1.0
621;0.0008785615209490061;1.0
622;0.0010611384641379118;1.0
623;0.0012187996180728078;1.0
624;0.0008306829840876162;1.0
625;0.0010851678671315312;1.0
626;0.001133152050897479;1.0
627;0.0012501670280471444;1.0
628;0.0012175756273791194;1.0
629;0.0010021072812378407;1.0
630;0.0008690761169418693;1.0
631;0.0007658620015718043;1.0
632;0.0012545608915388584;1.0
633;0.0011667757062241435;1.0
634;0.0007383672636933625;1.0
635;0.0009750211029313505;1.0
636;0.0008808941347524524;1.0
637;0.0011590371141210198;1.0
638;0.001433615107089281;1.0
639;0.0009332714253105223;1.0
640;0.0012182954233139753;1.0
641;0.0012075763661414385;1.0
642;0.001273800153285265;1.0
643;0.0006768754683434963;1.0
644;0.0011198597494512796;1.0
645;0.0011501866392791271;1.0
646;0.0007275925017893314;1.0
647;0.0008200970478355885;1.0
648;0.0007341898162849247;1.0
649;0.0011010259622707963;1.0
650;0.0012341875117272139;1.0
651;0.0008887340663932264;1.0
652;0.0007648237515240908;1.0
653;0.0012247846461832523;1.0
654;0.0006795603549107909;1.0
655;0.0009797107195481658;1.0
656;0.0009589602705091238;1.0
657;0.0011211757082492113;1.0
658;0.0014571754727512598;1.0
659;0.0007313188398256898;1.0
660;0.0009847853798419237;1.0
661;0.0006412664661183953;1.0
662;0.0009472980163991451;1.0
663;0.0007511043804697692;1.0
664;0.0007839511963538826;1.0
665;0.0008658782462589443;1.0
666;0.0007171824108809233;1.0
667;0.0006516283028759062;1.0
668;0.0009476584964431822;1.0
669;0.0006335132638923824;1.0
670;0.0009028621716424823;1.0
671;0.0006431707879528403;1.0
672;0.0009669737773947418;1.0
673;0.0010405982611700892;1.0
674;0.0007863885257393122;1.0
675;0.0008282253402285278;1.0
676;0.000953438866417855;1.0
677;0.0008577995467931032;1.0
678;0.0011029535671696067;1.0
679;0.00121886539272964;1.0
680;0.0008224235498346388;1.0
681;0.0007742486777715385;1.0
682;0.0007515266770496964;1.0
683;0.0006818242254666984;1.0
684;0.000800273846834898;1.0
685;0.0009027651976794004;1.0
686;0.0007660985575057566;1.0
687;0.0008186970371752977;1.0
688;0.001147826318629086;1.0
689;0.0009318380034528673;1.0
690;0.0009987574303522706;1.0
691;0.0010087619302794337;1.0
692;0.0008199255098588765;1.0
693;0.0008603043388575315;1.0
694;0.0007528792484663427;1.0
695;0.0008000585366971791;1.0
696;0.000835653452668339;1.0
697;0.000747387355659157;1.0
698;0.0006874242681078613;1.0
699;0.0006791243213228881;1.0
700;0.0007598628872074187;1.0
701;0.000977603136561811;1.0
702;0.0008176857372745872;1.0
703;0.001061124261468649;1.0
704;0.0010198525851592422;1.0
705;0.0007728298660367727;1.0
706;0.0011398617643862963;1.0
707;0.0007529692957177758;1.0
708;0.0007838871097192168;1.0
709;0.0009652943699620664;1.0
710;0.0005058666574768722;1.0
711;0.0007759399595670402;1.0
712;0.0006378695834428072;1.0
713;0.0009634466259740293;1.0
714;0.0008158007403835654;1.0
715;0.000798810797277838;1.0
716;0.0010096259647980332;1.0
717;0.0006942612817510962;1.0
718;0.0011830009752884507;1.0
719;0.0008023387053981423;1.0
720;0.001169283059425652;1.0
721;0.0010277071269229054;1.0
722;0.0006430047214962542;1.0
723;0.0008874602499417961;1.0
724;0.0007159416563808918;1.0
725;0.0007991977618075907;1.0
726;0.0006976141012273729;1.0
727;0.0007781832828186452;1.0
728;0.0006536666769534349;1.0
729;0.0008081719861365855;1.0
730;0.0008271316182799637;1.0
731;0.0007404451607726514;1.0
732;0.000890082330442965;1.0
733;0.0007502614171244204;1.0
734;0.0009787344606593251;1.0
735;0.0009051535162143409;1.0
736;0.0010010916739702225;1.0
737;0.0008565012249164283;1.0
738;0.0008308562682941556;1.0
739;0.0009289926383644342;1.0
740;0.0008204415207728744;1.0
741;0.0006341841071844101;1.0
742;0.001047510770149529;1.0
743;0.000730366911739111;1.0
744;0.0007630091859027743;1.0
745;0.0006662780651822686;1.0
746;0.0007865588995628059;1.0
747;0.000701230310369283;1.0
748;0.000652762595564127;1.0
749;0.0008014593040570617;1.0
750;0.0005196749116294086;1.0
751;0.0009640258504077792;1.0
752;0.0008057960658334196;1.0
753;0.0007289975765161216;1.0
754;0.0006029726937413216;1.0
755;0.0007251311326399446;1.0
756;0.000489278114400804;1.0
757;0.00034831161610782146;1.0
758;0.0007576903444714844;1.0
759;0.000746117380913347;1.0
760;0.0005375071195885539;1.0
761;0.0006590487319044769;1.0
762;0.0006886965711601079;1.0
763;0.0006732648471370339;1.0
764;0.0006497122230939567;1.0
765;0.0006631540600210428;1.0
766;0.0005116542452014983;1.0
767;0.0005951421917416155;1.0
768;0.0005658602458424866;1.0
769;0.0007345853955484927;1.0
770;0.0006544340867549181;1.0
771;0.0008223180193454027;1.0
772;0.0006399766425602138;1.0
773;0.0005260234465822577;1.0
774;0.0006130464607849717;1.0
775;0.0005994949024170637;1.0
776;0.0006789634935557842;1.0
777;0.0009397132671438158;1.0
778;0.0006411829381249845;1.0
779;0.0006376005476340652;1.0
780;0.0009708116995170712;1.0
781;0.0007265257881954312;1.0
782;0.0008179005817510188;1.0
783;0.00072689593071118;1.0
784;0.0007099452777765691;1.0
785;0.0006252542953006923;1.0
786;0.0007949011051096022;1.0
787;0.0006349348113872111;1.0
788;0.0007116913329809904;1.0
789;0.0006529691745527089;1.0
790;0.0007972394814714789;1.0
791;0.0008673808770254254;1.0
792;0.0008129222551360726;1.0
793;0.0007103740936145186;1.0
794;0.0007924732635729015;1.0
795;0.0004990144516341388;1.0
796;0.0007073254091665149;1.0
797;0.0006773938075639307;1.0
798;0.0007392520201392472;1.0
799;0.0008018647786229849;1.0
800;0.0005803087842650712;1.0
801;0.0005259052850306034;1.0
802;0.0005926081794314086;1.0
803;0.0008540098206140101;1.0
804;0.0006090325769037008;1.0
805;0.000677472329698503;1.0
806;0.0007183426059782505;1.0
807;0.0005522536230273545;1.0
808;0.0006492903339676559;1.0
809;0.0006787989404983819;1.0
810;0.000785851152613759;1.0
811;0.0006954699056223035;1.0
812;0.0007531896117143333;1.0
813;0.0008021379471756518;1.0
814;0.0008606130722910166;1.0
815;0.0007356687565334141;1.0
816;0.0006871845107525587;1.0
817;0.0005739228217862546;1.0
818;0.0007367993239313364;1.0
819;0.0008358035120181739;1.0
820;0.0005838584038428962;1.0
821;0.0005237595178186893;1.0
822;0.0007767779170535505;1.0
823;0.0006477692513726652;1.0
824;0.0006621012580581009;1.0
825;0.0008488643215969205;1.0
826;0.0007371815154328942;1.0
827;0.00048299928312189877;1.0
828;0.0005895297508686781;1.0
829;0.0007601496763527393;1.0
830;0.00057256716536358;1.0
831;0.00047001277562230825;1.0
832;0.0006166456732898951;1.0
833;0.0005165344337001443;1.0
834;0.0007610552129335701;1.0
835;0.0008143404847942293;1.0
836;0.0006873640231788158;1.0
837;0.0005979958805255592;1.0
838;0.0005764378001913428;1.0
839;0.0005281572812236845;1.0
840;0.0005499006365425885;1.0
841;0.0005417252541519701;1.0
842;0.000523515569511801;1.0
843;0.0006600784254260361;1.0
844;0.00047912527224980295;1.0
845;0.0009297206997871399;1.0
846;0.0006416899850592017;1.0
847;0.000511583115439862;1.0
848;0.0005225342465564609;1.0
849;0.0005993279628455639;1.0
850;0.0005515925004146993;1.0
851;0.0004450470441952348;1.0
852;0.0006074993289075792;1.0
853;0.00040163748781196773;1.0
854;0.0005697415908798575;1.0
855;0.0004135838244110346;1.0
856;0.0006273327162489295;1.0
857;0.0004920029896311462;1.0
858;0.0007871682173572481;1.0
859;0.0007225136505439878;1.0
860;0.0007875292794778943;1.0
861;0.0006145016523078084;1.0
862;0.0005056138033978641;1.0
863;0.0006718007498420775;1.0
864;0.000510792073328048;1.0
865;0.0006597999017685652;1.0
866;0.0005943881114944816;1.0
867;0.00046212971210479736;1.0
868;0.0006086035864427686;1.0
869;0.0006262287497520447;1.0
870;0.0005734037258662283;1.0
871;0.0005938686663284898;1.0
872;0.000508924713358283;1.0
873;0.0006418140255846083;1.0
874;0.0007031131535768509;1.0
875;0.0005429132143035531;1.0
876;0.00031868371297605336;1.0
877;0.0007665283046662807;1.0
878;0.00045583341852761805;1.0
879;0.00035311453393660486;1.0
880;0.0009820933919399977;1.0
881;0.000566786911804229;1.0
882;0.0005604976904578507;1.0
883;0.0004502563097048551;1.0
884;0.0005162167944945395;1.0
885;0.000517753476742655;1.0
886;0.0005943372379988432;1.0
887;0.0006174311856739223;1.0
888;0.0005336484173312783;1.0
889;0.0008365179528482258;1.0
890;0.0005801194929517806;1.0
891;0.0004885334055870771;1.0
892;0.000500826514326036;1.0
893;0.0004345357301644981;1.0
894;0.00047199922846630216;1.0
895;0.0004532289458438754;1.0
896;0.00039219093741849065;1.0
897;0.0007654214859940112;1.0
898;0.0006886048358865082;1.0
899;0.000459022237919271;1.0
900;0.0005712159909307957;1.0
901;0.0005514291115105152;1.0
902;0.0004520936345215887;1.0
903;0.0005210450617596507;1.0
904;0.00047659093979746103;1.0
905;0.0005991245270706713;1.0
906;0.0005706124939024448;1.0
907;0.0005015985225327313;1.0
908;0.0006044519250281155;1.0
909;0.0004104800464119762;1.0
910;0.0005267900414764881;1.0
911;0.0005048071616329253;1.0
912;0.00044174600043334067;1.0
913;0.0006222387892194092;1.0
914;0.0005993307568132877;1.0
915;0.0005785216926597059;1.0
916;0.000515588209964335;1.0
917;0.00041853502625599504;1.0
918;0.00044978634105063975;1.0
919;0.0005514103686437011;1.0
920;0.00046927842777222395;1.0
921;0.0006173424189910293;1.0
922;0.0004911718424409628;1.0
923;0.0004103690152987838;1.0
924;0.00043460982851684093;1.0
925;0.0007099828799255192;1.0
926;0.00072019814979285;1.0
927;0.0008301198249682784;1.0
928;0.000472640385851264;1.0
929;0.0003747901355382055;1.0
930;0.0006799736875109375;1.0
931;0.00046864605974406004;1.0
932;0.0005765893147327006;1.0
933;0.000667440879624337;1.0
934;0.0006691488088108599;1.0
935;0.0005612318054772913;1.0
936;0.000433282955782488;1.0
937;0.0005171747761778533;1.0
938;0.00045495503582060337;1.0
939;0.00046905424096621573;1.0
940;0.00044238794362172484;1.0
941;0.0005629602237604558;1.0
942;0.0005145702743902802;1.0
943;0.0006120263133198023;1.0
944;0.0005798289203085005;1.0
945;0.0006340042455121875;1.0
946;0.0005223180633038282;1.0
947;0.0003997987078037113;1.0
948;0.00041238474659621716;1.0
949;0.00032022458617575467;1.0
950;0.0004121967067476362;1.0
951;0.00048554156091995537;1.0
952;0.0005236190045252442;1.0
953;0.0005465843714773655;1.0
954;0.0007835034048184752;1.0
955;0.0004814743297174573;1.0
956;0.0004865209339186549;1.0
957;0.0005892979097552598;1.0
958;0.0006465092883445323;1.0
959;0.00042163769830949605;1.0
960;0.0004144043195992708;1.0
961;0.0007918613264337182;1.0
962;0.00042677787132561207;1.0
963;0.0004021200293209404;1.0
964;0.00037243080441839993;1.0
965;0.0006352576892822981;1.0
966;0.0004884476074948907;1.0
967;0.00044129640446044505;1.0
968;0.0005577873671427369;1.0
969;0.0004322742752265185;1.0
970;0.00040761311538517475;1.0
971;0.00033670038101263344;1.0
972;0.0004478810587897897;1.0
973;0.0005579256103374064;1.0
974;0.00047885134699754417;1.0
975;0.00037592739681713283;1.0
976;0.0005591310327872634;1.0
977;0.00042449295870028436;1.0
978;0.0005164461326785386;1.0
979;0.0004621571279130876;1.0
980;0.0005143918097019196;1.0
981;0.0005843578837811947;1.0
982;0.00044819628237746656;1.0
983;0.0003599012561608106;1.0
984;0.00023016105114948004;1.0
985;0.0004443444777280092;1.0
986;0.0003711296303663403;1.0
987;0.0003372062055859715;1.0
988;0.0006830593920312822;1.0
989;0.00030601126491092145;1.0
990;0.0005248995148576796;1.0
991;0.0003628796839620918;1.0
992;0.00047692173393443227;1.0
993;0.00029695042758248746;1.0
994;0.0003936895227525383;1.0
995;0.0004840371839236468;1.0
996;0.0003711713070515543;1.0
997;0.00035736459540203214;1.0
998;0.0004500097711570561;1.0
999;0.0004012187710031867;1.0
1000;0.0005164016038179398;1.0
1001;0.00037700997199863195;1.0
1002;0.0004580751119647175;1.0
1003;0.00074174371547997;1.0
1004;0.0003565199440345168;1.0
1005;0.0004179806273896247;1.0
1006;0.0003779571270570159;1.0
1007;0.0003824954037554562;1.0
1008;0.0004002077039331198;1.0
1009;0.000329323869664222;1.0
1010;0.00043441192246973515;1.0
1011;0.0003520927857607603;1.0
1012;0.00028346528415568173;1.0
1013;0.0006917623686604202;1.0
1014;0.000476044078823179;1.0
1015;0.0004634492506738752;1.0
1016;0.00043754183570854366;1.0
1017;0.0004656558739952743;1.0
1018;0.0004595585633069277;1.0
1019;0.0003589023544918746;1.0
1020;0.00041742876055650413;1.0
1021;0.00039126709452830255;1.0
1022;0.0003423892194405198;1.0
1023;0.00042833530460484326;1.0
1024;0.0004575505154207349;1.0
1025;0.0004039688501507044;1.0
1026;0.0003323036362417042;1.0
1027;0.00035719768493436277;1.0
1028;0.0005339303752407432;1.0
1029;0.00046903378097340465;1.0
1030;0.0004872948338743299;1.0
1031;0.00048753019655123353;1.0
1032;0.00044683075975626707;1.0
1033;0.0002969653287436813;1.0
1034;0.0003490226808935404;1.0
1035;0.0005816899356432259;1.0
1036;0.000546345254406333;1.0
1037;0.0004288579220883548;1.0
1038;0.0006831432692706585;1.0
1039;0.00040827252087183297;1.0
1040;0.00046798851690255105;1.0
1041;0.00041015580063685775;1.0
1042;0.00030911032808944583;1.0
1043;0.0002731805434450507;1.0
1044;0.00025614170590415597;1.0
1045;0.0004387966182548553;1.0
1046;0.0005483480636030436;1.0
1047;0.0003856151597574353;1.0
1048;0.0003064204065594822;1.0
1049;0.0003570143016986549;1.0
1050;0.00039229364483617246;1.0
1051;0.0003970686811953783;1.0
1052;0.00033322174567729235;1.0
1053;0.00035255085094831884;1.0
1054;0.0003769296163227409;1.0
1055;0.000495244050398469;1.0
1056;0.00027536076959222555;1.0
1057;0.000338568352162838;1.0
1058;0.0004914813907817006;1.0
1059;0.0003890120715368539;1.0
1060;0.0003586559323593974;1.0
1061;0.0003231259761378169;1.0
1062;0.00039564131293445826;1.0
1063;0.00045751582365483046;1.0
1064;0.00035780397593043745;1.0
1065;0.00030879880068823695;1.0
1066;0.0003346508019603789;1.0
1067;0.0004190911422483623;1.0
1068;0.0004092796880286187;1.0
1069;0.00040424775215797126;1.0
1070;0.0003563526552170515;1.0
1071;0.00040590003482066095;1.0
1072;0.00028766714967787266;1.0
1073;0.00030364905251190066;1.0
1074;0.0004659901314880699;1.0
1075;0.0004480548668652773;1.0
1076;0.0003278016811236739;1.0
1077;0.0005558559205383062;1.0
1078;0.00037862584576942027;1.0
1079;0.0004366379289422184;1.0
1080;0.0003236697521060705;1.0
1081;0.00034320761915296316;1.0
1082;0.0003143820504192263;1.0
1083;0.0005171724478714168;1.0
1084;0.00036094110691919923;1.0
1085;0.0002887668088078499;1.0
1086;0.00043219153303653;1.0
1087;0.0003612741129472852;1.0
1088;0.00047170394100248814;1.0
1089;0.0003521274484228343;1.0
1090;0.00045615798444487154;1.0
1091;0.0003381821443326771;1.0
1092;0.0003191466676071286;1.0
1093;0.0003328268649056554;1.0
1094;0.00044280767906457186;1.0
1095;0.0004093120223842561;1.0
1096;0.0003186896210536361;1.0
1097;0.0006776410154998302;1.0
1098;0.00030263938242569566;1.0
1099;0.0002907871385104954;1.0
1100;0.00042382575338706374;1.0
1101;0.0003218760248273611;1.0
1102;0.0002949749759864062;1.0
1103;0.0003430119249969721;1.0
1104;0.00030408985912799835;1.0
1105;0.00043092219857499003;1.0
1106;0.0005136590334586799;1.0
1107;0.00040636269841343164;1.0
1108;0.00039132669917307794;1.0
1109;0.0003510842507239431;1.0
1110;0.0004621886764653027;1.0
1111;0.0005111848586238921;1.0
1112;0.00036068831104785204;1.0
1113;0.0002031319891102612;1.0
1114;0.0002558207488618791;1.0
1115;0.0003831646463368088;1.0
1116;0.0002572126977611333;1.0
1117;0.00023395143216475844;1.0
1118;0.00035707480856217444;1.0
1119;0.00036491919308900833;1.0
1120;0.0003131886478513479;1.0
1121;0.00025495068985037506;1.0
1122;0.0003408580378163606;1.0
1123;0.0003685550473164767;1.0
1124;0.00035027091507799923;1.0
1125;0.00031871229293756187;1.0
1126;0.00038928064168430865;1.0
1127;0.00032497235224582255;1.0
1128;0.00034980368218384683;1.0
1129;0.0004460280470084399;1.0
1130;0.0003105845535174012;1.0
1131;0.0002464170684106648;1.0
1132;0.0003056078276131302;1.0
1133;0.0004813934210687876;1.0
1134;0.000312863034196198;1.0
1135;0.00032918553915806115;1.0
1136;0.0003695035120472312;1.0
1137;0.00028711510822176933;1.0
1138;0.00047721550799906254;1.0
1139;0.00042220947216264904;1.0
1140;0.0003693208855111152;1.0
1141;0.0002863890549633652;1.0
1142;0.0006335824728012085;1.0
1143;0.0004763052274938673;1.0
1144;0.00041092801257036626;1.0
1145;0.00032243542955257;1.0
1146;0.0003291740140412003;1.0
1147;0.00037862706813029945;1.0
1148;0.0003318757517263293;1.0
1149;0.00038502307143062353;1.0
1150;0.00035558544914238155;1.0
1151;0.0003114412247668952;1.0
1152;0.00033932796213775873;1.0
1153;0.0003161788044963032;1.0
1154;0.00038989874883554876;1.0
1155;0.0004135346389375627;1.0
1156;0.00046878252760507166;1.0
1157;0.00028290654881857336;1.0
1158;0.000400926626753062;1.0
1159;0.0003724826092366129;1.0
1160;0.000395927025238052;1.0
1161;0.00039633535197936;1.0
1162;0.0002460283285472542;1.0
1163;0.00022854801500216126;1.0
1164;0.00034748585312627256;1.0
1165;0.0003196488250978291;1.0
1166;0.00032911787275224924;1.0
1167;0.00033943261951208115;1.0
1168;0.00026778981555253267;1.0
1169;0.00028570007998496294;1.0
1170;0.00045143585884943604;1.0
1171;0.0003191388095729053;1.0
1172;0.0002619065926410258;1.0
1173;0.00032449030550196767;1.0
1174;0.0003675584157463163;1.0
1175;0.00032833582372404635;1.0
1176;0.0003531994007062167;1.0
1177;0.0004528986755758524;1.0
1178;0.00020969515026081353;1.0
1179;0.00037935140426270664;1.0
1180;0.00028777867555618286;1.0
1181;0.0003109928220510483;1.0
1182;0.0002914604265242815;1.0
1183;0.00031497972668148577;1.0
1184;0.0002608489303383976;1.0
1185;0.00036045469460077584;1.0
1186;0.0003246451960876584;1.0
1187;0.0005210554809309542;1.0
1188;0.0003125164657831192;1.0
1189;0.0003524216590449214;1.0
1190;0.00036949795321561396;1.0
1191;0.0002888056915253401;1.0
1192;0.00029918854124844074;1.0
1193;0.00033810280729085207;1.0
1194;0.0002850681485142559;1.0
1195;0.00033451852505095303;1.0
1196;0.0004395201103761792;1.0
1197;0.0002812559250742197;1.0
1198;0.0003898288414347917;1.0
1199;0.00034641046659089625;1.0
1200;0.00035758252488449216;1.0
1201;0.0003259264340158552;1.0
1202;0.0004349868686404079;1.0
1203;0.0003576951858121902;1.0
1204;0.00034159529604949057;1.0
1205;0.0003678502980619669;1.0
1206;0.00035572037450037897;1.0
1207;0.00022635355708189309;1.0
1208;0.00022782449377700686;1.0
1209;0.0003531046095304191;1.0
1210;0.00045815628254786134;1.0
1211;0.00030834763310849667;1.0
1212;0.0002671372494660318;1.0
1213;0.0005338886985555291;1.0
1214;0.00039931703940965235;1.0
1215;0.00029725584317930043;1.0
1216;0.00046113348798826337;1.0
1217;0.0003930894017685205;1.0
1218;0.0003020412113983184;1.0
1219;0.00024578190641477704;1.0
1220;0.00022148634889163077;1.0
1221;0.0003581938217394054;1.0
1222;0.0001907678524730727;1.0
1223;0.00034711568150669336;1.0
1224;0.0003372672654222697;1.0
1225;0.00028909172397106886;1.0
1226;0.00041416651220060885;1.0
1227;0.000259480148088187;1.0
1228;0.0002661174803506583;1.0
1229;0.00017685379134491086;1.0
1230;0.0002518012479413301;1.0
1231;0.00028881963226012886;1.0
1232;0.0002499487600289285;1.0
1233;0.00034511793637648225;1.0
1234;0.0002103328297380358;1.0
1235;0.00023046223213896155;1.0
1236;0.0002842665708158165;1.0
1237;0.00025029300013557076;1.0
1238;0.0003593730798456818;1.0
1239;0.0003207725239917636;1.0
1240;0.0002316245372639969;1.0
1241;0.0002962934086099267;1.0
1242;0.00031769543420523405;1.0
1243;0.000252342812018469;1.0
1244;0.00020329466497059911;1.0
1245;0.000282673048786819;1.0
1246;0.0001678379630902782;1.0
1247;0.00024814438074827194;1.0
1248;0.00022903805074747652;1.0
1249;0.00026949061430059373;1.0
1250;0.0002176369889639318;1.0
1251;0.0004061538493260741;1.0
1252;0.00023209663049783558;1.0
1253;0.0002703831414692104;1.0
1254;0.0002660087193362415;1.0
1255;0.0003257629578001797;1.0
1256;0.00021024206944275647;1.0
1257;0.00026208782219327986;1.0
1258;0.00030292701558209956;1.0
1259;0.000519088061992079;1.0
1260;0.000383989216061309;1.0
1261;0.00030302212690003216;1.0
1262;0.0002474402717780322;1.0
1263;0.00032665961771272123;1.0
1264;0.0005037186201661825;1.0
1265;0.0002722797798924148;1.0
1266;0.0003886647755280137;1.0
1267;0.0002596254926174879;1.0
1268;0.0003274541231803596;1.0
1269;0.00038313923869282007;1.0
1270;0.00030670323758386075;1.0
1271;0.0003231084265280515;1.0
1272;0.0004363254411146045;1.0
1273;0.0003236686752643436;1.0
1274;0.00030855703516863286;1.0
1275;0.00047187338350340724;1.0
1276;0.0003456264967098832;1.0
1277;0.000362956227036193;1.0
1278;0.0003199960046913475;1.0
1279;0.0003563073987606913;1.0
1280;0.0003109116805717349;1.0
1281;0.0003043464384973049;1.0
1282;0.00027727390988729894;1.0
1283;0.00021604268113151193;1.0
1284;0.00024770351592451334;1.0
1285;0.00023642875021323562;1.0
1286;0.0003642358642537147;1.0
1287;0.0003131444100290537;1.0
1288;0.00025269572506658733;1.0
1289;0.00035930995363742113;1.0
1290;0.0003070076636504382;1.0
1291;0.00033573605469428003;1.0
1292;0.0002556101535446942;1.0
1293;0.0002328227274119854;1.0
1294;0.0003270436718594283;1.0
1295;0.000285944901406765;1.0
1296;0.0005095013766549528;1.0
1297;0.00017510999168734998;1.0
1298;0.00027340181986801326;1.0
1299;0.00019719143165275455;1.0
1300;0.0004644191649276763;1.0
1301;0.00021991939865984023;1.0
1302;0.00022123316011857241;1.0
1303;0.0002770164282992482;1.0
1304;0.00020550617773551494;1.0
1305;0.0003588853869587183;1.0
1306;0.0002544452727306634;1.0
1307;0.00018939048459287733;1.0
1308;0.000380110926926136;1.0
1309;0.0002599563158582896;1.0
1310;0.000226462580030784;1.0
1311;0.0002406461862847209;1.0
1312;0.00026907966821454465;1.0
1313;0.00017436835332773626;1.0
1314;0.00018575559079181403;1.0
1315;0.0002134374517481774;1.0
1316;0.00018753962649498135;1.0
1317;0.0002168457576772198;1.0
1318;0.00020020967349410057;1.0
1319;0.00019835960119962692;1.0
1320;0.0002071399794658646;1.0
1321;0.00020177787519060075;1.0
1322;0.00020465422130655497;1.0
1323;0.00027679052436724305;1.0
1324;0.0002884053101297468;1.0
1325;0.00026103120762854815;1.0
1326;0.00029722281033173203;1.0
1327;0.0001828040403779596;1.0
1328;0.00031108930124901235;1.0
1329;0.0001885784004116431;1.0
1330;0.00022145436378195882;1.0
1331;0.0002848473668564111;1.0
1332;0.0002859847736544907;1.0
1333;0.0004211849591229111;1.0
1334;0.00028447777731344104;1.0
1335;0.0004102220991626382;1.0
1336;0.0004206260200589895;1.0
1337;0.0002682355116121471;1.0
1338;0.00027295618201605976;1.0
1339;0.00019645910651888698;1.0
1340;0.000265754119027406;1.0
1341;0.00033437207457609475;1.0
1342;0.00025188186555169523;1.0
1343;0.00020352125284262002;1.0
1344;0.00025335996178910136;1.0
1345;0.00021438220574054867;1.0
1346;0.00030606353539042175;1.0
1347;0.00027842962299473584;1.0
1348;0.00021436333190649748;1.0
1349;0.00019888720999006182;1.0
1350;0.00034945609513670206;1.0
1351;0.0002880662214010954;1.0
1352;0.0003351036866661161;1.0
1353;0.0002089069748762995;1.0
1354;0.0002980024728458375;1.0
1355;0.00032312952680513263;1.0
1356;0.00023824162781238556;1.0
1357;0.00022106656979303807;1.0
1358;0.00020442233653739095;1.0
1359;0.00021716588526032865;1.0
1360;0.00017608710913918912;1.0
1361;0.00028636420029215515;1.0
1362;0.0002322428481420502;1.0
1363;0.0002896062796935439;1.0
1364;0.000260154833085835;1.0
1365;0.00023816897009965032;1.0
1366;0.0003357372770551592;1.0
1367;0.0001862876524683088;1.0
1368;0.00023368225083686411;1.0
1369;0.0002220740425400436;1.0
1370;0.00021650668350048363;1.0
1371;0.00018121064931619912;1.0
1372;0.00022091937717050314;1.0
1373;0.0002506821183487773;1.0
1374;0.0003199804632458836;1.0
1375;0.00030665029771625996;1.0
1376;0.00020170144853182137;1.0
1377;0.000247766642132774;1.0
1378;0.00018342524708714336;1.0
1379;0.00024081625451799482;1.0
1380;0.00022883067140355706;1.0
1381;0.00021885191381443292;1.0
1382;0.00020707366638816893;1.0
1383;0.00025510916020721197;1.0
1384;0.00020552994101308286;1.0
1385;0.00023361080093309283;1.0
1386;0.00022582033125218004;1.0
1387;0.00022986755357123911;1.0
1388;0.00025634485064074397;1.0
1389;0.00019261857960373163;1.0
1390;0.0001227689499501139;1.0
1391;0.00028177196509204805;1.0
1392;0.00022574645117856562;1.0
1393;0.00021408121392596513;1.0
1394;0.0002844680566340685;1.0
1395;0.00021678094344679266;1.0
1396;0.0002375292096985504;1.0
1397;0.0002279609616380185;1.0
1398;0.0002041449915850535;1.0
1399;0.0002469720202498138;1.0
1400;0.00028110877610743046;1.0
1401;0.00021518493304029107;1.0
1402;0.0001971984311239794;1.0
1403;0.0002316068421350792;1.0
1404;0.00019349677313584834;1.0
1405;0.00017926920554600656;1.0
1406;0.0001522431120974943;1.0
1407;0.00022308023471850902;1.0
1408;0.00016539539501536638;1.0
1409;0.0001921011571539566;1.0
1410;0.00022944681404624134;1.0
1411;0.00015900803555268794;1.0
1412;0.00016051776765380055;1.0
1413;0.00025228585582226515;1.0
1414;0.00016196949582081288;1.0
1415;0.0002383610262768343;1.0
1416;0.00026352255372330546;1.0
1417;0.00019464832439552993;1.0
1418;0.00025735358940437436;1.0
1419;0.00035900986404158175;1.0
1420;0.00017693405970931053;1.0
1421;0.0001942499220604077;1.0
1422;0.0001764890766935423;1.0
1423;0.00015926007472444326;1.0
1424;0.00022814804106019437;1.0
1425;0.00020456695347093046;1.0
1426;0.00022425185306929052;1.0
1427;0.0002073011128231883;1.0
1428;0.00020387224503792822;1.0
1429;0.00022749169147573411;1.0
1430;0.00020588270854204893;1.0
1431;0.00020611014042515308;1.0
1432;0.00024728282005526125;1.0
1433;0.000235948376939632;1.0
1434;0.00019796533160842955;1.0
1435;0.00016655777289997786;1.0
1436;0.00017562895664013922;1.0
1437;0.00015225124661810696;1.0
1438;0.000235387371503748;1.0
1439;0.00019472739950288087;1.0
1440;0.000205550022656098;1.0
1441;0.0001504191168351099;1.0
1442;0.00023229407088365406;1.0
1443;0.00015785351570229977;1.0
1444;0.00019567113486118615;1.0
1445;0.000151410058606416;1.0
1446;0.0001566021383041516;1.0
1447;0.00020258620497770607;1.0
1448;0.000254737155046314;1.0
1449;0.00016817060532048345;1.0
1450;0.0002656526048667729;1.0
1451;0.00019256878294982016;1.0
1452;0.00019375352712813765;1.0
1453;0.00022500508930534124;1.0
1454;0.0002342418156331405;1.0
1455;0.00026122239069081843;1.0
1456;0.00013781730376649648;1.0
1457;0.0002607502101454884;1.0
1458;0.00025428441585972905;1.0
1459;0.00020031016902066767;1.0
1460;0.00031890824902802706;1.0
1461;0.00019667444576043636;1.0
1462;0.00014258969167713076;1.0
1463;0.00022120798530522734;1.0
1464;0.00016837099974509329;1.0
1465;0.00017770218255463988;1.0
1466;0.0003080005990341306;1.0
1467;0.00019616451754700392;1.0
1468;0.0002017729711951688;1.0
1469;0.00013488176045939326;1.0
1470;0.00026310814428143203;1.0
1471;0.00015482820163015276;1.0
1472;0.00018081521557178348;1.0
1473;0.00019455743313301355;1.0
1474;0.00015115132555365562;1.0
1475;0.00016288280312437564;1.0
1476;0.00023048571893014014;1.0
1477;0.00017957825912162662;1.0
1478;0.00015898414130788296;1.0
1479;0.00026859730132855475;1.0
1480;0.000284713925793767;1.0
1481;0.0002520904818084091;1.0
1482;0.00019394796981941909;1.0
1483;0.00027070671785622835;1.0
1484;0.0002550515637267381;1.0
1485;0.000262908375589177;1.0
1486;0.00014651077799499035;1.0
1487;0.00023492211767006665;1.0
1488;0.0002346731344005093;1.0
1489;0.00018159448518417776;1.0
1490;0.00019458317547105253;1.0
1491;0.00021584877686109394;1.0
1492;0.0002445886784698814;1.0
1493;0.00023352469725068659;1.0
1494;0.00024229229893535376;1.0
1495;0.00020448995928745717;1.0
1496;0.0001941029040608555;1.0
1497;0.00020085842697881162;1.0
1498;0.00021910468058194965;1.0
1499;0.00024046663020271808;1.0
