iteration;loss;accuracy
0;0.009460150264203548;0.019305018708109856
1;0.009266617707908154;0.04440154507756233
2;0.009239040315151215;0.055984556674957275
3;0.0092510050162673;0.054054055362939835
4;0.009230444207787514;0.04247104376554489
5;0.009193055331707;0.04247104376554489
6;0.009150390513241291;0.055984556674957275
7;0.009159316308796406;0.03861003741621971
8;0.009153950028121471;0.057915057986974716
9;0.009155213832855225;0.05984555929899216
10;0.00913604162633419;0.0617760606110096
11;0.009114564396440983;0.07722007483243942
12;0.009097681380808353;0.05984555929899216
13;0.009090824984014034;0.048262547701597214
14;0.009106497280299664;0.048262547701597214
15;0.009091409854590893;0.0617760606110096
16;0.009076566435396671;0.06949806958436966
17;0.009060860611498356;0.057915057986974716
18;0.009055073373019695;0.05984555929899216
19;0.009034802205860615;0.07722007483243942
20;0.009040296077728271;0.0714285746216774
21;0.009035192430019379;0.06949806958436966
22;0.00903631653636694;0.055984556674957275
23;0.009016408585011959;0.07528957724571228
24;0.009017926640808582;0.07915057986974716
25;0.00900910422205925;0.07915057986974716
26;0.008994647301733494;0.0810810774564743
27;0.00900066178292036;0.057915057986974716
28;0.008980454877018929;0.07528957724571228
29;0.008971119299530983;0.08687258511781693
30;0.008969292044639587;0.07915057986974716
31;0.008959181606769562;0.09845560044050217
32;0.008945463225245476;0.09652509540319443
33;0.00894863810390234;0.08687258511781693
34;0.008945510722696781;0.09845560044050217
35;0.008936473168432713;0.08301158249378204
36;0.008941521868109703;0.06756756454706192
37;0.008911766111850739;0.0810810774564743
38;0.008918369188904762;0.07335907220840454
39;0.008894308470189571;0.10810811072587967
40;0.00888313353061676;0.10424710065126419
41;0.008862345479428768;0.10038609802722931
42;0.008861169219017029;0.09652509540319443
43;0.008853579871356487;0.10231660306453705
44;0.00884850975126028;0.11196911334991455
45;0.00882579293102026;0.12741312384605408
46;0.008806094527244568;0.1332046389579773
47;0.008796210400760174;0.1332046389579773
48;0.008796854875981808;0.11003860831260681
49;0.008823835290968418;0.12934362888336182
50;0.00878029316663742;0.11003860831260681
51;0.008783209137618542;0.12162162363529205
52;0.008776900358498096;0.16023166477680206
53;0.008708075620234013;0.13513512909412384
54;0.008787302300333977;0.08301158249378204
55;0.008715207688510418;0.1332046389579773
56;0.008751209825277328;0.13513512909412384
57;0.008679823018610477;0.12548261880874634
58;0.008724103681743145;0.10617760568857193
59;0.008670711889863014;0.1428571492433548
60;0.00870175939053297;0.13127413392066956
61;0.008653863333165646;0.1235521212220192
62;0.00867102574557066;0.11003860831260681
63;0.008615496568381786;0.16409265995025635
64;0.008617319166660309;0.14092664420604706
65;0.00861276127398014;0.13706563413143158
66;0.008620420470833778;0.14671814441680908
67;0.008596899919211864;0.11776062101125717
68;0.008588398806750774;0.13899613916873932
69;0.008566129021346569;0.1621621549129486
70;0.008567827753722668;0.1525096595287323
71;0.008534535765647888;0.1660231649875641
72;0.008560266345739365;0.1525096595287323
73;0.00851161777973175;0.16795367002487183
74;0.008523169904947281;0.1621621549129486
75;0.008507690392434597;0.16023166477680206
76;0.008512674830853939;0.1621621549129486
77;0.008474433794617653;0.1660231649875641
78;0.008490114472806454;0.16023166477680206
79;0.008444040082395077;0.15444014966487885
80;0.008481480181217194;0.15057915449142456
81;0.008444267325103283;0.19111968576908112
82;0.008464676328003407;0.16795367002487183
83;0.008449847809970379;0.16023166477680206
84;0.008431312628090382;0.1853281855583191
85;0.008436216972768307;0.16988417506217957
86;0.008415168151259422;0.16988417506217957
87;0.008397044613957405;0.2046332061290741
88;0.008429359644651413;0.16795367002487183
89;0.008387037552893162;0.19305019080638885
90;0.00837712548673153;0.18339768052101135
91;0.008380343206226826;0.1718146651983261
92;0.008379521779716015;0.1814671754837036
93;0.008361008018255234;0.19691120088100433
94;0.008355136029422283;0.20270270109176636
95;0.008340983651578426;0.19691120088100433
96;0.008321946486830711;0.1949806958436966
97;0.008310065604746342;0.18339768052101135
98;0.008285081014037132;0.21235521137714386
99;0.008273419924080372;0.2142857164144516
100;0.00827669445425272;0.22007721662521362
101;0.008277040906250477;0.20656371116638184
102;0.008266670629382133;0.1756756752729416
103;0.008237026631832123;0.20270270109176636
104;0.008260641247034073;0.19305019080638885
105;0.008228288032114506;0.2142857164144516
106;0.008191818371415138;0.2374517321586609
107;0.008206136524677277;0.2046332061290741
108;0.008189751766622066;0.24131274223327637
109;0.00820824783295393;0.21042470633983612
110;0.008201703429222107;0.22007721662521362
111;0.008191054686903954;0.2046332061290741
112;0.008183863945305347;0.23938223719596863
113;0.008165489882230759;0.20656371116638184
114;0.008160097524523735;0.23166023194789886
115;0.00816750805824995;0.22586873173713684
116;0.008160022087395191;0.2142857164144516
117;0.00816602073609829;0.21814671158790588
118;0.008178289979696274;0.20270270109176636
119;0.008146794512867928;0.2239382266998291
120;0.008112240582704544;0.2625482678413391
121;0.00815935805439949;0.21235521137714386
122;0.008119205012917519;0.24131274223327637
123;0.008174953050911427;0.20270270109176636
124;0.008139599114656448;0.2239382266998291
125;0.008127094246447086;0.22007721662521362
126;0.008143128827214241;0.20849420130252838
127;0.00810252409428358;0.23166023194789886
128;0.008108052425086498;0.23166023194789886
129;0.008056579157710075;0.24517375230789185
130;0.008054623380303383;0.23552124202251434
131;0.00808507576584816;0.2335907369852066
132;0.008079791441559792;0.2432432472705841
133;0.008068791590631008;0.23552124202251434
134;0.008086590096354485;0.2374517321586609
135;0.008036330342292786;0.22972972691059113
136;0.008045974187552929;0.24517375230789185
137;0.008039535954594612;0.2432432472705841
138;0.008019980974495411;0.3011583089828491
139;0.008026156574487686;0.25868725776672363
140;0.00805068202316761;0.23552124202251434
141;0.008060645312070847;0.26061776280403137
142;0.008061409927904606;0.23552124202251434
143;0.007983492687344551;0.27413126826286316
144;0.007996351458132267;0.2702702581882477
145;0.008030980825424194;0.25868725776672363
146;0.00803700927644968;0.2509652376174927
147;0.007996728643774986;0.26833978295326233
148;0.00798060279339552;0.2702702581882477
149;0.00800430215895176;0.22200772166252136
150;0.007993652485311031;0.2760617733001709
151;0.007986694574356079;0.2567567527294159
152;0.007965601980686188;0.3011583089828491
153;0.00799794401973486;0.2625482678413391
154;0.007975778542459011;0.25868725776672363
155;0.007941010408103466;0.28764477372169495
156;0.00791980978101492;0.2895752787590027
157;0.00795271061360836;0.3011583089828491
158;0.007924373261630535;0.2915057837963104
159;0.007880741730332375;0.31081080436706543
160;0.007920604199171066;0.2818532884120941
161;0.007909179665148258;0.2915057837963104
162;0.007922441698610783;0.3011583089828491
163;0.007919014431536198;0.2992278039455414
164;0.007870563305914402;0.3281853199005127
165;0.007917530834674835;0.2992278039455414
166;0.007946895435452461;0.29343628883361816
167;0.00788284931331873;0.29729729890823364
168;0.00790179893374443;0.3050193190574646
169;0.007865156047046185;0.31081080436706543
170;0.007929774932563305;0.3050193190574646
171;0.007852734066545963;0.3146718144416809
172;0.007918672636151314;0.27413126826286316
173;0.007868867367506027;0.3243243098258972
174;0.00788709707558155;0.3011583089828491
175;0.007869035936892033;0.30694979429244995
176;0.00786392018198967;0.29729729890823364
177;0.007800089195370674;0.3320463299751282
178;0.00789213739335537;0.2857142984867096
179;0.007838101126253605;0.2915057837963104
180;0.007824051193892956;0.30694979429244995
181;0.00784527137875557;0.33011582493782043
182;0.007871714420616627;0.28378379344940186
183;0.007822864688932896;0.3204633295536041
184;0.007752618752419949;0.3281853199005127
185;0.007805357687175274;0.3339768350124359
186;0.007772462442517281;0.3436293303966522
187;0.007776122540235519;0.32625481486320496
188;0.00775598781183362;0.33976835012435913
189;0.00777917867526412;0.3436293303966522
190;0.007773110643029213;0.33011582493782043
191;0.0077642519026994705;0.3629343509674072
192;0.007776021491736174;0.35907337069511414
193;0.0077720214612782;0.32239383459091187
194;0.007743482477962971;0.3281853199005127
195;0.0077592297457158566;0.31660231947898865
196;0.007719408720731735;0.34942084550857544
197;0.007735746446996927;0.3474903404712677
198;0.007750509772449732;0.3243243098258972
199;0.007776585873216391;0.3185328245162964
200;0.007769139017909765;0.3185328245162964
201;0.007729347795248032;0.3378378450870514
202;0.007730408105999231;0.33011582493782043
203;0.007700067944824696;0.3378378450870514
204;0.007725523319095373;0.3513513505458832
205;0.007694193162024021;0.37837839126586914
206;0.007731884717941284;0.30694979429244995
207;0.007772422395646572;0.3146718144416809
208;0.007810487877577543;0.34942084550857544
209;0.007701492868363857;0.32625481486320496
210;0.007791687734425068;0.33011582493782043
211;0.0077716582454741;0.32239383459091187
212;0.007867449894547462;0.3185328245162964
213;0.007742905989289284;0.33590734004974365
214;0.007775202393531799;0.3339768350124359
215;0.007725541014224291;0.35907337069511414
216;0.007686309982091188;0.34169885516166687
217;0.007771064527332783;0.34169885516166687
218;0.007635518442839384;0.3725868761539459
219;0.007697497494518757;0.34555983543395996
220;0.007684438023716211;0.3474903404712677
221;0.00763277430087328;0.3667953610420227
222;0.007663326803594828;0.3532818555831909
223;0.007600079290568829;0.36872586607933044
224;0.00759873865172267;0.3513513505458832
225;0.0076157692819833755;0.3532818555831909
226;0.0076036411337554455;0.42664092779159546
227;0.00761633412912488;0.35907337069511414
228;0.007594701834022999;0.34555983543395996
229;0.007591751404106617;0.3629343509674072
230;0.007555731572210789;0.3899613916873932
231;0.007482510060071945;0.41119691729545593
232;0.00754544697701931;0.3861003816127777
233;0.0075392653234303;0.3803088665008545
234;0.007617305498570204;0.34169885516166687
235;0.007472225930541754;0.39768341183662415
236;0.007489947136491537;0.3571428656578064
237;0.007465417496860027;0.38803088665008545
238;0.007570784073323011;0.36872586607933044
239;0.00750010134652257;0.36486485600471497
240;0.0076111359521746635;0.35907337069511414
241;0.007508671842515469;0.39382240176200867
242;0.007862894795835018;0.29343628883361816
243;0.00818293634802103;0.23938223719596863
244;0.008203604258596897;0.2432432472705841
245;0.008089661598205566;0.25482624769210815
246;0.007838648743927479;0.3243243098258972
247;0.007902535609900951;0.31081080436706543
248;0.007947457022964954;0.2857142984867096
249;0.007755105383694172;0.3281853199005127
250;0.0078004286624491215;0.3320463299751282
251;0.007725815754383802;0.33011582493782043
252;0.007742929272353649;0.3204633295536041
253;0.007742309011518955;0.32625481486320496
254;0.0076172505505383015;0.35907337069511414
255;0.00761501444503665;0.3667953610420227
256;0.007696785964071751;0.34169885516166687
257;0.0076294238679111;0.3725868761539459
258;0.007616894785314798;0.38416987657546997
259;0.007631427608430386;0.36486485600471497
260;0.007604846265166998;0.37451738119125366
261;0.007602966856211424;0.34169885516166687
262;0.007538458798080683;0.36486485600471497
263;0.00754370866343379;0.3764478862285614
264;0.0074840206652879715;0.3764478862285614
265;0.007469437550753355;0.38223937153816223
266;0.007464393507689238;0.3803088665008545
267;0.007476078812032938;0.3667953610420227
268;0.007478825282305479;0.40154439210891724
269;0.00741519033908844;0.41119691729545593
270;0.007472593802958727;0.37837839126586914
271;0.007496901322156191;0.35907337069511414
272;0.007397492416203022;0.38223937153816223
273;0.007438963744789362;0.4189189076423645
274;0.00741574726998806;0.3706563711166382
275;0.007422722410410643;0.3957529067993164
276;0.0074365646578371525;0.3725868761539459
277;0.007460922002792358;0.37837839126586914
278;0.007376544643193483;0.41698840260505676
279;0.007400711998343468;0.4189189076423645
280;0.007361724507063627;0.40154439210891724
281;0.007324760779738426;0.4382239282131195
282;0.007412906736135483;0.36486485600471497
283;0.007334781810641289;0.39382240176200867
284;0.007377881556749344;0.403474897146225
285;0.0073128920048475266;0.3764478862285614
286;0.007325796876102686;0.3957529067993164
287;0.007346685975790024;0.39768341183662415
288;0.007307656574994326;0.4092664122581482
289;0.007271738722920418;0.3918918967247009
290;0.0072496430948376656;0.40154439210891724
291;0.00729723833501339;0.42084941267967224
292;0.007275202311575413;0.4343629479408264
293;0.007259123958647251;0.39382240176200867
294;0.007267463020980358;0.4189189076423645
295;0.007250829134136438;0.4054054021835327
296;0.007256480399519205;0.3918918967247009
297;0.007252495735883713;0.41312742233276367
298;0.007274193223565817;0.40733590722084045
299;0.00724754435941577;0.43629342317581177
300;0.007203799672424793;0.42084941267967224
301;0.007212164346128702;0.4247104227542877
302;0.007230154704302549;0.4150579273700714
303;0.007196852006018162;0.39382240176200867
304;0.007216396741569042;0.41698840260505676
305;0.007213131058961153;0.4092664122581482
306;0.007326694671064615;0.40733590722084045
307;0.007220137864351273;0.3996138870716095
308;0.007309270557016134;0.4150579273700714
309;0.007195445708930492;0.4054054021835327
310;0.0072913384065032005;0.4189189076423645
311;0.007352869492024183;0.38803088665008545
312;0.0073350523598492146;0.40154439210891724
313;0.0072690867818892;0.41698840260505676
314;0.007338216528296471;0.3803088665008545
315;0.007363179698586464;0.39382240176200867
316;0.007136593572795391;0.4749034643173218
317;0.007401882205158472;0.3706563711166382
318;0.0073746489360928535;0.3899613916873932
319;0.007229215931147337;0.41698840260505676
320;0.007327036466449499;0.3861003816127777
321;0.007247747387737036;0.41119691729545593
322;0.00720262574031949;0.4247104227542877
323;0.007323713507503271;0.38803088665008545
324;0.007265768479555845;0.4189189076423645
325;0.007157689891755581;0.44980695843696594
326;0.007225024048238993;0.41312742233276367
327;0.007153017446398735;0.4189189076423645
328;0.0072160945273935795;0.3918918967247009
329;0.007203053683042526;0.38803088665008545
330;0.007311261724680662;0.3667953610420227
331;0.007109126076102257;0.43629342317581177
332;0.007244677748531103;0.42084941267967224
333;0.007160410284996033;0.41698840260505676
334;0.007192046847194433;0.4575289487838745
335;0.007129764650017023;0.4536679685115814
336;0.007116622291505337;0.4440154433250427
337;0.007162187248468399;0.3861003816127777
338;0.0071506258100271225;0.3861003816127777
339;0.0071108355186879635;0.4324324429035187
340;0.007146279793232679;0.42277991771698
341;0.007067586295306683;0.4555984437465668
342;0.007080869283527136;0.43629342317581177
343;0.007056417874991894;0.4247104227542877
344;0.007027794141322374;0.4343629479408264
345;0.007105698809027672;0.4247104227542877
346;0.0070335157215595245;0.4536679685115814
347;0.0070097316056489944;0.43629342317581177
348;0.006993783637881279;0.4382239282131195
349;0.0069582401774823666;0.46138995885849
350;0.0069909291341900826;0.44980695843696594
351;0.007024115417152643;0.442084938287735
352;0.006966220680624247;0.4768339693546295
353;0.007060643285512924;0.42664092779159546
354;0.007033619098365307;0.39768341183662415
355;0.007005432620644569;0.4382239282131195
356;0.006987877655774355;0.47297295928001404
357;0.007032477762550116;0.43050193786621094
358;0.007000685203820467;0.43050193786621094
359;0.006967945024371147;0.4768339693546295
360;0.006895316764712334;0.4710424840450287
361;0.0070126294158399105;0.44015443325042725
362;0.006935424171388149;0.4478764533996582
363;0.007107808720320463;0.4054054021835327
364;0.0070053874514997005;0.4536679685115814
365;0.0070465668104588985;0.4150579273700714
366;0.00700480816885829;0.43629342317581177
367;0.007055237423628569;0.43050193786621094
368;0.00696593290194869;0.43629342317581177
369;0.0068311747163534164;0.4710424840450287
370;0.006985832005739212;0.4555984437465668
371;0.006903480738401413;0.45945945382118225
372;0.006886608432978392;0.4555984437465668
373;0.006926627829670906;0.4189189076423645
374;0.0068154181353747845;0.44594594836235046
375;0.006922845263034105;0.47876447439193726
376;0.00688131945207715;0.48262548446655273
377;0.006870637647807598;0.442084938287735
378;0.006851839367300272;0.4440154433250427
379;0.006872704718261957;0.4710424840450287
380;0.006850330624729395;0.44015443325042725
381;0.0068185655400156975;0.44980695843696594
382;0.006812804378569126;0.47876447439193726
383;0.006791991647332907;0.4768339693546295
384;0.0067605734802782536;0.4903475046157837
385;0.006776426453143358;0.4768339693546295
386;0.006753295660018921;0.49227797985076904
387;0.006825399585068226;0.4555984437465668
388;0.0067533813416957855;0.47297295928001404
389;0.006849514786154032;0.44980695843696594
390;0.0067431326024234295;0.46138995885849
391;0.006777998059988022;0.45945945382118225
392;0.0067428662441670895;0.4749034643173218
393;0.006784624885767698;0.46332046389579773
394;0.006805655546486378;0.4478764533996582
395;0.006705458275973797;0.45945945382118225
396;0.006766906473785639;0.44980695843696594
397;0.006711467634886503;0.480694979429245
398;0.0067664687521755695;0.4575289487838745
399;0.006742305587977171;0.4575289487838745
400;0.006726332474499941;0.4440154433250427
401;0.006776457652449608;0.4536679685115814
402;0.00669769337400794;0.4749034643173218
403;0.006708793807774782;0.4478764533996582
404;0.0067445579916238785;0.47297295928001404
405;0.006689648609608412;0.4671814739704132
406;0.006633119657635689;0.4575289487838745
407;0.006670985836535692;0.46332046389579773
408;0.006692185532301664;0.4749034643173218
409;0.006616305559873581;0.46138995885849
410;0.006695491261780262;0.4343629479408264
411;0.006609715986996889;0.4749034643173218
412;0.006600168999284506;0.4903475046157837
413;0.006576869636774063;0.4845559895038605
414;0.006612319964915514;0.4864864945411682
415;0.006560000590980053;0.4671814739704132
416;0.0066361199133098125;0.4768339693546295
417;0.00653705233708024;0.47876447439193726
418;0.006587130017578602;0.4710424840450287
419;0.006591344252228737;0.4710424840450287
420;0.006588421296328306;0.48262548446655273
421;0.006613804493099451;0.47876447439193726
422;0.0066112917847931385;0.4768339693546295
423;0.006554833613336086;0.48262548446655273
424;0.006624378729611635;0.4478764533996582
425;0.006594556383788586;0.4555984437465668
426;0.006556758191436529;0.48262548446655273
427;0.006520641036331654;0.48262548446655273
428;0.00653243251144886;0.46332046389579773
429;0.006558123044669628;0.4768339693546295
430;0.006545971147716045;0.4671814739704132
431;0.006528111640363932;0.4942084848880768
432;0.006534905638545752;0.4864864945411682
433;0.0064773522317409515;0.46911197900772095
434;0.006439045071601868;0.4961389899253845
435;0.006514358334243298;0.4749034643173218
436;0.0064801438711583614;0.5019304752349854
437;0.0064864857122302055;0.4961389899253845
438;0.006517540197819471;0.4478764533996582
439;0.0064615816809237;0.4903475046157837
440;0.006525767035782337;0.45945945382118225
441;0.006475352216511965;0.47297295928001404
442;0.006437673699110746;0.5
443;0.0064579700119793415;0.46911197900772095
444;0.006472284905612469;0.4903475046157837
445;0.006591232027858496;0.4864864945411682
446;0.006478986237198114;0.46911197900772095
447;0.006554060149937868;0.4864864945411682
448;0.006530364975333214;0.46138995885849
449;0.006661315448582172;0.4536679685115814
450;0.007029790431261063;0.41312742233276367
451;0.0064580379985272884;0.480694979429245
452;0.006583763286471367;0.4749034643173218
453;0.006559485569596291;0.4536679685115814
454;0.006418685428798199;0.45945945382118225
455;0.006662167143076658;0.44015443325042725
456;0.006460066419094801;0.48262548446655273
457;0.006472317967563868;0.47297295928001404
458;0.006518007721751928;0.47876447439193726
459;0.006469936575740576;0.4768339693546295
460;0.0065772454254329205;0.4343629479408264
461;0.006435743533074856;0.48262548446655273
462;0.006433191243559122;0.4575289487838745
463;0.006527585908770561;0.4536679685115814
464;0.006411026697605848;0.5038610100746155
465;0.006464074831455946;0.45945945382118225
466;0.00633593974635005;0.5096524953842163
467;0.00640213955193758;0.47297295928001404
468;0.006406260654330254;0.4864864945411682
469;0.006408466026186943;0.48841699957847595
470;0.006349992007017136;0.4961389899253845
471;0.006350967101752758;0.49806949496269226
472;0.006339507643133402;0.5096524953842163
473;0.006388180423527956;0.47297295928001404
474;0.006401817314326763;0.4749034643173218
475;0.006322821602225304;0.48262548446655273
476;0.00634312629699707;0.4749034643173218
477;0.006387680768966675;0.4478764533996582
478;0.006340452935546637;0.4749034643173218
479;0.006343325600028038;0.49806949496269226
480;0.00636389059945941;0.4903475046157837
481;0.006362226791679859;0.4749034643173218
482;0.0062875570729374886;0.5250965356826782
483;0.00637366296723485;0.48841699957847595
484;0.006366659887135029;0.4710424840450287
485;0.006286167073994875;0.4942084848880768
486;0.006311588920652866;0.5212355256080627
487;0.006337578408420086;0.4903475046157837
488;0.006285097450017929;0.4845559895038605
489;0.006277518346905708;0.507722020149231
490;0.006320606451481581;0.4845559895038605
491;0.006323848385363817;0.47876447439193726
492;0.006291168741881847;0.5135135054588318
493;0.006212675478309393;0.5173745155334473
494;0.006270306184887886;0.4864864945411682
495;0.006241545546799898;0.5135135054588318
496;0.006286144256591797;0.4478764533996582
497;0.0061880736611783504;0.5154440402984619
498;0.0062302094884216785;0.5135135054588318
499;0.006247782148420811;0.5057914853096008
500;0.006250202655792236;0.4671814739704132
501;0.006270639132708311;0.5154440402984619
502;0.006289075128734112;0.4845559895038605
503;0.006287464872002602;0.4942084848880768
504;0.006277584005147219;0.5038610100746155
505;0.006259933114051819;0.5115830302238464
506;0.0063080694526433945;0.49806949496269226
507;0.0062860287725925446;0.46911197900772095
508;0.006218772381544113;0.5038610100746155
509;0.0062616015784442425;0.48841699957847595
510;0.006194325163960457;0.48841699957847595
511;0.006194240879267454;0.5038610100746155
512;0.006294091232120991;0.5212355256080627
513;0.006248780991882086;0.4710424840450287
514;0.0063006202690303326;0.4942084848880768
515;0.006265726871788502;0.4768339693546295
516;0.006149874534457922;0.5057914853096008
517;0.006222888361662626;0.4864864945411682
518;0.006251252721995115;0.45945945382118225
519;0.006222746800631285;0.4942084848880768
520;0.0062779271975159645;0.4864864945411682
521;0.006252201274037361;0.5270270109176636
522;0.00620722072198987;0.5347490310668945
523;0.0062206219881772995;0.4903475046157837
524;0.006072432268410921;0.546332061290741
525;0.006142700091004372;0.5
526;0.006157276686280966;0.5270270109176636
527;0.006234555039554834;0.4903475046157837
528;0.006172951310873032;0.5
529;0.006188673432916403;0.5270270109176636
530;0.006225483492016792;0.5019304752349854
531;0.006215638015419245;0.5212355256080627
532;0.006153808441013098;0.5115830302238464
533;0.006140918005257845;0.5173745155334473
534;0.0061292196623981;0.5289575457572937
535;0.006126618478447199;0.5057914853096008
536;0.006156390532851219;0.5115830302238464
537;0.006171443499624729;0.4961389899253845
538;0.006100418046116829;0.5328185558319092
539;0.0061583137139678;0.5057914853096008
540;0.0061747003346681595;0.46138995885849
541;0.00613503297790885;0.5250965356826782
542;0.006119151599705219;0.5115830302238464
543;0.006147389300167561;0.4942084848880768
544;0.006107714027166367;0.5135135054588318
545;0.0060912491753697395;0.5135135054588318
546;0.006205487996339798;0.48262548446655273
547;0.006108331028372049;0.5154440402984619
548;0.006165921688079834;0.5173745155334473
549;0.006119523197412491;0.5038610100746155
550;0.006223533768206835;0.5096524953842163
551;0.006297435145825148;0.4961389899253845
552;0.006216597743332386;0.4903475046157837
553;0.0062371427193284035;0.5193049907684326
554;0.0063540334813296795;0.48841699957847595
555;0.006102520972490311;0.5366795659065247
556;0.006299152970314026;0.46911197900772095
557;0.006110283546149731;0.5154440402984619
558;0.006092237774282694;0.5038610100746155
559;0.006244692951440811;0.5115830302238464
560;0.006223105825483799;0.5154440402984619
561;0.0061933305114507675;0.46332046389579773
562;0.0061668939888477325;0.5019304752349854
563;0.006085095927119255;0.4961389899253845
564;0.006121669430285692;0.507722020149231
565;0.006091614253818989;0.4845559895038605
566;0.006074811331927776;0.5135135054588318
567;0.0060743363574147224;0.5366795659065247
568;0.006046285852789879;0.5154440402984619
569;0.006054658908396959;0.5038610100746155
570;0.006042271852493286;0.49227797985076904
571;0.006022310815751553;0.53861004114151
572;0.006060262210667133;0.5173745155334473
573;0.0060269576497375965;0.5115830302238464
574;0.005996777210384607;0.5154440402984619
575;0.006079778075218201;0.4903475046157837
576;0.006071032490581274;0.49806949496269226
577;0.006061092484742403;0.5154440402984619
578;0.00609349412843585;0.4942084848880768
579;0.006052238866686821;0.4942084848880768
580;0.006054080557078123;0.5057914853096008
581;0.006165686994791031;0.4903475046157837
582;0.005993411410599947;0.507722020149231
583;0.006263649556785822;0.507722020149231
584;0.006146284285932779;0.5115830302238464
585;0.006146302912384272;0.5289575457572937
586;0.006099602207541466;0.5057914853096008
587;0.006066673435270786;0.5019304752349854
588;0.006116298492997885;0.5193049907684326
589;0.006069629918783903;0.5328185558319092
590;0.005967923440039158;0.530888020992279
591;0.006052896846085787;0.5038610100746155
592;0.005998145788908005;0.5212355256080627
593;0.006018340587615967;0.5212355256080627
594;0.006001660134643316;0.5154440402984619
595;0.0060252235271036625;0.480694979429245
596;0.005980344954878092;0.5135135054588318
597;0.00607046065852046;0.5173745155334473
598;0.0060274070128798485;0.5019304752349854
599;0.006000992842018604;0.5115830302238464
600;0.005989587865769863;0.5231660008430481
601;0.0060509382747113705;0.5
602;0.005994908045977354;0.5328185558319092
603;0.006017027888447046;0.5347490310668945
604;0.005981293972581625;0.5289575457572937
605;0.005973328370600939;0.5193049907684326
606;0.006021425127983093;0.5289575457572937
607;0.005978619679808617;0.5231660008430481
608;0.006061641965061426;0.4845559895038605
609;0.006164167076349258;0.5366795659065247
610;0.006006687879562378;0.5038610100746155
611;0.006017831154167652;0.5212355256080627
612;0.00623593432828784;0.4864864945411682
613;0.006044492591172457;0.5096524953842163
614;0.006473223678767681;0.48262548446655273
615;0.006755379494279623;0.48262548446655273
616;0.00732661597430706;0.3996138870716095
617;0.006864884402602911;0.40733590722084045
618;0.00676751509308815;0.41698840260505676
619;0.006614005658775568;0.44980695843696594
620;0.007238675840198994;0.40154439210891724
621;0.006999248638749123;0.4247104227542877
622;0.006931385491043329;0.4382239282131195
623;0.007522204425185919;0.36872586607933044
624;0.007898618467152119;0.33976835012435913
625;0.007602809462696314;0.35521236062049866
626;0.00754319503903389;0.3996138870716095
627;0.007578945253044367;0.3436293303966522
628;0.007247620727866888;0.3957529067993164
629;0.007142127025872469;0.4150579273700714
630;0.007137605920433998;0.42664092779159546
631;0.007147918920964003;0.4478764533996582
632;0.007035173941403627;0.42084941267967224
633;0.006951543036848307;0.4536679685115814
634;0.006911212578415871;0.43050193786621094
635;0.006883729714900255;0.43629342317581177
636;0.006761195138096809;0.46911197900772095
637;0.006769235245883465;0.4517374634742737
638;0.006672895513474941;0.4768339693546295
639;0.0066361622884869576;0.4536679685115814
640;0.006479427684098482;0.47297295928001404
641;0.006461130455136299;0.4903475046157837
642;0.006490744184702635;0.5154440402984619
643;0.006499782204627991;0.46525096893310547
644;0.006420107092708349;0.5019304752349854
645;0.006415754556655884;0.4864864945411682
646;0.006348737049847841;0.4903475046157837
647;0.0063094194047153;0.5173745155334473
648;0.006303459405899048;0.480694979429245
649;0.0062559968791902065;0.5019304752349854
650;0.006274795159697533;0.507722020149231
651;0.00627646129578352;0.5135135054588318
652;0.006103280931711197;0.5328185558319092
653;0.006145458668470383;0.5424710512161255
654;0.006128313951194286;0.5289575457572937
655;0.006155175622552633;0.5096524953842163
656;0.006108371075242758;0.5289575457572937
657;0.00606443639844656;0.5540540814399719
658;0.006039980798959732;0.5193049907684326
659;0.006027698516845703;0.5328185558319092
660;0.006040660664439201;0.530888020992279
661;0.0060257636941969395;0.5289575457572937
662;0.006003443617373705;0.5154440402984619
663;0.005920973606407642;0.5540540814399719
664;0.005976541433483362;0.5038610100746155
665;0.00597936799749732;0.5250965356826782
666;0.005955508444458246;0.5173745155334473
667;0.00603533023968339;0.530888020992279
668;0.005987967364490032;0.507722020149231
669;0.005901751574128866;0.5212355256080627
670;0.0059079574421048164;0.5270270109176636
671;0.005865311250090599;0.5540540814399719
672;0.006001132540404797;0.5250965356826782
673;0.005874205846339464;0.5424710512161255
674;0.005898911505937576;0.5328185558319092
675;0.005998686421662569;0.5193049907684326
676;0.005879663862287998;0.5501930713653564
677;0.005906136706471443;0.53861004114151
678;0.005897147580981255;0.5444015264511108
679;0.00587331410497427;0.5482625365257263
680;0.005878490395843983;0.5289575457572937
681;0.005959527567028999;0.5250965356826782
682;0.005875260103493929;0.5424710512161255
683;0.005862176883965731;0.5328185558319092
684;0.00584727106615901;0.5482625365257263
685;0.005781461484730244;0.5424710512161255
686;0.005803188309073448;0.5540540814399719
687;0.00582360802218318;0.5289575457572937
688;0.005822852253913879;0.5289575457572937
689;0.005840245634317398;0.5328185558319092
690;0.0058658248744904995;0.5559845566749573
691;0.00579213397577405;0.5559845566749573
692;0.005807149223983288;0.5424710512161255
693;0.005831431597471237;0.530888020992279
694;0.005848316475749016;0.5444015264511108
695;0.005854253191500902;0.5347490310668945
696;0.005903920158743858;0.5270270109176636
697;0.005792108830064535;0.5424710512161255
698;0.005806855391710997;0.5424710512161255
699;0.005842638202011585;0.5289575457572937
700;0.00582048948854208;0.5366795659065247
701;0.005760181695222855;0.5598455667495728
702;0.0058222622610628605;0.5598455667495728
703;0.005842936225235462;0.5347490310668945
704;0.005854594521224499;0.5115830302238464
705;0.005823109298944473;0.5154440402984619
706;0.005823934450745583;0.5289575457572937
707;0.00576350511983037;0.53861004114151
708;0.005883520469069481;0.53861004114151
709;0.005772692151367664;0.5424710512161255
710;0.005814060568809509;0.5405405163764954
711;0.005770224146544933;0.5270270109176636
712;0.005825398024171591;0.5424710512161255
713;0.005813363008201122;0.5270270109176636
714;0.005722786299884319;0.5501930713653564
715;0.005782401189208031;0.53861004114151
716;0.005776992067694664;0.584942102432251
717;0.005820723716169596;0.5173745155334473
718;0.0057377321645617485;0.5501930713653564
719;0.005818478297442198;0.5405405163764954
720;0.00580418948084116;0.530888020992279
721;0.005759866442531347;0.5559845566749573
722;0.0058465986512601376;0.5193049907684326
723;0.0057195150293409824;0.5675675868988037
724;0.005777430720627308;0.5598455667495728
725;0.0058329738676548;0.5501930713653564
726;0.0057221814058721066;0.5637065768241882
727;0.005767954979091883;0.5617760419845581
728;0.005729952827095985;0.5521235466003418
729;0.005717155989259481;0.5521235466003418
730;0.005832802504301071;0.5444015264511108
731;0.005760171916335821;0.5675675868988037
732;0.005739334970712662;0.5540540814399719
733;0.005681836046278477;0.5830115675926208
734;0.005788431968539953;0.5482625365257263
735;0.005765499547123909;0.5328185558319092
736;0.00573090510442853;0.5656370520591736
737;0.005717995576560497;0.5521235466003418
738;0.005659903399646282;0.5598455667495728
739;0.00570151349529624;0.5656370520591736
740;0.00571382325142622;0.5559845566749573
741;0.005748106632381678;0.5501930713653564
742;0.005745061207562685;0.5424710512161255
743;0.00573857594281435;0.5444015264511108
744;0.005671775434166193;0.5540540814399719
745;0.005673341918736696;0.5559845566749573
746;0.005680390167981386;0.546332061290741
747;0.00574907474219799;0.5444015264511108
748;0.005729170050472021;0.5579150319099426
749;0.005705410148948431;0.5637065768241882
750;0.0057067167945206165;0.5521235466003418
751;0.005770272109657526;0.5733590722084045
752;0.005657508969306946;0.5714285969734192
753;0.0057283127680420876;0.5193049907684326
754;0.005790413822978735;0.5366795659065247
755;0.005610250402241945;0.6061776280403137
756;0.005670907907187939;0.5637065768241882
757;0.005733875557780266;0.5675675868988037
758;0.005727091338485479;0.546332061290741
759;0.005718103609979153;0.5173745155334473
760;0.005706192925572395;0.5521235466003418
761;0.005771535448729992;0.5250965356826782
762;0.005659304093569517;0.5598455667495728
763;0.005691041238605976;0.5694980621337891
764;0.005665366537868977;0.5714285969734192
765;0.005649210419505835;0.5752895474433899
766;0.005660031922161579;0.5656370520591736
767;0.005684065166860819;0.5540540814399719
768;0.005640897899866104;0.5675675868988037
769;0.005671530496329069;0.5656370520591736
770;0.005674978718161583;0.5366795659065247
771;0.005640589632093906;0.584942102432251
772;0.0056617893278598785;0.5656370520591736
773;0.0057327765971422195;0.5579150319099426
774;0.00567029882222414;0.5656370520591736
775;0.005720569286495447;0.530888020992279
776;0.005691949278116226;0.5675675868988037
777;0.005672644358128309;0.5405405163764954
778;0.00562525587156415;0.5752895474433899
779;0.005769295617938042;0.5501930713653564
780;0.005655101966112852;0.5617760419845581
781;0.005707370117306709;0.5540540814399719
782;0.005613239947706461;0.5752895474433899
783;0.005635341629385948;0.5501930713653564
784;0.005752039607614279;0.5540540814399719
785;0.0057102981954813;0.5540540814399719
786;0.005673472303897142;0.5868725776672363
787;0.0055807409808039665;0.5694980621337891
788;0.005735605489462614;0.5714285969734192
789;0.005649183411151171;0.5733590722084045
790;0.005598103627562523;0.6042470932006836
791;0.005601531360298395;0.5791505575180054
792;0.00566213671118021;0.530888020992279
793;0.0055548460222780704;0.5830115675926208
794;0.0056584058329463005;0.5868725776672363
795;0.005602692253887653;0.6061776280403137
796;0.0056192390620708466;0.5675675868988037
797;0.005623296368867159;0.5926640629768372
798;0.005569251719862223;0.584942102432251
799;0.005650135688483715;0.546332061290741
800;0.005587116349488497;0.5656370520591736
801;0.005623950157314539;0.57722008228302
802;0.005581158213317394;0.5868725776672363
803;0.005730171222239733;0.5501930713653564
804;0.005604719743132591;0.5656370520591736
805;0.005710023455321789;0.5637065768241882
806;0.005517811048775911;0.584942102432251
807;0.005771077238023281;0.5752895474433899
808;0.005695527419447899;0.5694980621337891
809;0.005720032379031181;0.5231660008430481
810;0.005626933183521032;0.5501930713653564
811;0.005558311473578215;0.5926640629768372
812;0.005602252669632435;0.584942102432251
813;0.0056232912465929985;0.5830115675926208
814;0.005599337629973888;0.5965250730514526
815;0.005598491057753563;0.6081081032752991
816;0.005606088787317276;0.5830115675926208
817;0.005558476317673922;0.5637065768241882
818;0.005526794586330652;0.5656370520591736
819;0.005591383203864098;0.5637065768241882
820;0.005585787817835808;0.5675675868988037
821;0.0056035504676401615;0.5714285969734192
822;0.0055761635303497314;0.5945945978164673
823;0.005558395758271217;0.5810810923576355
824;0.00555006368085742;0.5984556078910828
825;0.0056984080001711845;0.5694980621337891
826;0.005826375912874937;0.5135135054588318
827;0.0055593387223780155;0.5810810923576355
828;0.005660585127770901;0.5637065768241882
829;0.005584601312875748;0.5694980621337891
830;0.005532930605113506;0.6003860831260681
831;0.00565687008202076;0.5405405163764954
832;0.005549626424908638;0.5791505575180054
833;0.005673444829881191;0.5193049907684326
834;0.005611820612102747;0.5444015264511108
835;0.005559463985264301;0.5656370520591736
836;0.005624594632536173;0.5637065768241882
837;0.0056626456789672375;0.584942102432251
838;0.005573749542236328;0.5868725776672363
839;0.005577913485467434;0.5733590722084045
840;0.0055884020403027534;0.5907335877418518
841;0.0055292826145887375;0.5945945978164673
842;0.005553665105253458;0.5965250730514526
843;0.005496084690093994;0.5945945978164673
844;0.0055457293055951595;0.584942102432251
845;0.005523539148271084;0.5965250730514526
846;0.005557104479521513;0.5868725776672363
847;0.0054912990890443325;0.5733590722084045
848;0.005440637934952974;0.584942102432251
849;0.0055961012840271;0.5579150319099426
850;0.00555879482999444;0.5521235466003418
851;0.005581615027040243;0.5752895474433899
852;0.0055708568543195724;0.5810810923576355
853;0.005512062925845385;0.5598455667495728
854;0.00555423041805625;0.5907335877418518
855;0.005528734531253576;0.623552143573761
856;0.005615142174065113;0.584942102432251
857;0.005505374167114496;0.5810810923576355
858;0.005490612238645554;0.61583012342453
859;0.005533118266612291;0.5868725776672363
860;0.005526097025722265;0.5907335877418518
861;0.005535464268177748;0.6003860831260681
862;0.005544633138924837;0.5694980621337891
863;0.005397742614150047;0.5868725776672363
864;0.00546560762450099;0.5926640629768372
865;0.005491576623171568;0.5868725776672363
866;0.0054295482113957405;0.6042470932006836
867;0.0054718004539608955;0.5733590722084045
868;0.005442947614938021;0.6061776280403137
869;0.005523968487977982;0.5733590722084045
870;0.005532049108296633;0.5830115675926208
871;0.00554211251437664;0.5637065768241882
872;0.005495680496096611;0.6100386381149292
873;0.00546258082613349;0.5868725776672363
874;0.005518966820091009;0.5926640629768372
875;0.0055521028116345406;0.5907335877418518
876;0.005531697068363428;0.5965250730514526
877;0.005459934007376432;0.6119691133499146
878;0.005468325689435005;0.584942102432251
879;0.005528081674128771;0.5694980621337891
880;0.005456122104078531;0.5714285969734192
881;0.005509688053280115;0.5965250730514526
882;0.005442244932055473;0.5868725776672363
883;0.0054868850857019424;0.5888031125068665
884;0.005527004133909941;0.6119691133499146
885;0.005440330132842064;0.6023166179656982
886;0.005545205436646938;0.584942102432251
887;0.005503481719642878;0.5830115675926208
888;0.005669816862791777;0.5907335877418518
889;0.005561179481446743;0.5984556078910828
890;0.005561530590057373;0.5965250730514526
891;0.005644030403345823;0.5617760419845581
892;0.005707841366529465;0.5559845566749573
893;0.0056159598752856255;0.5752895474433899
894;0.0055596004240214825;0.5405405163764954
895;0.005529755726456642;0.5617760419845581
896;0.005516220349818468;0.5656370520591736
897;0.0054656327702105045;0.6119691133499146
898;0.005654462613165379;0.5714285969734192
899;0.005577308591455221;0.5945945978164673
900;0.0054897041991353035;0.5868725776672363
901;0.005402026232331991;0.6042470932006836
902;0.005515275988727808;0.6061776280403137
903;0.005443815607577562;0.5810810923576355
904;0.005580458790063858;0.5656370520591736
905;0.005403947085142136;0.6023166179656982
906;0.005613396875560284;0.5810810923576355
907;0.005404802970588207;0.6003860831260681
908;0.005441787652671337;0.5907335877418518
909;0.005398501176387072;0.6119691133499146
910;0.005396815482527018;0.5888031125068665
911;0.005331437569111586;0.6138995885848999
912;0.005443733185529709;0.6389961242675781
913;0.005420610308647156;0.5926640629768372
914;0.005436936393380165;0.5714285969734192
915;0.005422818008810282;0.6042470932006836
916;0.005372128915041685;0.6177605986595154
917;0.005398948211222887;0.6119691133499146
918;0.005477190483361483;0.5694980621337891
919;0.005396837368607521;0.57722008228302
920;0.00547005096450448;0.5945945978164673
921;0.005447791423648596;0.6003860831260681
922;0.005454207770526409;0.6003860831260681
923;0.0054520172998309135;0.5559845566749573
924;0.005557927303016186;0.5540540814399719
925;0.0054970597848296165;0.6351351141929626
926;0.005352189764380455;0.61583012342453
927;0.005503764841705561;0.5830115675926208
928;0.005506445188075304;0.5984556078910828
929;0.005539287347346544;0.5791505575180054
930;0.005563464947044849;0.5637065768241882
931;0.005479833576828241;0.5501930713653564
932;0.005561779718846083;0.5675675868988037
933;0.005365907680243254;0.5675675868988037
934;0.005432754755020142;0.5637065768241882
935;0.005408295430243015;0.5945945978164673
936;0.00540518993511796;0.5888031125068665
937;0.005387440323829651;0.6119691133499146
938;0.0054016574285924435;0.6081081032752991
939;0.005302210338413715;0.6428571343421936
940;0.005359401926398277;0.5984556078910828
941;0.005343526601791382;0.6100386381149292
942;0.005399583373218775;0.6081081032752991
943;0.005362789612263441;0.5926640629768372
944;0.005383297801017761;0.6100386381149292
945;0.005277371499687433;0.6332046389579773
946;0.005460274405777454;0.6081081032752991
947;0.005340798292309046;0.6061776280403137
948;0.005350023973733187;0.5791505575180054
949;0.005364178214222193;0.5791505575180054
950;0.00533584039658308;0.6216216087341309
951;0.005533318966627121;0.5791505575180054
952;0.005252427887171507;0.61583012342453
953;0.0056237648241221905;0.5328185558319092
954;0.0053530228324234486;0.6081081032752991
955;0.0056095425970852375;0.5289575457572937
956;0.005327493418008089;0.6216216087341309
957;0.005439083557575941;0.5733590722084045
958;0.005344814620912075;0.6119691133499146
959;0.005476957652717829;0.6023166179656982
960;0.005430242046713829;0.5830115675926208
961;0.005355047527700663;0.6081081032752991
962;0.005361909046769142;0.6023166179656982
963;0.00544851366430521;0.5637065768241882
964;0.005265376064926386;0.6254826188087463
965;0.005420486442744732;0.6196911334991455
966;0.005440251436084509;0.6119691133499146
967;0.0054922099225223064;0.6061776280403137
968;0.005353342741727829;0.6081081032752991
969;0.005347080063074827;0.6177605986595154
970;0.005437106359750032;0.5965250730514526
971;0.0053403787314891815;0.6177605986595154
972;0.005480923689901829;0.5694980621337891
973;0.005342222284525633;0.6254826188087463
974;0.0054009826853871346;0.5752895474433899
975;0.0054115294478833675;0.6081081032752991
976;0.005385712254792452;0.6081081032752991
977;0.005349748767912388;0.5984556078910828
978;0.005288140848278999;0.6332046389579773
979;0.005420042667537928;0.5868725776672363
980;0.005411112681031227;0.6003860831260681
981;0.0052474369294941425;0.61583012342453
982;0.005326326470822096;0.5868725776672363
983;0.0053336406126618385;0.6177605986595154
984;0.005232076160609722;0.6332046389579773
985;0.005348048638552427;0.6138995885848999
986;0.005356315989047289;0.5868725776672363
987;0.0051940507255494595;0.6216216087341309
988;0.00521212350577116;0.6081081032752991
989;0.005289468914270401;0.6428571343421936
990;0.005299381446093321;0.5984556078910828
991;0.005255193915218115;0.6486486196517944
992;0.00517807062715292;0.6138995885848999
993;0.005213396158069372;0.6081081032752991
994;0.005201458930969238;0.6254826188087463
995;0.00518936850130558;0.6254826188087463
996;0.005264766048640013;0.623552143573761
997;0.00527047086507082;0.6196911334991455
998;0.005235104355961084;0.6081081032752991
999;0.005218873731791973;0.6274131536483765
1000;0.005248230881989002;0.6003860831260681
1001;0.005251307040452957;0.5965250730514526
1002;0.005192482378333807;0.6525096297264099
1003;0.0052487533539533615;0.6100386381149292
1004;0.005326298531144857;0.6042470932006836
1005;0.005176740698516369;0.6100386381149292
1006;0.0052768271416425705;0.5945945978164673
1007;0.0051953899674117565;0.6100386381149292
1008;0.005200580228120089;0.6138995885848999
1009;0.005250018090009689;0.5984556078910828
1010;0.005163887050002813;0.6274131536483765
1011;0.0051574744284152985;0.6467181444168091
1012;0.005192330107092857;0.61583012342453
1013;0.005189658608287573;0.623552143573761
1014;0.005259539932012558;0.584942102432251
1015;0.005309855565428734;0.623552143573761
1016;0.005561677739024162;0.5694980621337891
1017;0.005432471167296171;0.5791505575180054
1018;0.005385706201195717;0.6081081032752991
1019;0.005324217490851879;0.623552143573761
1020;0.005413909442722797;0.6023166179656982
1021;0.00535924918949604;0.6177605986595154
1022;0.005258635152131319;0.65444016456604
1023;0.005234299693256617;0.6254826188087463
1024;0.005422818008810282;0.5694980621337891
1025;0.005200283136218786;0.6351351141929626
1026;0.005234394688159227;0.6254826188087463
1027;0.005328379105776548;0.6254826188087463
1028;0.005354159977287054;0.5965250730514526
1029;0.005260880570858717;0.5984556078910828
1030;0.005149568431079388;0.6409266591072083
1031;0.00529231084510684;0.6081081032752991
1032;0.005232230294495821;0.5984556078910828
1033;0.005231393966823816;0.5926640629768372
1034;0.005170509684830904;0.6486486196517944
1035;0.005214919336140156;0.6119691133499146
1036;0.005195951089262962;0.6177605986595154
1037;0.005234296899288893;0.61583012342453
1038;0.00520715769380331;0.6138995885848999
1039;0.005124083254486322;0.6293436288833618
1040;0.005260881967842579;0.6003860831260681
1041;0.005135281477123499;0.6563706398010254
1042;0.005171820987015963;0.6332046389579773
1043;0.005116102751344442;0.6312741041183472
1044;0.005219452548772097;0.6119691133499146
1045;0.005257074721157551;0.61583012342453
1046;0.005106305703520775;0.6177605986595154
1047;0.005156576633453369;0.6100386381149292
1048;0.005185638554394245;0.61583012342453
1049;0.005158745683729649;0.6428571343421936
1050;0.005291294306516647;0.6061776280403137
1051;0.00576390977948904;0.5598455667495728
1052;0.005367266479879618;0.6119691133499146
1053;0.005520405247807503;0.5945945978164673
1054;0.005262920167297125;0.6119691133499146
1055;0.005470504984259605;0.5521235466003418
1056;0.005334299057722092;0.5656370520591736
1057;0.0053564696572721004;0.6081081032752991
1058;0.005356632638722658;0.61583012342453
1059;0.00520726153627038;0.623552143573761
1060;0.005308148451149464;0.6254826188087463
1061;0.005209128372371197;0.5965250730514526
1062;0.0052174837328493595;0.6216216087341309
1063;0.005235655233263969;0.6216216087341309
1064;0.005175361409783363;0.6293436288833618
1065;0.0051570250652730465;0.6332046389579773
1066;0.0051785423420369625;0.6119691133499146
1067;0.005112352315336466;0.6216216087341309
1068;0.005134986713528633;0.6196911334991455
1069;0.005168554838746786;0.6505791544914246
1070;0.0052524651400744915;0.6293436288833618
1071;0.0051404330879449844;0.6640926599502563
1072;0.005124869756400585;0.6254826188087463
1073;0.005053107161074877;0.6177605986595154
1074;0.005097208544611931;0.6525096297264099
1075;0.005158254411071539;0.5965250730514526
1076;0.005092345643788576;0.6389961242675781
1077;0.005137990228831768;0.6119691133499146
1078;0.005139448214322329;0.6370656490325928
1079;0.005100638139992952;0.6177605986595154
1080;0.005048845894634724;0.6525096297264099
1081;0.005090456455945969;0.6196911334991455
1082;0.005056578665971756;0.6370656490325928
1083;0.005049938336014748;0.6389961242675781
1084;0.0051247840747237206;0.6061776280403137
1085;0.005084821488708258;0.6119691133499146
1086;0.0050682853907346725;0.623552143573761
1087;0.005116824992001057;0.6312741041183472
1088;0.005094347521662712;0.623552143573761
1089;0.005119900684803724;0.6293436288833618
1090;0.00508524663746357;0.6293436288833618
1091;0.005035230424255133;0.6679536700248718
1092;0.005086888093501329;0.6409266591072083
1093;0.0050051831640303135;0.6505791544914246
1094;0.005059925373643637;0.6428571343421936
1095;0.00511112529784441;0.6370656490325928
1096;0.005040914285928011;0.6505791544914246
1097;0.005026830825954676;0.6389961242675781
1098;0.005102993920445442;0.6409266591072083
1099;0.005033494438976049;0.6640926599502563
1100;0.005007175728678703;0.6525096297264099
1101;0.005072825588285923;0.6428571343421936
1102;0.005042186938226223;0.6293436288833618
1103;0.0050154696218669415;0.6505791544914246
1104;0.005170366261154413;0.6138995885848999
1105;0.005052680149674416;0.662162184715271
1106;0.005117256194353104;0.6409266591072083
1107;0.005090929102152586;0.623552143573761
1108;0.005056772846728563;0.6447876691818237
1109;0.005017459392547607;0.6525096297264099
1110;0.005075620487332344;0.6409266591072083
1111;0.005102134309709072;0.662162184715271
1112;0.005041945725679398;0.6389961242675781
1113;0.005040634889155626;0.6467181444168091
1114;0.004964948166161776;0.6312741041183472
1115;0.004998349118977785;0.6525096297264099
1116;0.005023515317589045;0.6602316498756409
1117;0.005016988608986139;0.6737451553344727
1118;0.005005532409995794;0.6409266591072083
1119;0.0050162398256361485;0.6254826188087463
1120;0.004984751809388399;0.6505791544914246
1121;0.0051088156178593636;0.6216216087341309
1122;0.0049465615302324295;0.6428571343421936
1123;0.005076448433101177;0.6409266591072083
1124;0.00495977932587266;0.6660231947898865
1125;0.00503695709630847;0.6254826188087463
1126;0.004989411681890488;0.6293436288833618
1127;0.0049954187124967575;0.6660231947898865
1128;0.004975197836756706;0.6486486196517944
1129;0.004948453512042761;0.6525096297264099
1130;0.005034741945564747;0.662162184715271
1131;0.004976453259587288;0.6602316498756409
1132;0.004936419893056154;0.6370656490325928
1133;0.005003133788704872;0.6486486196517944
1134;0.005113272462040186;0.6177605986595154
1135;0.0051410929299890995;0.6409266591072083
1136;0.00500967213883996;0.6505791544914246
1137;0.0049185375683009624;0.6486486196517944
1138;0.0050336457788944244;0.6351351141929626
1139;0.004979216959327459;0.6274131536483765
1140;0.004955319222062826;0.6389961242675781
1141;0.005054495297372341;0.6351351141929626
1142;0.004931513220071793;0.623552143573761
1143;0.004969936795532703;0.6447876691818237
1144;0.0049916901625692844;0.6332046389579773
1145;0.004988965578377247;0.6274131536483765
1146;0.004899762570858002;0.6467181444168091
1147;0.00498440396040678;0.6563706398010254
1148;0.004997084848582745;0.6583011746406555
1149;0.004917955491691828;0.6409266591072083
1150;0.0051086293533444405;0.6563706398010254
1151;0.00507698068395257;0.6216216087341309
1152;0.005154492799192667;0.6119691133499146
1153;0.004977263510227203;0.6660231947898865
1154;0.0050609833560884;0.6312741041183472
1155;0.004952655639499426;0.6254826188087463
1156;0.004960745573043823;0.6389961242675781
1157;0.005031446926295757;0.6409266591072083
1158;0.004928076174110174;0.6737451553344727
1159;0.005059636663645506;0.6583011746406555
1160;0.005023631267249584;0.623552143573761
1161;0.005063239950686693;0.6312741041183472
1162;0.004955784883350134;0.6679536700248718
1163;0.005041458178311586;0.6274131536483765
1164;0.0049474211409688;0.6640926599502563
1165;0.005047551356256008;0.6428571343421936
1166;0.004975485615432262;0.6428571343421936
1167;0.005013431888073683;0.6447876691818237
1168;0.005114291794598103;0.6254826188087463
1169;0.004941380117088556;0.6486486196517944
1170;0.00525624817237258;0.5888031125068665
1171;0.0050454773008823395;0.6023166179656982
1172;0.005237768404185772;0.6177605986595154
1173;0.00516433734446764;0.6312741041183472
1174;0.005068521481007338;0.6447876691818237
1175;0.005207798443734646;0.623552143573761
1176;0.005127084441483021;0.6447876691818237
1177;0.005010118708014488;0.6505791544914246
1178;0.005032800603657961;0.6332046389579773
1179;0.005080838687717915;0.623552143573761
1180;0.005049152299761772;0.6428571343421936
1181;0.005026740487664938;0.6428571343421936
1182;0.005073700100183487;0.6640926599502563
1183;0.0050244415178895;0.6351351141929626
1184;0.0049245310947299;0.6679536700248718
1185;0.005063001997768879;0.6370656490325928
1186;0.00498137017711997;0.6254826188087463
1187;0.004927469417452812;0.6196911334991455
1188;0.0049130879342556;0.6640926599502563
1189;0.004992410074919462;0.6447876691818237
1190;0.004971800837665796;0.6274131536483765
1191;0.00512854615226388;0.6081081032752991
1192;0.004952320829033852;0.6776061654090881
1193;0.005013834219425917;0.6486486196517944
1194;0.005001322831958532;0.6563706398010254
1195;0.004888626746833324;0.6679536700248718
1196;0.0049203126691281796;0.6447876691818237
1197;0.004895457997918129;0.6428571343421936
1198;0.004875902086496353;0.6486486196517944
1199;0.004957655444741249;0.6351351141929626
1200;0.004848493728786707;0.6737451553344727
1201;0.004917210433632135;0.6351351141929626
1202;0.004957990255206823;0.6081081032752991
1203;0.004933726508170366;0.6409266591072083
1204;0.004788093734532595;0.6756756901741028
1205;0.004774041939526796;0.6814671754837036
1206;0.004821851383894682;0.6718146800994873
1207;0.004883868619799614;0.6486486196517944
1208;0.004810052458196878;0.6640926599502563
1209;0.004788718651980162;0.65444016456604
1210;0.004835382103919983;0.6776061654090881
1211;0.0047545176930725574;0.6563706398010254
1212;0.004831681028008461;0.6389961242675781
1213;0.00483001209795475;0.65444016456604
1214;0.004821745213121176;0.662162184715271
1215;0.004804262425750494;0.6698841452598572
1216;0.004822269547730684;0.6467181444168091
1217;0.004782584495842457;0.6756756901741028
1218;0.004811909981071949;0.65444016456604
1219;0.004941725637763739;0.65444016456604
1220;0.0059624845162034035;0.5656370520591736
1221;0.00615262845531106;0.5579150319099426
1222;0.005767055321484804;0.5579150319099426
1223;0.005640518851578236;0.584942102432251
1224;0.00575405964627862;0.5752895474433899
1225;0.00573847908526659;0.5598455667495728
1226;0.00571136549115181;0.5965250730514526
1227;0.0054857064969837666;0.6196911334991455
1228;0.005586868617683649;0.6023166179656982
1229;0.005532105453312397;0.6061776280403137
1230;0.00578931113705039;0.5714285969734192
1231;0.005570464767515659;0.6023166179656982
1232;0.005660417024046183;0.6061776280403137
1233;0.0058717913925647736;0.5501930713653564
1234;0.005305533297359943;0.6293436288833618
1235;0.0056783584877848625;0.5675675868988037
1236;0.005303888116031885;0.6312741041183472
1237;0.005639718845486641;0.6081081032752991
1238;0.0053285532630980015;0.6293436288833618
1239;0.005242807324975729;0.6023166179656982
1240;0.005128575023263693;0.6660231947898865
1241;0.004994281101971865;0.6467181444168091
1242;0.0051397765055298805;0.662162184715271
1243;0.005056317429989576;0.6428571343421936
1244;0.005017189774662256;0.6505791544914246
1245;0.004992006346583366;0.6370656490325928
1246;0.005005320999771357;0.6428571343421936
1247;0.0048963334411382675;0.6563706398010254
1248;0.0050262147560715675;0.6602316498756409
1249;0.004895854741334915;0.6602316498756409
1250;0.004898989573121071;0.6698841452598572
1251;0.0049398778937757015;0.6718146800994873
1252;0.004849281162023544;0.6660231947898865
1253;0.004978572018444538;0.6467181444168091
1254;0.004862251691520214;0.6872586607933044
1255;0.004785905592143536;0.6640926599502563
1256;0.004799294285476208;0.6698841452598572
1257;0.004924166947603226;0.6698841452598572
1258;0.004829844925552607;0.6332046389579773
1259;0.0048291562125086784;0.6467181444168091
1260;0.004919546190649271;0.6563706398010254
1261;0.004779582843184471;0.6679536700248718
1262;0.004972168244421482;0.6100386381149292
1263;0.004898441955447197;0.6409266591072083
1264;0.004836259875446558;0.6428571343421936
1265;0.004886643961071968;0.6274131536483765
1266;0.00476895272731781;0.6389961242675781
1267;0.004758920520544052;0.6718146800994873
1268;0.0047019654884934425;0.6872586607933044
1269;0.004747228231281042;0.6563706398010254
1270;0.004782482981681824;0.6525096297264099
1271;0.004780017305165529;0.6486486196517944
1272;0.004743199795484543;0.6737451553344727
1273;0.004691252484917641;0.6814671754837036
1274;0.004780104849487543;0.65444016456604
1275;0.004690553992986679;0.6776061654090881
1276;0.00488465977832675;0.6679536700248718
1277;0.004891369957476854;0.65444016456604
1278;0.004972425289452076;0.6351351141929626
1279;0.00477205915376544;0.6467181444168091
1280;0.004904256667941809;0.6332046389579773
1281;0.004801474045962095;0.662162184715271
1282;0.004873914178460836;0.6505791544914246
1283;0.004983465652912855;0.6100386381149292
1284;0.004877328407019377;0.6023166179656982
1285;0.0047579300589859486;0.6467181444168091
1286;0.004920351319015026;0.6370656490325928
1287;0.004827394615858793;0.6505791544914246
1288;0.004801127128303051;0.6737451553344727
1289;0.004680189769715071;0.6911196708679199
1290;0.004751900676637888;0.6447876691818237
1291;0.004827520344406366;0.6505791544914246
1292;0.004678003955632448;0.6467181444168091
1293;0.004763800650835037;0.662162184715271
1294;0.004837536718696356;0.6602316498756409
1295;0.004722135607153177;0.662162184715271
1296;0.004713399801403284;0.6698841452598572
1297;0.004690155852586031;0.6660231947898865
1298;0.004723827354609966;0.6718146800994873
1299;0.004736538976430893;0.6602316498756409
1300;0.004674382973462343;0.6640926599502563
1301;0.00471867760643363;0.65444016456604
1302;0.004707725718617439;0.6718146800994873
1303;0.004693330731242895;0.6756756901741028
1304;0.004693328868597746;0.6602316498756409
1305;0.004735219292342663;0.65444016456604
1306;0.004731366876512766;0.662162184715271
1307;0.004683181177824736;0.6756756901741028
1308;0.004761863499879837;0.6853281855583191
1309;0.004730241373181343;0.6718146800994873
1310;0.004838771652430296;0.6447876691818237
1311;0.004714950453490019;0.6776061654090881
1312;0.0048196217976510525;0.6679536700248718
1313;0.004758092109113932;0.6698841452598572
1314;0.004674903117120266;0.6602316498756409
1315;0.004838624969124794;0.6737451553344727
1316;0.004770507104694843;0.6563706398010254
1317;0.004718353971838951;0.6525096297264099
1318;0.004634911194443703;0.6583011746406555
1319;0.004801261704415083;0.6679536700248718
1320;0.00473036477342248;0.662162184715271
1321;0.00474165566265583;0.6698841452598572
1322;0.004722619894891977;0.6833977103233337
1323;0.004749858286231756;0.6525096297264099
1324;0.004812586586922407;0.6602316498756409
1325;0.004773502703756094;0.6389961242675781
1326;0.004876164719462395;0.6486486196517944
1327;0.005805256776511669;0.546332061290741
1328;0.006643889471888542;0.5154440402984619
1329;0.006399098783731461;0.5173745155334473
1330;0.0066019524820148945;0.4961389899253845
1331;0.005859230179339647;0.5579150319099426
1332;0.006648204289376736;0.4903475046157837
1333;0.006747371517121792;0.43050193786621094
1334;0.0055535538122057915;0.6274131536483765
1335;0.005985396448522806;0.5347490310668945
1336;0.0062777381390333176;0.546332061290741
1337;0.006116857752203941;0.530888020992279
1338;0.005510128568857908;0.6003860831260681
1339;0.005627185571938753;0.5965250730514526
1340;0.005569083616137505;0.5868725776672363
1341;0.005579023156315088;0.5521235466003418
1342;0.005546456668525934;0.6081081032752991
1343;0.00547905033454299;0.57722008228302
1344;0.005489434581249952;0.6081081032752991
1345;0.005466088652610779;0.5926640629768372
1346;0.005240199621766806;0.6216216087341309
1347;0.005204696208238602;0.6081081032752991
1348;0.005329485516995192;0.623552143573761
1349;0.005482589825987816;0.6042470932006836
1350;0.005228655878454447;0.6138995885848999
1351;0.005055634770542383;0.6563706398010254
1352;0.005021445918828249;0.6505791544914246
1353;0.005004542879760265;0.6293436288833618
1354;0.005061104893684387;0.6447876691818237
1355;0.005000308156013489;0.6351351141929626
1356;0.005017120856791735;0.623552143573761
1357;0.004973662085831165;0.623552143573761
1358;0.0049513233825564384;0.61583012342453
1359;0.005035226233303547;0.6254826188087463
1360;0.005007781554013491;0.6389961242675781
1361;0.004841813817620277;0.6872586607933044
1362;0.00482899509370327;0.6351351141929626
1363;0.004869617056101561;0.61583012342453
1364;0.004802091047167778;0.6505791544914246
1365;0.004826858174055815;0.6602316498756409
1366;0.0047849626280367374;0.6583011746406555
1367;0.004800633992999792;0.6486486196517944
1368;0.004686693660914898;0.6718146800994873
1369;0.004700167570263147;0.6718146800994873
1370;0.004805185366421938;0.65444016456604
1371;0.004705389030277729;0.6351351141929626
1372;0.004693023860454559;0.6872586607933044
1373;0.004657048266381025;0.6949806809425354
1374;0.004749277140945196;0.6583011746406555
1375;0.00465255044400692;0.6853281855583191
1376;0.0047352928668260574;0.6814671754837036
1377;0.004778338596224785;0.6428571343421936
1378;0.00469732703641057;0.6640926599502563
1379;0.004745218902826309;0.6467181444168091
1380;0.004615799989551306;0.700772225856781
1381;0.004717687144875526;0.6776061654090881
1382;0.004610551055520773;0.6583011746406555
1383;0.0046432469971477985;0.6718146800994873
1384;0.004696204327046871;0.6718146800994873
1385;0.004648090340197086;0.6698841452598572
1386;0.0045984284952282906;0.6795367002487183
1387;0.004631674382835627;0.6718146800994873
1388;0.004695503506809473;0.6795367002487183
1389;0.004680147394537926;0.6756756901741028
1390;0.004665389657020569;0.6583011746406555
1391;0.004608707036823034;0.6737451553344727
1392;0.004626628942787647;0.6756756901741028
1393;0.004601156339049339;0.69305020570755
1394;0.004640331957489252;0.662162184715271
1395;0.004736816976219416;0.6467181444168091
1396;0.004642684478312731;0.6563706398010254
1397;0.0046529690735042095;0.6525096297264099
1398;0.004595682490617037;0.6698841452598572
1399;0.004602830391377211;0.7104247212409973
1400;0.004558165557682514;0.6795367002487183
1401;0.004587235860526562;0.6988416910171509
1402;0.004690888337790966;0.6583011746406555
1403;0.004750446882098913;0.6351351141929626
1404;0.004557114094495773;0.6891891956329346
1405;0.004668946843594313;0.662162184715271
1406;0.0046926941722631454;0.6525096297264099
1407;0.00462303077802062;0.6640926599502563
1408;0.0046074772253632545;0.6872586607933044
1409;0.00459110364317894;0.6891891956329346
1410;0.004738697316497564;0.6370656490325928
1411;0.004624394234269857;0.6891891956329346
1412;0.004601920023560524;0.6602316498756409
1413;0.004583375528454781;0.65444016456604
1414;0.004556610248982906;0.6756756901741028
1415;0.004618191625922918;0.6698841452598572
1416;0.004576541017740965;0.6756756901741028
1417;0.004597961436957121;0.6814671754837036
1418;0.0046110134571790695;0.6660231947898865
1419;0.0046777911484241486;0.6505791544914246
1420;0.004593976307660341;0.6679536700248718
1421;0.004642987158149481;0.6428571343421936
1422;0.0045280857011675835;0.7084941864013672
1423;0.004551409278064966;0.6988416910171509
1424;0.004624858032912016;0.6583011746406555
1425;0.004646985325962305;0.6814671754837036
1426;0.004589380230754614;0.6486486196517944
1427;0.004605473950505257;0.6563706398010254
1428;0.004587701056152582;0.6814671754837036
1429;0.0045895944349467754;0.6640926599502563
1430;0.0045566679909825325;0.6756756901741028
1431;0.004614586941897869;0.6872586607933044
1432;0.004609559662640095;0.6718146800994873
1433;0.004570904187858105;0.6486486196517944
1434;0.004648853093385696;0.6660231947898865
1435;0.004554355517029762;0.6795367002487183
1436;0.004591134376823902;0.6583011746406555
1437;0.004552899859845638;0.6776061654090881
1438;0.004550257697701454;0.69305020570755
1439;0.004517006687819958;0.6833977103233337
1440;0.004634407348930836;0.6660231947898865
1441;0.004554221872240305;0.6737451553344727
1442;0.00455224234610796;0.6640926599502563
1443;0.004605535417795181;0.6602316498756409
1444;0.0045038689859211445;0.6814671754837036
1445;0.004600963555276394;0.6640926599502563
1446;0.00452074920758605;0.69305020570755
1447;0.00463178800418973;0.65444016456604
1448;0.00460054399445653;0.6563706398010254
1449;0.004580693319439888;0.6756756901741028
1450;0.0045190006494522095;0.6853281855583191
1451;0.004458247683942318;0.6949806809425354
1452;0.004519872833043337;0.6795367002487183
1453;0.004496521782130003;0.6737451553344727
1454;0.004537257365882397;0.6679536700248718
1455;0.0044905380345880985;0.662162184715271
1456;0.004582447465509176;0.6602316498756409
1457;0.004536937922239304;0.6467181444168091
1458;0.004594154190272093;0.6776061654090881
1459;0.004556493367999792;0.6640926599502563
1460;0.004554580897092819;0.6795367002487183
1461;0.0044824001379311085;0.6718146800994873
1462;0.0044933101162314415;0.6911196708679199
1463;0.004622484557330608;0.662162184715271
1464;0.004460261669009924;0.6853281855583191
1465;0.00462908111512661;0.6602316498756409
1466;0.004511048085987568;0.6814671754837036
1467;0.0046046823263168335;0.6833977103233337
1468;0.004715455695986748;0.6274131536483765
1469;0.004573499783873558;0.6660231947898865
1470;0.004706875886768103;0.6332046389579773
1471;0.004607012961059809;0.6698841452598572
1472;0.004558487795293331;0.6602316498756409
1473;0.004783495794981718;0.6312741041183472
1474;0.0045251017436385155;0.6737451553344727
1475;0.004529452417045832;0.662162184715271
1476;0.004723364487290382;0.6293436288833618
1477;0.004519899375736713;0.6698841452598572
1478;0.004524529445916414;0.6795367002487183
1479;0.004721875302493572;0.6370656490325928
1480;0.004588449373841286;0.6698841452598572
1481;0.004547052551060915;0.6833977103233337
1482;0.004636147525161505;0.6698841452598572
1483;0.004496854729950428;0.6814671754837036
1484;0.004467876628041267;0.6795367002487183
1485;0.004583799280226231;0.6698841452598572
1486;0.004587301518768072;0.69305020570755
1487;0.004437368828803301;0.7046331763267517
1488;0.004494212102144957;0.6660231947898865
1489;0.004556378349661827;0.6872586607933044
1490;0.004561701323837042;0.6718146800994873
1491;0.004491962026804686;0.6679536700248718
1492;0.004658431280404329;0.6505791544914246
1493;0.004511818755418062;0.6833977103233337
1494;0.00450138607993722;0.6853281855583191
1495;0.004429603926837444;0.7104247212409973
1496;0.004608336836099625;0.6679536700248718
1497;0.004582555498927832;0.6467181444168091
1498;0.0045117540284991264;0.6795367002487183
1499;0.004505939781665802;0.6737451553344727
