iteration;loss;accuracy
0;0.03978051245212555;0.08620689809322357
1;0.0361768864095211;0.08620689809322357
2;0.03510495275259018;0.22413793206214905
3;0.03460892289876938;0.18103447556495667
4;0.0345492847263813;0.1465517282485962
5;0.03402988985180855;0.26724138855934143
6;0.03392869606614113;0.25
7;0.0339093878865242;0.2068965584039688
8;0.033958226442337036;0.16379310190677643
9;0.033802784979343414;0.18965516984462738
10;0.033491358160972595;0.1982758641242981
11;0.03314990922808647;0.27586206793785095
12;0.032935820519924164;0.26724138855934143
13;0.03270943835377693;0.23275862634181976
14;0.03255487605929375;0.2844827473163605
15;0.03222187981009483;0.3017241358757019
16;0.03212125599384308;0.2931034564971924
17;0.030978316441178322;0.3534482717514038
18;0.031408075243234634;0.3448275923728943
19;0.031156351789832115;0.3448275923728943
20;0.03107219748198986;0.4051724076271057
21;0.03047836571931839;0.38793104887008667
22;0.030699294060468674;0.3448275923728943
23;0.030438022688031197;0.42241379618644714
24;0.029513699933886528;0.4051724076271057
25;0.028747405856847763;0.4137931168079376
26;0.028619349002838135;0.4482758641242981
27;0.028555111959576607;0.5086206793785095
28;0.027842171490192413;0.517241358757019
29;0.02751237154006958;0.5517241358757019
30;0.02733931690454483;0.5603448152542114
31;0.026404371485114098;0.5948275923728943
32;0.02587968111038208;0.6637930870056152
33;0.025830907747149467;0.6465517282485962
34;0.029001126065850258;0.4482758641242981
35;0.024661993607878685;0.6551724076271057
36;0.026557477191090584;0.568965494632721
37;0.024037037044763565;0.6551724076271057
38;0.024262502789497375;0.6379310488700867
39;0.023879479616880417;0.681034505367279
40;0.023443851619958878;0.7155172228813171
41;0.022870557382702827;0.7068965435028076
42;0.022929547354578972;0.6724137663841248
43;0.021964268758893013;0.7155172228813171
44;0.02114684320986271;0.767241358757019
45;0.021111030131578445;0.7586206793785095
46;0.021108245477080345;0.732758641242981
47;0.02041834034025669;0.732758641242981
48;0.019611412659287453;0.75
49;0.019638752564787865;0.75
50;0.018852315843105316;0.75
51;0.01935555972158909;0.7413793206214905
52;0.018837668001651764;0.732758641242981
53;0.018301956355571747;0.767241358757019
54;0.018434902653098106;0.767241358757019
55;0.01743854396045208;0.7586206793785095
56;0.017819933593273163;0.767241358757019
57;0.01746266521513462;0.7413793206214905
58;0.017149215564131737;0.75
59;0.016407810151576996;0.767241358757019
60;0.016685927286744118;0.767241358757019
61;0.016107920557260513;0.767241358757019
62;0.016706837341189384;0.767241358757019
63;0.015820544213056564;0.767241358757019
64;0.015732986852526665;0.7758620977401733
65;0.015962732955813408;0.75
66;0.0157325342297554;0.7586206793785095
67;0.014934968203306198;0.7758620977401733
68;0.015022587031126022;0.767241358757019
69;0.01519867405295372;0.7844827771186829
70;0.014849580824375153;0.7758620977401733
71;0.014934079721570015;0.7844827771186829
72;0.01393547747284174;0.7758620977401733
73;0.014784826897084713;0.7586206793785095
74;0.014514053240418434;0.7758620977401733
75;0.013982035219669342;0.7844827771186829
76;0.014518383890390396;0.7758620977401733
77;0.014040224254131317;0.767241358757019
78;0.013781369663774967;0.8017241358757019
79;0.013604814186692238;0.8275862336158752
80;0.01300643291324377;0.8103448152542114
81;0.013343226164579391;0.7931034564971924
82;0.012525452300906181;0.8103448152542114
83;0.012815261259675026;0.818965494632721
84;0.012555263005197048;0.8275862336158752
85;0.012261045165359974;0.818965494632721
86;0.01263255812227726;0.8103448152542114
87;0.012012426741421223;0.8275862336158752
88;0.013046209700405598;0.8017241358757019
89;0.011810490861535072;0.8103448152542114
90;0.012112277559936047;0.8017241358757019
91;0.01171810645610094;0.8793103694915771
92;0.011890223249793053;0.8706896305084229
93;0.012162408791482449;0.8448275923728943
94;0.011726499535143375;0.8620689511299133
95;0.011500324122607708;0.8706896305084229
96;0.010916919447481632;0.8706896305084229
97;0.010754026472568512;0.8793103694915771
98;0.010659806430339813;0.8965517282485962
99;0.010444450192153454;0.8965517282485962
100;0.010729540139436722;0.9224137663841248
101;0.010346588678658009;0.9051724076271057
102;0.010374885983765125;0.8793103694915771
103;0.010247050784528255;0.9051724076271057
104;0.010402925312519073;0.8965517282485962
105;0.010120765306055546;0.9051724076271057
106;0.009770362637937069;0.9137930870056152
107;0.009964250028133392;0.9137930870056152
108;0.009628922678530216;0.9137930870056152
109;0.008981309831142426;0.9137930870056152
110;0.00925169326364994;0.9137930870056152
111;0.009170133620500565;0.8965517282485962
112;0.008917458355426788;0.9137930870056152
113;0.009962102398276329;0.9137930870056152
114;0.009104672819375992;0.9137930870056152
115;0.009452476166188717;0.931034505367279
116;0.008991282433271408;0.9051724076271057
117;0.0092162461951375;0.9137930870056152
118;0.009931165724992752;0.8793103694915771
119;0.009895667433738708;0.9224137663841248
120;0.00878241565078497;0.9396551847457886
121;0.008334283716976643;0.9396551847457886
122;0.01194237545132637;0.8448275923728943
123;0.008914544247090816;0.9137930870056152
124;0.011614613234996796;0.8534482717514038
125;0.010074280202388763;0.9224137663841248
126;0.009141078218817711;0.9051724076271057
127;0.009312249720096588;0.9137930870056152
128;0.009858867153525352;0.931034505367279
129;0.008216027170419693;0.9224137663841248
130;0.010066632181406021;0.8965517282485962
131;0.008128458634018898;0.9396551847457886
132;0.008637014776468277;0.9137930870056152
133;0.009646372869610786;0.8706896305084229
134;0.0078801941126585;0.931034505367279
135;0.009858140721917152;0.8879310488700867
136;0.007716700434684753;0.931034505367279
137;0.008223464712500572;0.931034505367279
138;0.010599049739539623;0.8534482717514038
139;0.007864884100854397;0.931034505367279
140;0.008934286423027515;0.9137930870056152
141;0.008682705461978912;0.931034505367279
142;0.00833932589739561;0.9396551847457886
143;0.007636249531060457;0.931034505367279
144;0.00862469058483839;0.9137930870056152
145;0.007930180057883263;0.931034505367279
146;0.007752398960292339;0.931034505367279
147;0.007079446688294411;0.931034505367279
148;0.007617069408297539;0.931034505367279
149;0.006897123996168375;0.931034505367279
150;0.006910973694175482;0.9224137663841248
151;0.007093967404216528;0.931034505367279
152;0.007175263948738575;0.9568965435028076
153;0.006845471914857626;0.9224137663841248
154;0.0071848793886601925;0.9224137663841248
155;0.007225539535284042;0.9224137663841248
156;0.006732079200446606;0.9137930870056152
157;0.0068317861296236515;0.931034505367279
158;0.006927513051778078;0.931034505367279
159;0.006658194586634636;0.931034505367279
160;0.006649669259786606;0.9396551847457886
161;0.00675837742164731;0.931034505367279
162;0.006619410589337349;0.931034505367279
163;0.0066702705807983875;0.9137930870056152
164;0.006397775374352932;0.931034505367279
165;0.006343538872897625;0.9482758641242981
166;0.006751545704901218;0.931034505367279
167;0.0060376496985554695;0.931034505367279
168;0.006694919429719448;0.931034505367279
169;0.006405748892575502;0.931034505367279
170;0.006195682100951672;0.931034505367279
171;0.006145923864096403;0.931034505367279
172;0.0065809981897473335;0.931034505367279
173;0.005892402958124876;0.931034505367279
174;0.005904128775000572;0.931034505367279
175;0.005966737866401672;0.9396551847457886
176;0.006548000033944845;0.9051724076271057
177;0.006120904814451933;0.931034505367279
178;0.00597347179427743;0.9224137663841248
179;0.006181725766509771;0.931034505367279
180;0.006101385224610567;0.9224137663841248
181;0.006085772067308426;0.9224137663841248
182;0.005678765010088682;0.931034505367279
183;0.005933040753006935;0.931034505367279
184;0.005767045076936483;0.9396551847457886
185;0.0060172975063323975;0.9224137663841248
186;0.005807402543723583;0.9396551847457886
187;0.005956930574029684;0.931034505367279
188;0.005929742008447647;0.9396551847457886
189;0.006373556796461344;0.9137930870056152
190;0.005967640783637762;0.931034505367279
191;0.006084016524255276;0.9224137663841248
192;0.006123391445726156;0.9224137663841248
193;0.0062749944627285;0.9137930870056152
194;0.006009983830153942;0.931034505367279
195;0.0054458980448544025;0.9137930870056152
196;0.0062522804364562035;0.931034505367279
197;0.005626949481666088;0.9396551847457886
198;0.00576833076775074;0.9224137663841248
199;0.00627082958817482;0.9051724076271057
200;0.006137499585747719;0.9137930870056152
201;0.005815401207655668;0.9224137663841248
202;0.005532034672796726;0.9396551847457886
203;0.005306764040142298;0.931034505367279
204;0.005733480677008629;0.931034505367279
205;0.005563755519688129;0.9224137663841248
206;0.005816632881760597;0.9224137663841248
207;0.005844291299581528;0.9137930870056152
208;0.0055429572239518166;0.931034505367279
209;0.0053820437751710415;0.931034505367279
210;0.00542428158223629;0.931034505367279
211;0.005707788281142712;0.931034505367279
212;0.005758840590715408;0.9396551847457886
213;0.005604648496955633;0.9396551847457886
214;0.005482833366841078;0.931034505367279
215;0.005289436783641577;0.9224137663841248
216;0.005983404349535704;0.9224137663841248
217;0.005634795408695936;0.9224137663841248
218;0.00568006094545126;0.9396551847457886
219;0.005430178251117468;0.9396551847457886
220;0.005445885471999645;0.931034505367279
221;0.005897893104702234;0.9224137663841248
222;0.005925946403294802;0.931034505367279
223;0.005372548475861549;0.931034505367279
224;0.005767306312918663;0.9137930870056152
225;0.005741430446505547;0.931034505367279
226;0.005534484516829252;0.931034505367279
227;0.005283195525407791;0.931034505367279
228;0.005363170523196459;0.931034505367279
229;0.0056838663294911385;0.9396551847457886
230;0.005713984370231628;0.9224137663841248
231;0.005596929229795933;0.9224137663841248
232;0.005682623013854027;0.9137930870056152
233;0.005570921115577221;0.9224137663841248
234;0.005302971228957176;0.931034505367279
235;0.0052582621574401855;0.9224137663841248
236;0.005862027406692505;0.931034505367279
237;0.006756654474884272;0.931034505367279
238;0.004977360833436251;0.9568965435028076
239;0.006132913753390312;0.931034505367279
240;0.0055954428389668465;0.931034505367279
241;0.0053340476006269455;0.9396551847457886
242;0.005222182255238295;0.9224137663841248
243;0.005211899057030678;0.9396551847457886
244;0.005563722457736731;0.931034505367279
245;0.005291051231324673;0.931034505367279
246;0.005109912250190973;0.9396551847457886
247;0.005417926702648401;0.931034505367279
248;0.004928337410092354;0.9224137663841248
249;0.0050489772111177444;0.9396551847457886
250;0.005141614470630884;0.931034505367279
251;0.005187879782170057;0.9224137663841248
252;0.005242465063929558;0.9224137663841248
253;0.005130252800881863;0.931034505367279
254;0.005177666433155537;0.9396551847457886
255;0.005558103788644075;0.9224137663841248
256;0.0053781731985509396;0.931034505367279
257;0.00504605658352375;0.931034505367279
258;0.005152314901351929;0.9137930870056152
259;0.0052208490669727325;0.9137930870056152
260;0.005002111662179232;0.931034505367279
261;0.005204998422414064;0.9224137663841248
262;0.005331243388354778;0.931034505367279
263;0.005235785152763128;0.931034505367279
264;0.005193233955651522;0.931034505367279
265;0.005019256379455328;0.9396551847457886
266;0.004948696121573448;0.931034505367279
267;0.005083287134766579;0.9224137663841248
268;0.005349733401089907;0.931034505367279
269;0.005287421401590109;0.9224137663841248
270;0.0050561754032969475;0.931034505367279
271;0.005413286853581667;0.9051724076271057
272;0.004853431135416031;0.9482758641242981
273;0.005179932806640863;0.9224137663841248
274;0.005129523109644651;0.931034505367279
275;0.005205895286053419;0.9224137663841248
276;0.005242133047431707;0.931034505367279
277;0.004598854575306177;0.9482758641242981
278;0.004748937673866749;0.9396551847457886
279;0.005237845238298178;0.9224137663841248
280;0.0049000149592757225;0.931034505367279
281;0.004679330624639988;0.9396551847457886
282;0.004982162266969681;0.931034505367279
283;0.004898568615317345;0.9568965435028076
284;0.004825705662369728;0.9396551847457886
285;0.004696563817560673;0.9396551847457886
286;0.004946906119585037;0.9396551847457886
287;0.005176391452550888;0.931034505367279
288;0.00491855014115572;0.931034505367279
289;0.00499013252556324;0.9224137663841248
290;0.005003646016120911;0.9137930870056152
291;0.005119910463690758;0.9482758641242981
292;0.005011843051761389;0.9396551847457886
293;0.004874381236732006;0.931034505367279
294;0.004639336373656988;0.9224137663841248
295;0.004821279551833868;0.931034505367279
296;0.004937074612826109;0.931034505367279
297;0.004778833594173193;0.931034505367279
298;0.005075510125607252;0.931034505367279
299;0.004802606534212828;0.9224137663841248
300;0.00473577668890357;0.9396551847457886
301;0.00451434263959527;0.9396551847457886
302;0.004878821782767773;0.9396551847457886
303;0.005269704852253199;0.9396551847457886
304;0.004577471408993006;0.9396551847457886
305;0.0054198759607970715;0.9051724076271057
306;0.004990735556930304;0.931034505367279
307;0.004586012568324804;0.9396551847457886
308;0.005327133461833;0.9224137663841248
309;0.0048124217428267;0.9396551847457886
310;0.005118450615555048;0.931034505367279
311;0.004831964150071144;0.9396551847457886
312;0.004762749187648296;0.931034505367279
313;0.004999133758246899;0.9224137663841248
314;0.004775284323841333;0.931034505367279
315;0.004737524315714836;0.931034505367279
316;0.0045634545385837555;0.9396551847457886
317;0.005513687618076801;0.931034505367279
318;0.004852396436035633;0.9482758641242981
319;0.005850399844348431;0.931034505367279
320;0.004670891910791397;0.931034505367279
321;0.004996153526008129;0.9396551847457886
322;0.005365397315472364;0.9396551847457886
323;0.0053943730890750885;0.9224137663841248
324;0.004677836317569017;0.9224137663841248
325;0.004582934081554413;0.931034505367279
326;0.0047298879362642765;0.9137930870056152
327;0.004895566962659359;0.9224137663841248
328;0.004826020449399948;0.9224137663841248
329;0.005171030759811401;0.931034505367279
330;0.00490490673109889;0.931034505367279
331;0.00481114536523819;0.931034505367279
332;0.004730389453470707;0.931034505367279
333;0.004832156002521515;0.9396551847457886
334;0.004566887393593788;0.9396551847457886
335;0.004660686012357473;0.931034505367279
336;0.004512722138315439;0.9396551847457886
337;0.0043966700322926044;0.931034505367279
338;0.004680735524743795;0.9224137663841248
339;0.004554965998977423;0.931034505367279
340;0.004520155023783445;0.9396551847457886
341;0.0044110785238444805;0.9482758641242981
342;0.004514486063271761;0.931034505367279
343;0.004642493557184935;0.9137930870056152
344;0.004659426398575306;0.9137930870056152
345;0.004368913359940052;0.9396551847457886
346;0.004674993921071291;0.931034505367279
347;0.0045942626893520355;0.9396551847457886
348;0.004463769029825926;0.931034505367279
349;0.0050897072069346905;0.9224137663841248
350;0.004413069225847721;0.9224137663841248
351;0.004406653344631195;0.9396551847457886
352;0.004413959104567766;0.931034505367279
353;0.004553703591227531;0.9224137663841248
354;0.004664142616093159;0.931034505367279
355;0.004177553113549948;0.931034505367279
356;0.004577940795570612;0.931034505367279
357;0.004869415890425444;0.931034505367279
358;0.004630714189261198;0.931034505367279
359;0.004676700569689274;0.931034505367279
360;0.004515396896749735;0.931034505367279
361;0.004758805502206087;0.9482758641242981
362;0.004674259107559919;0.9224137663841248
363;0.004564907401800156;0.9224137663841248
364;0.00494712870568037;0.9137930870056152
365;0.004340334329754114;0.931034505367279
366;0.004793249070644379;0.931034505367279
367;0.004496585577726364;0.9396551847457886
368;0.0048005469143390656;0.9137930870056152
369;0.004666920751333237;0.931034505367279
370;0.004900839179754257;0.9137930870056152
371;0.004703097511082888;0.9051724076271057
372;0.0045147305354475975;0.931034505367279
373;0.004960938356816769;0.9051724076271057
374;0.004527654033154249;0.9137930870056152
375;0.0042583574540913105;0.931034505367279
376;0.004363831598311663;0.931034505367279
377;0.005070552695542574;0.9137930870056152
378;0.004683095961809158;0.9224137663841248
379;0.004516693763434887;0.9224137663841248
380;0.004977651871740818;0.9137930870056152
381;0.004420194774866104;0.931034505367279
382;0.0044378056190907955;0.931034505367279
383;0.004364520777016878;0.931034505367279
384;0.004468902479857206;0.9396551847457886
385;0.004304131492972374;0.931034505367279
386;0.004395832307636738;0.931034505367279
387;0.004471430554986;0.931034505367279
388;0.004631250165402889;0.931034505367279
389;0.0044815074652433395;0.931034505367279
390;0.0046835364773869514;0.931034505367279
391;0.004291419871151447;0.9482758641242981
392;0.004660176578909159;0.9137930870056152
393;0.004627295304089785;0.9224137663841248
394;0.004623128101229668;0.931034505367279
395;0.004061588551849127;0.9396551847457886
396;0.004622882232069969;0.9224137663841248
397;0.004219840280711651;0.9396551847457886
398;0.004477586131542921;0.931034505367279
399;0.004521310329437256;0.931034505367279
400;0.004808439407497644;0.9396551847457886
401;0.004757207352668047;0.9224137663841248
402;0.004675992298871279;0.9224137663841248
403;0.004305166192352772;0.931034505367279
404;0.004376775119453669;0.9224137663841248
405;0.004281407222151756;0.9224137663841248
406;0.004267578944563866;0.931034505367279
407;0.004507225938141346;0.9396551847457886
408;0.00437257019802928;0.9224137663841248
409;0.00460711820051074;0.9224137663841248
410;0.004110135603696108;0.931034505367279
411;0.004504728130996227;0.931034505367279
412;0.004386924207210541;0.9568965435028076
413;0.0040921359322965145;0.931034505367279
414;0.0041223010048270226;0.9568965435028076
415;0.004007990937680006;0.9396551847457886
416;0.004238305613398552;0.9568965435028076
417;0.004482259042561054;0.9224137663841248
418;0.004268375691026449;0.9224137663841248
419;0.004370614420622587;0.9224137663841248
420;0.0046967859379947186;0.931034505367279
421;0.003919833805412054;0.9482758641242981
422;0.004456905648112297;0.931034505367279
423;0.004014202859252691;0.9224137663841248
424;0.0041872733272612095;0.931034505367279
425;0.0041967350989580154;0.9396551847457886
426;0.004404441919177771;0.931034505367279
427;0.004148024134337902;0.9224137663841248
428;0.004325469955801964;0.931034505367279
429;0.004442279227077961;0.931034505367279
430;0.0040838634595274925;0.931034505367279
431;0.004440248478204012;0.9396551847457886
432;0.004399489611387253;0.931034505367279
433;0.004525867756456137;0.931034505367279
434;0.004563097842037678;0.931034505367279
435;0.004462664946913719;0.9224137663841248
436;0.004121077712625265;0.9396551847457886
437;0.004200044088065624;0.9396551847457886
438;0.004418637603521347;0.931034505367279
439;0.00445164367556572;0.931034505367279
440;0.004261205438524485;0.9137930870056152
441;0.004244791343808174;0.9137930870056152
442;0.004501499701291323;0.9224137663841248
443;0.004573849029839039;0.9396551847457886
444;0.004040672443807125;0.9396551847457886
445;0.004326703026890755;0.9396551847457886
446;0.004521520808339119;0.9051724076271057
447;0.004223516210913658;0.931034505367279
448;0.004208577796816826;0.9396551847457886
449;0.004105661995708942;0.9482758641242981
450;0.004494217224419117;0.931034505367279
451;0.004224017728120089;0.9482758641242981
452;0.0043365564197301865;0.931034505367279
453;0.004358026664704084;0.931034505367279
454;0.004381552804261446;0.9224137663841248
455;0.003957205917686224;0.9482758641242981
456;0.004339040257036686;0.931034505367279
457;0.004195457324385643;0.9396551847457886
458;0.004093269817531109;0.9224137663841248
459;0.004264933988451958;0.9224137663841248
460;0.004198327660560608;0.9224137663841248
461;0.004303598776459694;0.9137930870056152
462;0.004337249789386988;0.931034505367279
463;0.004418515134602785;0.9137930870056152
464;0.004080450627952814;0.931034505367279
465;0.004036105703562498;0.931034505367279
466;0.004277466330677271;0.9396551847457886
467;0.003846832551062107;0.9482758641242981
468;0.004306192044168711;0.9224137663841248
469;0.004533087834715843;0.931034505367279
470;0.004408220760524273;0.9224137663841248
471;0.0041235582903027534;0.931034505367279
472;0.0042190877720713615;0.9396551847457886
473;0.003922101575881243;0.9396551847457886
474;0.004204161930829287;0.931034505367279
475;0.003991599194705486;0.9224137663841248
476;0.0039275591261684895;0.9482758641242981
477;0.004213352687656879;0.931034505367279
478;0.0040497733280062675;0.9224137663841248
479;0.004177158698439598;0.931034505367279
480;0.003948502708226442;0.931034505367279
481;0.003936999477446079;0.931034505367279
482;0.003831028938293457;0.931034505367279
483;0.004038290586322546;0.9482758641242981
484;0.00396534102037549;0.9482758641242981
485;0.004306561313569546;0.9137930870056152
486;0.00444799056276679;0.9224137663841248
487;0.004121053963899612;0.931034505367279
488;0.0037762445863336325;0.9224137663841248
489;0.004215653520077467;0.931034505367279
490;0.00429911445826292;0.931034505367279
491;0.0037809875793755054;0.9482758641242981
492;0.004369104281067848;0.9137930870056152
493;0.00402587978169322;0.9396551847457886
494;0.004057471174746752;0.9396551847457886
495;0.004190081264823675;0.931034505367279
496;0.004109017085283995;0.9396551847457886
497;0.00401009526103735;0.9396551847457886
498;0.003870631568133831;0.9396551847457886
499;0.004106826148927212;0.931034505367279
500;0.004066635854542255;0.931034505367279
501;0.00418593967333436;0.9396551847457886
502;0.004098132252693176;0.9482758641242981
503;0.003885942976921797;0.9482758641242981
504;0.0037539610639214516;0.9568965435028076
505;0.003952235449105501;0.931034505367279
506;0.00430035637691617;0.9137930870056152
507;0.004443706478923559;0.9137930870056152
508;0.004152004607021809;0.931034505367279
509;0.004017371218651533;0.9396551847457886
510;0.0037277701776474714;0.9482758641242981
511;0.00374405225738883;0.9396551847457886
512;0.003648326965048909;0.9568965435028076
513;0.004067203029990196;0.9396551847457886
514;0.0039228047244250774;0.9396551847457886
515;0.004529695026576519;0.9396551847457886
516;0.0038801347836852074;0.931034505367279
517;0.0038151838816702366;0.9396551847457886
518;0.0040299417451024055;0.9224137663841248
519;0.004230504389852285;0.9224137663841248
520;0.003941378090530634;0.931034505367279
521;0.004120351281017065;0.931034505367279
522;0.003978461027145386;0.931034505367279
523;0.0037906563375145197;0.9396551847457886
524;0.0039277286268770695;0.931034505367279
525;0.003679553046822548;0.931034505367279
526;0.003845417872071266;0.931034505367279
527;0.004091792274266481;0.9224137663841248
528;0.003955587279051542;0.931034505367279
529;0.003975757863372564;0.931034505367279
530;0.003914368338882923;0.9396551847457886
531;0.004341762512922287;0.8965517282485962
532;0.003874906338751316;0.9396551847457886
533;0.003982366528362036;0.9482758641242981
534;0.004053722135722637;0.9396551847457886
535;0.004033180885016918;0.9568965435028076
536;0.0037964889779686928;0.931034505367279
537;0.0038411638233810663;0.931034505367279
538;0.004153810441493988;0.9137930870056152
539;0.004315187223255634;0.9137930870056152
540;0.003825702704489231;0.9482758641242981
541;0.004228118807077408;0.9224137663841248
542;0.004043721128255129;0.9137930870056152
543;0.003942302893847227;0.931034505367279
544;0.004264439456164837;0.9396551847457886
545;0.004178776405751705;0.9224137663841248
546;0.0037724238354712725;0.9482758641242981
547;0.0037348666228353977;0.931034505367279
548;0.004378033801913261;0.931034505367279
549;0.0040511516854166985;0.9224137663841248
550;0.0037282260600477457;0.931034505367279
551;0.004035403486341238;0.9396551847457886
552;0.0038788868114352226;0.9137930870056152
553;0.003783445106819272;0.931034505367279
554;0.0038471082225441933;0.9396551847457886
555;0.004173184745013714;0.931034505367279
556;0.004391232039779425;0.9137930870056152
557;0.0041616130620241165;0.9224137663841248
558;0.0032824352383613586;0.9568965435028076
559;0.004007565788924694;0.931034505367279
560;0.004392558708786964;0.9051724076271057
561;0.0037175521720200777;0.9396551847457886
562;0.0037772662471979856;0.9482758641242981
563;0.0039297775365412235;0.9224137663841248
564;0.0038783708587288857;0.9396551847457886
565;0.003566187107935548;0.9568965435028076
566;0.003492749994620681;0.9482758641242981
567;0.0036621135659515858;0.9396551847457886
568;0.0036566657945513725;0.931034505367279
569;0.003591888351365924;0.9224137663841248
570;0.0038803291972726583;0.9568965435028076
571;0.003886578604578972;0.9224137663841248
572;0.004172527231276035;0.9137930870056152
573;0.0034705877769738436;0.9482758641242981
574;0.004001467954367399;0.9224137663841248
575;0.003828740678727627;0.9224137663841248
576;0.003073430620133877;0.9655172228813171
577;0.0042432923801243305;0.9137930870056152
578;0.004417454823851585;0.9224137663841248
579;0.0031770935747772455;0.9655172228813171
580;0.004045402631163597;0.9224137663841248
581;0.0031773627270013094;0.9655172228813171
582;0.004046406596899033;0.9224137663841248
583;0.0032541262917220592;0.982758641242981
584;0.0042732530273497105;0.931034505367279
585;0.003727441653609276;0.931034505367279
586;0.003504290245473385;0.9655172228813171
587;0.0036042341962456703;0.9655172228813171
588;0.0036222331691533327;0.9396551847457886
589;0.004292833618819714;0.931034505367279
590;0.003347654128447175;0.9655172228813171
591;0.00432041147723794;0.9224137663841248
592;0.0040251584723591805;0.9396551847457886
593;0.0036536187399178743;0.9396551847457886
594;0.00499990489333868;0.931034505367279
595;0.004979850258678198;0.9224137663841248
596;0.005028358194977045;0.9051724076271057
597;0.009531142190098763;0.8534482717514038
598;0.005809450056403875;0.8879310488700867
599;0.008142305538058281;0.8706896305084229
600;0.008020693436264992;0.8793103694915771
601;0.00741134537383914;0.8793103694915771
602;0.008298813365399837;0.8706896305084229
603;0.007062537129968405;0.9051724076271057
604;0.007258124183863401;0.8793103694915771
605;0.00759746553376317;0.8534482717514038
606;0.007630826439708471;0.8362069129943848
607;0.007539632264524698;0.8620689511299133
608;0.006810658145695925;0.8706896305084229
609;0.007113449741154909;0.8706896305084229
610;0.006895244587212801;0.8706896305084229
611;0.0070770299062132835;0.8793103694915771
612;0.006487613543868065;0.8879310488700867
613;0.00668941717594862;0.8879310488700867
614;0.007225615903735161;0.8534482717514038
615;0.006791488733142614;0.8534482717514038
616;0.006440980825573206;0.8620689511299133
617;0.006540775764733553;0.8879310488700867
618;0.006410200614482164;0.8793103694915771
619;0.0065514338202774525;0.8793103694915771
620;0.006462265737354755;0.8793103694915771
621;0.006049884483218193;0.8879310488700867
622;0.006276616360992193;0.8879310488700867
623;0.0060404264368116856;0.8965517282485962
624;0.005960365757346153;0.8620689511299133
625;0.006117595825344324;0.8793103694915771
626;0.006166351959109306;0.8879310488700867
627;0.006102883722633123;0.8706896305084229
628;0.006040558218955994;0.8793103694915771
629;0.005999820306897163;0.8793103694915771
630;0.005932399537414312;0.8879310488700867
631;0.00557132950052619;0.9051724076271057
632;0.006136775482445955;0.8706896305084229
633;0.005806162487715483;0.8965517282485962
634;0.005571373738348484;0.8965517282485962
635;0.006085649598389864;0.8534482717514038
636;0.006010057404637337;0.8706896305084229
637;0.005343141499906778;0.9051724076271057
638;0.005664066877216101;0.8965517282485962
639;0.005888353101909161;0.9051724076271057
640;0.00530746765434742;0.9224137663841248
641;0.005785232409834862;0.8706896305084229
642;0.005727663170546293;0.8879310488700867
643;0.005622324999421835;0.8793103694915771
644;0.005437271669507027;0.9224137663841248
645;0.005600582342594862;0.9137930870056152
646;0.005736842751502991;0.8879310488700867
647;0.005286691710352898;0.9051724076271057
648;0.005797650199383497;0.8706896305084229
649;0.005368865095078945;0.8965517282485962
650;0.005344560369849205;0.8879310488700867
651;0.005351323634386063;0.9137930870056152
652;0.00512330187484622;0.9051724076271057
653;0.005189635790884495;0.9137930870056152
654;0.005111726466566324;0.9137930870056152
655;0.005607991944998503;0.9051724076271057
656;0.004879642743617296;0.9482758641242981
657;0.004666982684284449;0.9224137663841248
658;0.00479454779997468;0.9482758641242981
659;0.0048731849528849125;0.9655172228813171
660;0.005181735847145319;0.9224137663841248
661;0.004906759597361088;0.9568965435028076
662;0.005494387354701757;0.9137930870056152
663;0.006065594032406807;0.9137930870056152
664;0.006527322344481945;0.8793103694915771
665;0.005947597790509462;0.9051724076271057
666;0.005209034308791161;0.9396551847457886
667;0.006366373971104622;0.9051724076271057
668;0.005595883820205927;0.9051724076271057
669;0.00504094734787941;0.9396551847457886
670;0.005586135201156139;0.9482758641242981
671;0.006165606435388327;0.8879310488700867
672;0.004762608092278242;0.9568965435028076
673;0.005044718272984028;0.931034505367279
674;0.005228589754551649;0.931034505367279
675;0.0047581191174685955;0.931034505367279
676;0.004984974395483732;0.9568965435028076
677;0.004978641401976347;0.9224137663841248
678;0.00441307108849287;0.9482758641242981
679;0.0044533871114254;0.9482758641242981
680;0.00427994504570961;0.931034505367279
681;0.005050964187830687;0.931034505367279
682;0.004309539683163166;0.9568965435028076
683;0.004634431097656488;0.9396551847457886
684;0.004746297840029001;0.9224137663841248
685;0.004325103014707565;0.9655172228813171
686;0.004142992198467255;0.9568965435028076
687;0.004446879494935274;0.931034505367279
688;0.004011272918432951;0.931034505367279
689;0.0040986728854477406;0.9568965435028076
690;0.004399366211146116;0.9396551847457886
691;0.0037568449042737484;0.9741379022598267
692;0.0035769054666161537;0.9568965435028076
693;0.003633774584159255;0.9568965435028076
694;0.004187986254692078;0.931034505367279
695;0.003670061007142067;0.9568965435028076
696;0.0034908882807940245;0.9568965435028076
697;0.0037396179977804422;0.9224137663841248
698;0.0041775936260819435;0.9568965435028076
699;0.0035647451877593994;0.9655172228813171
700;0.003536147763952613;0.9482758641242981
701;0.0036181139294058084;0.9482758641242981
702;0.003362026298418641;0.9482758641242981
703;0.00355431973002851;0.931034505367279
704;0.0031320739071816206;0.982758641242981
705;0.003264383412897587;0.9568965435028076
706;0.0036087145563215017;0.9396551847457886
707;0.003236504504457116;0.9913793206214905
708;0.003174514975398779;0.9913793206214905
709;0.0032314846757799387;0.9655172228813171
710;0.0029322237242013216;0.982758641242981
711;0.0030337341595441103;0.9568965435028076
712;0.0035712197422981262;0.9396551847457886
713;0.003313034540042281;0.9913793206214905
714;0.003892452223226428;0.9655172228813171
715;0.003611229592934251;0.931034505367279
716;0.003164679976180196;0.9741379022598267
717;0.0027335917111486197;0.9913793206214905
718;0.0028214124031364918;1.0
719;0.002853777725249529;0.9655172228813171
720;0.0031195057090371847;0.9913793206214905
721;0.002986455336213112;0.9913793206214905
722;0.002664069877937436;0.9913793206214905
723;0.0027082827873528004;1.0
724;0.002539995824918151;1.0
725;0.003242748323827982;0.9482758641242981
726;0.0026217398699373007;1.0
727;0.0025067732203751802;1.0
728;0.0024545039050281048;1.0
729;0.0023652995005249977;1.0
730;0.0024109138175845146;1.0
731;0.004736489616334438;0.9051724076271057
732;0.002466745674610138;1.0
733;0.003986090887337923;0.931034505367279
734;0.002841826295480132;0.982758641242981
735;0.0031974464654922485;0.9655172228813171
736;0.0029281512834131718;0.9913793206214905
737;0.002380452584475279;0.982758641242981
738;0.00258972798474133;0.9741379022598267
739;0.0024046285543590784;0.982758641242981
740;0.0027006161399185658;0.9913793206214905
741;0.0025497181341052055;1.0
742;0.002430933527648449;0.9913793206214905
743;0.0025955948513001204;0.9913793206214905
744;0.003041912568733096;0.9741379022598267
745;0.0023930168244987726;1.0
746;0.0030884358566254377;0.9741379022598267
747;0.002947523258626461;0.9741379022598267
748;0.0032286178320646286;0.9655172228813171
749;0.004207998048514128;0.9137930870056152
750;0.0031796516850590706;0.9568965435028076
751;0.002546304138377309;1.0
752;0.004445304162800312;0.931034505367279
753;0.004017133731395006;0.9396551847457886
754;0.0032902767416089773;0.9482758641242981
755;0.003065622178837657;0.9655172228813171
756;0.0032543190754950047;0.9655172228813171
757;0.003246789565309882;0.9396551847457886
758;0.0030486606992781162;0.9655172228813171
759;0.002951804781332612;0.982758641242981
760;0.0027698143385350704;0.982758641242981
761;0.0027206100057810545;0.982758641242981
762;0.0023869206197559834;0.9913793206214905
763;0.00392416724935174;0.9224137663841248
764;0.0022166287526488304;1.0
765;0.0031335793901234865;0.9568965435028076
766;0.0028035384602844715;0.9741379022598267
767;0.002603464527055621;1.0
768;0.003466166788712144;0.931034505367279
769;0.0035064900293946266;0.931034505367279
770;0.0024953302927315235;1.0
771;0.002239728346467018;0.982758641242981
772;0.003922207280993462;0.931034505367279
773;0.00257666758261621;0.9741379022598267
774;0.0021370428148657084;1.0
775;0.002698370022699237;1.0
776;0.002852794248610735;0.9913793206214905
777;0.0025601014494895935;0.9741379022598267
778;0.0028306618332862854;0.982758641242981
779;0.002276400104165077;1.0
780;0.0018696254119277;1.0
781;0.0016847184160724282;1.0
782;0.0020352245774120092;1.0
783;0.0017779315821826458;1.0
784;0.0018783769337460399;1.0
785;0.0016866691876202822;1.0
786;0.0017018537037074566;1.0
787;0.0014715571887791157;1.0
788;0.0020314445719122887;1.0
789;0.0013176818611100316;1.0
790;0.0014126664027571678;1.0
791;0.0016297918045893312;1.0
792;0.0015972483670338988;1.0
793;0.0011983170406892896;1.0
794;0.0013185653369873762;1.0
795;0.0018329391023144126;1.0
796;0.0012575153959915042;1.0
797;0.0012741915415972471;1.0
798;0.0015412578359246254;1.0
799;0.0014177277917042375;1.0
800;0.0011417436180636287;1.0
801;0.0011895414208993316;1.0
802;0.0011279706377536058;1.0
803;0.001140638836659491;1.0
804;0.0011651550885289907;1.0
805;0.0011954322690144181;1.0
806;0.0012591407867148519;1.0
807;0.0013794471742585301;1.0
808;0.0011875593336299062;1.0
809;0.0010039391927421093;1.0
810;0.0010866132797673345;1.0
811;0.0010695073287934065;1.0
812;0.001372372847981751;1.0
813;0.0011680071474984288;1.0
814;0.0011544841108843684;1.0
815;0.0011337606701999903;1.0
816;0.001070415135473013;1.0
817;0.0010071833385154605;1.0
818;0.0011518331011757255;1.0
819;0.001198593876324594;1.0
820;0.001126771210692823;1.0
821;0.001082531176507473;1.0
822;0.0011198717402294278;1.0
823;0.001061637420207262;1.0
824;0.0009647645056247711;1.0
825;0.0010175808565691113;1.0
826;0.0010053927544504404;1.0
827;0.0012200766941532493;1.0
828;0.0010085235117003322;1.0
829;0.0011757672764360905;1.0
830;0.001020084135234356;1.0
831;0.0011891524773091078;1.0
832;0.0011051828041672707;1.0
833;0.0008562382427044213;1.0
834;0.0009293442708440125;1.0
835;0.0009089003433473408;1.0
836;0.001074482686817646;1.0
837;0.0013493290171027184;1.0
838;0.0012525070924311876;1.0
839;0.002191698644310236;0.9913793206214905
840;0.0009986128425225616;1.0
841;0.0010870546102523804;1.0
842;0.001779356156475842;1.0
843;0.0010574528714641929;1.0
844;0.0009402015712112188;1.0
845;0.0025655776262283325;0.9913793206214905
846;0.0010519583011046052;1.0
847;0.00493957381695509;0.931034505367279
848;0.004152975510805845;0.9396551847457886
849;0.004165914840996265;0.9568965435028076
850;0.003382044844329357;0.982758641242981
851;0.0035620362032204866;0.931034505367279
852;0.0031771170906722546;0.9224137663841248
853;0.0035283633042126894;0.9137930870056152
854;0.0034411412198096514;0.931034505367279
855;0.003160580061376095;0.9482758641242981
856;0.0024718756321817636;1.0
857;0.0019804523326456547;1.0
858;0.0021985589992254972;1.0
859;0.0018687270348891616;1.0
860;0.0018158884486183524;1.0
861;0.001739600906148553;1.0
862;0.0019521432695910335;1.0
863;0.0019779352005571127;1.0
864;0.0015755167696624994;1.0
865;0.001775661134161055;1.0
866;0.0015451334184035659;1.0
867;0.001529713743366301;1.0
868;0.0012298044748604298;1.0
869;0.0017152628861367702;1.0
870;0.0013767812633886933;1.0
871;0.001184107968583703;1.0
872;0.0011816323967650533;1.0
873;0.0012138747842982411;1.0
874;0.001264168880879879;1.0
875;0.001035571563988924;1.0
876;0.0011462150141596794;1.0
877;0.001356894033960998;1.0
878;0.001050088438205421;1.0
879;0.0011297776363790035;1.0
880;0.0011353195877745748;1.0
881;0.0012195765739306808;1.0
882;0.0010547158308327198;1.0
883;0.0010547279380261898;1.0
884;0.0010924265952780843;1.0
885;0.0008913397323340178;1.0
886;0.000909628055524081;1.0
887;0.0010573059553280473;1.0
888;0.0010777668794617057;1.0
889;0.0010447604581713676;1.0
890;0.0009787239832803607;1.0
891;0.0015200212365016341;1.0
892;0.0009295271593146026;1.0
893;0.0010492351138964295;1.0
894;0.0014149111229926348;1.0
895;0.0012510247761383653;1.0
896;0.0008847926510497928;1.0
897;0.001247755833901465;1.0
898;0.0012579193571582437;1.0
899;0.0010348325595259666;1.0
900;0.0009153979481197894;1.0
901;0.0009711392340250313;1.0
902;0.0009167398675344884;1.0
903;0.000892417214345187;1.0
904;0.0008798983180895448;1.0
905;0.0009449605131521821;1.0
906;0.0009432201622985303;1.0
907;0.0007848526583984494;1.0
908;0.0007305177859961987;1.0
909;0.0009197954786941409;1.0
910;0.0007186098373495042;1.0
911;0.0009365712758153677;1.0
912;0.0007719790446572006;1.0
913;0.0010899575427174568;1.0
914;0.0008663960616104305;1.0
915;0.0008659092127345502;1.0
916;0.0009413092047907412;1.0
917;0.0009344211430288851;1.0
918;0.001035817782394588;1.0
919;0.0007294768583960831;1.0
920;0.0008070936310105026;1.0
921;0.0007620919495820999;1.0
922;0.0007773666875436902;1.0
923;0.0008209569496102631;1.0
924;0.0006929638329893351;1.0
925;0.000850240234285593;1.0
926;0.0008263824274763465;1.0
927;0.0008755392045713961;1.0
928;0.0007386642973870039;1.0
929;0.0007883964572101831;1.0
930;0.00077683140989393;1.0
931;0.0008201361633837223;1.0
932;0.0007934953318908811;1.0
933;0.0007351287640631199;1.0
934;0.0007690913043916225;1.0
935;0.0007126383716240525;1.0
936;0.0007564769475720823;1.0
937;0.0006945923087187111;1.0
938;0.0009730721940286458;1.0
939;0.0007713162340223789;1.0
940;0.0007478332263417542;1.0
941;0.0008238506852649152;1.0
942;0.0008447165600955486;1.0
943;0.0006839892012067139;1.0
944;0.0007519553764723241;1.0
945;0.0007258658297359943;1.0
946;0.0007450795965269208;1.0
947;0.0008074979414232075;1.0
948;0.0007500805077143013;1.0
949;0.0007935055182315409;1.0
950;0.0008650103118270636;1.0
951;0.0006421123980544508;1.0
952;0.0006664754473604262;1.0
953;0.0007514663157053292;1.0
954;0.0007627604645676911;1.0
955;0.0007150833844207227;1.0
956;0.0007429642137140036;1.0
957;0.0007421948830597103;1.0
958;0.0007451668498106301;1.0
959;0.0006943635526113212;1.0
960;0.0006505053606815636;1.0
961;0.0006916941492818296;1.0
962;0.0007703396840952337;1.0
963;0.000762934738304466;1.0
964;0.000659669516608119;1.0
965;0.0006492529064416885;1.0
966;0.0006749853491783142;1.0
967;0.0007335614645853639;1.0
968;0.0006296124192886055;1.0
969;0.0007303876918740571;1.0
970;0.0007547175046056509;1.0
971;0.0006188718252815306;1.0
972;0.0007381947943940759;1.0
973;0.0007652339991182089;1.0
974;0.0007146976422518492;1.0
975;0.00070221908390522;1.0
976;0.0006420657737180591;1.0
977;0.0007384957280009985;1.0
978;0.0006558641907759011;1.0
979;0.0006143020000308752;1.0
980;0.0006195111200213432;1.0
981;0.0007207457674667239;1.0
982;0.0006622861255891621;1.0
983;0.000686893705278635;1.0
984;0.0005843121325597167;1.0
985;0.0006980251637287438;1.0
986;0.0006593283032998443;1.0
987;0.0006013681995682418;1.0
988;0.0007182969129644334;1.0
989;0.0006353528588078916;1.0
990;0.0005781535874120891;1.0
991;0.0006197949987836182;1.0
992;0.0006799470866099;1.0
993;0.0006328772869892418;1.0
994;0.0006846984615549445;1.0
995;0.0006796459201723337;1.0
996;0.0005981693393550813;1.0
997;0.0006636824691668153;1.0
998;0.0006468609790317714;1.0
999;0.0007281752186827362;1.0
1000;0.0006169123225845397;1.0
1001;0.0005819106008857489;1.0
1002;0.0005896555376239121;1.0
1003;0.0006467261118814349;1.0
1004;0.0005780730862170458;1.0
1005;0.000638416560832411;1.0
1006;0.0007064054952934384;1.0
1007;0.0006201245123520494;1.0
1008;0.0006577119347639382;1.0
1009;0.000616447941865772;1.0
1010;0.0006663312669843435;1.0
1011;0.0006249980651773512;1.0
1012;0.0006624601664952934;1.0
1013;0.0006269181030802429;1.0
1014;0.0006333826459012926;1.0
1015;0.0006212919251993299;1.0
1016;0.0006542509072460234;1.0
1017;0.0006086550420150161;1.0
1018;0.0006001616129651666;1.0
1019;0.0005205725319683552;1.0
1020;0.0006684668478555977;1.0
1021;0.0005372767336666584;1.0
1022;0.0005460431566461921;1.0
1023;0.0004969644360244274;1.0
1024;0.0006213635206222534;1.0
1025;0.0006839502020739019;1.0
1026;0.0007177580846473575;1.0
1027;0.0005399480578489602;1.0
1028;0.0004910076968371868;1.0
1029;0.0005678640445694327;1.0
1030;0.000544331909622997;1.0
1031;0.0005507856840267777;1.0
1032;0.00048277378664352;1.0
1033;0.0005681760376319289;1.0
1034;0.0006264558178372681;1.0
1035;0.0004767686768900603;1.0
1036;0.0005105183809064329;1.0
1037;0.0005866714636795223;1.0
1038;0.00048016049549914896;1.0
1039;0.0005439013475552201;1.0
1040;0.000521523121278733;1.0
1041;0.0005709094693884254;1.0
1042;0.0005788721609860659;1.0
1043;0.0005902083357796073;1.0
1044;0.0005497002857737243;1.0
1045;0.0005367074627429247;1.0
1046;0.0006567412638105452;1.0
1047;0.0007396021392196417;1.0
1048;0.0006447171908803284;1.0
1049;0.0005295941955409944;1.0
1050;0.0006717056967318058;1.0
1051;0.0005940345581620932;1.0
1052;0.000528976321220398;1.0
1053;0.0005513974465429783;1.0
1054;0.00048731977585703135;1.0
1055;0.0005621156888082623;1.0
1056;0.0005828911671414971;1.0
1057;0.0006897036801092327;1.0
1058;0.0006383078289218247;1.0
1059;0.0005433642654679716;1.0
1060;0.0006068448419682682;1.0
1061;0.0006621937500312924;1.0
1062;0.0005568651249632239;1.0
1063;0.0006207136320881546;1.0
1064;0.0005709679680876434;1.0
1065;0.0005932373460382223;1.0
1066;0.0005568796186707914;1.0
1067;0.0006070666131563485;1.0
1068;0.0005486589507199824;1.0
1069;0.0005346965626813471;1.0
1070;0.0005427534924820065;1.0
1071;0.0005694335559383035;1.0
1072;0.0006211530999280512;1.0
1073;0.0004631082701962441;1.0
1074;0.0005149925127625465;1.0
1075;0.0004965098341926932;1.0
1076;0.0006014887476339936;1.0
1077;0.0005622611497528851;1.0
1078;0.0006012797821313143;1.0
1079;0.0005897413939237595;1.0
1080;0.0005331782740540802;1.0
1081;0.0005754682933911681;1.0
1082;0.00048912747297436;1.0
1083;0.0005038472008891404;1.0
1084;0.00049403723096475;1.0
1085;0.0005899657844565809;1.0
1086;0.00046521861804649234;1.0
1087;0.0004889437695965171;1.0
1088;0.0005584805621765554;1.0
1089;0.00046030301018618047;1.0
1090;0.00047879532212391496;1.0
1091;0.00044826645171269774;1.0
1092;0.0005225713830441236;1.0
1093;0.0005848367582075298;1.0
1094;0.0004815499414689839;1.0
1095;0.0005293788854032755;1.0
1096;0.0005505436565726995;1.0
1097;0.00045966924517415464;1.0
1098;0.0005556135438382626;1.0
1099;0.0005783726810477674;1.0
1100;0.00045436553773470223;1.0
1101;0.0004771289532072842;1.0
1102;0.0004548054130282253;1.0
1103;0.0005307936808094382;1.0
1104;0.00041437853360548615;1.0
1105;0.000627801928203553;1.0
1106;0.0004920255742035806;1.0
1107;0.0004937988705933094;1.0
1108;0.0005153042729943991;1.0
1109;0.0005046609439887106;1.0
1110;0.0005361799849197268;1.0
1111;0.0005386960692703724;1.0
1112;0.0004802499315701425;1.0
1113;0.0005289623513817787;1.0
1114;0.00044144014827907085;1.0
1115;0.00047420882037840784;1.0
1116;0.0004568081349134445;1.0
1117;0.0004914724850095809;1.0
1118;0.0004618653911165893;1.0
1119;0.0005409393925219774;1.0
1120;0.00047305013868026435;1.0
1121;0.00047192664351314306;1.0
1122;0.0005787264672107995;1.0
1123;0.0005001566023565829;1.0
1124;0.000497940054628998;1.0
1125;0.0004898906336165965;1.0
1126;0.000628930632956326;1.0
1127;0.000500945548992604;1.0
1128;0.0004794894193764776;1.0
1129;0.0005742953508161008;1.0
1130;0.0005593992536887527;1.0
1131;0.0005395993357524276;1.0
1132;0.0004586585855577141;1.0
1133;0.00042725083767436445;1.0
1134;0.0006179375341162086;1.0
1135;0.0003893694665748626;1.0
1136;0.0004429004620760679;1.0
1137;0.00046967656817287207;1.0
1138;0.00048907904420048;1.0
1139;0.00044611989869736135;1.0
1140;0.0004478124901652336;1.0
1141;0.0004407288215588778;1.0
1142;0.0004573885817080736;1.0
1143;0.00046234874753281474;1.0
1144;0.00040943644125945866;1.0
1145;0.00047690115752629936;1.0
1146;0.0004492343286983669;1.0
1147;0.00044383559725247324;1.0
1148;0.000530028366483748;1.0
1149;0.0004873269353993237;1.0
1150;0.00045799592044204473;1.0
1151;0.00044597923988476396;1.0
1152;0.00041912338929250836;1.0
1153;0.00048808762221597135;1.0
1154;0.00044179815449751914;1.0
1155;0.0004510903963819146;1.0
1156;0.00047717391862533987;1.0
1157;0.0004705701721832156;1.0
1158;0.0004403097555041313;1.0
1159;0.00043630608706735075;1.0
1160;0.00036673698923550546;1.0
1161;0.00043500764877535403;1.0
1162;0.0004383716732263565;1.0
1163;0.000458557071397081;1.0
1164;0.000492268183734268;1.0
1165;0.0006746336002834141;1.0
1166;0.0004513830062933266;1.0
1167;0.0005633326945826411;1.0
1168;0.0008432264439761639;1.0
1169;0.0004058677004650235;1.0
1170;0.0005360690993256867;1.0
1171;0.0006786388112232089;1.0
1172;0.000524653762113303;1.0
1173;0.0005245798965916038;1.0
1174;0.00044040445936843753;1.0
1175;0.0006097480072639883;1.0
1176;0.0004960020887665451;1.0
1177;0.0006806849851273;1.0
1178;0.0005177964922040701;1.0
1179;0.0004276893159840256;1.0
1180;0.0004384700150694698;1.0
1181;0.0005257584271021187;1.0
1182;0.00047887174878269434;1.0
1183;0.0004992231843061745;1.0
1184;0.0003713212499860674;1.0
1185;0.00048664872883819044;1.0
1186;0.00044522315147332847;1.0
1187;0.0004684087180066854;1.0
1188;0.00043104615178890526;1.0
1189;0.0005041016265749931;1.0
1190;0.0003777410020120442;1.0
1191;0.00043251673923805356;1.0
1192;0.000491203973069787;1.0
1193;0.0003548437380231917;1.0
1194;0.0004043374501634389;1.0
1195;0.00039476543315686285;1.0
1196;0.0003491637180559337;1.0
1197;0.00046276318607851863;1.0
1198;0.0004877311293967068;1.0
1199;0.0004985064151696861;1.0
1200;0.00044153135968372226;1.0
1201;0.0005272356793284416;1.0
1202;0.00042622187174856663;1.0
1203;0.0004028928524348885;1.0
1204;0.00044296131818555295;1.0
1205;0.0004397799784783274;1.0
1206;0.00039384112460538745;1.0
1207;0.0004446993116289377;1.0
1208;0.00039706085226498544;1.0
1209;0.00042482727440074086;1.0
1210;0.00039761982043273747;1.0
1211;0.00041581864934414625;1.0
1212;0.00038455918547697365;1.0
1213;0.0003677293425425887;1.0
1214;0.0004122667305637151;1.0
1215;0.00039331326843239367;1.0
1216;0.00036635325523093343;1.0
1217;0.00041970235179178417;1.0
1218;0.00043387364712543786;1.0
1219;0.000390701403375715;1.0
1220;0.00041769901872612536;1.0
1221;0.00037754097138531506;1.0
1222;0.0003624075325205922;1.0
1223;0.0004372619732748717;1.0
1224;0.000482206727610901;1.0
1225;0.00036844442365691066;1.0
1226;0.00036210170947015285;1.0
1227;0.00036590948002412915;1.0
1228;0.00036609708331525326;1.0
1229;0.00036241847556084394;1.0
1230;0.00044292007805779576;1.0
1231;0.00046900034067220986;1.0
1232;0.0004303479800000787;1.0
1233;0.00034109631087630987;1.0
1234;0.00043852970702573657;1.0
1235;0.0004258583940099925;1.0
1236;0.00037050541141070426;1.0
1237;0.000397047377191484;1.0
1238;0.00048556402907706797;1.0
1239;0.00039479677798226476;1.0
1240;0.0003872498928103596;1.0
1241;0.00037231697933748364;1.0
1242;0.000387436302844435;1.0
1243;0.0004043674562126398;1.0
1244;0.0003808517358265817;1.0
1245;0.00042218645103275776;1.0
1246;0.0003959305468015373;1.0
1247;0.0004076577606610954;1.0
1248;0.0004279791610315442;1.0
1249;0.0003530888934619725;1.0
1250;0.0003984376380685717;1.0
1251;0.0004341767053119838;1.0
1252;0.0004614502831827849;1.0
1253;0.0003634582390077412;1.0
1254;0.0003619480412453413;1.0
1255;0.00041865260573104024;1.0
1256;0.00031847081845626235;1.0
1257;0.0004096804477740079;1.0
1258;0.00042749219574034214;1.0
1259;0.0003991266421508044;1.0
1260;0.00038544239941984415;1.0
1261;0.00038723673787899315;1.0
1262;0.00035122447297908366;1.0
1263;0.00035944703267887235;1.0
1264;0.000419930147472769;1.0
1265;0.0003469256334938109;1.0
1266;0.00043482184992171824;1.0
1267;0.00043031538370996714;1.0
1268;0.0003948230587411672;1.0
1269;0.0003798644174821675;1.0
1270;0.0004664474108722061;1.0
1271;0.00038587101153098047;1.0
1272;0.00036332887248136103;1.0
1273;0.0003763124695979059;1.0
1274;0.00034327636240050197;1.0
1275;0.000409155385568738;1.0
1276;0.00045845124986954033;1.0
1277;0.00040688435547053814;1.0
1278;0.0003571759443730116;1.0
1279;0.0004340742016211152;1.0
1280;0.00039443568675778806;1.0
1281;0.0004001610795967281;1.0
1282;0.00043263821862637997;1.0
1283;0.00045148670324124396;1.0
1284;0.00046957540325820446;1.0
1285;0.00037012205575592816;1.0
1286;0.0003433891397435218;1.0
1287;0.00038067507557570934;1.0
1288;0.0003621657087933272;1.0
1289;0.0004063684609718621;1.0
1290;0.0004542423121165484;1.0
1291;0.00037360022542998195;1.0
1292;0.0003743662382476032;1.0
1293;0.00045777938794344664;1.0
1294;0.0004440639168024063;1.0
1295;0.0003623823868110776;1.0
1296;0.00036188948433846235;1.0
1297;0.00034736841917037964;1.0
1298;0.000413855304941535;1.0
1299;0.00039067689795047045;1.0
1300;0.000374570838175714;1.0
1301;0.00037137733306735754;1.0
1302;0.0003812321519944817;1.0
1303;0.00036096666008234024;1.0
1304;0.0003544099163264036;1.0
1305;0.00037699207314290106;1.0
1306;0.00035179659607820213;1.0
1307;0.00046888634096831083;1.0
1308;0.00031879160087555647;1.0
1309;0.0003868678177241236;1.0
1310;0.00036781534436158836;1.0
1311;0.00035406078677624464;1.0
1312;0.00038131463224999607;1.0
1313;0.0003658687346614897;1.0
1314;0.00038189906626939774;1.0
1315;0.0003384106094017625;1.0
1316;0.00035038229543715715;1.0
1317;0.00030413962667807937;1.0
1318;0.00042543915333226323;1.0
1319;0.00031195429619401693;1.0
1320;0.0003112023405265063;1.0
1321;0.0003186588000971824;1.0
1322;0.0003638152847997844;1.0
1323;0.0003472012176644057;1.0
1324;0.00035225891042500734;1.0
1325;0.00032001815270632505;1.0
1326;0.0003211199364159256;1.0
1327;0.0004120587545912713;1.0
1328;0.0003750653995666653;1.0
1329;0.00039555266266688704;1.0
1330;0.0003684829280246049;1.0
1331;0.00036883153370581567;1.0
1332;0.0003643315576482564;1.0
1333;0.0003615342720877379;1.0
1334;0.00038181617856025696;1.0
1335;0.00040191589505411685;1.0
1336;0.00037967695971019566;1.0
1337;0.00035905669210478663;1.0
1338;0.00033997109858319163;1.0
1339;0.00034446685458533466;1.0
1340;0.00033938244450837374;1.0
1341;0.00035771369584836066;1.0
1342;0.0004782000614795834;1.0
1343;0.00031592475716024637;1.0
1344;0.0003501988830976188;1.0
1345;0.00028127283439971507;1.0
1346;0.0003422900626901537;1.0
1347;0.00033632302074693143;1.0
1348;0.000334899959852919;1.0
1349;0.00037756882375106215;1.0
1350;0.0003883267054334283;1.0
1351;0.00036749348510056734;1.0
1352;0.0003316518559586257;1.0
1353;0.00032171685597859323;1.0
1354;0.0003210174909327179;1.0
1355;0.00034664347185753286;1.0
1356;0.00038629493792541325;1.0
1357;0.00029921095119789243;1.0
1358;0.0003692814789246768;1.0
1359;0.00025174402981065214;1.0
1360;0.00042881202534772456;1.0
1361;0.0003262111858930439;1.0
1362;0.0003376693348400295;1.0
1363;0.00028410981758497655;1.0
1364;0.00034751181374303997;1.0
1365;0.00028885717620141804;1.0
1366;0.0003353648353368044;1.0
1367;0.0003394535160623491;1.0
1368;0.00035254665999673307;1.0
1369;0.00032401946373283863;1.0
1370;0.00034651803434826434;1.0
1371;0.0003368454927112907;1.0
1372;0.00026765960501506925;1.0
1373;0.0003427600604481995;1.0
1374;0.0003256359195802361;1.0
1375;0.00032531272154301405;1.0
1376;0.00029426164110191166;1.0
1377;0.0003484795743133873;1.0
1378;0.0003459068830125034;1.0
1379;0.00029269835795275867;1.0
1380;0.00037641945527866483;1.0
1381;0.0003045142802875489;1.0
1382;0.0002671800320968032;1.0
1383;0.00035085208946838975;1.0
1384;0.0002986567560583353;1.0
1385;0.0003093174600508064;1.0
1386;0.0003499677695799619;1.0
1387;0.00036688425461761653;1.0
1388;0.0003275015624240041;1.0
1389;0.00037482180050574243;1.0
1390;0.0003160696942359209;1.0
1391;0.0002431498869555071;1.0
1392;0.0003268391592428088;1.0
1393;0.00031328032491728663;1.0
1394;0.00032625309540890157;1.0
1395;0.0003101220936514437;1.0
1396;0.000369538291124627;1.0
1397;0.00029961156542412937;1.0
1398;0.0003270131419412792;1.0
1399;0.0003527510561980307;1.0
1400;0.0002652596158441156;1.0
1401;0.0003034735273104161;1.0
1402;0.0002712393761612475;1.0
1403;0.0002863638801500201;1.0
1404;0.0003405693860258907;1.0
1405;0.0003222670638933778;1.0
1406;0.0003058300062548369;1.0
1407;0.00031993177253752947;1.0
1408;0.00033131081727333367;1.0
1409;0.0003193709999322891;1.0
1410;0.000393394089769572;1.0
1411;0.0003175831225235015;1.0
1412;0.00026920647360384464;1.0
1413;0.000373753544408828;1.0
1414;0.00032306843786500394;1.0
1415;0.00027247407706454396;1.0
1416;0.0002875654317904264;1.0
1417;0.00029257842106744647;1.0
1418;0.00026765774236992;1.0
1419;0.0003698849177453667;1.0
1420;0.000285533897113055;1.0
1421;0.0002645778877194971;1.0
1422;0.00030395659268833697;1.0
1423;0.00037331762723624706;1.0
1424;0.0002615706471260637;1.0
1425;0.0003234966716263443;1.0
1426;0.00025773170636966825;1.0
1427;0.00026982941199094057;1.0
1428;0.00027906589093618095;1.0
1429;0.00029680653824470937;1.0
1430;0.000311189767671749;1.0
1431;0.00027699305792339146;1.0
1432;0.00027121990569867194;1.0
1433;0.0002942679566331208;1.0
1434;0.00034925140789709985;1.0
1435;0.0002628733345773071;1.0
1436;0.0003273076144978404;1.0
1437;0.00028660360840149224;1.0
1438;0.0002782599185593426;1.0
1439;0.00030336526106111705;1.0
1440;0.0002801826340146363;1.0
1441;0.0003067255893256515;1.0
1442;0.00031794013921171427;1.0
1443;0.00035705670597963035;1.0
1444;0.0003121816262137145;1.0
1445;0.00027963044703938067;1.0
1446;0.00028242365806363523;1.0
1447;0.00030838794191367924;1.0
1448;0.0003585403901524842;1.0
1449;0.00032395165180787444;1.0
1450;0.0003140657499898225;1.0
1451;0.0002783073578029871;1.0
1452;0.00033647462259978056;1.0
1453;0.000359801750164479;1.0
1454;0.00029015736072324216;1.0
1455;0.00027320091612637043;1.0
1456;0.0003338562964927405;1.0
1457;0.00025421788450330496;1.0
1458;0.0002796612388920039;1.0
1459;0.0003022959572263062;1.0
1460;0.0003919306327588856;1.0
1461;0.00027356657665222883;1.0
1462;0.0003713385376613587;1.0
1463;0.0003532262926455587;1.0
1464;0.0002999680582433939;1.0
1465;0.00026190211065113544;1.0
1466;0.0002793364110402763;1.0
1467;0.00028585304971784353;1.0
1468;0.0003027594939339906;1.0
1469;0.00034028373192995787;1.0
1470;0.0002640296588651836;1.0
1471;0.00027586970827542245;1.0
1472;0.0003557396412361413;1.0
1473;0.0002896527585107833;1.0
1474;0.0002566447074059397;1.0
1475;0.00041673480882309377;1.0
1476;0.0002697861928027123;1.0
1477;0.0003177390608470887;1.0
1478;0.00027250361745245755;1.0
1479;0.0004145473940297961;1.0
1480;0.00046809029299765825;1.0
1481;0.0003474460681900382;1.0
1482;0.000302115804515779;1.0
1483;0.0005728378891944885;1.0
1484;0.0003018687420990318;1.0
1485;0.0002709850377868861;1.0
1486;0.001476173521950841;1.0
1487;0.011698070913553238;0.8362069129943848
1488;0.022661449387669563;0.6551724076271057
1489;0.02313845604658127;0.7155172228813171
1490;0.03351334482431412;0.4482758641242981
1491;0.03156983479857445;0.42241379618644714
1492;0.0263298861682415;0.4913793206214905
1493;0.027849018573760986;0.47413793206214905
1494;0.027148470282554626;0.517241358757019
1495;0.022787010297179222;0.6551724076271057
1496;0.020507529377937317;0.6637930870056152
1497;0.01939919777214527;0.7068965435028076
1498;0.01833045668900013;0.7413793206214905
1499;0.01656358316540718;0.7155172228813171
