iteration;loss;accuracy
0;0.009460150264203548;0.019305018708109856
1;0.009583341889083385;0.03281853348016739
2;0.009291565045714378;0.027027027681469917
3;0.0092312665656209;0.057915057986974716
4;0.00925587397068739;0.07335907220840454
5;0.009237855672836304;0.04633204638957977
6;0.00919613428413868;0.04247104376554489
7;0.009162011556327343;0.04247104376554489
8;0.009147671051323414;0.0714285746216774
9;0.009129470214247704;0.054054055362939835
10;0.009113574400544167;0.05984555929899216
11;0.009099151939153671;0.06563706696033478
12;0.009072273969650269;0.0810810774564743
13;0.009045262821018696;0.06563706696033478
14;0.009035954251885414;0.08880309015512466
15;0.009040746837854385;0.0714285746216774
16;0.009032448753714561;0.07335907220840454
17;0.009017112664878368;0.07915057986974716
18;0.009013420902192593;0.07915057986974716
19;0.009000894613564014;0.07335907220840454
20;0.009006345644593239;0.07528957724571228
21;0.008985212072730064;0.0714285746216774
22;0.008977497927844524;0.10231660306453705
23;0.008977383375167847;0.06370656192302704
24;0.00895529892295599;0.08880309015512466
25;0.008943266235291958;0.08494208753108978
26;0.00893381517380476;0.09459459781646729
27;0.008925127796828747;0.09459459781646729
28;0.008901835419237614;0.07915057986974716
29;0.008890560828149319;0.10038609802722931
30;0.008880498819053173;0.08687258511781693
31;0.008860070258378983;0.11583011597394943
32;0.008842449635267258;0.1138996109366417
33;0.008815685287117958;0.13127413392066956
34;0.008800525218248367;0.13127413392066956
35;0.008777227252721786;0.12934362888336182
36;0.008752155117690563;0.12741312384605408
37;0.00876892264932394;0.12934362888336182
38;0.008753755129873753;0.13513512909412384
39;0.008694319054484367;0.15444014966487885
40;0.008666116744279861;0.1428571492433548
41;0.0086689293384552;0.1235521212220192
42;0.008615783415734768;0.14864864945411682
43;0.008614565245807171;0.1428571492433548
44;0.008554101921617985;0.1660231649875641
45;0.008570481091737747;0.16409265995025635
46;0.008555146865546703;0.14092664420604706
47;0.008519761264324188;0.1660231649875641
48;0.008499421179294586;0.18725869059562683
49;0.008466294035315514;0.16988417506217957
50;0.008481867611408234;0.1660231649875641
51;0.008459026925265789;0.17953668534755707
52;0.008435905911028385;0.16988417506217957
53;0.008415257558226585;0.21042470633983612
54;0.008343670517206192;0.2625482678413391
55;0.008389834314584732;0.20077219605445862
56;0.00835792999714613;0.18339768052101135
57;0.008353650569915771;0.19691120088100433
58;0.008295997977256775;0.21235521137714386
59;0.008346411399543285;0.17953668534755707
60;0.008258286863565445;0.1949806958436966
61;0.008310262113809586;0.1814671754837036
62;0.008282853290438652;0.20077219605445862
63;0.008282104507088661;0.17953668534755707
64;0.008230259642004967;0.19691120088100433
65;0.008272032253444195;0.1814671754837036
66;0.008164148777723312;0.21621622145175934
67;0.00819133035838604;0.21621622145175934
68;0.008211315609514713;0.2046332061290741
69;0.008196529000997543;0.21042470633983612
70;0.008186846040189266;0.2239382266998291
71;0.008136720396578312;0.20656371116638184
72;0.008179059252142906;0.2239382266998291
73;0.008201861754059792;0.2046332061290741
74;0.008127668872475624;0.2528957426548004
75;0.008182056248188019;0.23166023194789886
76;0.008136935532093048;0.21814671158790588
77;0.008141616359353065;0.21235521137714386
78;0.008055979385972023;0.23166023194789886
79;0.0081298453733325;0.2374517321586609
80;0.008057705126702785;0.2625482678413391
81;0.008053080178797245;0.21235521137714386
82;0.008097291924059391;0.2528957426548004
83;0.008002500981092453;0.26833978295326233
84;0.00807342678308487;0.23938223719596863
85;0.007966948673129082;0.30308881402015686
86;0.007992066442966461;0.2664092779159546
87;0.007980250753462315;0.26447877287864685
88;0.007936885580420494;0.2760617733001709
89;0.00798859354108572;0.2664092779159546
90;0.007919793017208576;0.2818532884120941
91;0.00790101196616888;0.2992278039455414
92;0.007901199162006378;0.29729729890823364
93;0.007916079834103584;0.31081080436706543
94;0.007897661067545414;0.31660231947898865
95;0.007885255850851536;0.3011583089828491
96;0.007872821763157845;0.31274130940437317
97;0.007855262607336044;0.3011583089828491
98;0.007838771678507328;0.3281853199005127
99;0.007822955027222633;0.3185328245162964
100;0.007780829444527626;0.3532818555831909
101;0.007814910262823105;0.35521236062049866
102;0.007826857268810272;0.31081080436706543
103;0.007735122926533222;0.36872586607933044
104;0.007775485049933195;0.31660231947898865
105;0.007736553438007832;0.3436293303966522
106;0.007754609454423189;0.32239383459091187
107;0.007784388028085232;0.3320463299751282
108;0.007792976684868336;0.3474903404712677
109;0.007760379463434219;0.34169885516166687
110;0.007783923763781786;0.3474903404712677
111;0.007756412029266357;0.3706563711166382
112;0.00774227874353528;0.3185328245162964
113;0.007630243431776762;0.35521236062049866
114;0.0076699997298419476;0.3725868761539459
115;0.007579499389976263;0.37451738119125366
116;0.007684546057134867;0.34169885516166687
117;0.007550941314548254;0.38416987657546997
118;0.00758296437561512;0.38223937153816223
119;0.0076332902535796165;0.38223937153816223
120;0.007579414639621973;0.3532818555831909
121;0.00750987883657217;0.3899613916873932
122;0.007585701998323202;0.3667953610420227
123;0.007647018413990736;0.34169885516166687
124;0.0076475441455841064;0.3339768350124359
125;0.00747504411265254;0.41119691729545593
126;0.007602973375469446;0.3764478862285614
127;0.007573705166578293;0.39768341183662415
128;0.0075878179632127285;0.3706563711166382
129;0.007493438199162483;0.40154439210891724
130;0.007553598843514919;0.3667953610420227
131;0.007489968091249466;0.4247104227542877
132;0.0074431411921978;0.39768341183662415
133;0.00744808092713356;0.4092664122581482
134;0.007437851279973984;0.42084941267967224
135;0.0073151011019945145;0.43629342317581177
136;0.007374901790171862;0.39768341183662415
137;0.007343017030507326;0.4092664122581482
138;0.007230606861412525;0.47297295928001404
139;0.007250313181430101;0.41312742233276367
140;0.007295222487300634;0.4092664122581482
141;0.0071982936933636665;0.4536679685115814
142;0.007210180163383484;0.4710424840450287
143;0.007170651573687792;0.4517374634742737
144;0.007115460000932217;0.46525096893310547
145;0.0071338387206196785;0.46911197900772095
146;0.007177563849836588;0.46332046389579773
147;0.007107308600097895;0.4575289487838745
148;0.007228895556181669;0.442084938287735
149;0.0071305469609797;0.4478764533996582
150;0.007105022203177214;0.4536679685115814
151;0.007072338834404945;0.44015443325042725
152;0.007001067511737347;0.48262548446655273
153;0.007042061537504196;0.46525096893310547
154;0.00708636362105608;0.45945945382118225
155;0.0070560164749622345;0.46525096893310547
156;0.006941491737961769;0.480694979429245
157;0.007026303559541702;0.4536679685115814
158;0.00700833136215806;0.4440154433250427
159;0.007049079984426498;0.4845559895038605
160;0.006970709189772606;0.4749034643173218
161;0.006924490910023451;0.4536679685115814
162;0.007100611459463835;0.4768339693546295
163;0.006991999223828316;0.47297295928001404
164;0.007007283624261618;0.45945945382118225
165;0.006852639839053154;0.4536679685115814
166;0.006889653392136097;0.46525096893310547
167;0.006867239251732826;0.49227797985076904
168;0.006777715869247913;0.5289575457572937
169;0.006821292452514172;0.5135135054588318
170;0.006869263481348753;0.5038610100746155
171;0.006785308942198753;0.5270270109176636
172;0.006830862257629633;0.49806949496269226
173;0.00681246817111969;0.48262548446655273
174;0.006750852335244417;0.53861004114151
175;0.006854608654975891;0.49227797985076904
176;0.006568766664713621;0.584942102432251
177;0.0066933720372617245;0.5366795659065247
178;0.0067755416966974735;0.5038610100746155
179;0.0066583408042788506;0.5250965356826782
180;0.006734609138220549;0.5347490310668945
181;0.006531771272420883;0.5810810923576355
182;0.006694774143397808;0.5115830302238464
183;0.006669561378657818;0.5
184;0.00657296646386385;0.5444015264511108
185;0.0066263191401958466;0.5444015264511108
186;0.006532382220029831;0.5945945978164673
187;0.0066380794160068035;0.5289575457572937
188;0.006584022659808397;0.5231660008430481
189;0.006472259759902954;0.5733590722084045
190;0.006530847400426865;0.5501930713653564
191;0.006589476950466633;0.546332061290741
192;0.006527293473482132;0.5559845566749573
193;0.0064798821695148945;0.5810810923576355
194;0.006421079859137535;0.5752895474433899
195;0.006321696564555168;0.5907335877418518
196;0.00637919083237648;0.6042470932006836
197;0.006306768860667944;0.584942102432251
198;0.006401271093636751;0.5868725776672363
199;0.006231139879673719;0.6177605986595154
200;0.006268286611884832;0.5926640629768372
201;0.006231263745576143;0.5945945978164673
202;0.006181499920785427;0.5926640629768372
203;0.006218066904693842;0.5926640629768372
204;0.006145760882645845;0.6119691133499146
205;0.0061800433322787285;0.5984556078910828
206;0.006201113574206829;0.6042470932006836
207;0.006089699454605579;0.5984556078910828
208;0.006119813770055771;0.6177605986595154
209;0.006076553836464882;0.6254826188087463
210;0.0060213422402739525;0.6428571343421936
211;0.006009042263031006;0.6177605986595154
212;0.006070445291697979;0.6138995885848999
213;0.006072951480746269;0.6138995885848999
214;0.005903867073357105;0.6351351141929626
215;0.006054285913705826;0.6293436288833618
216;0.00589036475867033;0.6409266591072083
217;0.005835422780364752;0.6563706398010254
218;0.005872566252946854;0.6254826188087463
219;0.005835831630975008;0.6274131536483765
220;0.005858501419425011;0.6640926599502563
221;0.00582164665684104;0.6718146800994873
222;0.00583179946988821;0.6409266591072083
223;0.006168645806610584;0.5868725776672363
224;0.006110003683716059;0.5752895474433899
225;0.006032079923897982;0.5984556078910828
226;0.005859406664967537;0.6351351141929626
227;0.0059091681614518166;0.6061776280403137
228;0.005833953619003296;0.6293436288833618
229;0.005675499327480793;0.6505791544914246
230;0.0057439375668764114;0.6370656490325928
231;0.005508286878466606;0.6949806809425354
232;0.005673719570040703;0.7084941864013672
233;0.005579596385359764;0.7027027010917664
234;0.0056111556477844715;0.6833977103233337
235;0.005562413949519396;0.7162162065505981
236;0.0055529773235321045;0.6988416910171509
237;0.005708187818527222;0.6428571343421936
238;0.005982892122119665;0.6023166179656982
239;0.005831786431372166;0.6312741041183472
240;0.005797971040010452;0.61583012342453
241;0.005743509158492088;0.6254826188087463
242;0.0056877462193369865;0.6428571343421936
243;0.005541148595511913;0.6679536700248718
244;0.005907176528126001;0.65444016456604
245;0.005430225748568773;0.7123551964759827
246;0.00574006512761116;0.6409266591072083
247;0.005432540085166693;0.700772225856781
248;0.005460124462842941;0.6911196708679199
249;0.005446614697575569;0.7084941864013672
250;0.0053813946433365345;0.7084941864013672
251;0.00552719971165061;0.6409266591072083
252;0.005211074370890856;0.7220077514648438
253;0.005392646417021751;0.6949806809425354
254;0.005281837657094002;0.7258687019348145
255;0.0051999809220433235;0.7355212569236755
256;0.005230352282524109;0.6891891956329346
257;0.005130601115524769;0.7162162065505981
258;0.005107741802930832;0.7181467413902283
259;0.005069685634225607;0.7702702879905701
260;0.005182275548577309;0.7065637111663818
261;0.005086044780910015;0.7490347623825073
262;0.005047266371548176;0.7374517321586609
263;0.005176485050469637;0.7181467413902283
264;0.005143944174051285;0.7027027010917664
265;0.004915777128189802;0.7779922485351562
266;0.004866374656558037;0.7567567825317383
267;0.005086739547550678;0.7277992367744446
268;0.004957301076501608;0.760617733001709
269;0.004735980648547411;0.7837837934494019
270;0.0049778311513364315;0.7567567825317383
271;0.004786820616573095;0.7683397531509399
272;0.004868425894528627;0.760617733001709
273;0.004778875038027763;0.7644787430763245
274;0.004727114923298359;0.7818532586097717
275;0.004734466318041086;0.7837837934494019
276;0.004982613492757082;0.7297297120094299
277;0.004663482308387756;0.7722007632255554
278;0.004775695968419313;0.7760617733001709
279;0.0046217008493840694;0.7915058135986328
280;0.004635486751794815;0.7953668236732483
281;0.0045550488866865635;0.7915058135986328
282;0.004596420098096132;0.8030887842178345
283;0.004582864232361317;0.8127413392066956
284;0.0047842832282185555;0.7683397531509399
285;0.004532268270850182;0.7972972989082336
286;0.004444736521691084;0.8108108043670654
287;0.004615016747266054;0.7799227833747864
288;0.004474264569580555;0.7934362888336182
289;0.004525065887719393;0.799227774143219
290;0.00442989356815815;0.8146718144416809
291;0.004468830302357674;0.8011583089828491
292;0.004481641575694084;0.8011583089828491
293;0.004865584429353476;0.7702702879905701
294;0.00492986012250185;0.7413127422332764
295;0.004376010969281197;0.7915058135986328
296;0.004675847943872213;0.7895752787590027
297;0.004472765605896711;0.7876448035240173
298;0.004705179948359728;0.7702702879905701
299;0.004243803210556507;0.8359073400497437
300;0.00439844187349081;0.8185328245162964
301;0.004343343432992697;0.7972972989082336
302;0.004257122054696083;0.8281853199005127
303;0.004249062389135361;0.8301158547401428
304;0.004416425712406635;0.799227774143219
305;0.004201932344585657;0.8030887842178345
306;0.004337945021688938;0.8204632997512817
307;0.004126582760363817;0.84555983543396
308;0.0042539332062006;0.8281853199005127
309;0.004217781592160463;0.8223938345909119
310;0.00425445893779397;0.8088803291320801
311;0.004113401286303997;0.8185328245162964
312;0.004225640092045069;0.8223938345909119
313;0.004037459380924702;0.8339768052101135
314;0.004207962658256292;0.8204632997512817
315;0.004013942088931799;0.8339768052101135
316;0.004089562222361565;0.8397683501243591
317;0.003997337073087692;0.8011583089828491
318;0.003994076978415251;0.8532818555831909
319;0.004106694366782904;0.8127413392066956
320;0.0040201591327786446;0.8281853199005127
321;0.003921342082321644;0.837837815284729
322;0.003991753328591585;0.8281853199005127
323;0.004129714332520962;0.8223938345909119
324;0.004052811302244663;0.8088803291320801
325;0.004210504703223705;0.8127413392066956
326;0.0040763323195278645;0.8359073400497437
327;0.0041392589919269085;0.8301158547401428
328;0.004130681976675987;0.8204632997512817
329;0.003994015045464039;0.8416988253593445
330;0.00410034554079175;0.8359073400497437
331;0.0038669067434966564;0.8436293601989746
332;0.004035170190036297;0.8474903702735901
333;0.004104101564735174;0.8281853199005127
334;0.0038997752126306295;0.8474903702735901
335;0.003779003629460931;0.84555983543396
336;0.0037758932448923588;0.8629343509674072
337;0.0038579339161515236;0.8204632997512817
338;0.003686176845803857;0.8687258958816528
339;0.0037431782111525536;0.84555983543396
340;0.003695492399856448;0.8436293601989746
341;0.0037333788350224495;0.84555983543396
342;0.003678605193272233;0.84555983543396
343;0.0036502406001091003;0.8629343509674072
344;0.0037246388383209705;0.8552123308181763
345;0.003580062882974744;0.8706563711166382
346;0.0036466410383582115;0.8629343509674072
347;0.00362038379535079;0.8783783912658691
348;0.003636574139818549;0.8629343509674072
349;0.003633715445175767;0.8552123308181763
350;0.0036087571643292904;0.8436293601989746
351;0.0037005108315497637;0.8532818555831909
352;0.0038997901137918234;0.8146718144416809
353;0.003654496045783162;0.8610038757324219
354;0.0038422036450356245;0.8667953610420227
355;0.00437120208516717;0.7876448035240173
356;0.004317060578614473;0.7644787430763245
357;0.0037021648604422808;0.8745173811912537
358;0.003846801584586501;0.8494208455085754
359;0.00411490723490715;0.8011583089828491
360;0.0036117362324148417;0.8590733408927917
361;0.0037926414515823126;0.8706563711166382
362;0.004078110679984093;0.8204632997512817
363;0.0036271309945732355;0.8783783912658691
364;0.0037567932158708572;0.8474903702735901
365;0.003985436167567968;0.8127413392066956
366;0.0036966002080589533;0.8571428656578064
367;0.0037222125101834536;0.8687258958816528
368;0.003722777124494314;0.8494208455085754
369;0.0037934405263513327;0.84555983543396
370;0.0036340944934636354;0.8648648858070374
371;0.003570249769836664;0.8629343509674072
372;0.0037793931551277637;0.8436293601989746
373;0.0036056966055184603;0.8590733408927917
374;0.003504731459543109;0.8687258958816528
375;0.003560024779289961;0.8571428656578064
376;0.003518737154081464;0.8687258958816528
377;0.003505098633468151;0.8552123308181763
378;0.0034920591861009598;0.8610038757324219
379;0.00346570648252964;0.8571428656578064
380;0.0033428468741476536;0.8822394013404846
381;0.0034325248561799526;0.8783783912658691
382;0.0033599084708839655;0.876447856426239
383;0.0032641079742461443;0.8918918967247009
384;0.0033222578931599855;0.8783783912658691
385;0.003314059693366289;0.8629343509674072
386;0.003346437821164727;0.8629343509674072
387;0.003368851263076067;0.8571428656578064
388;0.0033430783078074455;0.8513513803482056
389;0.003375830128788948;0.8667953610420227
390;0.0032335775904357433;0.88416987657547
391;0.003306100144982338;0.8880308866500854
392;0.003238379256799817;0.8822394013404846
393;0.0032619163393974304;0.8687258958816528
394;0.003190388670191169;0.876447856426239
395;0.003365370910614729;0.8513513803482056
396;0.0032067098654806614;0.8648648858070374
397;0.0032434072345495224;0.8552123308181763
398;0.003345076460391283;0.8725868463516235
399;0.0031224661506712437;0.8745173811912537
400;0.0032593749929219484;0.8803088665008545
401;0.0031853942200541496;0.8725868463516235
402;0.0030636214651167393;0.8880308866500854
403;0.003162311390042305;0.8822394013404846
404;0.003167606657370925;0.8725868463516235
405;0.003165455535054207;0.8667953610420227
406;0.0030884731095284224;0.8918918967247009
407;0.0031652129255235195;0.8474903702735901
408;0.003182261483743787;0.8610038757324219
409;0.003137269290164113;0.88416987657547
410;0.0031501075718551874;0.8938223719596863
411;0.003209431190043688;0.8687258958816528
412;0.0032769294921308756;0.8783783912658691
413;0.00341135379858315;0.8590733408927917
414;0.003382820403203368;0.8725868463516235
415;0.0041302829049527645;0.837837815284729
416;0.00359780783765018;0.8416988253593445
417;0.0035216279793530703;0.8474903702735901
418;0.003499786602333188;0.8610038757324219
419;0.0036982414312660694;0.8243243098258972
420;0.0034374818205833435;0.8359073400497437
421;0.0032963943667709827;0.8436293601989746
422;0.003401664551347494;0.8880308866500854
423;0.00359033583663404;0.8571428656578064
424;0.0033592120744287968;0.8687258958816528
425;0.0036103306338191032;0.8532818555831909
426;0.0034215140622109175;0.8667953610420227
427;0.0034105435479432344;0.8610038757324219
428;0.003292067674919963;0.8667953610420227
429;0.003489177441224456;0.8532818555831909
430;0.0034515652805566788;0.8590733408927917
431;0.0032405073288828135;0.8861004114151001
432;0.0035934499464929104;0.8629343509674072
433;0.003253188682720065;0.8648648858070374
434;0.003934546373784542;0.8339768052101135
435;0.0033187326043844223;0.8725868463516235
436;0.00342881353572011;0.88416987657547
437;0.003159061074256897;0.8957529067993164
438;0.0034236046485602856;0.8648648858070374
439;0.0031728192698210478;0.8822394013404846
440;0.003218115074560046;0.8648648858070374
441;0.0034835059195756912;0.8610038757324219
442;0.003196273697540164;0.8803088665008545
443;0.0031721345148980618;0.8880308866500854
444;0.003161511616781354;0.8957529067993164
445;0.0033153360709547997;0.88416987657547
446;0.003171371528878808;0.8745173811912537
447;0.0031044103670865297;0.8861004114151001
448;0.00316327391192317;0.8938223719596863
449;0.0031653272453695536;0.8803088665008545
450;0.0031286233570426702;0.8822394013404846
451;0.003110707737505436;0.8822394013404846
452;0.0030737905763089657;0.8745173811912537
453;0.0029585363809019327;0.8996139168739319
454;0.0030040184501558542;0.9034749269485474
455;0.0030074771493673325;0.8803088665008545
456;0.0029352048877626657;0.8725868463516235
457;0.0029021515510976315;0.8996139168739319
458;0.0028969510458409786;0.8957529067993164
459;0.002821378642693162;0.9092664122581482
460;0.0029725886415690184;0.8861004114151001
461;0.002782379277050495;0.8918918967247009
462;0.0029163016006350517;0.8861004114151001
463;0.0028338434640318155;0.9073359370231628
464;0.0028316397219896317;0.8938223719596863
465;0.002789403311908245;0.8938223719596863
466;0.002817383036017418;0.8938223719596863
467;0.002773919142782688;0.9073359370231628
468;0.00279039703309536;0.8976833820343018
469;0.00275426241569221;0.9015443921089172
470;0.0027681314386427402;0.9131274223327637
471;0.0027461762074381113;0.9073359370231628
472;0.0027264156378805637;0.9054054021835327
473;0.002793441992253065;0.8938223719596863
474;0.0026924312114715576;0.9092664122581482
475;0.002753725042566657;0.9073359370231628
476;0.0026758918538689613;0.915057897567749
477;0.0026738187298178673;0.9169884324073792
478;0.0026827435940504074;0.9073359370231628
479;0.0028174316976219416;0.9034749269485474
480;0.0026765496004372835;0.9054054021835327
481;0.0026982466224581003;0.9169884324073792
482;0.002716947579756379;0.8976833820343018
483;0.0027157124131917953;0.9111968874931335
484;0.002696711104363203;0.8938223719596863
485;0.002663007704541087;0.8976833820343018
486;0.0026872577145695686;0.8976833820343018
487;0.002655151765793562;0.9189189076423645
488;0.0026654729153960943;0.9054054021835327
489;0.00265942863188684;0.9131274223327637
490;0.0025929310359060764;0.9266409277915955
491;0.0027084369212388992;0.9073359370231628
492;0.002548176096752286;0.9305019378662109
493;0.0027479787822812796;0.9247104525566101
494;0.002632691292092204;0.915057897567749
495;0.002841285429894924;0.8783783912658691
496;0.0026688126381486654;0.9054054021835327
497;0.0027327928692102432;0.9169884324073792
498;0.002714814618229866;0.9189189076423645
499;0.00330471433699131;0.8861004114151001
500;0.002725614234805107;0.9054054021835327
501;0.0027073591481894255;0.9131274223327637
502;0.002866460708901286;0.9073359370231628
503;0.0025993105955421925;0.92277991771698
504;0.0026763337664306164;0.9092664122581482
505;0.0027548482175916433;0.9015443921089172
506;0.002544163493439555;0.9305019378662109
507;0.0026320733595639467;0.9266409277915955
508;0.002664076630026102;0.9169884324073792
509;0.002623241860419512;0.9169884324073792
510;0.0025559738278388977;0.9092664122581482
511;0.002680818783119321;0.9169884324073792
512;0.00254498771391809;0.9131274223327637
513;0.002554558450356126;0.92277991771698
514;0.0026735011488199234;0.9189189076423645
515;0.0025785595644265413;0.9208494424819946
516;0.002533018821850419;0.9247104525566101
517;0.0026622230652719736;0.915057897567749
518;0.0025315633974969387;0.9111968874931335
519;0.002543647540733218;0.9266409277915955
520;0.002711979439482093;0.8957529067993164
521;0.0025642532855272293;0.915057897567749
522;0.002517095999792218;0.9169884324073792
523;0.0024900930002331734;0.9285714030265808
524;0.0025688207242637873;0.9285714030265808
525;0.0025890127290040255;0.9189189076423645
526;0.00245391926728189;0.9208494424819946
527;0.0025024181231856346;0.92277991771698
528;0.0024862405844032764;0.9266409277915955
529;0.002443880308419466;0.9362934231758118
530;0.0025299086701124907;0.9285714030265808
531;0.0025089618284255266;0.915057897567749
532;0.0024282515514642;0.9459459185600281
533;0.0023779436014592648;0.9382239580154419
534;0.002475420944392681;0.9247104525566101
535;0.0024050530046224594;0.92277991771698
536;0.0024358259979635477;0.92277991771698
537;0.0025692072231322527;0.9247104525566101
538;0.0028618527576327324;0.8976833820343018
539;0.002406822517514229;0.9189189076423645
540;0.0030673190485686064;0.8648648858070374
541;0.0028595789335668087;0.8861004114151001
542;0.0028229686431586742;0.92277991771698
543;0.0028236638754606247;0.9092664122581482
544;0.002583529334515333;0.915057897567749
545;0.0027350354939699173;0.9015443921089172
546;0.002580729080364108;0.9131274223327637
547;0.0025421446189284325;0.92277991771698
548;0.00250614108517766;0.9285714030265808
549;0.0024947163183242083;0.9266409277915955
550;0.00248069129884243;0.9305019378662109
551;0.0023975593503564596;0.9285714030265808
552;0.0023805624805390835;0.9362934231758118
553;0.0024056124966591597;0.9285714030265808
554;0.002452678745612502;0.9285714030265808
555;0.0022720054257661104;0.9343629479408264
556;0.0023850242141634226;0.9305019378662109
557;0.0024457029066979885;0.9382239580154419
558;0.002217991277575493;0.9324324131011963
559;0.0023043015971779823;0.9208494424819946
560;0.0022808676585555077;0.9343629479408264
561;0.002248619683086872;0.9401544332504272
562;0.002287086099386215;0.9305019378662109
563;0.0022648274898529053;0.9266409277915955
564;0.0022359758149832487;0.9382239580154419
565;0.0022753418888896704;0.9440154433250427
566;0.0022594048641622066;0.9382239580154419
567;0.002172377659007907;0.9401544332504272
568;0.0022390109952539206;0.9382239580154419
569;0.0022102068178355694;0.9305019378662109
570;0.002141109202057123;0.9305019378662109
571;0.0022368135396391153;0.9362934231758118
572;0.002171947620809078;0.9440154433250427
573;0.002154257846996188;0.9305019378662109
574;0.0021493996027857065;0.9382239580154419
575;0.0021636600140482187;0.9459459185600281
576;0.0021532606333494186;0.9382239580154419
577;0.0021034993696957827;0.9478764533996582
578;0.002228878205642104;0.9189189076423645
579;0.0022262779530137777;0.9343629479408264
580;0.0021619012113660574;0.9343629479408264
581;0.0021771991159766912;0.9324324131011963
582;0.002182431984692812;0.9401544332504272
583;0.002124526770785451;0.9343629479408264
584;0.0021617780439555645;0.9382239580154419
585;0.0022168713621795177;0.9401544332504272
586;0.0021975517738610506;0.9343629479408264
587;0.002194036031141877;0.9420849680900574
588;0.002137295436114073;0.9420849680900574
589;0.0022144766990095377;0.9285714030265808
590;0.0022765956819057465;0.9343629479408264
591;0.002225135685876012;0.92277991771698
592;0.002237403765320778;0.9324324131011963
593;0.002238611690700054;0.9362934231758118
594;0.002129405038431287;0.9498069286346436
595;0.0021834908984601498;0.9459459185600281
596;0.0021772640757262707;0.9382239580154419
597;0.0022033588029444218;0.9362934231758118
598;0.0021169742103666067;0.9285714030265808
599;0.0023112602066248655;0.9324324131011963
600;0.0020766889210790396;0.9382239580154419
601;0.0021808799356222153;0.9440154433250427
602;0.0021913505624979734;0.9324324131011963
603;0.0027255830354988575;0.8803088665008545
604;0.0030143826734274626;0.8957529067993164
605;0.002344200387597084;0.9382239580154419
606;0.002781137591227889;0.9073359370231628
607;0.002356423530727625;0.9305019378662109
608;0.002408502856269479;0.92277991771698
609;0.0028258839156478643;0.8957529067993164
610;0.002235175110399723;0.9459459185600281
611;0.0025071275886148214;0.9382239580154419
612;0.002831123536452651;0.8899613618850708
613;0.0024461052380502224;0.9285714030265808
614;0.00245969882234931;0.9362934231758118
615;0.0024550510570406914;0.9305019378662109
616;0.0022302442230284214;0.9498069286346436
617;0.0021739723160862923;0.9362934231758118
618;0.002363551640883088;0.9285714030265808
619;0.0021989988163113594;0.9401544332504272
620;0.0024476719554513693;0.9305019378662109
621;0.0023691735696047544;0.9247104525566101
622;0.002129550091922283;0.9362934231758118
623;0.002339519327506423;0.9459459185600281
624;0.002147673862054944;0.9478764533996582
625;0.002152947708964348;0.9343629479408264
626;0.0020969416946172714;0.9401544332504272
627;0.0020777916070073843;0.9440154433250427
628;0.002282919595018029;0.9440154433250427
629;0.0020247530192136765;0.953667938709259
630;0.0022400429006665945;0.9305019378662109
631;0.0020450681913644075;0.9420849680900574
632;0.0020687421783804893;0.953667938709259
633;0.002131507033482194;0.9517374634742737
634;0.0020450761076062918;0.9459459185600281
635;0.0019239739049226046;0.9401544332504272
636;0.002138415351510048;0.9459459185600281
637;0.0020810177084058523;0.9440154433250427
638;0.0020324895158410072;0.9362934231758118
639;0.001940154586918652;0.9594594836235046
640;0.002135420683771372;0.9517374634742737
641;0.0021031119395047426;0.9382239580154419
642;0.0019140755757689476;0.9478764533996582
643;0.0020119338296353817;0.9285714030265808
644;0.0019504160154610872;0.9401544332504272
645;0.0020138404797762632;0.9440154433250427
646;0.001996687613427639;0.9517374634742737
647;0.0019045191584154963;0.9594594836235046
648;0.001984642818570137;0.9498069286346436
649;0.0019194234628230333;0.9401544332504272
650;0.0020211865194141865;0.9401544332504272
651;0.001856837305240333;0.9401544332504272
652;0.0019281485583633184;0.9401544332504272
653;0.0019563017413020134;0.9498069286346436
654;0.0018318864749744534;0.9498069286346436
655;0.00191310525406152;0.9517374634742737
656;0.0019538782071322203;0.9478764533996582
657;0.0019297850085422397;0.9555984735488892
658;0.0020252957474440336;0.9440154433250427
659;0.002030970063060522;0.9498069286346436
660;0.0019214412895962596;0.9498069286346436
661;0.0020949875470250845;0.9324324131011963
662;0.0018961082678288221;0.953667938709259
663;0.0018960956949740648;0.953667938709259
664;0.0023128062020987272;0.8918918967247009
665;0.001846782281063497;0.9459459185600281
666;0.0021096502896398306;0.9382239580154419
667;0.0019046630477532744;0.9459459185600281
668;0.0023994427174329758;0.915057897567749
669;0.00217645475640893;0.9440154433250427
670;0.0024060846772044897;0.9266409277915955
671;0.002171236788854003;0.9459459185600281
672;0.0022766459733247757;0.9401544332504272
673;0.0020001919474452734;0.9459459185600281
674;0.002364463871344924;0.9420849680900574
675;0.002249516546726227;0.9498069286346436
676;0.002155798254534602;0.9266409277915955
677;0.002192213898524642;0.9362934231758118
678;0.002308126538991928;0.9401544332504272
679;0.002181742573156953;0.9478764533996582
680;0.0020055409986525774;0.9594594836235046
681;0.0020430295262485743;0.9401544332504272
682;0.0019994007889181376;0.9517374634742737
683;0.002002850640565157;0.9633204340934753
684;0.002090021036565304;0.9555984735488892
685;0.002016423735767603;0.9555984735488892
686;0.0018770684255287051;0.953667938709259
687;0.0018949826480820775;0.953667938709259
688;0.0018940161680802703;0.9459459185600281
689;0.001857514725998044;0.9575289487838745
690;0.0017842549132183194;0.9517374634742737
691;0.0017960189143195748;0.9517374634742737
692;0.0019005207577720284;0.9517374634742737
693;0.0017602219013497233;0.9517374634742737
694;0.001823260448873043;0.9478764533996582
695;0.0018266434781253338;0.9517374634742737
696;0.0018264331156387925;0.9517374634742737
697;0.0018289891304448247;0.9555984735488892
698;0.0017377713229507208;0.9517374634742737
699;0.0017980688717216253;0.9498069286346436
700;0.0017220648005604744;0.9555984735488892
701;0.0016614800551906228;0.9652509689331055
702;0.0017459027003496885;0.9555984735488892
703;0.0018294098554179072;0.9517374634742737
704;0.0017968837637454271;0.9459459185600281
705;0.0016907883109524846;0.9459459185600281
706;0.0016794198891147971;0.9362934231758118
707;0.0017076301155611873;0.9575289487838745
708;0.0017107560997828841;0.9517374634742737
709;0.001672704704105854;0.9575289487838745
710;0.0016151246381923556;0.953667938709259
711;0.0016131751472130418;0.9575289487838745
712;0.0016530832508578897;0.953667938709259
713;0.0016835309797897935;0.9517374634742737
714;0.0016827299259603024;0.9555984735488892
715;0.0015968534862622619;0.9594594836235046
716;0.001655407715588808;0.9440154433250427
717;0.0016452644485980272;0.953667938709259
718;0.0016430094838142395;0.953667938709259
719;0.0016238978132605553;0.953667938709259
720;0.001617474015802145;0.9575289487838745
721;0.0016709124902263284;0.953667938709259
722;0.001648918492719531;0.9633204340934753
723;0.0016932642320170999;0.9459459185600281
724;0.0016995774349197745;0.9478764533996582
725;0.0017276149010285735;0.9498069286346436
726;0.0016805344494059682;0.96138995885849
727;0.0018976758001372218;0.953667938709259
728;0.0016465210355818272;0.9517374634742737
729;0.001680015935562551;0.9440154433250427
730;0.001681257621385157;0.9575289487838745
731;0.0016790650552138686;0.9555984735488892
732;0.0016739927232265472;0.9594594836235046
733;0.0016079955967143178;0.9594594836235046
734;0.00164166244212538;0.9478764533996582
735;0.0017061865655705333;0.9498069286346436
736;0.0015978770097717643;0.9555984735488892
737;0.0017008734866976738;0.953667938709259
738;0.0016852347180247307;0.9517374634742737
739;0.0016143833054229617;0.9575289487838745
740;0.0015577470185235143;0.9633204340934753
741;0.0016541681252419949;0.9498069286346436
742;0.0016692797653377056;0.9594594836235046
743;0.0015836943639442325;0.96138995885849
744;0.0015684380196034908;0.9575289487838745
745;0.0015961953904479742;0.9555984735488892
746;0.0015651232097297907;0.9575289487838745
747;0.0015755402855575085;0.9633204340934753
748;0.0016200653044506907;0.9517374634742737
749;0.001664471928961575;0.9517374634742737
750;0.001572099281474948;0.9652509689331055
751;0.0015255227917805314;0.9710424542427063
752;0.0016130710719153285;0.9575289487838745
753;0.0015435389941558242;0.9633204340934753
754;0.0015541829634457827;0.9633204340934753
755;0.0016597225330770016;0.9555984735488892
756;0.0015675690956413746;0.953667938709259
757;0.0015786419389769435;0.9633204340934753
758;0.0016879214672371745;0.9555984735488892
759;0.0016124284593388438;0.9459459185600281
760;0.0016304691089317203;0.9498069286346436
761;0.0016444995999336243;0.9575289487838745
762;0.0016001813346520066;0.9575289487838745
763;0.001714576967060566;0.9555984735488892
764;0.0016079309862107038;0.9555984735488892
765;0.0017410333966836333;0.9517374634742737
766;0.0019090616842731833;0.9343629479408264
767;0.0016596382483839989;0.9517374634742737
768;0.0026694186963140965;0.8803088665008545
769;0.0018382418202236295;0.953667938709259
770;0.002244278322905302;0.9382239580154419
771;0.0018538753502070904;0.9459459185600281
772;0.0032381254713982344;0.8262548446655273
773;0.0037147498223930597;0.8185328245162964
774;0.0034711090847849846;0.8301158547401428
775;0.0028466745279729366;0.8822394013404846
776;0.005024004727602005;0.6988416910171509
777;0.003242704551666975;0.8513513803482056
778;0.0036313659511506557;0.7953668236732483
779;0.003868663217872381;0.80694979429245
780;0.003601070959120989;0.837837815284729
781;0.0028254068456590176;0.9111968874931335
782;0.0026612665969878435;0.915057897567749
783;0.0029981948900967836;0.9015443921089172
784;0.002462563570588827;0.9362934231758118
785;0.0025123977102339268;0.9459459185600281
786;0.0025229230523109436;0.9401544332504272
787;0.0024523851461708546;0.9362934231758118
788;0.0023295392747968435;0.9420849680900574
789;0.0021336209028959274;0.9517374634742737
790;0.0021271249279379845;0.96138995885849
791;0.002102429047226906;0.9517374634742737
792;0.002166887279599905;0.9478764533996582
793;0.002084628911688924;0.9594594836235046
794;0.0020118539687246084;0.9517374634742737
795;0.001917404355481267;0.9652509689331055
796;0.0018114986596629024;0.9652509689331055
797;0.0018010042840614915;0.953667938709259
798;0.0017758730100467801;0.9633204340934753
799;0.0017846159171313047;0.9517374634742737
800;0.0018102469621226192;0.9575289487838745
801;0.0017522606067359447;0.9575289487838745
802;0.0017379409400746226;0.9478764533996582
803;0.0017004543915390968;0.9517374634742737
804;0.001706878887489438;0.9555984735488892
805;0.0016487829852849245;0.9633204340934753
806;0.0017035349737852812;0.9440154433250427
807;0.0015943491598591208;0.9594594836235046
808;0.0016527097905054688;0.9555984735488892
809;0.0016787261702120304;0.9575289487838745
810;0.0016300418647006154;0.9671814441680908
811;0.0016709842020645738;0.9633204340934753
812;0.0016510053537786007;0.9633204340934753
813;0.001642910297960043;0.9652509689331055
814;0.0015800425317138433;0.9594594836235046
815;0.0015573955606669188;0.9594594836235046
816;0.0014984774170443416;0.96138995885849
817;0.0016228313324972987;0.9440154433250427
818;0.0014887320576235652;0.96138995885849
819;0.0015159616013988853;0.9555984735488892
820;0.0015676477923989296;0.9671814441680908
821;0.0015328690642490983;0.9633204340934753
822;0.0014772869180887938;0.9594594836235046
823;0.0015055403346195817;0.953667938709259
824;0.0015147944213822484;0.9633204340934753
825;0.0014863600954413414;0.9633204340934753
826;0.0015312181785702705;0.9652509689331055
827;0.0014742733910679817;0.9652509689331055
828;0.0015629988629370928;0.9633204340934753
829;0.0014938617823645473;0.9517374634742737
830;0.0014884346164762974;0.9555984735488892
831;0.00148377928417176;0.9652509689331055
832;0.0014920898247510195;0.9594594836235046
833;0.0014284327626228333;0.96138995885849
834;0.0015319728991016746;0.96138995885849
835;0.0014743800275027752;0.9671814441680908
836;0.0014994852244853973;0.9575289487838745
837;0.0014721433399245143;0.96138995885849
838;0.001489192945882678;0.9594594836235046
839;0.0015571661060675979;0.953667938709259
840;0.001432629069313407;0.9671814441680908
841;0.0014532081549987197;0.9555984735488892
842;0.0014075168874114752;0.9729729890823364
843;0.001611064770258963;0.9420849680900574
844;0.001419046544469893;0.96138995885849
845;0.001436330727301538;0.9555984735488892
846;0.001426554168574512;0.9594594836235046
847;0.0014940019464120269;0.9517374634742737
848;0.0014240051386877894;0.9671814441680908
849;0.0014922100817784667;0.9671814441680908
850;0.0016404854832217097;0.9440154433250427
851;0.0014126204187050462;0.9652509689331055
852;0.0017339402111247182;0.9362934231758118
853;0.0014297005254775286;0.9594594836235046
854;0.0013971853768453002;0.9671814441680908
855;0.0017183610470965505;0.9401544332504272
856;0.0015816021477803588;0.9517374634742737
857;0.0014202567981556058;0.9671814441680908
858;0.0016367875505238771;0.9459459185600281
859;0.0015916243428364396;0.9401544332504272
860;0.00144980160985142;0.96138995885849
861;0.0014536461094394326;0.9575289487838745
862;0.0015880897408351302;0.9478764533996582
863;0.001468620146624744;0.9575289487838745
864;0.0013861232437193394;0.9652509689331055
865;0.0015980309108272195;0.953667938709259
866;0.0013743804302066565;0.9652509689331055
867;0.0014231549575924873;0.9633204340934753
868;0.0014502103440463543;0.9671814441680908
869;0.0014437283389270306;0.9555984735488892
870;0.0014422148233279586;0.9671814441680908
871;0.0014300113543868065;0.9633204340934753
872;0.0014623295282945037;0.9652509689331055
873;0.0014217502903193235;0.9652509689331055
874;0.0013602509861811996;0.9594594836235046
875;0.0013950912980362773;0.9710424542427063
876;0.0013733184896409512;0.9671814441680908
877;0.001388426753692329;0.96138995885849
878;0.001357970293611288;0.9575289487838745
879;0.0013580997474491596;0.9671814441680908
880;0.0014103910652920604;0.9633204340934753
881;0.0013919660123065114;0.9729729890823364
882;0.0013915773015469313;0.9575289487838745
883;0.0013141367817297578;0.9652509689331055
884;0.001403789035975933;0.9633204340934753
885;0.0014008739963173866;0.9710424542427063
886;0.0013828474329784513;0.9575289487838745
887;0.001294599729590118;0.9575289487838745
888;0.001343775074928999;0.9671814441680908
889;0.00137210579123348;0.9633204340934753
890;0.0013512782752513885;0.96138995885849
891;0.0014379731146618724;0.9633204340934753
892;0.001331935403868556;0.9633204340934753
893;0.0013629266759380698;0.9710424542427063
894;0.0013141670497134328;0.9671814441680908
895;0.0014025759883224964;0.96138995885849
896;0.001294086454436183;0.9671814441680908
897;0.001385573181323707;0.9575289487838745
898;0.0012969140661880374;0.9729729890823364
899;0.0013371837558224797;0.9633204340934753
900;0.0013567438581958413;0.9594594836235046
901;0.001296565867960453;0.9729729890823364
902;0.0013242439599707723;0.9594594836235046
903;0.0013357788557186723;0.9594594836235046
904;0.0013484583469107747;0.9633204340934753
905;0.0012621128698810935;0.9652509689331055
906;0.0012914701364934444;0.9671814441680908
907;0.0012873777886852622;0.9633204340934753
908;0.0012595042353495955;0.9652509689331055
909;0.0012975938152521849;0.9710424542427063
910;0.0012855288805440068;0.9652509689331055
911;0.0013158972142264247;0.9517374634742737
912;0.0012880885042250156;0.9652509689331055
913;0.0012679280480369925;0.9575289487838745
914;0.0012486167252063751;0.9633204340934753
915;0.001257180469110608;0.969111979007721
916;0.001286366838030517;0.9652509689331055
917;0.0013190149329602718;0.9710424542427063
918;0.001303220517002046;0.9671814441680908
919;0.001238273922353983;0.969111979007721
920;0.001271003158763051;0.96138995885849
921;0.0012905944604426622;0.96138995885849
922;0.0012768676970154047;0.9575289487838745
923;0.0012660510838031769;0.9710424542427063
924;0.001242353580892086;0.9652509689331055
925;0.001291293534450233;0.9652509689331055
926;0.0012991445837542415;0.9671814441680908
927;0.0013039590558037162;0.96138995885849
928;0.001250295084901154;0.969111979007721
929;0.0012207336258143187;0.9710424542427063
930;0.0012587440432980657;0.9671814441680908
931;0.0012855133973062038;0.9749034643173218
932;0.0012468670029193163;0.9633204340934753
933;0.00124499318189919;0.9652509689331055
934;0.001252100570127368;0.9652509689331055
935;0.001196662662550807;0.9710424542427063
936;0.001257426687516272;0.9633204340934753
937;0.0012602416099980474;0.9652509689331055
938;0.0012671584263443947;0.9633204340934753
939;0.0012548576341941953;0.9729729890823364
940;0.0012622028589248657;0.9575289487838745
941;0.001203609979711473;0.9652509689331055
942;0.001236442942172289;0.9671814441680908
943;0.0012444554595276713;0.9749034643173218
944;0.0012450243812054396;0.9594594836235046
945;0.0012879823334515095;0.9633204340934753
946;0.0013002685736864805;0.9633204340934753
947;0.0012584743089973927;0.969111979007721
948;0.0012319283559918404;0.9710424542427063
949;0.0012249361025169492;0.9710424542427063
950;0.001243450096808374;0.969111979007721
951;0.001278236391954124;0.9729729890823364
952;0.0011939543765038252;0.9671814441680908
953;0.0012285993434488773;0.9671814441680908
954;0.001230790512636304;0.9652509689331055
955;0.001267121289856732;0.96138995885849
956;0.001277620205655694;0.9652509689331055
957;0.001167185022495687;0.969111979007721
958;0.0012154433643445373;0.9652509689331055
959;0.0012195146409794688;0.9729729890823364
960;0.0012614419683814049;0.9633204340934753
961;0.0012455256655812263;0.96138995885849
962;0.001272915629670024;0.9652509689331055
963;0.0012547546066343784;0.9594594836235046
964;0.0012260687071830034;0.969111979007721
965;0.001356849679723382;0.9671814441680908
966;0.0013357275165617466;0.9517374634742737
967;0.0012347620213404298;0.953667938709259
968;0.0012354495702311397;0.9633204340934753
969;0.0012298638466745615;0.9671814441680908
970;0.0011694099521264434;0.9729729890823364
971;0.00126031250692904;0.9729729890823364
972;0.0013173391344025731;0.9575289487838745
973;0.0012113041011616588;0.9633204340934753
974;0.001334891188889742;0.953667938709259
975;0.0012219692580401897;0.96138995885849
976;0.0013129592407494783;0.9652509689331055
977;0.0012176074087619781;0.9633204340934753
978;0.001238988246768713;0.9652509689331055
979;0.0012113583507016301;0.9652509689331055
980;0.001198088051751256;0.9671814441680908
981;0.0012750024907290936;0.9710424542427063
982;0.0012027444317936897;0.9671814441680908
983;0.0011957150418311357;0.9652509689331055
984;0.0011944180587306619;0.9633204340934753
985;0.001202750252559781;0.9729729890823364
986;0.0011978049296885729;0.969111979007721
987;0.0012454807292670012;0.96138995885849
988;0.0012394492514431477;0.9633204340934753
989;0.0011966858291998506;0.9633204340934753
990;0.001213469193316996;0.9652509689331055
991;0.001226892345584929;0.969111979007721
992;0.0012281317031010985;0.9575289487838745
993;0.0011839993530884385;0.969111979007721
994;0.0011694473214447498;0.9652509689331055
995;0.0012704741675406694;0.969111979007721
996;0.001199090387672186;0.969111979007721
997;0.0011690531391650438;0.9729729890823364
998;0.0014940579421818256;0.9498069286346436
999;0.0011621691519394517;0.969111979007721
1000;0.0013322305167093873;0.9555984735488892
1001;0.0012086586793884635;0.9729729890823364
1002;0.0011744038201868534;0.9671814441680908
1003;0.001174109522253275;0.9710424542427063
1004;0.0013308562338352203;0.953667938709259
1005;0.0011738413013517857;0.9749034643173218
1006;0.0012010018108412623;0.9652509689331055
1007;0.0012862560106441379;0.9633204340934753
1008;0.0011985346209257841;0.9710424542427063
1009;0.0012282496318221092;0.9652509689331055
1010;0.001243020175024867;0.9594594836235046
1011;0.0012410265626385808;0.9671814441680908
1012;0.0012008723570033908;0.9652509689331055
1013;0.0012081387685611844;0.9594594836235046
1014;0.0012614645529538393;0.9633204340934753
1015;0.0012348865857347846;0.9633204340934753
1016;0.0011704093776643276;0.9710424542427063
1017;0.0012543831253424287;0.9671814441680908
1018;0.0011839489452540874;0.9729729890823364
1019;0.001200315193273127;0.9652509689331055
1020;0.0012692575110122561;0.9594594836235046
1021;0.001187928137369454;0.9555984735488892
1022;0.0011654789559543133;0.9729729890823364
1023;0.0012053498066961765;0.9749034643173218
1024;0.0012731763999909163;0.9710424542427063
1025;0.001176995225250721;0.9633204340934753
1026;0.0012806797167286277;0.9729729890823364
1027;0.0015468583442270756;0.9382239580154419
1028;0.0011686593061313033;0.9710424542427063
1029;0.0013672917848452926;0.9633204340934753
1030;0.0015632824506610632;0.9382239580154419
1031;0.0013500043423846364;0.9555984735488892
1032;0.0017887732246890664;0.9111968874931335
1033;0.0020469273440539837;0.9362934231758118
1034;0.0016692484496161342;0.9478764533996582
1035;0.0023794802837073803;0.9266409277915955
1036;0.0027084455359727144;0.876447856426239
1037;0.0015808844473212957;0.9671814441680908
1038;0.001817677286453545;0.9517374634742737
1039;0.001782935461960733;0.9517374634742737
1040;0.0019012162229046226;0.9401544332504272
1041;0.0018958698492497206;0.9440154433250427
1042;0.0017210064688697457;0.9575289487838745
1043;0.0015774163184687495;0.96138995885849
1044;0.0014924327842891216;0.9671814441680908
1045;0.0015057830605655909;0.9652509689331055
1046;0.0015317769721150398;0.9652509689331055
1047;0.0015383459394797683;0.9729729890823364
1048;0.001398961408995092;0.969111979007721
1049;0.0015475184191018343;0.9633204340934753
1050;0.0013769365614280105;0.9710424542427063
1051;0.001349781290628016;0.9652509689331055
1052;0.0014115790836513042;0.9671814441680908
1053;0.0016530598513782024;0.9575289487838745
1054;0.0014265060890465975;0.9710424542427063
1055;0.002408163156360388;0.9073359370231628
1056;0.0029408736154437065;0.8532818555831909
1057;0.0018783430568873882;0.9478764533996582
1058;0.0024888969492167234;0.8803088665008545
1059;0.0016245703445747495;0.9652509689331055
1060;0.0015732368919998407;0.9749034643173218
1061;0.0018382753478363156;0.9382239580154419
1062;0.0016773996176198125;0.969111979007721
1063;0.0016440324252471328;0.9671814441680908
1064;0.0016481372294947505;0.9710424542427063
1065;0.0016609611921012402;0.96138995885849
1066;0.0014432297321036458;0.9652509689331055
1067;0.0014692316763103008;0.969111979007721
1068;0.0015703454846516252;0.96138995885849
1069;0.001550558372400701;0.9555984735488892
1070;0.0015063706086948514;0.969111979007721
1071;0.001403418486006558;0.9594594836235046
1072;0.0015276256017386913;0.9478764533996582
1073;0.00141372368671;0.9652509689331055
1074;0.0014644376933574677;0.9710424542427063
1075;0.0016491551650688052;0.9575289487838745
1076;0.0013324752217158675;0.9749034643173218
1077;0.0014250533422455192;0.9729729890823364
1078;0.001477705780416727;0.9633204340934753
1079;0.0016405710484832525;0.953667938709259
1080;0.0021133325062692165;0.9189189076423645
1081;0.002599191153421998;0.8918918967247009
1082;0.002177390968427062;0.9189189076423645
1083;0.001921804272569716;0.9305019378662109
1084;0.0018275718903169036;0.9440154433250427
1085;0.002043171087279916;0.9440154433250427
1086;0.0019175545312464237;0.9459459185600281
1087;0.0016017493326216936;0.9652509689331055
1088;0.0015686310362070799;0.9633204340934753
1089;0.0016617296496406198;0.969111979007721
1090;0.0014521698467433453;0.9710424542427063
1091;0.0014324431540444493;0.9575289487838745
1092;0.0016250616172328591;0.9594594836235046
1093;0.001520791556686163;0.9633204340934753
1094;0.001496299635618925;0.9671814441680908
1095;0.001438541105017066;0.9555984735488892
1096;0.0014114786172285676;0.9575289487838745
1097;0.0013616241049021482;0.9633204340934753
1098;0.0013111173175275326;0.969111979007721
1099;0.001332454732619226;0.9652509689331055
1100;0.0013264011358842254;0.9633204340934753
1101;0.0012776703806594014;0.9633204340934753
1102;0.001231233705766499;0.9710424542427063
1103;0.0013048991095274687;0.9633204340934753
1104;0.00129019096493721;0.9671814441680908
1105;0.0011882708640769124;0.9749034643173218
1106;0.0012768593151122332;0.9710424542427063
1107;0.00124908029101789;0.9652509689331055
1108;0.0012023421004414558;0.9671814441680908
1109;0.0011757966130971909;0.9710424542427063
1110;0.0011992697836831212;0.9671814441680908
1111;0.0012007657205685973;0.9710424542427063
1112;0.001144824200309813;0.9671814441680908
1113;0.001175528857856989;0.9633204340934753
1114;0.0011605637846514583;0.969111979007721
1115;0.0011615902185440063;0.9652509689331055
1116;0.0011788082774728537;0.969111979007721
1117;0.0011142751900479198;0.9710424542427063
1118;0.0011059616226702929;0.9749034643173218
1119;0.001162489177659154;0.9671814441680908
1120;0.0011349753476679325;0.9671814441680908
1121;0.0011194280814379454;0.969111979007721
1122;0.0011400950606912374;0.9671814441680908
1123;0.0010998694924637675;0.9729729890823364
1124;0.0011037092190235853;0.9671814441680908
1125;0.001138425199314952;0.969111979007721
1126;0.0010782986646518111;0.9729729890823364
1127;0.001058191410265863;0.9768339991569519
1128;0.0010866515804082155;0.9768339991569519
1129;0.001070289989002049;0.9710424542427063
1130;0.0011281040497124195;0.9710424542427063
1131;0.0010851835831999779;0.9710424542427063
1132;0.0010701280552893877;0.9671814441680908
1133;0.0010960627114400268;0.9787644743919373
1134;0.0010831293184310198;0.9749034643173218
1135;0.0010707048932090402;0.9652509689331055
1136;0.001078908913768828;0.969111979007721
1137;0.0012465291656553745;0.9652509689331055
1138;0.0010454206494614482;0.9671814441680908
1139;0.0010786964558064938;0.9652509689331055
1140;0.001077253487892449;0.9671814441680908
1141;0.0010241777636110783;0.969111979007721
1142;0.0010285391472280025;0.9787644743919373
1143;0.0010932836448773742;0.9749034643173218
1144;0.0010427456581965089;0.9864864945411682
1145;0.0010881561320275068;0.9749034643173218
1146;0.0010663393186405301;0.9729729890823364
1147;0.0010682463180273771;0.9710424542427063
1148;0.0010338149731978774;0.9652509689331055
1149;0.0010521401418372989;0.9806950092315674
1150;0.0010424007195979357;0.9729729890823364
1151;0.001019268878735602;0.9768339991569519
1152;0.001036758883856237;0.9768339991569519
1153;0.0010394223500043154;0.9729729890823364
1154;0.0010367867071181536;0.9768339991569519
1155;0.0010869238758459687;0.9671814441680908
1156;0.0010673031210899353;0.969111979007721
1157;0.0010791217209771276;0.9671814441680908
1158;0.0010134689509868622;0.9749034643173218
1159;0.0010066303657367826;0.9710424542427063
1160;0.0010407440131530166;0.9787644743919373
1161;0.0010163612896576524;0.9826254844665527
1162;0.0010376452701166272;0.9787644743919373
1163;0.0010637183440849185;0.9749034643173218
1164;0.0010343542089685798;0.9729729890823364
1165;0.00106248224619776;0.9787644743919373
1166;0.001028829487040639;0.9787644743919373
1167;0.0010641117114573717;0.96138995885849
1168;0.001022466691210866;0.9729729890823364
1169;0.001098710112273693;0.9749034643173218
1170;0.0010608491720631719;0.9749034643173218
1171;0.0010841817129403353;0.9729729890823364
1172;0.001069716177880764;0.9749034643173218
1173;0.001109297969378531;0.9710424542427063
1174;0.0010433951392769814;0.9749034643173218
1175;0.0011709568789228797;0.969111979007721
1176;0.001102752168662846;0.969111979007721
1177;0.0011029988527297974;0.9671814441680908
1178;0.0010325047187507153;0.9729729890823364
1179;0.0011049002641811967;0.9768339991569519
1180;0.001057829475030303;0.9768339991569519
1181;0.0010490505956113338;0.9710424542427063
1182;0.0010419690515846014;0.9729729890823364
1183;0.0011080140247941017;0.9671814441680908
1184;0.0010756339179351926;0.9729729890823364
1185;0.0010547761339694262;0.9768339991569519
1186;0.0010285776806995273;0.9749034643173218
1187;0.001076343236491084;0.9671814441680908
1188;0.000978538068011403;0.9826254844665527
1189;0.0010734613751992583;0.9710424542427063
1190;0.0010571685852482915;0.9787644743919373
1191;0.0010528116254135966;0.9826254844665527
1192;0.0010121815139427781;0.9787644743919373
1193;0.0009396871901117265;0.9768339991569519
1194;0.0010376666905358434;0.9710424542427063
1195;0.001047954778186977;0.9768339991569519
1196;0.0010104323737323284;0.9768339991569519
1197;0.0009970556711778045;0.9806950092315674
1198;0.0011559980921447277;0.9555984735488892
1199;0.0010307125048711896;0.9806950092315674
1200;0.0011923991842195392;0.9671814441680908
1201;0.0010690706549212337;0.9749034643173218
1202;0.0012804098660126328;0.953667938709259
1203;0.001036777743138373;0.9671814441680908
1204;0.001095183426514268;0.9768339991569519
1205;0.0013239802792668343;0.9671814441680908
1206;0.0011549224145710468;0.9729729890823364
1207;0.0014992817305028439;0.9459459185600281
1208;0.0014143158914521337;0.96138995885849
1209;0.0012018983252346516;0.9671814441680908
1210;0.001310346182435751;0.96138995885849
1211;0.0013514150632545352;0.9575289487838745
1212;0.001194144249893725;0.9633204340934753
1213;0.0011786776594817638;0.9575289487838745
1214;0.0011913495836779475;0.9575289487838745
1215;0.0011308619286864996;0.9710424542427063
1216;0.001091294689103961;0.9749034643173218
1217;0.001040489412844181;0.9826254844665527
1218;0.001043903292156756;0.9768339991569519
1219;0.0010446561500430107;0.9749034643173218
1220;0.0010885983938351274;0.9787644743919373
1221;0.001100296271033585;0.9729729890823364
1222;0.0010827936930581927;0.969111979007721
1223;0.0010848556412383914;0.9710424542427063
1224;0.001031216117553413;0.9710424542427063
1225;0.001054322812706232;0.9768339991569519
1226;0.0010485451202839613;0.9845559597015381
1227;0.0010341722518205643;0.9729729890823364
1228;0.0009989382233470678;0.9768339991569519
1229;0.0010351946111768484;0.9768339991569519
1230;0.000967290485277772;0.9864864945411682
1231;0.0010016040178015828;0.9787644743919373
1232;0.0010238693794235587;0.9826254844665527
1233;0.0009930902160704136;0.9826254844665527
1234;0.0009482073946855962;0.9845559597015381
1235;0.0009490057127550244;0.9787644743919373
1236;0.0009708984871394932;0.9749034643173218
1237;0.001003615907393396;0.96138995885849
1238;0.0009963609045371413;0.9806950092315674
1239;0.0009148498647846282;0.9768339991569519
1240;0.0009492393000982702;0.9845559597015381
1241;0.0009539941675029695;0.9768339991569519
1242;0.000959932105615735;0.9845559597015381
1243;0.0009853048250079155;0.9749034643173218
1244;0.0009420181158930063;0.9845559597015381
1245;0.0010199095122516155;0.9671814441680908
1246;0.0009908241918310523;0.9652509689331055
1247;0.0009473316604271531;0.9826254844665527
1248;0.0009662951342761517;0.9768339991569519
1249;0.0009931654203683138;0.9749034643173218
1250;0.0009346072329208255;0.9845559597015381
1251;0.000980921438895166;0.9768339991569519
1252;0.0009117827285081148;0.9864864945411682
1253;0.001015245565213263;0.9729729890823364
1254;0.0009287138818763196;0.9710424542427063
1255;0.0010092847514897585;0.9710424542427063
1256;0.0009675493347458541;0.9787644743919373
1257;0.0009851765353232622;0.9806950092315674
1258;0.0010090710129588842;0.9749034643173218
1259;0.0009237912017852068;0.9768339991569519
1260;0.0009992711711674929;0.9768339991569519
1261;0.000967827276326716;0.9749034643173218
1262;0.0009726605494506657;0.9768339991569519
1263;0.0009234630852006376;0.9845559597015381
1264;0.0010976636549457908;0.9768339991569519
1265;0.0009708788129501045;0.9845559597015381
1266;0.0008897478110156953;0.9864864945411682
1267;0.0009455796098336577;0.9845559597015381
1268;0.0010736881522461772;0.969111979007721
1269;0.0009709610021673143;0.9768339991569519
1270;0.0009054634720087051;0.9864864945411682
1271;0.0009252505260519683;0.9768339991569519
1272;0.0009113196865655482;0.9884169697761536
1273;0.0008912535267882049;0.9845559597015381
1274;0.000924900989048183;0.9884169697761536
1275;0.0008832114399410784;0.9826254844665527
1276;0.0009197968174703419;0.9787644743919373
1277;0.0009324995917268097;0.9787644743919373
1278;0.0008968570618890226;0.9768339991569519
1279;0.0009020412690006196;0.9845559597015381
1280;0.0009478277061134577;0.9864864945411682
1281;0.0009135862346738577;0.9806950092315674
1282;0.0009686802513897419;0.9710424542427063
1283;0.0008939666440710425;0.9845559597015381
1284;0.0009106250363402069;0.9826254844665527
1285;0.000859734253026545;0.9845559597015381
1286;0.0009411921491846442;0.9903475046157837
1287;0.0010151186725124717;0.9710424542427063
1288;0.000918942445423454;0.9787644743919373
1289;0.0009082191390916705;0.9864864945411682
1290;0.0008725899388082325;0.9845559597015381
1291;0.0008923697751015425;0.9749034643173218
1292;0.000871477066539228;0.9787644743919373
1293;0.0008965358720161021;0.9826254844665527
1294;0.0008883986156433821;0.9826254844665527
1295;0.0008816572953946888;0.9826254844665527
1296;0.0008872949983924627;0.9884169697761536
1297;0.0008509569452144206;0.9806950092315674
1298;0.0009345801081508398;0.9806950092315674
1299;0.0008593536331318319;0.9864864945411682
1300;0.0008990538772195578;0.9864864945411682
1301;0.0008645523921586573;0.9864864945411682
1302;0.0009764016140252352;0.9845559597015381
1303;0.0008976270328275859;0.9826254844665527
1304;0.0010632791090756655;0.9787644743919373
1305;0.0009803514694795012;0.9749034643173218
1306;0.0010373789118602872;0.9826254844665527
1307;0.0017083710990846157;0.9247104525566101
1308;0.0016972613520920277;0.9208494424819946
1309;0.0027596312575042248;0.8803088665008545
1310;0.0021306162234395742;0.9054054021835327
1311;0.0019132217857986689;0.9285714030265808
1312;0.002253218786790967;0.915057897567749
1313;0.0024915446992963552;0.9034749269485474
1314;0.0020787299145013094;0.9343629479408264
1315;0.0018312333850190043;0.9208494424819946
1316;0.0021442528814077377;0.9034749269485474
1317;0.002497556619346142;0.9034749269485474
1318;0.0025933405850082636;0.92277991771698
1319;0.002003038302063942;0.9478764533996582
1320;0.0031182875391095877;0.8629343509674072
1321;0.0024056043475866318;0.9285714030265808
1322;0.002995559945702553;0.8590733408927917
1323;0.0021348081063479185;0.9305019378662109
1324;0.002421753015369177;0.8957529067993164
1325;0.0028599617071449757;0.8957529067993164
1326;0.0021890827920287848;0.9401544332504272
1327;0.001731785829178989;0.9787644743919373
1328;0.002171293366700411;0.915057897567749
1329;0.0021537623833864927;0.915057897567749
1330;0.0016018726164475083;0.9594594836235046
1331;0.0018538347212597728;0.9459459185600281
1332;0.0016779733123257756;0.9729729890823364
1333;0.001680084504187107;0.9652509689331055
1334;0.0017892911564558744;0.9671814441680908
1335;0.0019325995817780495;0.9382239580154419
1336;0.0012995450524613261;0.9806950092315674
1337;0.0014624602627009153;0.9768339991569519
1338;0.0015490587102249265;0.9633204340934753
1339;0.0014945820439606905;0.9845559597015381
1340;0.0013281351421028376;0.9845559597015381
1341;0.0015558127779513597;0.96138995885849
1342;0.0012764835264533758;0.9826254844665527
1343;0.001271422952413559;0.9826254844665527
1344;0.001191247720271349;0.9671814441680908
1345;0.0011832634918391705;0.9749034643173218
1346;0.0012691303854808211;0.9768339991569519
1347;0.0011308412067592144;0.9826254844665527
1348;0.0013446668162941933;0.9710424542427063
1349;0.0011450833408161998;0.9768339991569519
1350;0.0010757375275716186;0.9845559597015381
1351;0.001125663984566927;0.9787644743919373
1352;0.0011844184482470155;0.9633204340934753
1353;0.0011028540320694447;0.9806950092315674
1354;0.0011477972147986293;0.9806950092315674
1355;0.001092222984880209;0.9826254844665527
1356;0.0010216048685833812;0.9864864945411682
1357;0.001061763963662088;0.9826254844665527
1358;0.0009906016057357192;0.9884169697761536
1359;0.0009840256534516811;0.9864864945411682
1360;0.00100097490940243;0.9729729890823364
1361;0.0009576121810823679;0.9826254844665527
1362;0.001091544283553958;0.9710424542427063
1363;0.0009955789428204298;0.9787644743919373
1364;0.0010044120717793703;0.9787644743919373
1365;0.0009928075596690178;0.9845559597015381
1366;0.0009215425234287977;0.9845559597015381
1367;0.0010178853990510106;0.9671814441680908
1368;0.0009605420636944473;0.9826254844665527
1369;0.0009565005311742425;0.9845559597015381
1370;0.0009563520434312522;0.9826254844665527
1371;0.0009146363008767366;0.9787644743919373
1372;0.0009316344512626529;0.9729729890823364
1373;0.0008895633509382606;0.9787644743919373
1374;0.0008985375752672553;0.9845559597015381
1375;0.0008851257152855396;0.9845559597015381
1376;0.0009401142597198486;0.9806950092315674
1377;0.0009218973573297262;0.9749034643173218
1378;0.0009126629447564483;0.9884169697761536
1379;0.0009198641055263579;0.9826254844665527
1380;0.0009995104046538472;0.9749034643173218
1381;0.000903128064237535;0.9845559597015381
1382;0.0009539813036099076;0.9768339991569519
1383;0.001012297230772674;0.9652509689331055
1384;0.000947305466979742;0.9826254844665527
1385;0.0008827215642668307;0.9826254844665527
1386;0.0008920545224100351;0.9787644743919373
1387;0.0008776401518844068;0.9806950092315674
1388;0.0008341619977727532;0.9884169697761536
1389;0.0008551249629817903;0.9864864945411682
1390;0.0008548985933884978;0.9864864945411682
1391;0.0008738001924939454;0.9864864945411682
1392;0.0009202655637636781;0.9787644743919373
1393;0.0008204835467040539;0.9864864945411682
1394;0.0008094131480902433;0.9864864945411682
1395;0.0008512753993272781;0.9787644743919373
1396;0.0008795069297775626;0.9826254844665527
1397;0.0008265386568382382;0.9845559597015381
1398;0.0008464686688967049;0.9826254844665527
1399;0.0008373930468223989;0.9845559597015381
1400;0.0008441086392849684;0.9826254844665527
1401;0.0008237446891143918;0.9826254844665527
1402;0.0008286751108244061;0.9806950092315674
1403;0.0008229854865930974;0.9845559597015381
1404;0.0008144416497088969;0.9806950092315674
1405;0.0008134482777677476;0.9864864945411682
1406;0.0008371651638299227;0.9845559597015381
1407;0.0008100087870843709;0.9845559597015381
1408;0.0008069887990131974;0.9903475046157837
1409;0.0007828802336007357;0.9845559597015381
1410;0.0008013209444470704;0.9845559597015381
1411;0.0007906589889898896;0.9864864945411682
1412;0.0008007956203073263;0.9806950092315674
1413;0.0008408328867517412;0.9864864945411682
1414;0.0008047028095461428;0.9845559597015381
1415;0.000853091012686491;0.9864864945411682
1416;0.0007532542804256082;0.9884169697761536
1417;0.0008511838386766613;0.9845559597015381
1418;0.000791997998021543;0.9826254844665527
1419;0.0007947569247335196;0.9806950092315674
1420;0.0008138614357449114;0.9826254844665527
1421;0.0007990185986272991;0.9806950092315674
1422;0.0007516835466958582;0.9884169697761536
1423;0.0007652956992387772;0.9845559597015381
1424;0.0008051563636399806;0.9826254844665527
1425;0.0007682766881771386;0.9864864945411682
1426;0.0007722761365585029;0.9864864945411682
1427;0.0008328876574523747;0.9845559597015381
1428;0.0007815997814759612;0.9845559597015381
1429;0.0007704624440521002;0.9806950092315674
1430;0.0007780719315633178;0.9884169697761536
1431;0.0007896506576798856;0.9806950092315674
1432;0.0007883526850491762;0.9787644743919373
1433;0.0007538665668107569;0.9884169697761536
1434;0.0007615411304868758;0.9845559597015381
1435;0.0007702561561018229;0.9826254844665527
1436;0.0007927930564619601;0.9806950092315674
1437;0.0007495632744394243;0.9845559597015381
1438;0.0007649487815797329;0.9826254844665527
1439;0.0007952388259582222;0.9884169697761536
1440;0.0007906428072601557;0.9826254844665527
1441;0.0007616982329636812;0.9826254844665527
1442;0.0007602025289088488;0.9845559597015381
1443;0.0008325539529323578;0.9806950092315674
1444;0.0007811782415956259;0.9864864945411682
1445;0.0008203434408642352;0.9787644743919373
1446;0.0007957363850437105;0.9826254844665527
1447;0.0008416749769821763;0.9826254844665527
1448;0.0007928282720968127;0.9787644743919373
1449;0.0007655301014892757;0.9826254844665527
1450;0.0007585387793369591;0.9845559597015381
1451;0.0009285597479902208;0.9710424542427063
1452;0.0007487134425900877;0.9903475046157837
1453;0.0008155718678608537;0.9903475046157837
1454;0.0007719969726167619;0.9826254844665527
1455;0.0007824006024748087;0.9864864945411682
1456;0.0007783765904605389;0.9864864945411682
1457;0.0007319432334043086;0.9864864945411682
1458;0.0007483057561330497;0.9864864945411682
1459;0.0007759318687021732;0.9845559597015381
1460;0.0007457858300767839;0.9806950092315674
1461;0.0007708227494731545;0.9806950092315674
1462;0.0007919857744127512;0.9845559597015381
1463;0.000768347061239183;0.9787644743919373
1464;0.0007460573106072843;0.9845559597015381
1465;0.0007665389566682279;0.9903475046157837
1466;0.0007751205703243613;0.9884169697761536
1467;0.000758862413931638;0.9864864945411682
1468;0.0007545836851932108;0.9845559597015381
1469;0.0007637759554199874;0.9864864945411682
1470;0.0007284495513886213;0.9845559597015381
1471;0.0007688493933528662;0.9845559597015381
1472;0.000774963351432234;0.9845559597015381
1473;0.0006930154631845653;0.9864864945411682
1474;0.0007090304861776531;0.9845559597015381
1475;0.0007380375755019486;0.9826254844665527
1476;0.0007384226191788912;0.9826254844665527
1477;0.0007738684071227908;0.9845559597015381
1478;0.000753250322304666;0.9826254844665527
1479;0.0007209221366792917;0.992277979850769
1480;0.0007472267607226968;0.9826254844665527
1481;0.000735076901037246;0.9884169697761536
1482;0.0007739030406810343;0.9864864945411682
1483;0.0007640431285835803;0.9884169697761536
1484;0.0007577388896606863;0.9845559597015381
1485;0.0007354195695370436;0.9864864945411682
1486;0.0007736189872957766;0.992277979850769
1487;0.000724978803191334;0.9884169697761536
1488;0.0006996410083957016;0.9884169697761536
1489;0.0007551685557700694;0.9826254844665527
1490;0.0007262525032274425;0.9864864945411682
1491;0.0007228252943605185;0.9806950092315674
1492;0.0007203379063867033;0.9845559597015381
1493;0.0007176111685112119;0.9884169697761536
1494;0.0008160971337929368;0.9787644743919373
1495;0.0007443548529408872;0.9864864945411682
1496;0.0008495014044456184;0.9749034643173218
1497;0.0008428673609159887;0.9729729890823364
1498;0.0007369701634161174;0.9845559597015381
1499;0.0011603122111409903;0.953667938709259
