iteration;loss;accuracy
0;0.01765432208776474;0.0699300691485405
1;0.016648681834340096;0.0419580414891243
2;0.01696247234940529;0.10489510744810104
3;0.016750672832131386;0.10489510744810104
4;0.016606217250227928;0.0559440553188324
5;0.01643887534737587;0.1118881106376648
6;0.01643550768494606;0.11888112127780914
7;0.0164477676153183;0.1118881106376648
8;0.016401197761297226;0.10489510744810104
9;0.01630260795354843;0.1538461595773697
10;0.016153115779161453;0.13286712765693665
11;0.016029462218284607;0.139860138297081
12;0.015930498018860817;0.13286712765693665
13;0.016021031886339188;0.10489510744810104
14;0.015932733193039894;0.1258741319179535
15;0.015763117000460625;0.1538461595773697
16;0.015683824196457863;0.16083915531635284
17;0.015723785385489464;0.1538461595773697
18;0.015720510855317116;0.14685314893722534
19;0.015631210058927536;0.16083915531635284
20;0.015584316104650497;0.20279720425605774
21;0.015543298795819283;0.16083915531635284
22;0.015435725450515747;0.1258741319179535
23;0.015565402805805206;0.14685314893722534
24;0.015359226614236832;0.20279720425605774
25;0.015409908257424831;0.2097902148962021
26;0.015353352762758732;0.2097902148962021
27;0.01525026187300682;0.20279720425605774
28;0.015239536762237549;0.20279720425605774
29;0.015157596208155155;0.1818181872367859
30;0.015208065509796143;0.21678321063518524
31;0.01512140966951847;0.18881118297576904
32;0.015106857754290104;0.1958041936159134
33;0.014896013773977757;0.28671327233314514
34;0.014951590448617935;0.2657342553138733
35;0.014836914837360382;0.279720276594162
36;0.01493056770414114;0.2657342553138733
37;0.014718988910317421;0.28671327233314514
38;0.014655801467597485;0.3076923191547394
39;0.01461784914135933;0.30069929361343384
40;0.014670776203274727;0.2657342553138733
41;0.014455380849540234;0.3076923191547394
42;0.014736780896782875;0.2937062978744507
43;0.014498306438326836;0.3076923191547394
44;0.014335290528833866;0.3356643319129944
45;0.014592638239264488;0.279720276594162
46;0.014454415068030357;0.31468531489372253
47;0.014317329972982407;0.31468531489372253
48;0.014013251289725304;0.35664334893226624
49;0.014328006654977798;0.2937062978744507
50;0.014116745442152023;0.3916083872318268
51;0.014288212172687054;0.3356643319129944
52;0.014064235612750053;0.3216783106327057
53;0.013943586498498917;0.35664334893226624
54;0.01403072103857994;0.31468531489372253
55;0.013682246208190918;0.4195804297924042
56;0.013817360624670982;0.3776223659515381
57;0.013675728812813759;0.41258740425109863
58;0.013641788624227047;0.4055944085121155
59;0.013383266516029835;0.3986014127731323
60;0.013370519503951073;0.46853145956993103
61;0.013362362049520016;0.440559446811676
62;0.013219710439443588;0.4965035021305084
63;0.012920732609927654;0.4895104765892029
64;0.01284272875636816;0.5384615659713745
65;0.01301037147641182;0.5174825191497803
66;0.012818004004657269;0.4895104765892029
67;0.012567315250635147;0.5454545617103577
68;0.012729307636618614;0.4965035021305084
69;0.01242129597812891;0.5454545617103577
70;0.012392798438668251;0.5944055914878845
71;0.012168441899120808;0.6083915829658508
72;0.012171430513262749;0.6083915829658508
73;0.012127534486353397;0.5524475574493408
74;0.011899433098733425;0.5874125957489014
75;0.012311330996453762;0.5314685106277466
76;0.012462221086025238;0.5384615659713745
77;0.01238396018743515;0.5104895234107971
78;0.012285816483199596;0.5874125957489014
79;0.01222519762814045;0.5874125957489014
80;0.011753919534385204;0.6293706297874451
81;0.011935037560760975;0.5874125957489014
82;0.011743629351258278;0.6363636255264282
83;0.011542486026883125;0.6363636255264282
84;0.011567619629204273;0.6433566212654114
85;0.011408355087041855;0.6853147149085999
86;0.011104835197329521;0.6503496766090393
87;0.01109450776129961;0.692307710647583
88;0.01104818470776081;0.6853147149085999
89;0.010686383582651615;0.6783216595649719
90;0.010773506946861744;0.7062937021255493
91;0.0103508485481143;0.7132866978645325
92;0.01076203677803278;0.6363636255264282
93;0.010462263599038124;0.6643356680870056
94;0.010436641052365303;0.7062937021255493
95;0.010274904780089855;0.7202796936035156
96;0.01001772005110979;0.7972028255462646
97;0.009991328231990337;0.7832167744636536
98;0.009791648015379906;0.7412587404251099
99;0.009993575513362885;0.7762237787246704
100;0.009954741224646568;0.7412587404251099
101;0.009672894142568111;0.7832167744636536
102;0.009768093936145306;0.7132866978645325
103;0.009534877724945545;0.7832167744636536
104;0.009288451634347439;0.7832167744636536
105;0.009509436786174774;0.7902097702026367
106;0.009441005997359753;0.811188817024231
107;0.009220694191753864;0.8041958212852478
108;0.00928049348294735;0.7552447319030762
109;0.00948828924447298;0.7062937021255493
110;0.008754177950322628;0.7762237787246704
111;0.00938723050057888;0.7552447319030762
112;0.008887868374586105;0.7552447319030762
113;0.008998388424515724;0.7762237787246704
114;0.008618388324975967;0.7972028255462646
115;0.008338692598044872;0.7902097702026367
116;0.00862842332571745;0.8041958212852478
117;0.00833472702652216;0.8181818127632141
118;0.00857696495950222;0.8251748085021973
119;0.00799984484910965;0.8391608595848083
120;0.008071080781519413;0.8321678042411804
121;0.007875080220401287;0.8601398468017578
122;0.0076806205324828625;0.867132842540741
123;0.007842057384550571;0.8041958212852478
124;0.0073503153398633;0.8461538553237915
125;0.007641411852091551;0.8461538553237915
126;0.007886854000389576;0.8741258978843689
127;0.007442499976605177;0.867132842540741
128;0.007457028608769178;0.8531468510627747
129;0.007116615306586027;0.881118893623352
130;0.007191487587988377;0.8461538553237915
131;0.007175618316978216;0.8601398468017578
132;0.007231991272419691;0.8741258978843689
133;0.007090731058269739;0.8461538553237915
134;0.007355238776654005;0.8181818127632141
135;0.007302352227270603;0.881118893623352
136;0.006794583052396774;0.8741258978843689
137;0.006846599746495485;0.8881118893623352
138;0.006518048699945211;0.881118893623352
139;0.006895674858242273;0.881118893623352
140;0.006486925296485424;0.8881118893623352
141;0.006955393590033054;0.8881118893623352
142;0.006334464065730572;0.8951048851013184
143;0.007135583553463221;0.881118893623352
144;0.006709301844239235;0.8741258978843689
145;0.006799097638577223;0.8741258978843689
146;0.006159154698252678;0.881118893623352
147;0.006302848923951387;0.881118893623352
148;0.006329706870019436;0.8391608595848083
149;0.006254259962588549;0.8881118893623352
150;0.005902269389480352;0.9300699234008789
151;0.005692443810403347;0.8951048851013184
152;0.005621644668281078;0.9160839319229126
153;0.005808069836348295;0.881118893623352
154;0.005567542742937803;0.9300699234008789
155;0.005670832935720682;0.9510489702224731
156;0.005770087242126465;0.881118893623352
157;0.005557741969823837;0.9160839319229126
158;0.005380159243941307;0.9230769276618958
159;0.005948519799858332;0.9090909361839294
160;0.0055515156127512455;0.8741258978843689
161;0.0053455219604074955;0.9090909361839294
162;0.00526773277670145;0.9300699234008789
163;0.005306891165673733;0.9300699234008789
164;0.0053945244289934635;0.9230769276618958
165;0.005767550319433212;0.9020978808403015
166;0.005212870892137289;0.9300699234008789
167;0.005451272241771221;0.9370629191398621
168;0.0050550661981105804;0.9440559148788452
169;0.005022549536079168;0.9370629191398621
170;0.005154779180884361;0.9370629191398621
171;0.004747873637825251;0.9440559148788452
172;0.004933178890496492;0.9230769276618958
173;0.004990083165466785;0.9440559148788452
174;0.004820798523724079;0.9370629191398621
175;0.004716886673122644;0.9370629191398621
176;0.004698024597018957;0.9650349617004395
177;0.0050108777359128;0.8881118893623352
178;0.004505665972828865;0.9300699234008789
179;0.004854196682572365;0.9230769276618958
180;0.004964739549905062;0.9300699234008789
181;0.004950635600835085;0.9370629191398621
182;0.004668864421546459;0.9440559148788452
183;0.00464787008240819;0.9440559148788452
184;0.004606255795806646;0.9440559148788452
185;0.0048675076104700565;0.9160839319229126
186;0.004334554076194763;0.9440559148788452
187;0.0045576561242341995;0.9230769276618958
188;0.00457471888512373;0.9370629191398621
189;0.004865720868110657;0.9230769276618958
190;0.004476760048419237;0.9440559148788452
191;0.0045081861317157745;0.9230769276618958
192;0.004225200042128563;0.9510489702224731
193;0.004523364827036858;0.9370629191398621
194;0.004110313486307859;0.9510489702224731
195;0.0038465282414108515;0.9510489702224731
196;0.004252921789884567;0.9580419659614563
197;0.004265895579010248;0.9580419659614563
198;0.00402356730774045;0.9440559148788452
199;0.0038630368653684855;0.9440559148788452
200;0.004168196115642786;0.9300699234008789
201;0.004269592929631472;0.9160839319229126
202;0.004288843832910061;0.9440559148788452
203;0.004161414224654436;0.9370629191398621
204;0.004004287999123335;0.9370629191398621
205;0.0038916170597076416;0.9790209531784058
206;0.0036423548590391874;0.9440559148788452
207;0.004210522398352623;0.9230769276618958
208;0.004095111507922411;0.9300699234008789
209;0.003800359321758151;0.9580419659614563
210;0.0038405051454901695;0.9510489702224731
211;0.003799464087933302;0.9300699234008789
212;0.0038400974590331316;0.9440559148788452
213;0.00412208866328001;0.9300699234008789
214;0.0035871965810656548;0.9370629191398621
215;0.00452166423201561;0.9230769276618958
216;0.003814802970737219;0.9580419659614563
217;0.003922119736671448;0.9440559148788452
218;0.0035488789435476065;0.9510489702224731
219;0.003732978133484721;0.9580419659614563
220;0.003773914650082588;0.9370629191398621
221;0.0038919735234230757;0.9650349617004395
222;0.0045883855782449245;0.9300699234008789
223;0.003814558032900095;0.9510489702224731
224;0.004550074692815542;0.9300699234008789
225;0.003826468950137496;0.9440559148788452
226;0.004031993914395571;0.9440559148788452
227;0.004007246345281601;0.9510489702224731
228;0.003948723431676626;0.9300699234008789
229;0.0037756911478936672;0.9510489702224731
230;0.004118987824767828;0.9440559148788452
231;0.0036388584412634373;0.9510489702224731
232;0.0035371272824704647;0.9510489702224731
233;0.0035246694460511208;0.9580419659614563
234;0.003662839299067855;0.9370629191398621
235;0.0032436796464025974;0.9790209531784058
236;0.0037177244666963816;0.9580419659614563
237;0.0035557099618017673;0.9510489702224731
238;0.0032251484226435423;0.9510489702224731
239;0.003275579772889614;0.9650349617004395
240;0.003599249990656972;0.9510489702224731
241;0.0034120725467801094;0.9580419659614563
242;0.0033562728203833103;0.9580419659614563
243;0.003460888285189867;0.9370629191398621
244;0.003319557523354888;0.9860140085220337
245;0.0031767350155860186;0.9650349617004395
246;0.0032933340407907963;0.9510489702224731
247;0.003440884407609701;0.9580419659614563
248;0.0031826409976929426;0.9440559148788452
249;0.0034968163818120956;0.9650349617004395
250;0.0033091166988015175;0.9580419659614563
251;0.003312252461910248;0.9440559148788452
252;0.0033989716321229935;0.9650349617004395
253;0.0034772336948662996;0.9300699234008789
254;0.003158817533403635;0.9720279574394226
255;0.0032901170197874308;0.9510489702224731
256;0.0028874988202005625;0.9790209531784058
257;0.0032587533351033926;0.9580419659614563
258;0.003145762952044606;0.9720279574394226
259;0.002974163042381406;0.9510489702224731
260;0.002858083928003907;0.9720279574394226
261;0.0031447196379303932;0.9440559148788452
262;0.0030343427788466215;0.9790209531784058
263;0.0030724212992936373;0.9510489702224731
264;0.002753995591774583;0.9650349617004395
265;0.0027904179878532887;0.9860140085220337
266;0.0029215184040367603;0.9860140085220337
267;0.003046866971999407;0.9650349617004395
268;0.0028009561356157064;0.9580419659614563
269;0.0028334246017038822;0.9580419659614563
270;0.002782363211736083;0.9650349617004395
271;0.0029106067959219217;0.9370629191398621
272;0.0026810315903276205;0.9720279574394226
273;0.0026638542767614126;0.9790209531784058
274;0.0026930507738143206;0.9790209531784058
275;0.002863854169845581;0.9860140085220337
276;0.002942513208836317;0.9860140085220337
277;0.002779624192044139;0.9790209531784058
278;0.002573072910308838;0.9790209531784058
279;0.0028403294272720814;0.9720279574394226
280;0.0026915729977190495;0.9860140085220337
281;0.0024033363442867994;0.9860140085220337
282;0.002654178999364376;0.9790209531784058
283;0.0025643270928412676;0.9720279574394226
284;0.002716823248192668;0.9650349617004395
285;0.002775943372398615;0.9650349617004395
286;0.0025692691560834646;0.9860140085220337
287;0.002474278211593628;0.9930070042610168
288;0.002611736999824643;0.9720279574394226
289;0.002670485991984606;0.9720279574394226
290;0.002606807043775916;0.9860140085220337
291;0.002575293183326721;0.9790209531784058
292;0.0024758309591561556;0.9930070042610168
293;0.00263400562107563;0.9790209531784058
294;0.0023103118874132633;0.9930070042610168
295;0.002720084972679615;0.9930070042610168
296;0.0026343348436057568;0.9790209531784058
297;0.002494066720828414;1.0
298;0.0026580768171697855;0.9930070042610168
299;0.002431910950690508;0.9720279574394226
300;0.0024326425045728683;0.9860140085220337
301;0.0023744674399495125;0.9790209531784058
302;0.0023591644130647182;0.9860140085220337
303;0.0022671599872410297;0.9930070042610168
304;0.0024045868776738644;0.9790209531784058
305;0.0023860579822212458;0.9790209531784058
306;0.0020624950993806124;1.0
307;0.002303242450580001;0.9930070042610168
308;0.0023817012552171946;0.9790209531784058
309;0.002243448281660676;0.9860140085220337
310;0.002146752318367362;0.9790209531784058
311;0.0021706230472773314;0.9930070042610168
312;0.0023549366742372513;0.9860140085220337
313;0.0021887735929340124;1.0
314;0.002217926550656557;0.9650349617004395
315;0.0021060879807919264;0.9720279574394226
316;0.0018959804438054562;0.9930070042610168
317;0.0023364294320344925;0.9790209531784058
318;0.0021577002480626106;0.9930070042610168
319;0.0020567213650792837;0.9930070042610168
320;0.002083707368001342;0.9930070042610168
321;0.0021047485060989857;1.0
322;0.0020643898751586676;1.0
323;0.001997490180656314;0.9930070042610168
324;0.001952544553205371;0.9930070042610168
325;0.002157532377168536;0.9930070042610168
326;0.0019889234099537134;0.9930070042610168
327;0.00225572707131505;0.9930070042610168
328;0.0023946675937622786;0.9860140085220337
329;0.002298467792570591;0.9930070042610168
330;0.002014678670093417;1.0
331;0.002260875655338168;1.0
332;0.002001155400648713;0.9930070042610168
333;0.0021873735822737217;0.9860140085220337
334;0.002241189358755946;0.9930070042610168
335;0.0022915059234946966;0.9930070042610168
336;0.002294461941346526;0.9860140085220337
337;0.0020591593347489834;0.9860140085220337
338;0.0019839946180582047;1.0
339;0.00219486141577363;0.9930070042610168
340;0.0021828808821737766;0.9860140085220337
341;0.0020895206835120916;0.9930070042610168
342;0.0019149695290252566;1.0
343;0.0019575930200517178;1.0
344;0.002047023270279169;1.0
345;0.0018971095560118556;1.0
346;0.0019301770953461528;0.9930070042610168
347;0.0017422630917280912;1.0
348;0.0016957250190898776;1.0
349;0.0018804653082042933;1.0
350;0.001967192394658923;1.0
351;0.0017707777442410588;1.0
352;0.0019699002150446177;0.9930070042610168
353;0.0019456144655123353;0.9930070042610168
354;0.001883857068605721;1.0
355;0.0017402186058461666;1.0
356;0.0018305199919268489;1.0
357;0.0018697285559028387;1.0
358;0.0019264876609668136;1.0
359;0.0018128837691619992;1.0
360;0.0019376431591808796;0.9930070042610168
361;0.0017862191889435053;1.0
362;0.001887147780507803;0.9860140085220337
363;0.0018331034807488322;1.0
364;0.0017815845785662532;1.0
365;0.0017120263073593378;1.0
366;0.001817716402001679;1.0
367;0.001873859902843833;0.9790209531784058
368;0.0016459140460938215;1.0
369;0.001732328557409346;1.0
370;0.001716376282274723;1.0
371;0.0017107252497226;1.0
372;0.0016715548699721694;1.0
373;0.0016492545837536454;1.0
374;0.00171105086337775;1.0
375;0.0015354533679783344;1.0
376;0.0015084580518305302;1.0
377;0.0014962991699576378;1.0
378;0.0016673911595717072;1.0
379;0.0018461315194144845;0.9860140085220337
380;0.0015899362042546272;1.0
381;0.0017085983417928219;1.0
382;0.0016815034905448556;1.0
383;0.0017941599944606423;0.9860140085220337
384;0.0017514047212898731;1.0
385;0.0016529065323993564;1.0
386;0.001606276724487543;1.0
387;0.001516211312264204;1.0
388;0.001584783778525889;1.0
389;0.0014925734139978886;1.0
390;0.0016853809356689453;1.0
391;0.0016892707208171487;1.0
392;0.0015186854870989919;1.0
393;0.0015814757207408547;1.0
394;0.0017644711770117283;0.9930070042610168
395;0.0016331205843016505;1.0
396;0.001987924799323082;0.9930070042610168
397;0.0016236237715929747;0.9860140085220337
398;0.0014189524808898568;1.0
399;0.0019262543646618724;1.0
400;0.001724920584820211;1.0
401;0.0014403022360056639;1.0
402;0.0015889252535998821;1.0
403;0.0014702071202918887;1.0
404;0.00150396884419024;1.0
405;0.0014848512364551425;1.0
406;0.001565397484228015;1.0
407;0.0015147547237575054;1.0
408;0.0015524690970778465;1.0
409;0.0014087674207985401;1.0
410;0.0014525956939905882;1.0
411;0.0013177505461499095;1.0
412;0.0013427044032141566;1.0
413;0.0014039587695151567;1.0
414;0.0014612264931201935;0.9930070042610168
415;0.00138260202948004;1.0
416;0.0014599914429709315;1.0
417;0.0013969098217785358;1.0
418;0.0013147693825885653;1.0
419;0.0013759895227849483;1.0
420;0.0013737509725615382;1.0
421;0.0013890409609302878;1.0
422;0.0013496291358023882;1.0
423;0.0012754615163430572;1.0
424;0.0013614064082503319;1.0
425;0.0013494993327185512;1.0
426;0.001212956733070314;1.0
427;0.001418862957507372;1.0
428;0.0013844333589076996;1.0
429;0.0012555686989799142;1.0
430;0.0014281778130680323;1.0
431;0.0013249485054984689;1.0
432;0.0014639984583482146;1.0
433;0.0014630235964432359;1.0
434;0.0013877684250473976;0.9930070042610168
435;0.0011351607972756028;1.0
436;0.0013150360900908709;1.0
437;0.0013150316663086414;1.0
438;0.0013524265959858894;1.0
439;0.001263332786038518;1.0
440;0.001196421217173338;1.0
441;0.0012396076926961541;1.0
442;0.001381153124384582;1.0
443;0.001273629255592823;1.0
444;0.0012939854059368372;1.0
445;0.0012596510350704193;1.0
446;0.00114380510058254;1.0
447;0.0012457143748179078;1.0
448;0.001222536782734096;1.0
449;0.0012380433036014438;1.0
450;0.001403996953740716;1.0
451;0.0011009469162672758;1.0
452;0.001250743167474866;1.0
453;0.0011626672931015491;1.0
454;0.0012366932351142168;1.0
455;0.0011591549264267087;1.0
456;0.0014476734213531017;1.0
457;0.0011384719982743263;1.0
458;0.001182571635581553;1.0
459;0.0011846437118947506;1.0
460;0.00134179403539747;1.0
461;0.001337258843705058;1.0
462;0.0011935568181797862;1.0
463;0.001241880003362894;1.0
464;0.0012150706024840474;1.0
465;0.001262126606889069;1.0
466;0.00126123265363276;1.0
467;0.0011186377378180623;1.0
468;0.0010110180592164397;1.0
469;0.0012129548704251647;1.0
470;0.001143792294897139;1.0
471;0.0010981789091601968;1.0
472;0.001107720541767776;1.0
473;0.0011568514164537191;1.0
474;0.0010495635215193033;1.0
475;0.0011269424576312304;1.0
476;0.0011929714819416404;1.0
477;0.001123995054513216;1.0
478;0.001179359620437026;1.0
479;0.00104749936144799;1.0
480;0.0010982664534822106;1.0
481;0.0010650758631527424;1.0
482;0.0010400788160040975;1.0
483;0.001222889986820519;0.9860140085220337
484;0.0011536539532244205;1.0
485;0.001071457052603364;1.0
486;0.0010051960125565529;1.0
487;0.0010978450300171971;1.0
488;0.0010829572565853596;1.0
489;0.0010858597233891487;1.0
490;0.0010576560162007809;1.0
491;0.001027344143949449;1.0
492;0.0010552360909059644;1.0
493;0.0011721056653186679;1.0
494;0.0011682786280289292;1.0
495;0.0010238572722300887;1.0
496;0.0010950163705274463;1.0
497;0.0010827184887602925;1.0
498;0.0012196742463856936;1.0
499;0.0013224082067608833;0.9860140085220337
500;0.0012273938627913594;1.0
501;0.0014698576414957643;1.0
502;0.0011944628786295652;1.0
503;0.0011154392268508673;1.0
504;0.0012591970153152943;1.0
505;0.001315752393566072;1.0
506;0.0011178855784237385;1.0
507;0.00104737957008183;1.0
508;0.0013743978925049305;0.9790209531784058
509;0.0011219761800020933;1.0
510;0.0014013530453667045;1.0
511;0.0010533820604905486;1.0
512;0.0011763792717829347;1.0
513;0.0014155841199681163;1.0
514;0.0011207887437194586;1.0
515;0.001265383674763143;1.0
516;0.0014439523220062256;1.0
517;0.001244763028807938;1.0
518;0.0010848226957023144;1.0
519;0.0013307433109730482;1.0
520;0.001289748353883624;1.0
521;0.0011667815269902349;1.0
522;0.001012989436276257;1.0
523;0.0010301878210157156;1.0
524;0.0011722258059307933;1.0
525;0.001031185733154416;1.0
526;0.0010411563562229276;1.0
527;0.000922797538805753;1.0
528;0.0010583986295387149;1.0
529;0.001000510877929628;1.0
530;0.0009710803860798478;1.0
531;0.0009588130633346736;1.0
532;0.0009743456030264497;1.0
533;0.0010409752139821649;1.0
534;0.0008028924348764122;1.0
535;0.0010934508172795177;1.0
536;0.0010056603932753205;1.0
537;0.0009399865521118045;1.0
538;0.000939850346185267;1.0
539;0.0008818487985990942;1.0
540;0.0009379011462442577;1.0
541;0.0010023524519056082;1.0
542;0.0008246544748544693;1.0
543;0.00091919070109725;1.0
544;0.0009446105104871094;1.0
545;0.0008176458650268614;1.0
546;0.0008836532360874116;1.0
547;0.0008777614566497505;1.0
548;0.0009620559867471457;1.0
549;0.0009116256842389703;1.0
550;0.0009193834848701954;1.0
551;0.0008920439286157489;1.0
552;0.0009310689056292176;1.0
553;0.0009597488678991795;1.0
554;0.0009719665395095944;1.0
555;0.0009524691849946976;1.0
556;0.001041957177221775;1.0
557;0.0008584468741901219;1.0
558;0.0009706504642963409;1.0
559;0.0009094851557165384;1.0
560;0.000885074376128614;1.0
561;0.0009929847437888384;1.0
562;0.0009427688783034682;1.0
563;0.0008724257932044566;1.0
564;0.0008234640117734671;1.0
565;0.00092683220282197;1.0
566;0.0008797745686024427;1.0
567;0.0010096890619024634;1.0
568;0.0008969618938863277;1.0
569;0.0007951509905979037;1.0
570;0.0008443925762549043;1.0
571;0.0008947457536123693;1.0
572;0.0009206046815961599;1.0
573;0.0008839569054543972;1.0
574;0.0008782183867879212;1.0
575;0.0007453504367731512;1.0
576;0.0008155044633895159;1.0
577;0.0008626513299532235;1.0
578;0.0008846423006616533;1.0
579;0.0009142555063590407;1.0
580;0.0008090328192338347;1.0
581;0.0008886896539479494;1.0
582;0.000850742100737989;1.0
583;0.0010134826879948378;1.0
584;0.0008014132035896182;1.0
585;0.000859523774124682;1.0
586;0.0008949123439379036;1.0
587;0.0008222346077673137;1.0
588;0.0009366895537823439;1.0
589;0.0010219706455245614;1.0
590;0.0008654745179228485;1.0
591;0.000755787652451545;1.0
592;0.0007939081406220794;1.0
593;0.0009533720440231264;1.0
594;0.0008451842586509883;1.0
595;0.0007441528141498566;1.0
596;0.0008072275668382645;1.0
597;0.000850855722092092;1.0
598;0.0007729309727437794;1.0
599;0.0007818445446901023;1.0
600;0.0008045685244724154;1.0
601;0.0008230329840444028;1.0
602;0.0008292780839838088;1.0
603;0.0008119052508845925;1.0
604;0.0008451758185401559;1.0
605;0.0007688243640586734;1.0
606;0.0008368858834728599;1.0
607;0.0007784060435369611;1.0
608;0.0008635012782178819;1.0
609;0.0007729876670055091;1.0
610;0.0008037173538468778;1.0
611;0.0008322304347530007;1.0
612;0.000799655681475997;1.0
613;0.0007897876785136759;1.0
614;0.0007054433808661997;1.0
615;0.000793826999142766;1.0
616;0.0007597710355184972;1.0
617;0.0006771284388378263;1.0
618;0.0007980610243976116;1.0
619;0.0007702460279688239;1.0
620;0.0006452312809415162;1.0
621;0.0007671458879485726;1.0
622;0.000790129997767508;1.0
623;0.0007776380516588688;1.0
624;0.0006766350707039237;1.0
625;0.00082576455315575;1.0
626;0.0007682255818508565;1.0
627;0.000723064411431551;1.0
628;0.0008075562072917819;1.0
629;0.000811113219242543;1.0
630;0.0007484965608455241;1.0
631;0.0007915911846794188;1.0
632;0.0007676102686673403;1.0
633;0.0008982032304629683;1.0
634;0.0007816681754775345;1.0
635;0.0007205092115327716;1.0
636;0.000778854766394943;1.0
637;0.0008376531768590212;1.0
638;0.0007457049214281142;1.0
639;0.0007976946071721613;1.0
640;0.0007858564495109022;1.0
641;0.0008226939244195819;1.0
642;0.0007526691188104451;1.0
643;0.0007453701691702008;1.0
644;0.0008867267752066255;1.0
645;0.0008314419537782669;1.0
646;0.0007509515271522105;1.0
647;0.0007360597955994308;1.0
648;0.0007791434763930738;1.0
649;0.0007805231143720448;1.0
650;0.0007859590114094317;1.0
651;0.0008340059430338442;1.0
652;0.0007353466935455799;1.0
653;0.0007569070439785719;1.0
654;0.0007303362363018095;1.0
655;0.0007344554178416729;1.0
656;0.0007690378115512431;1.0
657;0.0007549180299974978;1.0
658;0.000768049736507237;1.0
659;0.0007335511036217213;1.0
660;0.0006672923918813467;1.0
661;0.0006656295154243708;1.0
662;0.0008290804689750075;1.0
663;0.00085491529898718;1.0
664;0.0007988613797351718;1.0
665;0.0006986358785070479;1.0
666;0.0007433773716911674;1.0
667;0.0007330549415200949;1.0
668;0.000675198738463223;1.0
669;0.0007143484544940293;1.0
670;0.000631481409072876;1.0
671;0.0007268469780683517;1.0
672;0.0007336072740145028;1.0
673;0.0006782179116271436;1.0
674;0.0007025697850622237;1.0
675;0.0006534457788802683;1.0
676;0.0007688445621170104;1.0
677;0.0007169860764406621;1.0
678;0.0006648866110481322;1.0
679;0.0007156027131713927;1.0
680;0.000702872290275991;1.0
681;0.0007208901806734502;1.0
682;0.0006515372660942376;1.0
683;0.00067605433287099;1.0
684;0.0006931067327968776;1.0
685;0.0006997890886850655;1.0
686;0.000637454679235816;1.0
687;0.0006297737127169967;1.0
688;0.0006388865294866264;1.0
689;0.0006541782058775425;1.0
690;0.0007458690088242292;1.0
691;0.0006745817372575402;1.0
692;0.0006260094814933836;1.0
693;0.0007509838906116784;1.0
694;0.0007096166373230517;1.0
695;0.0007152318139560521;1.0
696;0.0005564072635024786;1.0
697;0.0006540430476889014;1.0
698;0.0006427479675039649;1.0
699;0.0006910932715982199;1.0
700;0.0006503274780698121;1.0
701;0.0006808468606323004;1.0
702;0.000613651005551219;1.0
703;0.000624616164714098;1.0
704;0.0006530946702696383;1.0
705;0.0005443960544653237;1.0
706;0.0006817664252594113;1.0
707;0.0006354188080877066;1.0
708;0.0005887026200070977;1.0
709;0.0006284639821387827;1.0
710;0.000562175118830055;1.0
711;0.0007612800691276789;1.0
712;0.0006348674069158733;1.0
713;0.0006440986762754619;1.0
714;0.0005982430884614587;1.0
715;0.000671848189085722;1.0
716;0.0006074862321838737;1.0
717;0.0006110405083745718;1.0
718;0.0007591419853270054;1.0
719;0.0005727937095798552;1.0
720;0.0007038087933324277;1.0
721;0.0006592148565687239;1.0
722;0.000763924210332334;1.0
723;0.0006889873766340315;1.0
724;0.0006704599945805967;1.0
725;0.0005943877040408552;1.0
726;0.0007358170114457607;1.0
727;0.0006372047937475145;1.0
728;0.0006943573243916035;1.0
729;0.0006952617550268769;1.0
730;0.0005917105590924621;1.0
731;0.0006243209354579449;1.0
732;0.0007225546869449317;1.0
733;0.0006278011132963002;1.0
734;0.0006430484936572611;1.0
735;0.0005748709081672132;1.0
736;0.0006110319518484175;1.0
737;0.0005990869831293821;1.0
738;0.0005962939467281103;1.0
739;0.0006241752416826785;1.0
740;0.0005109517951495945;1.0
741;0.0006068533984944224;1.0
742;0.0006032388191670179;1.0
743;0.0005713010323233902;1.0
744;0.0006009534699842334;1.0
745;0.0006514951819553971;1.0
746;0.0005862785037606955;1.0
747;0.0005471577751450241;1.0
748;0.0006062243483029306;1.0
749;0.0005917556118220091;1.0
750;0.0006605072412639856;1.0
751;0.0005997400148771703;1.0
752;0.0005538379773497581;1.0
753;0.0005901866243220866;1.0
754;0.0006267071585170925;1.0
755;0.0006088174995966256;1.0
756;0.0006006593466736376;1.0
757;0.0005841551464982331;1.0
758;0.0006697348435409367;1.0
759;0.0005309255211614072;1.0
760;0.0005547930486500263;1.0
761;0.0005396041669882834;1.0
762;0.0006881827721372247;1.0
763;0.000567338487599045;1.0
764;0.0005681552574969828;1.0
765;0.0005743572837673128;1.0
766;0.0005841703386977315;1.0
767;0.000626427005045116;1.0
768;0.0006238423520699143;1.0
769;0.0006357064703479409;1.0
770;0.000617770419921726;1.0
771;0.0005726037779822946;1.0
772;0.0006335359066724777;1.0
773;0.0005205956404097378;1.0
774;0.0005692812264896929;1.0
775;0.0006038469728082418;1.0
776;0.000554529600776732;1.0
777;0.0006468616193160415;1.0
778;0.0005699116736650467;1.0
779;0.0005820217193104327;1.0
780;0.0005690974649041891;1.0
781;0.0005312098073773086;1.0
782;0.0005587818450294435;1.0
783;0.0005915049696341157;1.0
784;0.0006126717198640108;1.0
785;0.000497290282510221;1.0
786;0.0006253929459489882;1.0
787;0.0005642577889375389;1.0
788;0.0005512470379471779;1.0
789;0.0005740536144003272;1.0
790;0.0005174257094040513;1.0
791;0.0005245134234428406;1.0
792;0.0005987489130347967;1.0
793;0.0005515757366083562;1.0
794;0.0005524798762053251;1.0
795;0.0005532255163416266;1.0
796;0.0004732661182060838;1.0
797;0.0005976217216812074;1.0
798;0.0005550841451622546;1.0
799;0.0005418431246653199;1.0
800;0.0005181281012482941;1.0
801;0.0005673005362041295;1.0
802;0.0004536026681307703;1.0
803;0.0005799413193017244;1.0
804;0.0004843462957069278;1.0
805;0.0005980731802992523;1.0
806;0.0005400440422818065;1.0
807;0.00046218172064982355;1.0
808;0.0005462820408865809;1.0
809;0.0005430694436654449;1.0
810;0.0006322436966001987;1.0
811;0.0005822530365549028;1.0
812;0.0005239917081780732;1.0
813;0.0005198029102757573;1.0
814;0.000516157248057425;1.0
815;0.0005171185475774109;1.0
816;0.0005359555361792445;1.0
817;0.0005141028668731451;1.0
818;0.0005198589060455561;1.0
819;0.0004960389342159033;1.0
820;0.000507317716255784;1.0
821;0.0005334012676030397;1.0
822;0.0005551137146539986;1.0
823;0.0004774516564793885;1.0
824;0.0005102639552205801;1.0
825;0.0004892467404715717;1.0
826;0.0004873053403571248;1.0
827;0.000546125927940011;1.0
828;0.0004648783360607922;1.0
829;0.0004914911696687341;1.0
830;0.0005242921179160476;1.0
831;0.0005243050982244313;1.0
832;0.00047674772213213146;1.0
833;0.0005272995913401246;1.0
834;0.0005149634671397507;1.0
835;0.0005211360985413194;1.0
836;0.0005249487003311515;1.0
837;0.0004998401273041964;1.0
838;0.0005114804371260107;1.0
839;0.0005272768903523684;1.0
840;0.0005441697430796921;1.0
841;0.0005445681163109839;1.0
842;0.0005216001300141215;1.0
843;0.0005016902578063309;1.0
844;0.0004962379462085664;1.0
845;0.0004776695277541876;1.0
846;0.00050944066606462;1.0
847;0.00043532176641747355;1.0
848;0.00047621421981602907;1.0
849;0.0004923313390463591;1.0
850;0.00047864182852208614;1.0
851;0.0004914941382594407;1.0
852;0.0005002263933420181;1.0
853;0.0005489564500749111;1.0
854;0.0005314398440532386;1.0
855;0.0005691298865713179;1.0
856;0.0005162911838851869;1.0
857;0.0005312907160259783;1.0
858;0.0004623464774340391;1.0
859;0.00048138905549421906;1.0
860;0.0005075555527582765;1.0
861;0.00048092336510308087;1.0
862;0.0005692470585927367;1.0
863;0.00046369098708964884;1.0
864;0.0005896000657230616;1.0
865;0.00045986234908923507;1.0
866;0.00048266275553032756;1.0
867;0.0005231602699495852;1.0
868;0.0004997597425244749;1.0
869;0.0004110602894797921;1.0
870;0.0005099237314425409;1.0
871;0.0005302389618009329;1.0
872;0.0005001358222216368;1.0
873;0.000488657969981432;1.0
874;0.0004712760855909437;1.0
875;0.0004260375862941146;1.0
876;0.0004833041166421026;1.0
877;0.0004408743989188224;1.0
878;0.0005247328663244843;1.0
879;0.0005195150733925402;1.0
880;0.00044451214489527047;1.0
881;0.00047116901259869337;1.0
882;0.00047375052236020565;1.0
883;0.00047334207920357585;1.0
884;0.00047636195085942745;1.0
885;0.0005470504402182996;1.0
886;0.0005128111806698143;1.0
887;0.0007745889015495777;1.0
888;0.0005401050439104438;1.0
889;0.0005103045841678977;1.0
890;0.0006300485692918301;1.0
891;0.0005684175412170589;1.0
892;0.0005934599903412163;1.0
893;0.0005807547713629901;1.0
894;0.0005922597483731806;1.0
895;0.0005913865752518177;1.0
896;0.0004985374980606139;1.0
897;0.0005642513860948384;1.0
898;0.000597278936766088;1.0
899;0.0004967398708686233;1.0
900;0.00046123654465191066;1.0
901;0.00046671097516082227;1.0
902;0.0005625046323984861;1.0
903;0.0005054230568930507;1.0
904;0.0004494682070799172;1.0
905;0.0005662917392328382;1.0
906;0.000474922067951411;1.0
907;0.0004977777134627104;1.0
908;0.0004305538604967296;1.0
909;0.0004501517105381936;1.0
910;0.0005603613099083304;1.0
911;0.0004550399607978761;1.0
912;0.000516351661644876;1.0
913;0.0005062646814621985;1.0
914;0.00042285944800823927;1.0
915;0.00046669173752889037;1.0
916;0.0005041023250669241;1.0
917;0.0004648124158848077;1.0
918;0.00048731741844676435;1.0
919;0.0005099967820569873;1.0
920;0.0004520922957453877;1.0
921;0.00048117697588168085;1.0
922;0.000482699804706499;1.0
923;0.0005252289120107889;1.0
924;0.0004514428728725761;1.0
925;0.0004397909215185791;1.0
926;0.00047024330706335604;1.0
927;0.0004339433216955513;1.0
928;0.00041815717122517526;1.0
929;0.0004593127523548901;1.0
930;0.0004091080045327544;1.0
931;0.000455851957667619;1.0
932;0.00041703757597133517;1.0
933;0.0004190611944068223;1.0
934;0.0004766345373354852;1.0
935;0.0004611319745890796;1.0
936;0.0004608699819073081;1.0
937;0.0004212688945699483;1.0
938;0.0004194923385512084;1.0
939;0.0004101867089048028;1.0
940;0.000410153268603608;1.0
941;0.00039880594704300165;1.0
942;0.0004213292559143156;1.0
943;0.0003914229164365679;1.0
944;0.00039618293521925807;1.0
945;0.00041639895061962306;1.0
946;0.0003910638624802232;1.0
947;0.0004844813665840775;1.0
948;0.0004499582282733172;1.0
949;0.00044448443804867566;1.0
950;0.0004591291071847081;1.0
951;0.0004426800587680191;1.0
952;0.00045482831774279475;1.0
953;0.00040023692417889833;1.0
954;0.00039641436887905;1.0
955;0.0003912197716999799;1.0
956;0.0004197549424134195;1.0
957;0.00042458123061805964;1.0
958;0.00048458133824169636;1.0
959;0.00042934215161949396;1.0
960;0.0004810395184904337;1.0
961;0.0004867087409365922;1.0
962;0.0003586751117836684;1.0
963;0.0004482586809899658;1.0
964;0.00040210847510024905;1.0
965;0.0003967505181208253;1.0
966;0.0004408397653605789;1.0
967;0.0003732152981683612;1.0
968;0.0004307903000153601;1.0
969;0.0004100415972061455;1.0
970;0.0004093703755643219;1.0
971;0.000400593999074772;1.0
972;0.00040790982893668115;1.0
973;0.00045240853796713054;1.0
974;0.00035949438461102545;1.0
975;0.00037691890611313283;1.0
976;0.00036621137405745685;1.0
977;0.0003952808619942516;1.0
978;0.00042638953891582787;1.0
979;0.0004167793958913535;1.0
980;0.00035885360557585955;1.0
981;0.0003399458946660161;1.0
982;0.0004340420418884605;1.0
983;0.00038425446837209165;1.0
984;0.000400524033466354;1.0
985;0.00039807986468076706;1.0
986;0.00035597276291809976;1.0
987;0.0004230124759487808;1.0
988;0.0003545136423781514;1.0
989;0.0004622442356776446;1.0
990;0.00039075411041267216;1.0
991;0.00039193485281430185;1.0
992;0.0003205577959306538;1.0
993;0.00042270281119272113;1.0
994;0.00040918219019658864;1.0
995;0.0003937678411602974;1.0
996;0.0004609836032614112;1.0
997;0.0003637602203525603;1.0
998;0.00042512352229095995;1.0
999;0.0003561591438483447;1.0
1000;0.0004207518941257149;1.0
1001;0.0004393143462948501;1.0
1002;0.0004035478050354868;1.0
1003;0.0003866765182465315;1.0
1004;0.00037716765655204654;1.0
1005;0.0003950531827285886;1.0
1006;0.00036582027678377926;1.0
1007;0.00038520770613104105;1.0
1008;0.00041936320485547185;1.0
1009;0.00038547086296603084;1.0
1010;0.0004040867497678846;1.0
1011;0.0003894795081578195;1.0
1012;0.00041134172352030873;1.0
1013;0.00039533767267130315;1.0
1014;0.0003857224073726684;1.0
1015;0.00037195769255049527;1.0
1016;0.00040379707934334874;1.0
1017;0.00035774227580986917;1.0
1018;0.0003967724333051592;1.0
1019;0.0004113306349609047;1.0
1020;0.0003589430416468531;1.0
1021;0.0003610939020290971;1.0
1022;0.0003549006942193955;1.0
1023;0.00037839997094124556;1.0
1024;0.00034368582419119775;1.0
1025;0.00038318525184877217;1.0
1026;0.00039566890336573124;1.0
1027;0.0003196627658326179;1.0
1028;0.0003561510529834777;1.0
1029;0.0004209962207823992;1.0
1030;0.0003488067595753819;1.0
1031;0.0003520641475915909;1.0
1032;0.0003672665625344962;1.0
1033;0.0004122699028812349;1.0
1034;0.0003919165174011141;1.0
1035;0.00042958170524798334;1.0
1036;0.00035178635152988136;1.0
1037;0.0003890057560056448;1.0
1038;0.00039455166552215815;1.0
1039;0.00037328992038965225;1.0
1040;0.0004188614257145673;1.0
1041;0.00039431522600352764;1.0
1042;0.0003122858761344105;1.0
1043;0.00038206830504350364;1.0
1044;0.00032994645880535245;1.0
1045;0.0003672080929391086;1.0
1046;0.00037822138983756304;1.0
1047;0.00039698724867776036;1.0
1048;0.0003579011536203325;1.0
1049;0.0003917732974514365;1.0
1050;0.0003334969514980912;1.0
1051;0.0003753397613763809;1.0
1052;0.000426362530561164;1.0
1053;0.00043875680421479046;1.0
1054;0.00033483695005998015;1.0
1055;0.000372028152924031;1.0
1056;0.00037926825461909175;1.0
1057;0.00034431644598953426;1.0
1058;0.0003523151681292802;1.0
1059;0.00038162287091836333;1.0
1060;0.00035079062217846513;1.0
1061;0.0003242870734538883;1.0
1062;0.00033523887395858765;1.0
1063;0.0003520623140502721;1.0
1064;0.00039391443715430796;1.0
1065;0.00037741995765827596;1.0
1066;0.00034358302946202457;1.0
1067;0.0003867004415951669;1.0
1068;0.0003997872117906809;1.0
1069;0.0003335502406116575;1.0
1070;0.00034826790215447545;1.0
1071;0.000323496205965057;1.0
1072;0.0003293764893896878;1.0
1073;0.00035841413773596287;1.0
1074;0.0003188383125234395;1.0
1075;0.00036677083699032664;1.0
1076;0.00035398005275055766;1.0
1077;0.0003683684335555881;1.0
1078;0.00032665717299096286;1.0
1079;0.0003382348222658038;1.0
1080;0.0003546138759702444;1.0
1081;0.00031534599838778377;1.0
1082;0.0003962515329476446;1.0
1083;0.0003588181280065328;1.0
1084;0.0004087979323230684;1.0
1085;0.00029417555197142065;1.0
1086;0.00037045107455924153;1.0
1087;0.00030496035469695926;1.0
1088;0.00035244098398834467;1.0
1089;0.00031043897615745664;1.0
1090;0.00029994678334333;1.0
1091;0.0003233841562177986;1.0
1092;0.000356684293365106;1.0
1093;0.00033894472289830446;1.0
1094;0.0003405876050237566;1.0
1095;0.00029497084324248135;1.0
1096;0.000326045963447541;1.0
1097;0.00034642749233171344;1.0
1098;0.0003127925156150013;1.0
1099;0.00035675038816407323;1.0
1100;0.0003645067336037755;1.0
1101;0.00037905684439465404;1.0
1102;0.0003070587117690593;1.0
1103;0.00034222553949803114;1.0
1104;0.0003450414806138724;1.0
1105;0.0003442595188971609;1.0
1106;0.00034465279895812273;1.0
1107;0.00033650622935965657;1.0
1108;0.0003350616607349366;1.0
1109;0.00032797324820421636;1.0
1110;0.0003508245281409472;1.0
1111;0.00030905005405656993;1.0
1112;0.0003183133958373219;1.0
1113;0.0003304599958937615;1.0
1114;0.00029584046569652855;1.0
1115;0.00032825744710862637;1.0
1116;0.00033037946559488773;1.0
1117;0.00029442901723086834;1.0
1118;0.00034039170714095235;1.0
1119;0.00031537216273136437;1.0
1120;0.0003287342842668295;1.0
1121;0.0003267389547545463;1.0
1122;0.0003074124688282609;1.0
1123;0.0003448842908255756;1.0
1124;0.0003212364390492439;1.0
1125;0.00034790777135640383;1.0
1126;0.0003351912891957909;1.0
1127;0.0003145831578876823;1.0
1128;0.00033190366229973733;1.0
1129;0.00030574738048017025;1.0
1130;0.0003744552959688008;1.0
1131;0.00033206705120392144;1.0
1132;0.0002603049506433308;1.0
1133;0.0003384004521649331;1.0
1134;0.0003656652115751058;1.0
1135;0.00030389789026230574;1.0
1136;0.0003159725747536868;1.0
1137;0.000308682065224275;1.0
1138;0.0003256145864725113;1.0
1139;0.0002898626262322068;1.0
1140;0.0003092826227657497;1.0
1141;0.00036768190329894423;1.0
1142;0.0002977055264636874;1.0
1143;0.00035086163552477956;1.0
1144;0.0003363704599905759;1.0
1145;0.0003420467546675354;1.0
1146;0.0003120342153124511;1.0
1147;0.0003111175028607249;1.0
1148;0.00034515035804361105;1.0
1149;0.0003318025846965611;1.0
1150;0.00031104625668376684;1.0
1151;0.0003260569355916232;1.0
1152;0.00033509344211779535;1.0
1153;0.0003096797445323318;1.0
1154;0.0003014703979715705;1.0
1155;0.0002725717786233872;1.0
1156;0.0003085274074692279;1.0
1157;0.00031785215833224356;1.0
1158;0.0003125227231066674;1.0
1159;0.0003412006772123277;1.0
1160;0.0003293046320322901;1.0
1161;0.0003358062822371721;1.0
1162;0.00034410334774293005;1.0
1163;0.00031498781754635274;1.0
1164;0.0003281879471614957;1.0
1165;0.00027787944418378174;1.0
1166;0.000302348576951772;1.0
1167;0.0003038462018594146;1.0
1168;0.0002850466698873788;1.0
1169;0.0003383801376912743;1.0
1170;0.00030845330911688507;1.0
1171;0.00033948998316191137;1.0
1172;0.0003185155219398439;1.0
1173;0.00032254078541882336;1.0
1174;0.00036985622136853635;1.0
1175;0.0003750721807591617;1.0
1176;0.0003621540672611445;1.0
1177;0.00043320379336364567;1.0
1178;0.0003942002367693931;1.0
1179;0.001409493968822062;0.9650349617004395
1180;0.00558815710246563;0.8251748085021973
1181;0.009326685220003128;0.7132866978645325
1182;0.01376271527260542;0.5804196000099182
1183;0.010683932341635227;0.5804196000099182
1184;0.01034284196794033;0.5874125957489014
1185;0.010571569204330444;0.6503496766090393
1186;0.010817634873092175;0.6153846383094788
1187;0.009936647489666939;0.6713286638259888
1188;0.010664887726306915;0.6783216595649719
1189;0.009155374020338058;0.7692307829856873
1190;0.008552420884370804;0.7692307829856873
1191;0.00781774427741766;0.7622377872467041
1192;0.006165268365293741;0.8321678042411804
1193;0.005263145547360182;0.9020978808403015
1194;0.005515492986887693;0.9020978808403015
1195;0.004614545498043299;0.9370629191398621
1196;0.004885504022240639;0.9090909361839294
1197;0.004539338406175375;0.8951048851013184
1198;0.003638671012595296;0.9580419659614563
1199;0.003456947859376669;0.9510489702224731
1200;0.003482178784906864;0.9580419659614563
1201;0.0030767247080802917;0.9650349617004395
1202;0.0030837911181151867;0.9650349617004395
1203;0.002937827492132783;0.9510489702224731
1204;0.002972204005345702;0.9720279574394226
1205;0.0024954834952950478;0.9860140085220337
1206;0.002891284879297018;0.9580419659614563
1207;0.0021994318813085556;0.9930070042610168
1208;0.0022502481006085873;0.9930070042610168
1209;0.001971231773495674;0.9930070042610168
1210;0.0018547546351328492;0.9860140085220337
1211;0.0019256204832345247;0.9720279574394226
1212;0.0017182569717988372;0.9860140085220337
1213;0.001683891867287457;0.9930070042610168
1214;0.0016613123007118702;0.9860140085220337
1215;0.0015286089619621634;1.0
1216;0.0013374037807807326;1.0
1217;0.0013546192785724998;1.0
1218;0.0014699522871524096;1.0
1219;0.0011886197607964277;1.0
1220;0.0011065464932471514;1.0
1221;0.001149313640780747;1.0
1222;0.0009222910739481449;1.0
1223;0.0010805559577420354;1.0
1224;0.000980402110144496;1.0
1225;0.0009454515529796481;1.0
1226;0.0008706811349838972;1.0
1227;0.0009585254592821002;1.0
1228;0.0008992849034257233;1.0
1229;0.0008422504179179668;1.0
1230;0.0008151758229359984;1.0
1231;0.0007146763964556158;1.0
1232;0.0007632471388205886;1.0
1233;0.0007797227590344846;1.0
1234;0.0007587929139845073;1.0
1235;0.0007333922549150884;1.0
1236;0.0006468818173743784;1.0
1237;0.0006543368799611926;1.0
1238;0.0006499814335256815;1.0
1239;0.0006278072251006961;1.0
1240;0.0006143834907561541;1.0
1241;0.0006383617874234915;1.0
1242;0.000570713251363486;1.0
1243;0.0005429925513453782;1.0
1244;0.0006032661185599864;1.0
1245;0.0005582915036939085;1.0
1246;0.0005651849205605686;1.0
1247;0.0005730933044105768;1.0
1248;0.0005348521517589688;1.0
1249;0.0005585495964623988;1.0
1250;0.0005349696148186922;1.0
1251;0.0004889406845904887;1.0
1252;0.0005129835335537791;1.0
1253;0.0004927528207190335;1.0
1254;0.00047795771388337016;1.0
1255;0.0004695081734098494;1.0
1256;0.0005015673232264817;1.0
1257;0.0004960304358974099;1.0
1258;0.0004920314531773329;1.0
1259;0.000517170992679894;1.0
1260;0.00044057186460122466;1.0
1261;0.00047906243707984686;1.0
1262;0.0005036528455093503;1.0
1263;0.00045226822840049863;1.0
1264;0.0004770388186443597;1.0
1265;0.0004064110980834812;1.0
1266;0.000463455799035728;1.0
1267;0.0004700745630543679;1.0
1268;0.00043255212949588895;1.0
1269;0.0005146642797626555;1.0
1270;0.00047143298434093595;1.0
1271;0.00043435784755274653;1.0
1272;0.0004143000696785748;1.0
1273;0.00043378755799494684;1.0
1274;0.0004549607401713729;1.0
1275;0.0003968829696532339;1.0
1276;0.00041022966615855694;1.0
1277;0.0004168040759395808;1.0
1278;0.0004108342109248042;1.0
1279;0.0004329866205807775;1.0
1280;0.0004051990690641105;1.0
1281;0.00040432572131976485;1.0
1282;0.00040799888665787876;1.0
1283;0.0004116891941521317;1.0
1284;0.00043047021608799696;1.0
1285;0.0004006901290267706;1.0
1286;0.0004029120609629899;1.0
1287;0.000432503002230078;1.0
1288;0.00043271732283756137;1.0
1289;0.00040884397458285093;1.0
1290;0.00040096070733852684;1.0
1291;0.00038425184902735054;1.0
1292;0.00039132448728196323;1.0
1293;0.0004065091779921204;1.0
1294;0.0003874807443935424;1.0
1295;0.00041567638982087374;1.0
1296;0.0004055079189129174;1.0
1297;0.0003835330135188997;1.0
1298;0.00040902080945670605;1.0
1299;0.00034724792931228876;1.0
1300;0.0003742218832485378;1.0
1301;0.00038151268381625414;1.0
1302;0.00036443836870603263;1.0
1303;0.000361200567567721;1.0
1304;0.0003841698926407844;1.0
1305;0.0003729599411599338;1.0
1306;0.00040896038990467787;1.0
1307;0.00031165994005277753;1.0
1308;0.00032151586492545903;1.0
1309;0.0004852930724155158;1.0
1310;0.00039478472899645567;1.0
1311;0.0003584329388104379;1.0
1312;0.0003671498561743647;1.0
1313;0.00039202196057885885;1.0
1314;0.0004252688668202609;1.0
1315;0.00041626018355600536;1.0
1316;0.00033841506228782237;1.0
1317;0.0003633726737461984;1.0
1318;0.000312519638100639;1.0
1319;0.0004075603501405567;1.0
1320;0.0003940133028663695;1.0
1321;0.00034505079383961856;1.0
1322;0.00035816096351481974;1.0
1323;0.00036336961784400046;1.0
1324;0.000373717222828418;1.0
1325;0.00035038526402786374;1.0
1326;0.0003542450722306967;1.0
1327;0.00035232212394475937;1.0
1328;0.0003583431534934789;1.0
1329;0.0003843802842311561;1.0
1330;0.00034629114088602364;1.0
1331;0.00035513780312612653;1.0
1332;0.0003387770557310432;1.0
1333;0.0003500421589706093;1.0
1334;0.0003645241667982191;1.0
1335;0.0003755656653083861;1.0
1336;0.000316872785333544;1.0
1337;0.00033048109617084265;1.0
1338;0.0003526395885273814;1.0
1339;0.00035009070415981114;1.0
1340;0.00032226392067968845;1.0
1341;0.0003405975876376033;1.0
1342;0.00030597762088291347;1.0
1343;0.0003152643039356917;1.0
1344;0.0003849402128253132;1.0
1345;0.0003053080290555954;1.0
1346;0.000353653245838359;1.0
1347;0.0003278686199337244;1.0
1348;0.00030801870161667466;1.0
1349;0.0003281625686213374;1.0
1350;0.0003566287341527641;1.0
1351;0.0003720272798091173;1.0
1352;0.00034543834044598043;1.0
1353;0.00031144809327088296;1.0
1354;0.00031085213413462043;1.0
1355;0.00032309070229530334;1.0
1356;0.00035255332477390766;1.0
1357;0.00030821451218798757;1.0
1358;0.00035457860212773085;1.0
1359;0.00032148699392564595;1.0
1360;0.0003252255264669657;1.0
1361;0.0003372867649886757;1.0
1362;0.00029889948200434446;1.0
1363;0.000386132305720821;1.0
1364;0.00036164082121104;1.0
1365;0.0003278378280811012;1.0
1366;0.0003236904740333557;1.0
1367;0.0002965613966807723;1.0
1368;0.0003086965880356729;1.0
1369;0.00027799748932011425;1.0
1370;0.00030509187490679324;1.0
1371;0.00031622895039618015;1.0
1372;0.0003383131988812238;1.0
1373;0.0003274753980804235;1.0
1374;0.00030472062644548714;1.0
1375;0.0002940777922049165;1.0
1376;0.0003157427127007395;1.0
1377;0.0003097039880231023;1.0
1378;0.00031528412364423275;1.0
1379;0.0003289486048743129;1.0
1380;0.0003252292808610946;1.0
1381;0.0003088724333792925;1.0
1382;0.0002978375123348087;1.0
1383;0.00029331547557376325;1.0
1384;0.0003433325618971139;1.0
1385;0.00032618685509078205;1.0
1386;0.0002688411914277822;1.0
1387;0.00030673929722979665;1.0
1388;0.00027035234961658716;1.0
1389;0.0002998092968482524;1.0
1390;0.0003097248845733702;1.0
1391;0.0002820853260345757;1.0
1392;0.00026826848625205457;1.0
1393;0.00029537154478020966;1.0
1394;0.0003066883946303278;1.0
1395;0.00033993340912275016;1.0
1396;0.00031664790003560483;1.0
1397;0.00029510597232729197;1.0
1398;0.00029165594605728984;1.0
1399;0.0002707908861339092;1.0
1400;0.00026637924020178616;1.0
1401;0.00030762888491153717;1.0
1402;0.00029066286515444517;1.0
1403;0.0003125197545159608;1.0
1404;0.00027491312357597053;1.0
1405;0.0002979689743369818;1.0
1406;0.0002804438991006464;1.0
1407;0.0002766051620710641;1.0
1408;0.00026652959058992565;1.0
1409;0.0002939531404990703;1.0
1410;0.00030566376517526805;1.0
1411;0.0002748217375483364;1.0
1412;0.00028534975717775524;1.0
1413;0.0002500879345461726;1.0
1414;0.0002723690995480865;1.0
1415;0.00030441046692430973;1.0
1416;0.00031432087416760623;1.0
1417;0.0002846834249794483;1.0
1418;0.00028231003670953214;1.0
1419;0.0002947304164990783;1.0
1420;0.0002954174706246704;1.0
1421;0.00028732363716699183;1.0
1422;0.0002849396551027894;1.0
1423;0.00027533239335753024;1.0
1424;0.0003104284987784922;1.0
1425;0.00033198774326592684;1.0
1426;0.00028129975544288754;1.0
1427;0.00030785243143327534;1.0
1428;0.0003232905291952193;1.0
1429;0.0002876141807064414;1.0
1430;0.00024026594473980367;1.0
1431;0.0002690874971449375;1.0
1432;0.0002887367154471576;1.0
1433;0.00028480574837885797;1.0
1434;0.0002695263538043946;1.0
1435;0.0003267164865974337;1.0
1436;0.00027767347637563944;1.0
1437;0.0002836508792825043;1.0
1438;0.00028329581255093217;1.0
1439;0.0002783763047773391;1.0
1440;0.00027473599766381085;1.0
1441;0.00026080990210175514;1.0
1442;0.0002502797287888825;1.0
1443;0.0002686505322344601;1.0
1444;0.0003053241816814989;1.0
1445;0.0003087252553086728;1.0
1446;0.0002635954588185996;1.0
1447;0.0003047441423404962;1.0
1448;0.00027380138635635376;1.0
1449;0.0002805205003824085;1.0
1450;0.00030007099849171937;1.0
1451;0.00027659538318403065;1.0
1452;0.00029636919498443604;1.0
1453;0.0002744688536040485;1.0
1454;0.0002397803182248026;1.0
1455;0.00030500683351419866;1.0
1456;0.00026765442453324795;1.0
1457;0.0002636714489199221;1.0
1458;0.0002595781406853348;1.0
1459;0.00027203388162888587;1.0
1460;0.00026661157608032227;1.0
1461;0.0002688656677491963;1.0
1462;0.00027802374097518623;1.0
1463;0.0002521502610761672;1.0
1464;0.00023763516219332814;1.0
1465;0.0002918037644121796;1.0
1466;0.0002589253999758512;1.0
1467;0.0002878833038266748;1.0
1468;0.00021976530842948705;1.0
1469;0.0002472474006935954;1.0
1470;0.0002470239414833486;1.0
1471;0.00025454736896790564;1.0
1472;0.0002736168971750885;1.0
1473;0.0002382345119258389;1.0
1474;0.0002768861595541239;1.0
1475;0.00028054649010300636;1.0
1476;0.0002488606551196426;1.0
1477;0.0002647697110660374;1.0
1478;0.00026124512078240514;1.0
1479;0.0002856401551980525;1.0
1480;0.0002800447109621018;1.0
1481;0.0002707899548113346;1.0
1482;0.00028642037068493664;1.0
1483;0.0002710485423449427;1.0
1484;0.0002461232361383736;1.0
1485;0.0002658830489963293;1.0
1486;0.00032006626133807003;1.0
1487;0.00026171118952333927;1.0
1488;0.00024335950729437172;1.0
1489;0.0002714141155593097;1.0
1490;0.0002846851712092757;1.0
1491;0.00027711904840543866;1.0
1492;0.00026425972464494407;1.0
1493;0.00024226558161899447;1.0
1494;0.00023156916722655296;1.0
1495;0.00024352777109015733;1.0
1496;0.0002597536949906498;1.0
1497;0.00024173487327061594;1.0
1498;0.0002312237920705229;1.0
1499;0.00026226171758025885;1.0
