iteration;loss;accuracy
0;0.01765432208776474;0.0699300691485405
1;0.01657501980662346;0.0559440553188324
2;0.016927223652601242;0.07692307978868484
3;0.016804048791527748;0.0979020968079567
4;0.01647830381989479;0.1258741319179535
5;0.016424650326371193;0.10489510744810104
6;0.016431571915745735;0.14685314893722534
7;0.016407908871769905;0.10489510744810104
8;0.01641313172876835;0.10489510744810104
9;0.016300031915307045;0.13286712765693665
10;0.01622874103486538;0.1538461595773697
11;0.016128413379192352;0.13286712765693665
12;0.016021953895688057;0.11888112127780914
13;0.01597694121301174;0.1118881106376648
14;0.01593402586877346;0.14685314893722534
15;0.01587221771478653;0.1258741319179535
16;0.015715135261416435;0.14685314893722534
17;0.01571122370660305;0.1958041936159134
18;0.015620876103639603;0.1538461595773697
19;0.015541311353445053;0.20279720425605774
20;0.015497949905693531;0.1818181872367859
21;0.01545118447393179;0.1818181872367859
22;0.01534129586070776;0.1818181872367859
23;0.015334886498749256;0.18881118297576904
24;0.015334243886172771;0.2097902148962021
25;0.015212862752377987;0.18881118297576904
26;0.015218601562082767;0.1958041936159134
27;0.015185265801846981;0.21678321063518524
28;0.015093072317540646;0.20279720425605774
29;0.01498512364923954;0.2377622425556183
30;0.015027272514998913;0.24475523829460144
31;0.014855197630822659;0.25874125957489014
32;0.014801080338656902;0.30069929361343384
33;0.014932944439351559;0.2377622425556183
34;0.015001502819359303;0.18881118297576904
35;0.014650493860244751;0.30069929361343384
36;0.014571611769497395;0.279720276594162
37;0.014586517587304115;0.27272728085517883
38;0.014488118700683117;0.27272728085517883
39;0.014354166574776173;0.28671327233314514
40;0.014620780013501644;0.2657342553138733
41;0.014291621744632721;0.2937062978744507
42;0.014147257432341576;0.3426573574542999
43;0.01440292689949274;0.32867133617401123
44;0.014447905123233795;0.3076923191547394
45;0.014084244146943092;0.38461539149284363
46;0.014319091103971004;0.31468531489372253
47;0.014027075842022896;0.3916083872318268
48;0.014087025076150894;0.3216783106327057
49;0.01409390103071928;0.32867133617401123
50;0.013697811402380466;0.3916083872318268
51;0.013913700357079506;0.38461539149284363
52;0.013587692752480507;0.41258740425109863
53;0.013523485511541367;0.3916083872318268
54;0.013543725945055485;0.4475524425506592
55;0.013432672247290611;0.4195804297924042
56;0.01345133688300848;0.4335664212703705
57;0.013302442617714405;0.5174825191497803
58;0.013444832526147366;0.4335664212703705
59;0.013179886154830456;0.503496527671814
60;0.012983305379748344;0.4545454680919647
61;0.012924893759191036;0.5244755148887634
62;0.012914628721773624;0.5314685106277466
63;0.012831368483603;0.4965035021305084
64;0.012802964076399803;0.5174825191497803
65;0.012760250829160213;0.46853145956993103
66;0.012657846324145794;0.5104895234107971
67;0.012586354278028011;0.5104895234107971
68;0.013093287125229836;0.41258740425109863
69;0.012637130916118622;0.4895104765892029
70;0.012592473067343235;0.5454545617103577
71;0.012518534436821938;0.5454545617103577
72;0.012187114916741848;0.5664335489273071
73;0.01229279488325119;0.5524475574493408
74;0.012151229195296764;0.5244755148887634
75;0.012113124132156372;0.5804196000099182
76;0.011687266640365124;0.6083915829658508
77;0.011876852251589298;0.5734265446662903
78;0.011668628081679344;0.6433566212654114
79;0.011519077233970165;0.6223776340484619
80;0.011647147126495838;0.5734265446662903
81;0.01151444111019373;0.6433566212654114
82;0.011716033332049847;0.6153846383094788
83;0.011300618760287762;0.6643356680870056
84;0.010987915098667145;0.6573426723480225
85;0.01117628812789917;0.5874125957489014
86;0.010812930762767792;0.6783216595649719
87;0.011116270907223225;0.6503496766090393
88;0.01084310095757246;0.7132866978645325
89;0.010821267031133175;0.6643356680870056
90;0.0105582932010293;0.6993007063865662
91;0.010385023429989815;0.7272727489471436
92;0.010449064895510674;0.7272727489471436
93;0.010079638101160526;0.7062937021255493
94;0.010235621593892574;0.6783216595649719
95;0.010029852390289307;0.7062937021255493
96;0.009781768545508385;0.7412587404251099
97;0.009784441441297531;0.7692307829856873
98;0.009867982938885689;0.8041958212852478
99;0.00968332402408123;0.7622377872467041
100;0.009412606246769428;0.7832167744636536
101;0.00929718092083931;0.7972028255462646
102;0.009207903407514095;0.8391608595848083
103;0.008880590088665485;0.8251748085021973
104;0.009067890234291553;0.8181818127632141
105;0.008886035531759262;0.811188817024231
106;0.009125828742980957;0.7272727489471436
107;0.0090714693069458;0.7832167744636536
108;0.008877091109752655;0.8181818127632141
109;0.009272100403904915;0.7832167744636536
110;0.008878232911229134;0.8251748085021973
111;0.008901956491172314;0.7972028255462646
112;0.0084203090518713;0.8181818127632141
113;0.008501873351633549;0.7972028255462646
114;0.007927951402962208;0.811188817024231
115;0.008202409371733665;0.8321678042411804
116;0.00824020430445671;0.8391608595848083
117;0.008159499615430832;0.8321678042411804
118;0.007747530937194824;0.8531468510627747
119;0.007936019450426102;0.8321678042411804
120;0.008163093589246273;0.8181818127632141
121;0.0076423389837145805;0.8321678042411804
122;0.0078026908449828625;0.8181818127632141
123;0.007729958742856979;0.8391608595848083
124;0.007344335783272982;0.8601398468017578
125;0.007571409922093153;0.8181818127632141
126;0.007482283748686314;0.8461538553237915
127;0.007072267588227987;0.8601398468017578
128;0.007152620702981949;0.8741258978843689
129;0.007161954417824745;0.8741258978843689
130;0.006940650753676891;0.8461538553237915
131;0.006490027531981468;0.9160839319229126
132;0.007117878179997206;0.8251748085021973
133;0.006732753943651915;0.8881118893623352
134;0.006847641430795193;0.8531468510627747
135;0.0063321576453745365;0.9090909361839294
136;0.006574156694114208;0.9300699234008789
137;0.0063864924013614655;0.8951048851013184
138;0.006424074061214924;0.9090909361839294
139;0.006096190772950649;0.9020978808403015
140;0.006246226839721203;0.9090909361839294
141;0.006057683378458023;0.8741258978843689
142;0.006058479659259319;0.9160839319229126
143;0.006000114139169455;0.8881118893623352
144;0.005671564489603043;0.9090909361839294
145;0.005963184405118227;0.8881118893623352
146;0.0057539669796824455;0.9090909361839294
147;0.0058385408483445644;0.9160839319229126
148;0.005279530305415392;0.9020978808403015
149;0.005461616441607475;0.9160839319229126
150;0.005531169008463621;0.9300699234008789
151;0.005345313344150782;0.9090909361839294
152;0.005555727984756231;0.9020978808403015
153;0.0053139314986765385;0.9020978808403015
154;0.005384415853768587;0.9020978808403015
155;0.005360885057598352;0.9300699234008789
156;0.005067059304565191;0.8951048851013184
157;0.0058359713293612;0.8881118893623352
158;0.0052825575694441795;0.9160839319229126
159;0.005757475271821022;0.8461538553237915
160;0.0057757035829126835;0.867132842540741
161;0.005158854182809591;0.8951048851013184
162;0.005225899629294872;0.9090909361839294
163;0.005190142430365086;0.9300699234008789
164;0.005003204569220543;0.9440559148788452
165;0.005315080285072327;0.9440559148788452
166;0.004982709418982267;0.9300699234008789
167;0.004670100286602974;0.9230769276618958
168;0.004720805212855339;0.9160839319229126
169;0.005036815535277128;0.9020978808403015
170;0.004556871019303799;0.9370629191398621
171;0.004862338770180941;0.9580419659614563
172;0.004753499291837215;0.9370629191398621
173;0.004729112610220909;0.9440559148788452
174;0.00456940708681941;0.9300699234008789
175;0.00439296942204237;0.9510489702224731
176;0.004149396903812885;0.9510489702224731
177;0.00439493078738451;0.9440559148788452
178;0.0045977067202329636;0.9230769276618958
179;0.004205131903290749;0.9510489702224731
180;0.004466982092708349;0.9300699234008789
181;0.004182519391179085;0.9160839319229126
182;0.0043648360297083855;0.9300699234008789
183;0.004051876254379749;0.9510489702224731
184;0.004313715733587742;0.9160839319229126
185;0.003890561405569315;0.9650349617004395
186;0.0053415242582559586;0.8951048851013184
187;0.004008863121271133;0.9300699234008789
188;0.005093414336442947;0.8531468510627747
189;0.003942713141441345;0.9580419659614563
190;0.004518447443842888;0.9020978808403015
191;0.004338779952377081;0.9300699234008789
192;0.004142279736697674;0.9510489702224731
193;0.004231438506394625;0.9370629191398621
194;0.00397997722029686;0.9300699234008789
195;0.004223898518830538;0.9440559148788452
196;0.0041397567838430405;0.9370629191398621
197;0.0039010934997349977;0.9580419659614563
198;0.0038917812053114176;0.9510489702224731
199;0.0037390422075986862;0.9510489702224731
200;0.0039723096415400505;0.9650349617004395
201;0.004046095535159111;0.9440559148788452
202;0.003879338735714555;0.9440559148788452
203;0.003796525066718459;0.9580419659614563
204;0.004083186853677034;0.9090909361839294
205;0.0035235953982919455;0.9510489702224731
206;0.0035630136262625456;0.9720279574394226
207;0.0036259484477341175;0.9580419659614563
208;0.0037292377091944218;0.9370629191398621
209;0.003707439871504903;0.9230769276618958
210;0.003713019425049424;0.9510489702224731
211;0.0034096664749085903;0.9510489702224731
212;0.003518493380397558;0.9580419659614563
213;0.0034109281841665506;0.9370629191398621
214;0.003510864917188883;0.9370629191398621
215;0.0032502165995538235;0.9510489702224731
216;0.0032652432564646006;0.9720279574394226
217;0.003475150791928172;0.9650349617004395
218;0.0033625622745603323;0.9650349617004395
219;0.003202772466465831;0.9510489702224731
220;0.003173109842464328;0.9790209531784058
221;0.0033150322269648314;0.9650349617004395
222;0.0033975534606724977;0.9790209531784058
223;0.0030919380951672792;0.9860140085220337
224;0.0036357897333800793;0.9090909361839294
225;0.0038152567576617002;0.9370629191398621
226;0.0038826409727334976;0.9230769276618958
227;0.003044726559892297;0.9790209531784058
228;0.003319396637380123;0.9650349617004395
229;0.003077252535149455;0.9790209531784058
230;0.0032774480059742928;0.9790209531784058
231;0.0032664050813764334;0.9790209531784058
232;0.0033603094052523375;0.9860140085220337
233;0.003320930525660515;0.9300699234008789
234;0.0028770999051630497;0.9720279574394226
235;0.00301704416051507;0.9580419659614563
236;0.0032423955854028463;0.9650349617004395
237;0.0027825161814689636;1.0
238;0.003096305998042226;0.9790209531784058
239;0.0027095540426671505;0.9790209531784058
240;0.0027379810344427824;0.9790209531784058
241;0.002845222130417824;0.9930070042610168
242;0.0027189054526388645;0.9860140085220337
243;0.0029861212242394686;0.9580419659614563
244;0.002975299721583724;0.9860140085220337
245;0.0028819728177040815;0.9930070042610168
246;0.0026836323086172342;0.9930070042610168
247;0.002594084246084094;1.0
248;0.0026628703344613314;0.9930070042610168
249;0.0025322504807263613;0.9860140085220337
250;0.0026149076875299215;0.9860140085220337
251;0.0024303849786520004;1.0
252;0.0025761183351278305;0.9930070042610168
253;0.0024892876390367746;1.0
254;0.0023468337021768093;1.0
255;0.002369568683207035;1.0
256;0.0026518695522099733;0.9860140085220337
257;0.0023183301091194153;0.9860140085220337
258;0.002180038718506694;0.9930070042610168
259;0.002482533222064376;1.0
260;0.00226803426630795;0.9930070042610168
261;0.002335487399250269;0.9720279574394226
262;0.002380604622885585;1.0
263;0.0025142391677945852;1.0
264;0.00228136801160872;1.0
265;0.0022319366689771414;1.0
266;0.0025775961112231016;0.9860140085220337
267;0.0022844432387501;1.0
268;0.002036725403741002;1.0
269;0.0020686539355665445;0.9930070042610168
270;0.0022646100260317326;0.9930070042610168
271;0.0023186984471976757;0.9930070042610168
272;0.002211709041148424;1.0
273;0.002224160823971033;0.9930070042610168
274;0.00211909762583673;1.0
275;0.0022817456629127264;1.0
276;0.002100500278174877;1.0
277;0.0024857029784470797;0.9860140085220337
278;0.002637042896822095;0.9790209531784058
279;0.0020173087250441313;1.0
280;0.0019468346145004034;1.0
281;0.002302429871633649;0.9930070042610168
282;0.0022681092377752066;1.0
283;0.002313425298780203;0.9860140085220337
284;0.0020130991470068693;1.0
285;0.0020267327781766653;1.0
286;0.0021669361740350723;1.0
287;0.0019127486739307642;1.0
288;0.00206967955455184;1.0
289;0.00196848064661026;1.0
290;0.0018331620376557112;1.0
291;0.002432701876387;1.0
292;0.0020528454333543777;1.0
293;0.0019943274091929197;1.0
294;0.0020916808862239122;1.0
295;0.0018681895453482866;1.0
296;0.0019850125536322594;0.9930070042610168
297;0.0018865251913666725;1.0
298;0.0020734164863824844;1.0
299;0.002079694764688611;1.0
300;0.0022075262386351824;1.0
301;0.0019450776744633913;1.0
302;0.00211914605461061;1.0
303;0.0021171006374061108;0.9930070042610168
304;0.002116622170433402;0.9930070042610168
305;0.0019508199766278267;1.0
306;0.0023234665859490633;1.0
307;0.0022223738487809896;1.0
308;0.003453018143773079;0.9230769276618958
309;0.0034006908535957336;0.9580419659614563
310;0.0021938844583928585;1.0
311;0.0030125780031085014;0.9580419659614563
312;0.0030925774481147528;0.9510489702224731
313;0.002386572305113077;1.0
314;0.0027493396773934364;0.9860140085220337
315;0.0030316051561385393;0.9580419659614563
316;0.0024648187682032585;1.0
317;0.002036177320405841;1.0
318;0.0023202472366392612;1.0
319;0.003652459941804409;0.8881118893623352
320;0.0030586677603423595;0.9860140085220337
321;0.005038985051214695;0.8881118893623352
322;0.003000043099746108;0.9860140085220337
323;0.0043032169342041016;0.9160839319229126
324;0.0028168177232146263;0.9790209531784058
325;0.0027940168511122465;1.0
326;0.0038795974105596542;0.9790209531784058
327;0.002379494719207287;1.0
328;0.0024353156331926584;1.0
329;0.004423888865858316;0.8951048851013184
330;0.002734219189733267;0.9930070042610168
331;0.0032333803828805685;1.0
332;0.004104004707187414;0.9300699234008789
333;0.0025993105955421925;1.0
334;0.0027412211056798697;1.0
335;0.0026565627194941044;1.0
336;0.0031055109575390816;0.9790209531784058
337;0.002291559474542737;1.0
338;0.002257558051496744;1.0
339;0.002177739981561899;1.0
340;0.0024106851778924465;0.9930070042610168
341;0.002234268467873335;1.0
342;0.0021662097424268723;1.0
343;0.0018702283268794417;1.0
344;0.001777258119545877;1.0
345;0.0017603790620341897;1.0
346;0.0019911399576812983;1.0
347;0.0019883469212800264;1.0
348;0.0018231201684102416;1.0
349;0.001824075821787119;1.0
350;0.0017950673354789615;1.0
351;0.0016801685560494661;1.0
352;0.0016785853076726198;1.0
353;0.0015981498872861266;1.0
354;0.0016209958121180534;1.0
355;0.0015476597473025322;1.0
356;0.0016026034718379378;1.0
357;0.0016351111698895693;1.0
358;0.0014855765039101243;1.0
359;0.0016197663499042392;1.0
360;0.0014472783077508211;1.0
361;0.001560298609547317;1.0
362;0.001597953145392239;1.0
363;0.0015062843449413776;1.0
364;0.0014986671740189195;1.0
365;0.0014833532040938735;1.0
366;0.0014723394997417927;1.0
367;0.0014522980200126767;1.0
368;0.0013665512669831514;1.0
369;0.0014763491926714778;1.0
370;0.0014029796002432704;1.0
371;0.0013904940569773316;1.0
372;0.0015121467877179384;1.0
373;0.0015369148459285498;1.0
374;0.001396339270286262;1.0
375;0.001392423058860004;1.0
376;0.0014502306003123522;1.0
377;0.0015062089078128338;1.0
378;0.0014795510796830058;1.0
379;0.0014940777327865362;0.9930070042610168
380;0.0014217140851542354;1.0
381;0.0012985436478629708;1.0
382;0.0012819829862564802;1.0
383;0.0012492650421336293;1.0
384;0.0014073653146624565;1.0
385;0.0014114949153736234;1.0
386;0.0013725913595408201;1.0
387;0.0013335755793377757;1.0
388;0.0012972145341336727;1.0
389;0.001476671895943582;1.0
390;0.0012674113968387246;1.0
391;0.0013925008242949843;1.0
392;0.001246173051185906;1.0
393;0.0013109510764479637;1.0
394;0.0013017335440963507;1.0
395;0.0013128753053024411;1.0
396;0.0012400704436004162;1.0
397;0.0012471935478970408;1.0
398;0.0012677557533606887;1.0
399;0.0011967654572799802;1.0
400;0.00132369517814368;1.0
401;0.001141774351708591;1.0
402;0.0013193158665671945;1.0
403;0.001247473875992;1.0
404;0.0012740204110741615;1.0
405;0.0012496612034738064;1.0
406;0.0013107407139614224;1.0
407;0.001161098130978644;1.0
408;0.0012916495325043797;1.0
409;0.0013389363884925842;1.0
410;0.0011698267189785838;1.0
411;0.001150634023360908;1.0
412;0.0010646471055224538;1.0
413;0.0011165403993800282;1.0
414;0.001349767786450684;1.0
415;0.0013073874870315194;1.0
416;0.0011543520959094167;1.0
417;0.0012477252166718245;1.0
418;0.0012752233305945992;1.0
419;0.0011634272523224354;1.0
420;0.0011964120203629136;1.0
421;0.0012329119490459561;1.0
422;0.001106069190427661;1.0
423;0.0012330664321780205;1.0
424;0.0011230400996282697;1.0
425;0.0011061802506446838;1.0
426;0.0012131108669564128;1.0
427;0.0011639577569440007;1.0
428;0.001237722346559167;1.0
429;0.00107425800524652;1.0
430;0.001206587883643806;1.0
431;0.0010763788595795631;1.0
432;0.0011064807185903192;1.0
433;0.0011801773216575384;1.0
434;0.0012146576773375273;1.0
435;0.0011397901689633727;1.0
436;0.0010745733743533492;1.0
437;0.0011383604723960161;1.0
438;0.00129745586309582;1.0
439;0.0011014359770342708;1.0
440;0.0012016540858894587;1.0
441;0.0013350406661629677;0.9930070042610168
442;0.0012192430440336466;1.0
443;0.0013373641995713115;1.0
444;0.001283593475818634;1.0
445;0.0010690712369978428;1.0
446;0.0011647534556686878;1.0
447;0.0012540164170786738;1.0
448;0.0011469816090539098;1.0
449;0.0011735594598576427;1.0
450;0.0010921941138803959;1.0
451;0.0011887147556990385;1.0
452;0.0010881631169468164;1.0
453;0.0010560343507677317;1.0
454;0.0010961866937577724;1.0
455;0.001099740737117827;1.0
456;0.0011074974900111556;1.0
457;0.001017040922306478;1.0
458;0.0010594548657536507;1.0
459;0.0010610312456265092;1.0
460;0.0010095349280163646;1.0
461;0.001120074070058763;1.0
462;0.0010925974929705262;1.0
463;0.0010351398959755898;1.0
464;0.0010993358446285129;1.0
465;0.0010642737615853548;1.0
466;0.0010070884600281715;1.0
467;0.0010215954389423132;1.0
468;0.0009997355518862605;1.0
469;0.0009754362981766462;1.0
470;0.0010614137863740325;1.0
471;0.0011902835685759783;1.0
472;0.0010060559725388885;1.0
473;0.0011351426364853978;1.0
474;0.0010535446926951408;1.0
475;0.0009599431650713086;1.0
476;0.0010743621969595551;1.0
477;0.0010677564423531294;1.0
478;0.0009975788416340947;1.0
479;0.001009222585707903;1.0
480;0.0011221071472391486;1.0
481;0.0010749968932941556;1.0
482;0.0009999886387959123;1.0
483;0.0011109041515737772;1.0
484;0.000999381416477263;1.0
485;0.0011143104638904333;1.0
486;0.0009945983765646815;1.0
487;0.001035265508107841;1.0
488;0.0010685051092877984;1.0
489;0.001052419189363718;1.0
490;0.001027755788527429;1.0
491;0.0010661798296496272;1.0
492;0.000996081973426044;1.0
493;0.0010728874476626515;1.0
494;0.000998903182335198;1.0
495;0.0009565328946337104;1.0
496;0.0009355370420962572;1.0
497;0.0010118013015016913;1.0
498;0.001024432829581201;1.0
499;0.001068051322363317;1.0
500;0.0011687118094414473;1.0
501;0.0009577691089361906;1.0
502;0.0009335186914540827;1.0
503;0.0009601800702512264;1.0
504;0.000962148595135659;1.0
505;0.0009720134548842907;1.0
506;0.0009702357929199934;1.0
507;0.0010263370350003242;1.0
508;0.000959607888944447;1.0
509;0.0009779694955796003;1.0
510;0.001004634192213416;1.0
511;0.000980106764473021;1.0
512;0.0009644182282499969;1.0
513;0.0009178766631521285;1.0
514;0.0010315175168216228;1.0
515;0.000904977263417095;1.0
516;0.0008774612215347588;1.0
517;0.0009502411703579128;1.0
518;0.0009388104663230479;1.0
519;0.00088834622874856;1.0
520;0.000939037709031254;1.0
521;0.0008892647456377745;1.0
522;0.001016743015497923;1.0
523;0.0009679673821665347;1.0
524;0.0010548812570050359;1.0
525;0.000912744551897049;1.0
526;0.0009053936810232699;1.0
527;0.0009461065637879074;1.0
528;0.0009037088020704687;1.0
529;0.0008490912150591612;1.0
530;0.0008468601736240089;1.0
531;0.0009069859515875578;1.0
532;0.0008843556861393154;1.0
533;0.0008829286089166999;1.0
534;0.0008468524320051074;1.0
535;0.0009202161454595625;1.0
536;0.0007908833213150501;1.0
537;0.0008613091777078807;1.0
538;0.000838626001495868;1.0
539;0.0009159389301203191;1.0
540;0.0008557550609111786;1.0
541;0.0008506517042405903;1.0
542;0.0009268668363802135;1.0
543;0.0008440254023298621;1.0
544;0.0009267859859392047;1.0
545;0.0009698636713437736;1.0
546;0.0009357029339298606;1.0
547;0.0009102972690016031;1.0
548;0.0009108416270464659;1.0
549;0.0008975813398137689;1.0
550;0.0009301185491494834;1.0
551;0.0008577409316785634;1.0
552;0.0009563263738527894;1.0
553;0.000876204576343298;1.0
554;0.000954483519308269;1.0
555;0.0008421239326708019;1.0
556;0.0008879602537490427;1.0
557;0.0009081324678845704;1.0
558;0.0009247982525266707;1.0
559;0.000934163574129343;1.0
560;0.0009184390073642135;1.0
561;0.0008266330696642399;1.0
562;0.0008446741849184036;1.0
563;0.0009148090612143278;1.0
564;0.0008322654175572097;1.0
565;0.0008195706177502871;1.0
566;0.000870159943588078;1.0
567;0.0007347724749706686;1.0
568;0.0008637187420390546;1.0
569;0.0008371992153115571;1.0
570;0.000846905808430165;1.0
571;0.0008463328122161329;1.0
572;0.0009580503683537245;1.0
573;0.0008587584597989917;1.0
574;0.0009054001420736313;1.0
575;0.0008304935763590038;1.0
576;0.0008303130161948502;1.0
577;0.0007738680578768253;1.0
578;0.0008172336383722723;1.0
579;0.000823057082016021;1.0
580;0.0009641316719353199;1.0
581;0.0008621172746643424;1.0
582;0.0009012679220177233;1.0
583;0.0007951156003400683;1.0
584;0.0007862444035708904;1.0
585;0.0008407909190282226;1.0
586;0.0007599653326906264;1.0
587;0.0008098435355350375;1.0
588;0.0008235562709160149;1.0
589;0.0008744781953282654;1.0
590;0.0007898433250375092;1.0
591;0.0008269973914138973;1.0
592;0.0007738853455521166;1.0
593;0.0007357812137342989;1.0
594;0.0006918763392604887;1.0
595;0.0008853411418385804;1.0
596;0.0008052162011153996;1.0
597;0.0007779265288263559;1.0
598;0.0007227216847240925;1.0
599;0.0008740162593312562;1.0
600;0.0008123156148940325;1.0
601;0.0007770317024551332;1.0
602;0.0009026508196257055;1.0
603;0.0007751223165541887;1.0
604;0.0008262949995696545;1.0
605;0.0008840286172926426;1.0
606;0.0008166030165739357;1.0
607;0.0007532206363976002;1.0
608;0.0008433319162577391;1.0
609;0.0007893007132224739;1.0
610;0.0007048705010674894;1.0
611;0.000773098785430193;1.0
612;0.0008537278044968843;1.0
613;0.0008396430057473481;1.0
614;0.0008673475822433829;1.0
615;0.0006998464232310653;1.0
616;0.0007758660358376801;1.0
617;0.0008026041905395687;1.0
618;0.0008573016384616494;1.0
619;0.0007132269674912095;1.0
620;0.0007287624757736921;1.0
621;0.0007473750156350434;1.0
622;0.0007234285003505647;1.0
623;0.0007619017269462347;1.0
624;0.0007796274148859084;1.0
625;0.0006907665519975126;1.0
626;0.000877878163009882;1.0
627;0.000748456222936511;1.0
628;0.0007417826564051211;1.0
629;0.000798493274487555;1.0
630;0.0007022081408649683;1.0
631;0.0007912761066108942;1.0
632;0.0007511388976126909;1.0
633;0.0006603728397749364;1.0
634;0.0008027045405469835;1.0
635;0.0007940506329759955;1.0
636;0.0007492601871490479;1.0
637;0.0007000254699960351;1.0
638;0.000712744367774576;1.0
639;0.000734536035452038;1.0
640;0.0008740408229641616;1.0
641;0.0007984496769495308;1.0
642;0.0006825625314377248;1.0
643;0.0008042447152547538;1.0
644;0.0006930390954948962;1.0
645;0.0007009293185546994;1.0
646;0.0008772241999395192;1.0
647;0.0006736922077834606;1.0
648;0.00069787836400792;1.0
649;0.0007171647157520056;1.0
650;0.0006574940634891391;1.0
651;0.0006667438428848982;1.0
652;0.000743770448025316;1.0
653;0.0007145873969420791;1.0
654;0.0007028400432318449;1.0
655;0.0006576470332220197;1.0
656;0.0007590188761241734;1.0
657;0.000692834029905498;1.0
658;0.0007295554969459772;1.0
659;0.0006440342986024916;1.0
660;0.0006684951949864626;1.0
661;0.0006591288838535547;1.0
662;0.0006676613702438772;1.0
663;0.0008179818978533149;1.0
664;0.0006514406995847821;1.0
665;0.0006590446573682129;1.0
666;0.0006957113509997725;1.0
667;0.0007295564282685518;1.0
668;0.000634624797385186;1.0
669;0.0006538764573633671;1.0
670;0.0007293628295883536;1.0
671;0.000707047525793314;1.0
672;0.0006712874164804816;1.0
673;0.0005981021095067263;1.0
674;0.0006803282885812223;1.0
675;0.0007525540422648191;1.0
676;0.0006976742879487574;1.0
677;0.0006769773899577558;1.0
678;0.0008160495781339705;1.0
679;0.000928075984120369;1.0
680;0.0034735072404146194;0.9300699234008789
681;0.0021859975531697273;0.9370629191398621
682;0.0015138935996219516;0.9930070042610168
683;0.005109929479658604;0.867132842540741
684;0.0028695925138890743;0.9300699234008789
685;0.006243674550205469;0.811188817024231
686;0.005317990668118;0.9160839319229126
687;0.005161588080227375;0.8741258978843689
688;0.003940329421311617;0.9300699234008789
689;0.0044273813255131245;0.9160839319229126
690;0.005511153489351273;0.9090909361839294
691;0.0035557185765355825;0.9510489702224731
692;0.003083057701587677;0.9860140085220337
693;0.004721466451883316;0.9370629191398621
694;0.0035870089195668697;0.9860140085220337
695;0.00331898033618927;1.0
696;0.002571646822616458;1.0
697;0.0023435563780367374;1.0
698;0.002189106307923794;1.0
699;0.002155224559828639;1.0
700;0.0021171425469219685;1.0
701;0.0019920961931347847;1.0
702;0.0019310042262077332;1.0
703;0.0016344927717000246;1.0
704;0.0015850879717618227;1.0
705;0.0013594357296824455;1.0
706;0.0014109892072156072;1.0
707;0.0015616585733368993;1.0
708;0.0012409365735948086;1.0
709;0.0012318335939198732;1.0
710;0.0014529055915772915;1.0
711;0.0012842012802138925;1.0
712;0.0011879304656758904;1.0
713;0.0012233990710228682;1.0
714;0.0012270454317331314;1.0
715;0.001185151282697916;1.0
716;0.001060031820088625;1.0
717;0.0010605014394968748;1.0
718;0.0010292462538927794;1.0
719;0.0009485493064858019;1.0
720;0.0009524287306703627;1.0
721;0.0009461909648962319;1.0
722;0.0010505974059924483;1.0
723;0.0009542581392452121;1.0
724;0.0009018329437822104;1.0
725;0.0009814986260607839;1.0
726;0.0008339541382156312;1.0
727;0.0009519914747215807;1.0
728;0.0009139081230387092;1.0
729;0.0008582363370805979;1.0
730;0.0009060631855390966;1.0
731;0.0008285042131319642;1.0
732;0.0008166562765836716;1.0
733;0.0007957051857374609;1.0
734;0.0008074201177805662;1.0
735;0.0007885878439992666;1.0
736;0.0007753556710667908;1.0
737;0.0007964104879647493;1.0
738;0.0007586536812596023;1.0
739;0.0008170742075890303;1.0
740;0.0007676944951526821;1.0
741;0.000679834047332406;1.0
742;0.0007035781163722277;1.0
743;0.0007599421078339219;1.0
744;0.0007143169641494751;1.0
745;0.0007526520639657974;1.0
746;0.000635330390650779;1.0
747;0.0006787106394767761;1.0
748;0.0007242430583573878;1.0
749;0.0006340249674394727;1.0
750;0.0006800437113270164;1.0
751;0.0006563208298757672;1.0
752;0.000701431417837739;1.0
753;0.0007089496939443052;1.0
754;0.0006052118842490017;1.0
755;0.0006909526418894529;1.0
756;0.0006161387427709997;1.0
757;0.0006374205695465207;1.0
758;0.000688479165546596;1.0
759;0.0006628750124946237;1.0
760;0.0006888516945764422;1.0
761;0.0006187221151776612;1.0
762;0.0006515203276649117;1.0
763;0.0006297547370195389;1.0
764;0.0005758822080679238;1.0
765;0.0006372716161422431;1.0
766;0.0005909816245548427;1.0
767;0.0006168934050947428;1.0
768;0.0006039703148417175;1.0
769;0.000662467849906534;1.0
770;0.000658451346680522;1.0
771;0.0005813469761051238;1.0
772;0.0006227467092685401;1.0
773;0.0006809085025452077;1.0
774;0.0005990762147121131;1.0
775;0.0006325471913442016;1.0
776;0.0005907044396735728;1.0
777;0.0005547439795918763;1.0
778;0.0006036176928319037;1.0
779;0.0007155848434194922;1.0
780;0.0006174287991598248;1.0
781;0.0006247577257454395;1.0
782;0.000604845117777586;1.0
783;0.0006268151919357479;1.0
784;0.0005496090743690729;1.0
785;0.0006384790758602321;1.0
786;0.0005839079385623336;1.0
787;0.0006120711332187057;1.0
788;0.0006496039568446577;1.0
789;0.0005762516520917416;1.0
790;0.0006684051477350295;1.0
791;0.000642122991848737;1.0
792;0.0006073581171222031;1.0
793;0.0006028867792338133;1.0
794;0.0005787183181382716;1.0
795;0.0005189331131987274;1.0
796;0.0005979710258543491;1.0
797;0.0005869021406397223;1.0
798;0.0006039848085492849;1.0
799;0.0006296956562437117;1.0
800;0.0006201302749104798;1.0
801;0.00048055974184535444;1.0
802;0.0005268984823487699;1.0
803;0.0005711950943805277;1.0
804;0.000534509657882154;1.0
805;0.0005620566080324352;1.0
806;0.0006041808519512415;1.0
807;0.0006386334425769746;1.0
808;0.0005823706742376089;1.0
809;0.0006104290368966758;1.0
810;0.0005885006976313889;1.0
811;0.0005404503899626434;1.0
812;0.0005344193195924163;1.0
813;0.0007149578887037933;1.0
814;0.0005968462210148573;1.0
815;0.0005539908888749778;1.0
816;0.0005776468897238374;1.0
817;0.0005795967299491167;1.0
818;0.000547923322301358;1.0
819;0.0005822126404382288;1.0
820;0.0004842160560656339;1.0
821;0.0005142551381140947;1.0
822;0.0006175801390781999;1.0
823;0.0005343682132661343;1.0
824;0.0006273186299949884;1.0
825;0.0005861220415681601;1.0
826;0.0005772148142568767;1.0
827;0.0005313261062838137;1.0
828;0.0005247776280157268;1.0
829;0.0005570760695263743;1.0
830;0.0005612671957351267;1.0
831;0.0005244276253506541;1.0
832;0.0005415662890300155;1.0
833;0.000591545132920146;1.0
834;0.0005634688423015177;1.0
835;0.000537167361471802;1.0
836;0.0005313081783242524;1.0
837;0.0005086160381324589;1.0
838;0.0005281493649818003;1.0
839;0.0005027094739489257;1.0
840;0.0005541423452086747;1.0
841;0.0005385276745073497;1.0
842;0.0005361613002605736;1.0
843;0.0004947421839460731;1.0
844;0.0005108836339786649;1.0
845;0.0004971184534952044;1.0
846;0.0005168339121155441;1.0
847;0.0005339650087989867;1.0
848;0.0005344731034711003;1.0
849;0.0005693102721124887;1.0
850;0.0005332696600817144;1.0
851;0.0005022470722906291;1.0
852;0.0004968306748196483;1.0
853;0.00048528629122301936;1.0
854;0.0005870470777153969;1.0
855;0.0005644150078296661;1.0
856;0.0006069723749533296;1.0
857;0.0005098174442537129;1.0
858;0.000507686345372349;1.0
859;0.0005163411842659116;1.0
860;0.0005452486220747232;1.0
861;0.0005418360815383494;1.0
862;0.0005483487038873136;1.0
863;0.000479608221212402;1.0
864;0.0005877385847270489;1.0
865;0.0005742411594837904;1.0
866;0.0005381021182984114;1.0
867;0.0004675677919294685;1.0
868;0.0005287200910970569;1.0
869;0.0005348987760953605;1.0
870;0.0005571662914007902;1.0
871;0.00047473516315221786;1.0
872;0.0004846216761507094;1.0
873;0.0005242327461019158;1.0
874;0.00048252716078422964;1.0
875;0.0004968509310856462;1.0
876;0.0004949569120071828;1.0
877;0.0005180745502002537;1.0
878;0.0005808844580315053;1.0
879;0.00047597617958672345;1.0
880;0.00047615705989301205;1.0
881;0.0005805626278743148;1.0
882;0.0005488740862347186;1.0
883;0.00046243390534073114;1.0
884;0.0004658762481994927;1.0
885;0.0005580089055001736;1.0
886;0.0005210803938098252;1.0
887;0.0004743446479551494;1.0
888;0.0004989184672012925;1.0
889;0.0005335998139344156;1.0
890;0.00048319619963876903;1.0
891;0.0004705595492850989;1.0
892;0.0005421331734396517;1.0
893;0.0004848999669775367;1.0
894;0.0005439419765025377;1.0
895;0.0004778862348757684;1.0
896;0.00047431691200472414;1.0
897;0.0005722284549847245;1.0
898;0.0004835959116462618;1.0
899;0.00046777684474363923;1.0
900;0.000500691297929734;1.0
901;0.0004958250792697072;1.0
902;0.00046792998909950256;1.0
903;0.00046765009756200016;1.0
904;0.0005144966999068856;1.0
905;0.0004895675228908658;1.0
906;0.00046434803516604006;1.0
907;0.0004892332362942398;1.0
908;0.000437126582255587;1.0
909;0.0005195306148380041;1.0
910;0.00046366435708478093;1.0
911;0.0004299760621506721;1.0
912;0.0005147002520971;1.0
913;0.0004062222724314779;1.0
914;0.0004301660228520632;1.0
915;0.0004953547031618655;1.0
916;0.0004214893560856581;1.0
917;0.00046085764188319445;1.0
918;0.0004507335543166846;1.0
919;0.0004855503502767533;1.0
920;0.0004323971224948764;1.0
921;0.000455328292446211;1.0
922;0.00047499898937530816;1.0
923;0.0005259344470687211;1.0
924;0.0004860087938141078;1.0
925;0.000509491830598563;1.0
926;0.0004965720581822097;1.0
927;0.00048107319162227213;1.0
928;0.0004467273538466543;1.0
929;0.0004775438574142754;1.0
930;0.00048369925934821367;1.0
931;0.0005527953617274761;1.0
932;0.00046254799235612154;1.0
933;0.0003846451290883124;1.0
934;0.0004408059176057577;1.0
935;0.0004920242354273796;1.0
936;0.0005312748835422099;1.0
937;0.0004538848588708788;1.0
938;0.0004419043252710253;1.0
939;0.0005571639630943537;1.0
940;0.00047262851148843765;1.0
941;0.0004363889747764915;1.0
942;0.00047120588715188205;1.0
943;0.00042290720739401877;1.0
944;0.0005033675115555525;1.0
945;0.00044820658513344824;1.0
946;0.00038522903923876584;1.0
947;0.0004628128663171083;1.0
948;0.0004697560507338494;1.0
949;0.0004535535117611289;1.0
950;0.00045229942770674825;1.0
951;0.00041427690302953124;1.0
952;0.0004705322498921305;1.0
953;0.0004455546732060611;1.0
954;0.000457427348010242;1.0
955;0.0004747529746964574;1.0
956;0.00044494535541161895;1.0
957;0.0004914785386063159;1.0
958;0.00040989756234921515;1.0
959;0.0004477009060792625;1.0
960;0.00048117819824256003;1.0
961;0.00043038296280428767;1.0
962;0.00042579456930980086;1.0
963;0.00045896091614849865;1.0
964;0.0004344722256064415;1.0
965;0.0004883732181042433;1.0
966;0.00038982380647212267;1.0
967;0.0003743514826055616;1.0
968;0.0004498765629250556;1.0
969;0.00040616324986331165;1.0
970;0.00042969026253558695;1.0
971;0.00044257548870518804;1.0
972;0.0004061263462062925;1.0
973;0.0004103519022464752;1.0
974;0.00043130124686285853;1.0
975;0.00044647612958215177;1.0
976;0.0004777558206114918;1.0
977;0.00044813344720751047;1.0
978;0.0004174279747530818;1.0
979;0.00043453529360704124;1.0
980;0.00042579806176945567;1.0
981;0.00045535966637544334;1.0
982;0.00039843551348894835;1.0
983;0.000454340799478814;1.0
984;0.00046246073907241225;1.0
985;0.0003954509156756103;1.0
986;0.00042571203084662557;1.0
987;0.00040652096504345536;1.0
988;0.0004994655610062182;1.0
989;0.00041506916750222445;1.0
990;0.0004178424132987857;1.0
991;0.0003978135355282575;1.0
992;0.00036413900670595467;1.0
993;0.0004780125163961202;1.0
994;0.00042933665099553764;1.0
995;0.00039411074249073863;1.0
996;0.0003665490366984159;1.0
997;0.0004936184268444777;1.0
998;0.0004284546012058854;1.0
999;0.0003931376268155873;1.0
1000;0.0004048963019158691;1.0
1001;0.0004226231831125915;1.0
1002;0.0003978222666773945;1.0
1003;0.0004583039553835988;1.0
1004;0.0003702880349010229;1.0
1005;0.0004102584207430482;1.0
1006;0.000399701384594664;1.0
1007;0.0004585105925798416;1.0
1008;0.0004560396773740649;1.0
1009;0.00043391258805058897;1.0
1010;0.000378627359168604;1.0
1011;0.00040158379124477506;1.0
1012;0.000369157234672457;1.0
1013;0.00039655258296988904;1.0
1014;0.00040418890421278775;1.0
1015;0.00044592938502319157;1.0
1016;0.000392008398193866;1.0
1017;0.00039949826896190643;1.0
1018;0.00040941042243503034;1.0
1019;0.00045192346442490816;1.0
1020;0.0003784366708714515;1.0
1021;0.0004287759948056191;1.0
1022;0.0004296312981750816;1.0
1023;0.00033916826942004263;1.0
1024;0.0004584323614835739;1.0
1025;0.0004411479167174548;1.0
1026;0.0004435919690877199;1.0
1027;0.0004596998624037951;1.0
1028;0.00042163379839621484;1.0
1029;0.00041132522164843976;1.0
1030;0.0004534021718427539;1.0
1031;0.00046484716585837305;1.0
1032;0.0004102701204828918;1.0
1033;0.0004227259778417647;1.0
1034;0.00041077827336266637;1.0
1035;0.00037131962017156184;1.0
1036;0.00044328533113002777;1.0
1037;0.00042197442962788045;1.0
1038;0.00039036740781739354;1.0
1039;0.00041034401510842144;1.0
1040;0.0004161025572102517;1.0
1041;0.0004031628486700356;1.0
1042;0.0003630147548392415;1.0
1043;0.00042296279571019113;1.0
1044;0.00037720880936831236;1.0
1045;0.0003954724525101483;1.0
1046;0.0003941204631701112;1.0
1047;0.00038904004031792283;1.0
1048;0.00040832231752574444;1.0
1049;0.0003500274906400591;1.0
1050;0.00041230060742236674;1.0
1051;0.0003641817602328956;1.0
1052;0.00041175622027367353;1.0
1053;0.000372964859707281;1.0
1054;0.0004148122970946133;1.0
1055;0.00034596867044456303;1.0
1056;0.0004366748908068985;1.0
1057;0.0003797355166170746;1.0
1058;0.00043646382982842624;1.0
1059;0.00038665710599161685;1.0
1060;0.0003926893405150622;1.0
1061;0.000396134884795174;1.0
1062;0.00039808248402550817;1.0
1063;0.0003795218945015222;1.0
1064;0.00039019339601509273;1.0
1065;0.0003828950284514576;1.0
1066;0.00033364075352437794;1.0
1067;0.0003833724476862699;1.0
1068;0.0004267307813279331;1.0
1069;0.0003924837219528854;1.0
1070;0.0003156638122163713;1.0
1071;0.00038531795144081116;1.0
1072;0.0003435623657424003;1.0
1073;0.0003351824707351625;1.0
1074;0.0003804604057222605;1.0
1075;0.00034575018798932433;1.0
1076;0.0003612981818150729;1.0
1077;0.0003389742923900485;1.0
1078;0.0003554457798600197;1.0
1079;0.00041251361835747957;1.0
1080;0.00037493673153221607;1.0
1081;0.00037365686148405075;1.0
1082;0.0003582466742955148;1.0
1083;0.00037088774843141437;1.0
1084;0.00037410398363135755;1.0
1085;0.0003474074474070221;1.0
1086;0.00037706870352849364;1.0
1087;0.0003594564914237708;1.0
1088;0.0003585227532312274;1.0
1089;0.00040529825491830707;1.0
1090;0.00036885665031149983;1.0
1091;0.00034258380765095353;1.0
1092;0.00035266243503428996;1.0
1093;0.00039969469071365893;1.0
1094;0.00038208524347282946;1.0
1095;0.0003545590734574944;1.0
1096;0.0003603575751185417;1.0
1097;0.0004040009225718677;1.0
1098;0.0003749840834643692;1.0
1099;0.0003337464586365968;1.0
1100;0.00036244603688828647;1.0
1101;0.00035530782770365477;1.0
1102;0.00035976734943687916;1.0
1103;0.00032434522290714085;1.0
1104;0.000342176848789677;1.0
1105;0.00036847987212240696;1.0
1106;0.00033894655643962324;1.0
1107;0.000331851071678102;1.0
1108;0.000374733645003289;1.0
1109;0.00037552532739937305;1.0
1110;0.00035727903014048934;1.0
1111;0.0003492367686703801;1.0
1112;0.0003280846867710352;1.0
1113;0.0004142058314755559;1.0
1114;0.0003376777458470315;1.0
1115;0.0003605094680096954;1.0
1116;0.0003335700312163681;1.0
1117;0.000353750103386119;1.0
1118;0.0003195526369381696;1.0
1119;0.00036195176653563976;1.0
1120;0.0003283404221292585;1.0
1121;0.00037027467624284327;1.0
1122;0.0003700411762110889;1.0
1123;0.00037338570109568536;1.0
1124;0.00033306569093838334;1.0
1125;0.0003621605283115059;1.0
1126;0.0003213985764887184;1.0
1127;0.0003389874764252454;1.0
1128;0.0003191036230418831;1.0
1129;0.0003453871177043766;1.0
1130;0.00033856916707009077;1.0
1131;0.0003913029795512557;1.0
1132;0.0003391027566976845;1.0
1133;0.00037379018613137305;1.0
1134;0.00030798540683463216;1.0
1135;0.0003431338700465858;1.0
1136;0.0003800121194217354;1.0
1137;0.0003773916105274111;1.0
1138;0.00037975565646775067;1.0
1139;0.0003826361207757145;1.0
1140;0.00037605539546348155;1.0
1141;0.0003968985110986978;1.0
1142;0.0003628975246101618;1.0
1143;0.00035409696283750236;1.0
1144;0.0003257408970966935;1.0
1145;0.00032639960409142077;1.0
1146;0.000326902256347239;1.0
1147;0.0003625602403189987;1.0
1148;0.0003904002660419792;1.0
1149;0.0003390132915228605;1.0
1150;0.0003138734318781644;1.0
1151;0.0003225529217161238;1.0
1152;0.0003125375078525394;1.0
1153;0.00031909497920423746;1.0
1154;0.000363874773029238;1.0
1155;0.00034927501110360026;1.0
1156;0.00033550045918673277;1.0
1157;0.0003324959543533623;1.0
1158;0.00034236066858284175;1.0
1159;0.0003439532301854342;1.0
1160;0.0003081999602727592;1.0
1161;0.0003536789445206523;1.0
1162;0.000340170634444803;1.0
1163;0.0003269200096838176;1.0
1164;0.00029113440541550517;1.0
1165;0.00030186204821802676;1.0
1166;0.0003075601707678288;1.0
1167;0.00029423562227748334;1.0
1168;0.00033706091926433146;1.0
1169;0.0003556205774657428;1.0
1170;0.0003130320692434907;1.0
1171;0.00031144090462476015;1.0
1172;0.00031840597512200475;1.0
1173;0.00035176926758140326;1.0
1174;0.00040196586633101106;1.0
1175;0.0003075618587899953;1.0
1176;0.00030758214415982366;1.0
1177;0.00027699864585883915;1.0
1178;0.00034112605499103665;1.0
1179;0.0003371443599462509;1.0
1180;0.00031707342714071274;1.0
1181;0.00037594803143292665;1.0
1182;0.00031850417144596577;1.0
1183;0.00032728235237300396;1.0
1184;0.0003022982273250818;1.0
1185;0.0003317456576041877;1.0
1186;0.00030876946402713656;1.0
1187;0.00030967092607170343;1.0
1188;0.0003191207069903612;1.0
1189;0.0003008056664839387;1.0
1190;0.00035625766031444073;1.0
1191;0.00031600910006091;1.0
1192;0.0002846791176125407;1.0
1193;0.0003076144785154611;1.0
1194;0.00031207193387672305;1.0
1195;0.0002931154449470341;1.0
1196;0.0003517962759360671;1.0
1197;0.00034455989953130484;1.0
1198;0.0003223340609110892;1.0
1199;0.00030234825680963695;1.0
1200;0.00031501802732236683;1.0
1201;0.0003678829234559089;1.0
1202;0.0003184861270710826;1.0
1203;0.00033237013849429786;1.0
1204;0.000317172147333622;1.0
1205;0.0003592687426134944;1.0
1206;0.0003527776862028986;1.0
1207;0.000308949121972546;1.0
1208;0.00032429464044980705;1.0
1209;0.00033509384957142174;1.0
1210;0.00037905803765170276;1.0
1211;0.00033240311313420534;1.0
1212;0.0003230268193874508;1.0
1213;0.0002798884524963796;1.0
1214;0.0003405144379939884;1.0
1215;0.00032062691752798855;1.0
1216;0.0003188308619428426;1.0
1217;0.00035719535662792623;1.0
1218;0.00032200184068642557;1.0
1219;0.00031063155620358884;1.0
1220;0.00034339423291385174;1.0
1221;0.000308092130580917;1.0
1222;0.00028407195350155234;1.0
1223;0.0003379367699380964;1.0
1224;0.00028589728754013777;1.0
1225;0.0003414260863792151;1.0
1226;0.00036691976129077375;1.0
1227;0.00030735248583368957;1.0
1228;0.00033016991801559925;1.0
1229;0.0002928322064690292;1.0
1230;0.00031331193167716265;1.0
1231;0.00033229630207642913;1.0
1232;0.000331424264004454;1.0
1233;0.00030481527210213244;1.0
1234;0.00030997730209492147;1.0
1235;0.00030607086955569685;1.0
1236;0.0003089184465352446;1.0
1237;0.0003509534290060401;1.0
1238;0.0002944275620393455;1.0
1239;0.0003424609312787652;1.0
1240;0.0003136786399409175;1.0
1241;0.0002998588315676898;1.0
1242;0.0003358566900715232;1.0
1243;0.0002988080377690494;1.0
1244;0.0003127008967567235;1.0
1245;0.00029384877416305244;1.0
1246;0.00024836117518134415;1.0
1247;0.0002925661683548242;1.0
1248;0.0002889289753511548;1.0
1249;0.00028782139997929335;1.0
1250;0.00030742521630600095;1.0
1251;0.00028394832042977214;1.0
1252;0.0002731976273935288;1.0
1253;0.000302615953842178;1.0
1254;0.0002881493419408798;1.0
1255;0.00028520377236418426;1.0
1256;0.0002776207111310214;1.0
1257;0.0002618396538309753;1.0
1258;0.0003367362078279257;1.0
1259;0.0002890489704441279;1.0
1260;0.00030944921309128404;1.0
1261;0.00027164944913238287;1.0
1262;0.0002566403418313712;1.0
1263;0.000304593238979578;1.0
1264;0.00027350327582098544;1.0
1265;0.00030834099743515253;1.0
1266;0.0003048764483537525;1.0
1267;0.0002663382620085031;1.0
1268;0.0002532772778067738;1.0
1269;0.00030054934904910624;1.0
1270;0.00028437896980904043;1.0
1271;0.00029546767473220825;1.0
1272;0.00027644177316688;1.0
1273;0.00030975486151874065;1.0
1274;0.0002884854329749942;1.0
1275;0.00025175666087307036;1.0
1276;0.0003066326316911727;1.0
1277;0.00026313334819860756;1.0
1278;0.0003330976178403944;1.0
1279;0.0002937739482149482;1.0
1280;0.00028935077716596425;1.0
1281;0.00027226534439250827;1.0
1282;0.0002798271307256073;1.0
1283;0.00027768503059633076;1.0
1284;0.0002824684197548777;1.0
1285;0.00032557983649894595;1.0
1286;0.0003049855586141348;1.0
1287;0.0002753816661424935;1.0
1288;0.00027438290999270976;1.0
1289;0.00031551290885545313;1.0
1290;0.0003330287290737033;1.0
1291;0.0003263205580879003;1.0
1292;0.00029755826108157635;1.0
1293;0.0002971536014229059;1.0
1294;0.00026447721756994724;1.0
1295;0.000318650301778689;1.0
1296;0.0003033942193724215;1.0
1297;0.0002522742433939129;1.0
1298;0.00031135216704569757;1.0
1299;0.0002448554732836783;1.0
1300;0.00028106500394642353;1.0
1301;0.0002947972097899765;1.0
1302;0.0002820442896336317;1.0
1303;0.0002799053327180445;1.0
1304;0.00029107529553584754;1.0
1305;0.0002914633951149881;1.0
1306;0.00025564158568158746;1.0
1307;0.0002690786786843091;1.0
1308;0.0002846432907972485;1.0
1309;0.00028862329781986773;1.0
1310;0.00028647537692449987;1.0
1311;0.000288319424726069;1.0
1312;0.0002824134426191449;1.0
1313;0.00024132468388415873;1.0
1314;0.000354863703250885;1.0
1315;0.0002810749283526093;1.0
1316;0.00027625213260762393;1.0
1317;0.0003142067289445549;1.0
1318;0.0002631014212965965;1.0
1319;0.00030145226628519595;1.0
1320;0.0002846039133146405;1.0
1321;0.0003049369261134416;1.0
1322;0.00030516329570673406;1.0
1323;0.0002898119273595512;1.0
1324;0.00030551766394637525;1.0
1325;0.00034010305535048246;1.0
1326;0.00028611801099032164;1.0
1327;0.00028567976551130414;1.0
1328;0.0002826231066137552;1.0
1329;0.0002700008626561612;1.0
1330;0.0003068165387958288;1.0
1331;0.0002935185038950294;1.0
1332;0.00030546411289833486;1.0
1333;0.0002914846409112215;1.0
1334;0.0002478385576978326;1.0
1335;0.0002900405670516193;1.0
1336;0.00027246057288721204;1.0
1337;0.0002597366110421717;1.0
1338;0.00026200051070190966;1.0
1339;0.0002838236978277564;1.0
1340;0.0002989891800098121;1.0
1341;0.0002662740007508546;1.0
1342;0.00029007112607359886;1.0
1343;0.0002571755030658096;1.0
1344;0.0003502453619148582;1.0
1345;0.0003002957091666758;1.0
1346;0.00026406068354845047;1.0
1347;0.00028509131516329944;1.0
1348;0.0002720346674323082;1.0
1349;0.00029740791069343686;1.0
1350;0.00031550609855912626;1.0
1351;0.00026799083570949733;1.0
1352;0.00030012091156095266;1.0
1353;0.00029047075076960027;1.0
1354;0.0002634135016705841;1.0
1355;0.00031886622309684753;1.0
1356;0.0002580099389888346;1.0
1357;0.00025614959304220974;1.0
1358;0.00023646517365705222;1.0
1359;0.00028163500246591866;1.0
1360;0.00023858087661210448;1.0
1361;0.0002651239628903568;1.0
1362;0.00026692214305512607;1.0
1363;0.00025572822778485715;1.0
1364;0.0002819457440637052;1.0
1365;0.0002938727557193488;1.0
1366;0.0002597998536657542;1.0
1367;0.0002336094039492309;1.0
1368;0.000258205778663978;1.0
1369;0.0003542575868777931;1.0
1370;0.00028885604115203023;1.0
1371;0.0002609955845400691;1.0
1372;0.00028282354469411075;1.0
1373;0.00028783842572011054;1.0
1374;0.00025787713821046054;1.0
1375;0.0003067891811951995;1.0
1376;0.0002377196797169745;1.0
1377;0.00026894352049566805;1.0
1378;0.00027755339397117496;1.0
1379;0.00027040959685109556;1.0
1380;0.0002758459886536002;1.0
1381;0.000284255831502378;1.0
1382;0.0002696983574423939;1.0
1383;0.0002464308636263013;1.0
1384;0.00022817608260083944;1.0
1385;0.00027128789224661887;1.0
1386;0.00024170317919924855;1.0
1387;0.000297373189823702;1.0
1388;0.00024800942628644407;1.0
1389;0.0002595719415694475;1.0
1390;0.0002501298440620303;1.0
1391;0.0002662992919795215;1.0
1392;0.0003065451455768198;1.0
1393;0.00024661485804244876;1.0
1394;0.0002565745380707085;1.0
1395;0.0002913202333729714;1.0
1396;0.0003087982186116278;1.0
1397;0.0002565837057773024;1.0
1398;0.0002516969107091427;1.0
1399;0.00025785694015212357;1.0
1400;0.0002493282372597605;1.0
1401;0.0002606893249321729;1.0
1402;0.00023372173018287867;1.0
1403;0.00026857657940126956;1.0
1404;0.0002568532363511622;1.0
1405;0.00025052818818949163;1.0
1406;0.0002615843550302088;1.0
1407;0.00028019631281495094;1.0
1408;0.0002678826276678592;1.0
1409;0.00026366484235040843;1.0
1410;0.00024872011272236705;1.0
1411;0.00026275691925548017;1.0
1412;0.0002500042610336095;1.0
1413;0.00023920707462821156;1.0
1414;0.00024602795019745827;1.0
1415;0.0002528454642742872;1.0
1416;0.00025184807600453496;1.0
1417;0.0002571775403339416;1.0
1418;0.00021698029013350606;1.0
1419;0.00021108280634507537;1.0
1420;0.00027148742810823023;1.0
1421;0.00024713942548260093;1.0
1422;0.00024621456395834684;1.0
1423;0.0002777946356218308;1.0
1424;0.00024857601965777576;1.0
1425;0.0002245576324639842;1.0
1426;0.00023653096286579967;1.0
1427;0.00019114837050437927;1.0
1428;0.0002524758456274867;1.0
1429;0.00026229245122522116;1.0
1430;0.00024708628188818693;1.0
1431;0.0002413894544588402;1.0
1432;0.00024833553470671177;1.0
1433;0.00024657428730279207;1.0
1434;0.00022963811352383345;1.0
1435;0.00022310212079901248;1.0
1436;0.00023268675431609154;1.0
1437;0.00025795091642066836;1.0
1438;0.00024456597748212516;1.0
1439;0.0002415513008600101;1.0
1440;0.00025235777138732374;1.0
1441;0.00020978426618967205;1.0
1442;0.00024051300715655088;1.0
1443;0.00022679741960018873;1.0
1444;0.00023916111967992038;1.0
1445;0.00022294271911960095;1.0
1446;0.0002173749526264146;1.0
1447;0.00024188094539567828;1.0
1448;0.0002589637879282236;1.0
1449;0.00025022128829732537;1.0
1450;0.00023080193204805255;1.0
1451;0.00023326178779825568;1.0
1452;0.00026752505800686777;1.0
1453;0.00024885148741304874;1.0
1454;0.0002093767252517864;1.0
1455;0.0002498059766367078;1.0
1456;0.00022093257575761527;1.0
1457;0.0002245298819616437;1.0
1458;0.00025382210151292384;1.0
1459;0.00027706060791388154;1.0
1460;0.0002442888217046857;1.0
1461;0.0002448470040690154;1.0
1462;0.00021978192671667784;1.0
1463;0.00022414763225242496;1.0
1464;0.00022907812672201544;1.0
1465;0.0002160218427889049;1.0
1466;0.0002475656510796398;1.0
1467;0.0002275920705869794;1.0
1468;0.00023021435481496155;1.0
1469;0.00023667399364057928;1.0
1470;0.0002542710572015494;1.0
1471;0.00022832199465483427;1.0
1472;0.00024588711676187813;1.0
1473;0.0002534886880312115;1.0
1474;0.00024058455892372876;1.0
1475;0.00022140133660286665;1.0
1476;0.00022958367480896413;1.0
1477;0.0002386191627010703;1.0
1478;0.0002403046382823959;1.0
1479;0.0002199474402004853;1.0
1480;0.0002528555050957948;1.0
1481;0.00023685746418777853;1.0
1482;0.0002489717153366655;1.0
1483;0.00021021752036176622;1.0
1484;0.00022960473143029958;1.0
1485;0.0002341092040296644;1.0
1486;0.00024060973373707384;1.0
1487;0.00022817404533270746;1.0
1488;0.0002363986277487129;1.0
1489;0.00024046507314778864;1.0
1490;0.00023906244314275682;1.0
1491;0.0002531480567995459;1.0
1492;0.0002284224465256557;1.0
1493;0.0002749672275967896;1.0
1494;0.00021005829330533743;1.0
1495;0.0002402049140073359;1.0
1496;0.00023321405751630664;1.0
1497;0.00022665962751489133;1.0
1498;0.00021880856365896761;1.0
1499;0.00025216175708919764;1.0
