iteration;loss;accuracy
0;0.009460150264203548;0.019305018708109856
1;0.009257183410227299;0.028957528993487358
2;0.0092332037165761;0.03281853348016739
3;0.00923196878284216;0.052123550325632095
4;0.009234139695763588;0.03861003741621971
5;0.009195567108690739;0.03861003741621971
6;0.009168894030153751;0.04054053872823715
7;0.009143643081188202;0.08301158249378204
8;0.009157597087323666;0.05984555929899216
9;0.009158327244222164;0.06949806958436966
10;0.009151304140686989;0.050193049013614655
11;0.009125989861786366;0.06370656192302704
12;0.009107405319809914;0.048262547701597214
13;0.009097013622522354;0.0617760606110096
14;0.009100101888179779;0.055984556674957275
15;0.009095349349081516;0.07915057986974716
16;0.009084740653634071;0.055984556674957275
17;0.00906335562467575;0.08687258511781693
18;0.00906754843890667;0.050193049013614655
19;0.009042279794812202;0.054054055362939835
20;0.009037035517394543;0.07722007483243942
21;0.009032574482262135;0.0810810774564743
22;0.00902101956307888;0.0907335877418518
23;0.009019539691507816;0.0714285746216774
24;0.009016410447657108;0.057915057986974716
25;0.00899550225585699;0.0810810774564743
26;0.008988316170871258;0.08301158249378204
27;0.008984757587313652;0.08301158249378204
28;0.008985339663922787;0.0810810774564743
29;0.008989735506474972;0.07722007483243942
30;0.008959922008216381;0.09459459781646729
31;0.008945057168602943;0.10424710065126419
32;0.008943828754127026;0.07722007483243942
33;0.008934167213737965;0.08687258511781693
34;0.008919361047446728;0.06949806958436966
35;0.008910860866308212;0.07722007483243942
36;0.008895334787666798;0.11583011597394943
37;0.008871044032275677;0.12162162363529205
38;0.008879536762833595;0.09266409277915955
39;0.008846571668982506;0.1332046389579773
40;0.008837909437716007;0.11583011597394943
41;0.00883827731013298;0.09845560044050217
42;0.008826681412756443;0.11583011597394943
43;0.008803141303360462;0.11196911334991455
44;0.008800248615443707;0.10810811072587967
45;0.008765279315412045;0.13127413392066956
46;0.008752236142754555;0.12934362888336182
47;0.008732395246624947;0.1138996109366417
48;0.008730361238121986;0.14864864945411682
49;0.00870472937822342;0.12741312384605408
50;0.008711570873856544;0.11776062101125717
51;0.008697964251041412;0.11969111859798431
52;0.008679247461259365;0.11583011597394943
53;0.00866473838686943;0.14671814441680908
54;0.008660250343382359;0.15830115973949432
55;0.008618253283202648;0.1525096595287323
56;0.00861041434109211;0.15830115973949432
57;0.008635045029222965;0.1332046389579773
58;0.008578160777688026;0.14092664420604706
59;0.008620616979897022;0.14478763937950134
60;0.00858998205512762;0.16795367002487183
61;0.00858535710722208;0.13513512909412384
62;0.008537220768630505;0.16409265995025635
63;0.008518815971910954;0.1756756752729416
64;0.00852881744503975;0.16988417506217957
65;0.00850156880915165;0.1621621549129486
66;0.008526167832314968;0.1621621549129486
67;0.008491791784763336;0.1660231649875641
68;0.008502843789756298;0.14864864945411682
69;0.008471744135022163;0.17953668534755707
70;0.008457770571112633;0.17760618031024933
71;0.008449745364487171;0.18339768052101135
72;0.008426209911704063;0.1853281855583191
73;0.008444025181233883;0.1814671754837036
74;0.008408728986978531;0.15637065470218658
75;0.008414354175329208;0.16795367002487183
76;0.008415894582867622;0.18725869059562683
77;0.00837294664233923;0.17374517023563385
78;0.008361101150512695;0.20849420130252838
79;0.00835384801030159;0.17953668534755707
80;0.008351361379027367;0.1949806958436966
81;0.008312162943184376;0.19111968576908112
82;0.008343293331563473;0.21042470633983612
83;0.008299619890749454;0.2142857164144516
84;0.008290799334645271;0.20270270109176636
85;0.008289617486298084;0.19691120088100433
86;0.00826347153633833;0.1814671754837036
87;0.008281003683805466;0.1756756752729416
88;0.008267635479569435;0.19884170591831207
89;0.008242295123636723;0.2046332061290741
90;0.008259579539299011;0.1949806958436966
91;0.008254065178334713;0.2046332061290741
92;0.008239672519266605;0.21042470633983612
93;0.008219362236559391;0.20849420130252838
94;0.00824398547410965;0.19884170591831207
95;0.008237224072217941;0.18918919563293457
96;0.00821201503276825;0.20849420130252838
97;0.008253464475274086;0.21621622145175934
98;0.008196087554097176;0.22007721662521362
99;0.008217095397412777;0.17760618031024933
100;0.008192414417862892;0.22200772166252136
101;0.008185910061001778;0.18725869059562683
102;0.00820999126881361;0.21814671158790588
103;0.008142374455928802;0.20077219605445862
104;0.008192053064703941;0.16795367002487183
105;0.008153654634952545;0.22200772166252136
106;0.008144878782331944;0.2374517321586609
107;0.008151164278388023;0.20656371116638184
108;0.008133531548082829;0.2277992218732834
109;0.008143876679241657;0.20270270109176636
110;0.008159305900335312;0.20270270109176636
111;0.008116587065160275;0.22007721662521362
112;0.00810474157333374;0.22972972691059113
113;0.008092583157122135;0.23938223719596863
114;0.008096757344901562;0.2239382266998291
115;0.008111629635095596;0.20849420130252838
116;0.008103515021502972;0.23938223719596863
117;0.00808758195489645;0.2277992218732834
118;0.008070742711424828;0.24131274223327637
119;0.008102407678961754;0.2374517321586609
120;0.008100378327071667;0.21814671158790588
121;0.008065265603363514;0.22972972691059113
122;0.008096789941191673;0.22586873173713684
123;0.008058551698923111;0.2277992218732834
124;0.008103487081825733;0.21814671158790588
125;0.008066150359809399;0.24517375230789185
126;0.008065403439104557;0.2432432472705841
127;0.008131022565066814;0.19884170591831207
128;0.008047075942158699;0.2567567527294159
129;0.00809234008193016;0.23552124202251434
130;0.008044818416237831;0.2625482678413391
131;0.008028638549149036;0.2702702581882477
132;0.00806539598852396;0.22586873173713684
133;0.008036375977098942;0.2664092779159546
134;0.008024714887142181;0.2528957426548004
135;0.008023961447179317;0.24131274223327637
136;0.008016923442482948;0.25482624769210815
137;0.00802535004913807;0.25868725776672363
138;0.008008825592696667;0.24517375230789185
139;0.00802804995328188;0.27413126826286316
140;0.00800829567015171;0.2722007632255554
141;0.007957148365676403;0.2799227833747864
142;0.008017905056476593;0.2567567527294159
143;0.008001996204257011;0.2567567527294159
144;0.007974761538207531;0.26833978295326233
145;0.007966725155711174;0.28378379344940186
146;0.007931340485811234;0.2895752787590027
147;0.008004724979400635;0.2509652376174927
148;0.008026855997741222;0.2432432472705841
149;0.008027610369026661;0.2471042424440384
150;0.007915424183011055;0.32239383459091187
151;0.008021271787583828;0.24903474748134613
152;0.007948141545057297;0.2857142984867096
153;0.007948334328830242;0.3185328245162964
154;0.007940070703625679;0.2722007632255554
155;0.007957680150866508;0.3011583089828491
156;0.0078941211104393;0.2953667938709259
157;0.0079448027536273;0.3088802993297577
158;0.007905899547040462;0.2953667938709259
159;0.00788078736513853;0.3204633295536041
160;0.007913934998214245;0.2915057837963104
161;0.007926801219582558;0.2953667938709259
162;0.00788967590779066;0.3146718144416809
163;0.007887249812483788;0.31660231947898865
164;0.007907949388027191;0.2915057837963104
165;0.007907398976385593;0.3088802993297577
166;0.00790419802069664;0.29729729890823364
167;0.007855982519686222;0.30694979429244995
168;0.007886180654168129;0.2857142984867096
169;0.00784233957529068;0.3320463299751282
170;0.007857609540224075;0.3243243098258972
171;0.007886223495006561;0.2760617733001709
172;0.007868305779993534;0.32239383459091187
173;0.00779205746948719;0.3571428656578064
174;0.007873376831412315;0.2857142984867096
175;0.007797428872436285;0.33011582493782043
176;0.007898394018411636;0.29729729890823364
177;0.0078100538812577724;0.34942084550857544
178;0.007775185629725456;0.34169885516166687
179;0.007869342342019081;0.2818532884120941
180;0.007859825156629086;0.3378378450870514
181;0.00776346679776907;0.30308881402015686
182;0.007863878272473812;0.2992278039455414
183;0.007884472608566284;0.2953667938709259
184;0.007828601635992527;0.31660231947898865
185;0.0077947573736310005;0.3185328245162964
186;0.00778259476646781;0.3243243098258972
187;0.007787410635501146;0.33976835012435913
188;0.007784995250403881;0.3185328245162964
189;0.0078067900612950325;0.29729729890823364
190;0.007769458461552858;0.33590734004974365
191;0.007790161296725273;0.32625481486320496
192;0.007800559978932142;0.33011582493782043
193;0.00776552502065897;0.3378378450870514
194;0.007739271968603134;0.32625481486320496
195;0.007754947524517775;0.3339768350124359
196;0.007763847708702087;0.33011582493782043
197;0.007715770509094;0.3050193190574646
198;0.0077874320559203625;0.34555983543395996
199;0.0076958597637712955;0.3532818555831909
200;0.007751479744911194;0.3204633295536041
201;0.007716619409620762;0.3474903404712677
202;0.007684947457164526;0.33590734004974365
203;0.007738850079476833;0.34555983543395996
204;0.007774646393954754;0.33976835012435913
205;0.00778181804344058;0.34555983543395996
206;0.0076808687299489975;0.3513513505458832
207;0.007758683990687132;0.34169885516166687
208;0.007735956460237503;0.33976835012435913
209;0.0076776184141635895;0.35521236062049866
210;0.007663680240511894;0.33590734004974365
211;0.007716471329331398;0.33976835012435913
212;0.007626973558217287;0.3629343509674072
213;0.007716977037489414;0.3378378450870514
214;0.00772208021953702;0.3185328245162964
215;0.0076605044305324554;0.3532818555831909
216;0.007775287609547377;0.3011583089828491
217;0.007735049352049828;0.3339768350124359
218;0.007668871898204088;0.35907337069511414
219;0.007721967529505491;0.32239383459091187
220;0.007579011842608452;0.3610038757324219
221;0.0076357219368219376;0.3706563711166382
222;0.00764376949518919;0.3513513505458832
223;0.007573951035737991;0.38416987657546997
224;0.007609511725604534;0.3899613916873932
225;0.007548189722001553;0.36872586607933044
226;0.007641830947250128;0.3474903404712677
227;0.007570108864456415;0.3725868761539459
228;0.0075918626971542835;0.38416987657546997
229;0.007560683414340019;0.34942084550857544
230;0.0075567918829619884;0.35521236062049866
231;0.007537500467151403;0.3957529067993164
232;0.007526104338467121;0.4054054021835327
233;0.007534970063716173;0.3861003816127777
234;0.0075235809199512005;0.3918918967247009
235;0.0074938200414180756;0.38416987657546997
236;0.007480337750166655;0.36872586607933044
237;0.00753346923738718;0.3764478862285614
238;0.0074942042119801044;0.37451738119125366
239;0.007441046182066202;0.42084941267967224
240;0.007516862358897924;0.38803088665008545
241;0.007472598925232887;0.41312742233276367
242;0.007518153637647629;0.403474897146225
243;0.007602712605148554;0.37451738119125366
244;0.00761574087664485;0.3899613916873932
245;0.007565762382000685;0.3899613916873932
246;0.007508287206292152;0.38803088665008545
247;0.007480065803974867;0.4324324429035187
248;0.007500442210584879;0.3957529067993164
249;0.007451684679836035;0.40154439210891724
250;0.007464065682142973;0.3899613916873932
251;0.007474721875041723;0.3764478862285614
252;0.007464262191206217;0.37451738119125366
253;0.0073670013807713985;0.42084941267967224
254;0.00750808184966445;0.3513513505458832
255;0.007519128266721964;0.4092664122581482
256;0.007470706012099981;0.3725868761539459
257;0.007379406597465277;0.4189189076423645
258;0.007362357806414366;0.44594594836235046
259;0.007412788923829794;0.42664092779159546
260;0.007400794420391321;0.40154439210891724
261;0.007333971094340086;0.4382239282131195
262;0.0074153924360871315;0.39382240176200867
263;0.007538956589996815;0.3803088665008545
264;0.007928295992314816;0.36486485600471497
265;0.007592344656586647;0.3899613916873932
266;0.008038217201828957;0.2915057837963104
267;0.007655599620193243;0.37837839126586914
268;0.00781416054815054;0.3339768350124359
269;0.007465037051588297;0.40733590722084045
270;0.0077003310434520245;0.33590734004974365
271;0.007465291768312454;0.40154439210891724
272;0.007541831117123365;0.3899613916873932
273;0.007520422339439392;0.3764478862285614
274;0.007492976728826761;0.3861003816127777
275;0.007540986407548189;0.3725868761539459
276;0.007423473987728357;0.41119691729545593
277;0.0074220988899469376;0.42277991771698
278;0.00744878314435482;0.38803088665008545
279;0.0073663401417434216;0.4285714328289032
280;0.00734791811555624;0.42664092779159546
281;0.00742510799318552;0.41119691729545593
282;0.007374835666269064;0.3996138870716095
283;0.00735893240198493;0.40154439210891724
284;0.007361668162047863;0.3899613916873932
285;0.0073505574837327;0.3996138870716095
286;0.007295135408639908;0.42664092779159546
287;0.007265036925673485;0.4382239282131195
288;0.007328796200454235;0.4247104227542877
289;0.00728478142991662;0.4189189076423645
290;0.007262276951223612;0.44594594836235046
291;0.007304662838578224;0.44594594836235046
292;0.007262131664901972;0.43629342317581177
293;0.007212178781628609;0.4903475046157837
294;0.007247290574014187;0.4864864945411682
295;0.007248057518154383;0.4517374634742737
296;0.0072563402354717255;0.43629342317581177
297;0.007238458376377821;0.42664092779159546
298;0.00718716811388731;0.44980695843696594
299;0.007259940728545189;0.44594594836235046
300;0.007271392736583948;0.46911197900772095
301;0.007120916619896889;0.44980695843696594
302;0.007379306014627218;0.38803088665008545
303;0.007562525104731321;0.3725868761539459
304;0.007462034933269024;0.39768341183662415
305;0.007302294950932264;0.4382239282131195
306;0.007577260956168175;0.3436293303966522
307;0.007350591477006674;0.41312742233276367
308;0.0074605150148272514;0.38416987657546997
309;0.007313988171517849;0.4324324429035187
310;0.007431676611304283;0.37837839126586914
311;0.007280660793185234;0.39382240176200867
312;0.007370454724878073;0.39768341183662415
313;0.007283823564648628;0.4343629479408264
314;0.007240487728267908;0.4555984437465668
315;0.0073527805507183075;0.4150579273700714
316;0.007238774094730616;0.43629342317581177
317;0.007201037369668484;0.46525096893310547
318;0.007221299223601818;0.4285714328289032
319;0.007174146361649036;0.4440154433250427
320;0.007252095267176628;0.4285714328289032
321;0.007113453932106495;0.442084938287735
322;0.007118429057300091;0.4710424840450287
323;0.007272386457771063;0.4324324429035187
324;0.007151560392230749;0.4575289487838745
325;0.007272724527865648;0.4150579273700714
326;0.007132756058126688;0.46911197900772095
327;0.007141469046473503;0.4671814739704132
328;0.007126780226826668;0.44594594836235046
329;0.007113426923751831;0.4961389899253845
330;0.0071722362190485;0.47297295928001404
331;0.007084444165229797;0.46332046389579773
332;0.007088500075042248;0.46138995885849
333;0.007070060819387436;0.49806949496269226
334;0.007079663220793009;0.5038610100746155
335;0.007040328811854124;0.49227797985076904
336;0.007085499353706837;0.4710424840450287
337;0.0070002335123717785;0.49806949496269226
338;0.007037137169390917;0.4575289487838745
339;0.007038165349513292;0.4710424840450287
340;0.006905815098434687;0.4961389899253845
341;0.007017698138952255;0.47876447439193726
342;0.006976040080189705;0.5096524953842163
343;0.006966348271816969;0.4671814739704132
344;0.006991547532379627;0.4903475046157837
345;0.006989840418100357;0.4671814739704132
346;0.0070960260927677155;0.4845559895038605
347;0.007065904792398214;0.48262548446655273
348;0.006962856277823448;0.4845559895038605
349;0.00700768455862999;0.4555984437465668
350;0.007073960732668638;0.4575289487838745
351;0.0070427292957901955;0.4768339693546295
352;0.0069259703159332275;0.4903475046157837
353;0.00703797023743391;0.49227797985076904
354;0.006970925256609917;0.4575289487838745
355;0.00709868548437953;0.46525096893310547
356;0.006972726434469223;0.4845559895038605
357;0.007444392889738083;0.37837839126586914
358;0.007482653483748436;0.4189189076423645
359;0.007632794789969921;0.37837839126586914
360;0.007421926129609346;0.4189189076423645
361;0.007522355765104294;0.35907337069511414
362;0.007255594711750746;0.39768341183662415
363;0.007391835562884808;0.4478764533996582
364;0.00736218923702836;0.44015443325042725
365;0.00729139382019639;0.4189189076423645
366;0.007143725641071796;0.4710424840450287
367;0.007145366631448269;0.4247104227542877
368;0.007227316498756409;0.3996138870716095
369;0.007066971156746149;0.44594594836235046
370;0.007027856539934874;0.4575289487838745
371;0.007154560182243586;0.4343629479408264
372;0.007080687675625086;0.4710424840450287
373;0.007062568794935942;0.46911197900772095
374;0.006975673604756594;0.4942084848880768
375;0.00695723295211792;0.4517374634742737
376;0.006928327027708292;0.5019304752349854
377;0.007010682951658964;0.46911197900772095
378;0.006994718220084906;0.49806949496269226
379;0.006958280690014362;0.4942084848880768
380;0.006840331945568323;0.5019304752349854
381;0.006900997366756201;0.5173745155334473
382;0.006810785736888647;0.5212355256080627
383;0.006909457966685295;0.5
384;0.006872502621263266;0.5115830302238464
385;0.006904469802975655;0.48262548446655273
386;0.006846675183624029;0.507722020149231
387;0.006828793790191412;0.47876447439193726
388;0.006835521664470434;0.5096524953842163
389;0.006827556993812323;0.5038610100746155
390;0.006824688985943794;0.4903475046157837
391;0.0067859794944524765;0.5
392;0.006805421784520149;0.5115830302238464
393;0.006771470885723829;0.5347490310668945
394;0.006702161859720945;0.5193049907684326
395;0.006730145774781704;0.5
396;0.006773118861019611;0.5250965356826782
397;0.0067265634424984455;0.5231660008430481
398;0.00671205623075366;0.5019304752349854
399;0.006739298813045025;0.5135135054588318
400;0.006708149332553148;0.5019304752349854
401;0.006730699446052313;0.5328185558319092
402;0.006721916608512402;0.5115830302238464
403;0.0067170653492212296;0.507722020149231
404;0.006692507304251194;0.5154440402984619
405;0.006769564002752304;0.4961389899253845
406;0.006648059003055096;0.5115830302238464
407;0.006693496834486723;0.5212355256080627
408;0.006780413910746574;0.5270270109176636
409;0.006687748245894909;0.5270270109176636
410;0.00681619718670845;0.5057914853096008
411;0.006808781996369362;0.5231660008430481
412;0.006900334265083075;0.4710424840450287
413;0.006600011605769396;0.5424710512161255
414;0.006941689644008875;0.4768339693546295
415;0.006744447164237499;0.5096524953842163
416;0.006735884118825197;0.5
417;0.006819691509008408;0.5096524953842163
418;0.006648512091487646;0.5135135054588318
419;0.006719022989273071;0.4942084848880768
420;0.006637129001319408;0.5444015264511108
421;0.006700008641928434;0.530888020992279
422;0.006704553961753845;0.5328185558319092
423;0.006631426978856325;0.5405405163764954
424;0.006661159452050924;0.4942084848880768
425;0.006638295482844114;0.5193049907684326
426;0.006551086902618408;0.546332061290741
427;0.006641280837357044;0.5270270109176636
428;0.006635414436459541;0.5405405163764954
429;0.006776263937354088;0.5057914853096008
430;0.006750716362148523;0.5038610100746155
431;0.006662422325462103;0.5289575457572937
432;0.006664354354143143;0.5115830302238464
433;0.006681804079562426;0.507722020149231
434;0.00658224755898118;0.5173745155334473
435;0.006587169133126736;0.5193049907684326
436;0.0065560066141188145;0.5347490310668945
437;0.006557706743478775;0.5231660008430481
438;0.006564734969288111;0.5617760419845581
439;0.006575894542038441;0.5135135054588318
440;0.006483443547040224;0.5501930713653564
441;0.006500795017927885;0.5733590722084045
442;0.00651853671297431;0.5521235466003418
443;0.006528183817863464;0.5366795659065247
444;0.006494041066616774;0.5521235466003418
445;0.006564663723111153;0.546332061290741
446;0.006471580825746059;0.546332061290741
447;0.0064863525331020355;0.5733590722084045
448;0.0065777236595749855;0.53861004114151
449;0.006511864718049765;0.5328185558319092
450;0.006606133654713631;0.5250965356826782
451;0.006574438419193029;0.5212355256080627
452;0.006493787746876478;0.5405405163764954
453;0.006495077628642321;0.5714285969734192
454;0.006490453612059355;0.5752895474433899
455;0.006820064969360828;0.46332046389579773
456;0.006436368450522423;0.53861004114151
457;0.0065591903403401375;0.5135135054588318
458;0.006519485730677843;0.546332061290741
459;0.006515125744044781;0.5617760419845581
460;0.0065405708737671375;0.530888020992279
461;0.006505106575787067;0.507722020149231
462;0.006569215562194586;0.5405405163764954
463;0.0064819674007594585;0.5193049907684326
464;0.006529107224196196;0.5328185558319092
465;0.006586094386875629;0.5289575457572937
466;0.006554362364113331;0.507722020149231
467;0.006497557274997234;0.5637065768241882
468;0.006487211212515831;0.5366795659065247
469;0.006418675184249878;0.5617760419845581
470;0.006468033418059349;0.546332061290741
471;0.0065339095890522;0.5250965356826782
472;0.006548725534230471;0.5617760419845581
473;0.006326919421553612;0.5637065768241882
474;0.006400260142982006;0.5945945978164673
475;0.006387266330420971;0.5598455667495728
476;0.006395653355866671;0.5791505575180054
477;0.006369468756020069;0.57722008228302
478;0.006405830383300781;0.5598455667495728
479;0.006359798368066549;0.5579150319099426
480;0.006441059056669474;0.5540540814399719
481;0.006355671677738428;0.530888020992279
482;0.006346062291413546;0.5250965356826782
483;0.006362395826727152;0.5501930713653564
484;0.00646226154640317;0.5656370520591736
485;0.006282005459070206;0.5598455667495728
486;0.006382090039551258;0.53861004114151
487;0.006346149370074272;0.5637065768241882
488;0.006346649490296841;0.5347490310668945
489;0.006264819297939539;0.5501930713653564
490;0.006363819353282452;0.5694980621337891
491;0.006375182420015335;0.5598455667495728
492;0.0062475306913256645;0.5656370520591736
493;0.00635735085234046;0.546332061290741
494;0.006254143547266722;0.5501930713653564
495;0.006278360262513161;0.5521235466003418
496;0.006361330859363079;0.5617760419845581
497;0.006334918085485697;0.5637065768241882
498;0.006271362770348787;0.5617760419845581
499;0.006260883994400501;0.5752895474433899
500;0.006264506373554468;0.5424710512161255
501;0.006317894905805588;0.5540540814399719
502;0.006273273844271898;0.5405405163764954
503;0.0061749969609081745;0.5830115675926208
504;0.006301726680248976;0.5656370520591736
505;0.006232861429452896;0.5733590722084045
506;0.006236990913748741;0.5714285969734192
507;0.006199476774781942;0.5830115675926208
508;0.006154754664748907;0.57722008228302
509;0.006146050523966551;0.5907335877418518
510;0.006182745099067688;0.5926640629768372
511;0.006259365472942591;0.5637065768241882
512;0.0062024216167628765;0.5637065768241882
513;0.006202961318194866;0.5675675868988037
514;0.006237083114683628;0.5830115675926208
515;0.0061577619053423405;0.5656370520591736
516;0.0061326902359724045;0.5868725776672363
517;0.006197336129844189;0.584942102432251
518;0.006164148915559053;0.5907335877418518
519;0.006227927282452583;0.5945945978164673
520;0.006086313631385565;0.5945945978164673
521;0.0061226109974086285;0.623552143573761
522;0.006143012084066868;0.5868725776672363
523;0.006177796050906181;0.5675675868988037
524;0.006083008833229542;0.6023166179656982
525;0.006223201286047697;0.5714285969734192
526;0.006204000674188137;0.5868725776672363
527;0.00610295170918107;0.5714285969734192
528;0.006075124256312847;0.5945945978164673
529;0.00606694258749485;0.6061776280403137
530;0.006041157059371471;0.5791505575180054
531;0.006059520877897739;0.6081081032752991
532;0.006151335313916206;0.5868725776672363
533;0.006101569626480341;0.6003860831260681
534;0.006136429496109486;0.5617760419845581
535;0.006055978126823902;0.5965250730514526
536;0.0061786361038684845;0.5656370520591736
537;0.006113947834819555;0.5830115675926208
538;0.006089253816753626;0.5868725776672363
539;0.006013861857354641;0.6177605986595154
540;0.006140834651887417;0.5868725776672363
541;0.006118027027696371;0.5656370520591736
542;0.006069844588637352;0.5945945978164673
543;0.006118266377598047;0.5945945978164673
544;0.00601201131939888;0.6100386381149292
545;0.006098393816500902;0.5945945978164673
546;0.006027587223798037;0.5830115675926208
547;0.006005661562085152;0.6100386381149292
548;0.00595582090318203;0.5868725776672363
549;0.006072542164474726;0.5714285969734192
550;0.006004867143929005;0.6216216087341309
551;0.005996345076709986;0.6042470932006836
552;0.006050982978194952;0.584942102432251
553;0.006093574687838554;0.623552143573761
554;0.006175583694130182;0.5888031125068665
555;0.005940878763794899;0.6003860831260681
556;0.006015854887664318;0.6216216087341309
557;0.00616014888510108;0.5810810923576355
558;0.006141722202301025;0.5888031125068665
559;0.0061905262991786;0.5752895474433899
560;0.006167169194668531;0.5945945978164673
561;0.00613446393981576;0.5926640629768372
562;0.006134794559329748;0.5888031125068665
563;0.006263724062591791;0.546332061290741
564;0.005990756209939718;0.6100386381149292
565;0.006230341270565987;0.5521235466003418
566;0.006104001309722662;0.584942102432251
567;0.006375620141625404;0.53861004114151
568;0.006051224656403065;0.57722008228302
569;0.006213288754224777;0.5521235466003418
570;0.006072608754038811;0.5714285969734192
571;0.005970643367618322;0.623552143573761
572;0.006096831057220697;0.5984556078910828
573;0.005995756946504116;0.6196911334991455
574;0.006022484973073006;0.6138995885848999
575;0.006041135173290968;0.61583012342453
576;0.0059324647299945354;0.6081081032752991
577;0.006013218779116869;0.5926640629768372
578;0.0059288982301950455;0.6119691133499146
579;0.006101092789322138;0.5752895474433899
580;0.006120116915553808;0.5656370520591736
581;0.005896132439374924;0.6312741041183472
582;0.0059248656034469604;0.6042470932006836
583;0.005949066951870918;0.5907335877418518
584;0.005962647031992674;0.6138995885848999
585;0.005930330604314804;0.6100386381149292
586;0.005964505486190319;0.5945945978164673
587;0.00591790396720171;0.6293436288833618
588;0.0059058028273284435;0.6023166179656982
589;0.005898901727050543;0.5945945978164673
590;0.005869064945727587;0.6100386381149292
591;0.0059083011001348495;0.6023166179656982
592;0.005857766140252352;0.623552143573761
593;0.005903343670070171;0.5888031125068665
594;0.005801222752779722;0.6293436288833618
595;0.00587585149332881;0.6100386381149292
596;0.0058634295128285885;0.6081081032752991
597;0.0058362106792628765;0.6216216087341309
598;0.005829608999192715;0.623552143573761
599;0.005795461591333151;0.6196911334991455
600;0.005842961836606264;0.6332046389579773
601;0.005763024557381868;0.6351351141929626
602;0.005773682612925768;0.6505791544914246
603;0.0058190226554870605;0.6254826188087463
604;0.005728455726057291;0.6332046389579773
605;0.005735287442803383;0.6351351141929626
606;0.005743871442973614;0.6216216087341309
607;0.005789661314338446;0.6428571343421936
608;0.00571226654574275;0.623552143573761
609;0.005795442033559084;0.6177605986595154
610;0.005676769185811281;0.65444016456604
611;0.005792558658868074;0.6177605986595154
612;0.005791612900793552;0.6177605986595154
613;0.005773714743554592;0.6061776280403137
614;0.0057081375271081924;0.6351351141929626
615;0.005710518453270197;0.6563706398010254
616;0.005663612857460976;0.6177605986595154
617;0.0056909555569291115;0.6602316498756409
618;0.005740364082157612;0.6486486196517944
619;0.005730106960982084;0.6254826188087463
620;0.005712886340916157;0.6447876691818237
621;0.00562424398958683;0.6756756901741028
622;0.005669692065566778;0.6254826188087463
623;0.005683613009750843;0.6119691133499146
624;0.005655186716467142;0.6196911334991455
625;0.005760312546044588;0.6254826188087463
626;0.005657174624502659;0.6583011746406555
627;0.005654637236148119;0.6312741041183472
628;0.005763724911957979;0.61583012342453
629;0.0056662182323634624;0.6196911334991455
630;0.005644985008984804;0.6563706398010254
631;0.005646140780299902;0.6409266591072083
632;0.0056406594812870026;0.6660231947898865
633;0.005638665985316038;0.6756756901741028
634;0.005569452419877052;0.6447876691818237
635;0.0056749917566776276;0.6293436288833618
636;0.0058471099473536015;0.623552143573761
637;0.005637796595692635;0.6389961242675781
638;0.005724362097680569;0.6332046389579773
639;0.005538680590689182;0.6833977103233337
640;0.005675672087818384;0.6196911334991455
641;0.005538692697882652;0.65444016456604
642;0.005735075566917658;0.6467181444168091
643;0.005643591284751892;0.6409266591072083
644;0.005650769919157028;0.6332046389579773
645;0.005626161117106676;0.6370656490325928
646;0.005684823263436556;0.6081081032752991
647;0.005543172359466553;0.6505791544914246
648;0.005728427786380053;0.6177605986595154
649;0.005636636633425951;0.6196911334991455
650;0.005839300341904163;0.6274131536483765
651;0.0056183598935604095;0.6389961242675781
652;0.005774045363068581;0.5926640629768372
653;0.005669030360877514;0.6081081032752991
654;0.005789599381387234;0.6196911334991455
655;0.005571980960667133;0.6525096297264099
656;0.005651554558426142;0.6332046389579773
657;0.00558192003518343;0.6196911334991455
658;0.005633937660604715;0.6428571343421936
659;0.005589768290519714;0.6467181444168091
660;0.0055927131325006485;0.6312741041183472
661;0.005554686300456524;0.6602316498756409
662;0.005533524323254824;0.662162184715271
663;0.005558631848543882;0.6428571343421936
664;0.0055270129814744;0.6737451553344727
665;0.005526421591639519;0.6389961242675781
666;0.005496844183653593;0.6274131536483765
667;0.005503498483449221;0.6563706398010254
668;0.005460645072162151;0.6660231947898865
669;0.0055659436620771885;0.6505791544914246
670;0.005505229812115431;0.6583011746406555
671;0.005515780299901962;0.6351351141929626
672;0.005484847817569971;0.662162184715271
673;0.00544185284525156;0.6679536700248718
674;0.005467985291033983;0.6563706398010254
675;0.0055575259029865265;0.6351351141929626
676;0.0055575016885995865;0.6216216087341309
677;0.005490079056471586;0.662162184715271
678;0.00541442446410656;0.65444016456604
679;0.005579567514359951;0.6505791544914246
680;0.0055892630480229855;0.6370656490325928
681;0.005612182430922985;0.623552143573761
682;0.005530394148081541;0.6351351141929626
683;0.005465119611471891;0.65444016456604
684;0.005507205612957478;0.6467181444168091
685;0.0055023436434566975;0.6640926599502563
686;0.005456931423395872;0.6679536700248718
687;0.005472574848681688;0.6833977103233337
688;0.00541161373257637;0.6698841452598572
689;0.005432690493762493;0.6486486196517944
690;0.005462027154862881;0.6447876691818237
691;0.005431182216852903;0.6891891956329346
692;0.005418217275291681;0.6660231947898865
693;0.005535417702049017;0.6409266591072083
694;0.005359398201107979;0.6988416910171509
695;0.005584170110523701;0.6389961242675781
696;0.005358928348869085;0.6486486196517944
697;0.005566897802054882;0.61583012342453
698;0.005410270765423775;0.6583011746406555
699;0.005565502215176821;0.6042470932006836
700;0.005405530799180269;0.6718146800994873
701;0.0055107916705310345;0.6737451553344727
702;0.005503959022462368;0.6583011746406555
703;0.005378315225243568;0.6467181444168091
704;0.0055617718026041985;0.5926640629768372
705;0.005434706807136536;0.6486486196517944
706;0.005429438315331936;0.69305020570755
707;0.0054335747845470905;0.6833977103233337
708;0.005377570167183876;0.662162184715271
709;0.005517468322068453;0.623552143573761
710;0.005446003749966621;0.6563706398010254
711;0.005450779106467962;0.6583011746406555
712;0.005436494946479797;0.6640926599502563
713;0.0054899961687624454;0.6351351141929626
714;0.005534373689442873;0.6274131536483765
715;0.005388206802308559;0.6351351141929626
716;0.005408931523561478;0.6563706398010254
717;0.005399489309638739;0.6640926599502563
718;0.005346789490431547;0.6563706398010254
719;0.0055632684379816055;0.65444016456604
720;0.0052987802773714066;0.6911196708679199
721;0.005239333491772413;0.6872586607933044
722;0.005368751473724842;0.6525096297264099
723;0.0053063263185322285;0.6640926599502563
724;0.005638080649077892;0.623552143573761
725;0.005407809745520353;0.6756756901741028
726;0.005454306025058031;0.6737451553344727
727;0.00552400154992938;0.6583011746406555
728;0.005418195854872465;0.6486486196517944
729;0.005416842643171549;0.6293436288833618
730;0.005481488071382046;0.6525096297264099
731;0.005343590397387743;0.662162184715271
732;0.0054307118989527225;0.6872586607933044
733;0.005372167099267244;0.65444016456604
734;0.005490253679454327;0.6525096297264099
735;0.005415639374405146;0.662162184715271
736;0.005645356606692076;0.6196911334991455
737;0.005486860405653715;0.6505791544914246
738;0.006122490391135216;0.5830115675926208
739;0.005930922459810972;0.6216216087341309
740;0.005792003124952316;0.6428571343421936
741;0.00574360741302371;0.6177605986595154
742;0.005774400662630796;0.61583012342453
743;0.00566280260682106;0.6525096297264099
744;0.00565457483753562;0.6254826188087463
745;0.005660302005708218;0.6428571343421936
746;0.0057800267823040485;0.6254826188087463
747;0.005637643858790398;0.6563706398010254
748;0.005503170657902956;0.6563706398010254
749;0.005395576357841492;0.6756756901741028
750;0.005360625218600035;0.6776061654090881
751;0.0054902853444218636;0.6756756901741028
752;0.0055165584199130535;0.6486486196517944
753;0.005412546917796135;0.6563706398010254
754;0.005335493013262749;0.6563706398010254
755;0.005327302031219006;0.662162184715271
756;0.005369629245251417;0.6486486196517944
757;0.005336447153240442;0.6737451553344727
758;0.005303175654262304;0.6563706398010254
759;0.005395843181759119;0.6660231947898865
760;0.005274525377899408;0.6833977103233337
761;0.005363991484045982;0.6718146800994873
762;0.005278510041534901;0.6602316498756409
763;0.005286030936986208;0.6853281855583191
764;0.005297630559653044;0.6563706398010254
765;0.005394848994910717;0.6312741041183472
766;0.005215973127633333;0.6833977103233337
767;0.005260731093585491;0.6814671754837036
768;0.005268620327115059;0.6814671754837036
769;0.00530514121055603;0.6698841452598572
770;0.005230646580457687;0.6718146800994873
771;0.005270258989185095;0.6660231947898865
772;0.0052519384771585464;0.6602316498756409
773;0.0051619564183056355;0.6698841452598572
774;0.005190380848944187;0.6814671754837036
775;0.00527581013739109;0.6409266591072083
776;0.005323963239789009;0.6409266591072083
777;0.005194632336497307;0.6853281855583191
778;0.005178067833185196;0.6795367002487183
779;0.005108298733830452;0.69305020570755
780;0.005146328825503588;0.6698841452598572
781;0.005114105995744467;0.6853281855583191
782;0.005123664624989033;0.6660231947898865
783;0.005169480573385954;0.6853281855583191
784;0.005185685586184263;0.6737451553344727
785;0.005090605467557907;0.6872586607933044
786;0.0051170289516448975;0.6640926599502563
787;0.005077649839222431;0.6814671754837036
788;0.005109933204948902;0.6698841452598572
789;0.005068620666861534;0.7027027010917664
790;0.005214223638176918;0.662162184715271
791;0.005066962912678719;0.7181467413902283
792;0.00514052202925086;0.6872586607933044
793;0.0050590503960847855;0.7027027010917664
794;0.0051807379350066185;0.6602316498756409
795;0.005096549168229103;0.6660231947898865
796;0.005072284955531359;0.6737451553344727
797;0.005183045752346516;0.6563706398010254
798;0.005098523572087288;0.6756756901741028
799;0.00513028958812356;0.6737451553344727
800;0.005055421032011509;0.6988416910171509
801;0.005059714894741774;0.6911196708679199
802;0.005154087673872709;0.6640926599502563
803;0.005358198657631874;0.6351351141929626
804;0.005186327267438173;0.6563706398010254
805;0.005471167154610157;0.6351351141929626
806;0.005275506991893053;0.6949806809425354
807;0.005442297551780939;0.6447876691818237
808;0.005191815085709095;0.6718146800994873
809;0.005234990734606981;0.6756756901741028
810;0.005426664836704731;0.6409266591072083
811;0.005197567865252495;0.6718146800994873
812;0.0052484492771327496;0.6602316498756409
813;0.005147470626980066;0.662162184715271
814;0.005227722693234682;0.6640926599502563
815;0.005146292503923178;0.6679536700248718
816;0.0054891351610422134;0.6389961242675781
817;0.0051716398447752;0.6776061654090881
818;0.005296151153743267;0.6602316498756409
819;0.005522706545889378;0.6370656490325928
820;0.005051464308053255;0.700772225856781
821;0.005469173658639193;0.6679536700248718
822;0.005227644462138414;0.6911196708679199
823;0.005312877241522074;0.6525096297264099
824;0.005376711487770081;0.6776061654090881
825;0.005182306747883558;0.6602316498756409
826;0.005096753127872944;0.6911196708679199
827;0.005326895508915186;0.6370656490325928
828;0.005296248011291027;0.6196911334991455
829;0.0053465040400624275;0.6428571343421936
830;0.005717515479773283;0.6196911334991455
831;0.005153275560587645;0.6718146800994873
832;0.0052743335254490376;0.6583011746406555
833;0.005290870554745197;0.6525096297264099
834;0.005191955715417862;0.6563706398010254
835;0.0055549186654388905;0.6119691133499146
836;0.005342472810298204;0.6351351141929626
837;0.005322954151779413;0.700772225856781
838;0.005139714106917381;0.6814671754837036
839;0.005533585324883461;0.6061776280403137
840;0.005089789163321257;0.6853281855583191
841;0.00518923532217741;0.6833977103233337
842;0.005374961066991091;0.623552143573761
843;0.005286023020744324;0.6486486196517944
844;0.005169000010937452;0.6756756901741028
845;0.005198863334953785;0.6891891956329346
846;0.005276375450193882;0.6602316498756409
847;0.005747228395193815;0.6254826188087463
848;0.0051404996775090694;0.6679536700248718
849;0.005495094228535891;0.6389961242675781
850;0.005446306429803371;0.6525096297264099
851;0.005120777990669012;0.6853281855583191
852;0.005364816170185804;0.6563706398010254
853;0.0054730940610170364;0.6389961242675781
854;0.005217407830059528;0.6602316498756409
855;0.00505488459020853;0.6583011746406555
856;0.005284913815557957;0.6756756901741028
857;0.005262705031782389;0.6660231947898865
858;0.005268369801342487;0.6486486196517944
859;0.0050915880128741264;0.6718146800994873
860;0.005155070219188929;0.6853281855583191
861;0.005203538574278355;0.6679536700248718
862;0.005141859874129295;0.6467181444168091
863;0.005044326186180115;0.6969112157821655
864;0.0050415839068591595;0.6718146800994873
865;0.005051031708717346;0.6795367002487183
866;0.005028592422604561;0.6737451553344727
867;0.005096446257084608;0.662162184715271
868;0.004920953884720802;0.6949806809425354
869;0.005036918446421623;0.6737451553344727
870;0.005044032819569111;0.6795367002487183
871;0.005002867430448532;0.6583011746406555
872;0.004993783310055733;0.6660231947898865
873;0.005036512389779091;0.6583011746406555
874;0.005005676299333572;0.6891891956329346
875;0.004977162461727858;0.6776061654090881
876;0.005019855685532093;0.6698841452598572
877;0.004927696194499731;0.6776061654090881
878;0.005050890613347292;0.6563706398010254
879;0.004928843583911657;0.7046331763267517
880;0.004989342298358679;0.6872586607933044
881;0.004967940971255302;0.6949806809425354
882;0.004964007064700127;0.6891891956329346
883;0.004977291449904442;0.6660231947898865
884;0.005025164689868689;0.6756756901741028
885;0.005047546699643135;0.6833977103233337
886;0.00498964311555028;0.6911196708679199
887;0.004960234742611647;0.6698841452598572
888;0.005151755176484585;0.6467181444168091
889;0.005011692643165588;0.6814671754837036
890;0.00493928836658597;0.700772225856781
891;0.005140730179846287;0.6833977103233337
892;0.004816819913685322;0.7065637111663818
893;0.0049048177897930145;0.7046331763267517
894;0.0050303698517382145;0.6872586607933044
895;0.004977171774953604;0.6988416910171509
896;0.0048910100013017654;0.6949806809425354
897;0.004869610071182251;0.7065637111663818
898;0.004946939181536436;0.6756756901741028
899;0.004922710359096527;0.6891891956329346
900;0.004851007834076881;0.6988416910171509
901;0.00490199588239193;0.6969112157821655
902;0.004898770246654749;0.700772225856781
903;0.004918302875012159;0.69305020570755
904;0.0048688421957194805;0.6795367002487183
905;0.005010559689253569;0.6505791544914246
906;0.004804037511348724;0.6891891956329346
907;0.004994210787117481;0.6486486196517944
908;0.004863777197897434;0.6911196708679199
909;0.004834233317524195;0.6640926599502563
910;0.004909922834485769;0.6795367002487183
911;0.004862417466938496;0.6872586607933044
912;0.004798624664545059;0.7046331763267517
913;0.004860768094658852;0.6698841452598572
914;0.004911134485155344;0.6814671754837036
915;0.004781271331012249;0.6756756901741028
916;0.0048275236040353775;0.6911196708679199
917;0.004826135467737913;0.6756756901741028
918;0.004776449408382177;0.6911196708679199
919;0.004834690596908331;0.6891891956329346
920;0.0048141153529286385;0.6988416910171509
921;0.004824824631214142;0.6833977103233337
922;0.004830399062484503;0.7065637111663818
923;0.004909340292215347;0.6679536700248718
924;0.004708989057689905;0.6949806809425354
925;0.0048731854185462;0.6756756901741028
926;0.004880379419773817;0.6698841452598572
927;0.004831324797123671;0.6833977103233337
928;0.004801237490028143;0.6776061654090881
929;0.004791194573044777;0.6911196708679199
930;0.004775268025696278;0.6911196708679199
931;0.0048019252717494965;0.6988416910171509
932;0.004827264696359634;0.6891891956329346
933;0.004748515319079161;0.6872586607933044
934;0.004725923761725426;0.7374517321586609
935;0.0047708661295473576;0.6949806809425354
936;0.004826518706977367;0.6756756901741028
937;0.004799245856702328;0.6756756901741028
938;0.004805104807019234;0.6814671754837036
939;0.004743823781609535;0.6872586607933044
940;0.0047169956378638744;0.6776061654090881
941;0.004789478145539761;0.6795367002487183
942;0.004765231162309647;0.6911196708679199
943;0.004764436278492212;0.6969112157821655
944;0.004760012496262789;0.6814671754837036
945;0.004785451572388411;0.6679536700248718
946;0.004818888381123543;0.6409266591072083
947;0.0047874292358756065;0.700772225856781
948;0.0048023005947470665;0.7027027010917664
949;0.004661013372242451;0.6949806809425354
950;0.004772361367940903;0.6563706398010254
951;0.00477220444008708;0.7123551964759827
952;0.0047948663122951984;0.6795367002487183
953;0.004767494276165962;0.69305020570755
954;0.004750031046569347;0.7084941864013672
955;0.004826185293495655;0.700772225856781
956;0.004887311719357967;0.6660231947898865
957;0.0048209591768682;0.6949806809425354
958;0.0047880541533231735;0.6911196708679199
959;0.004823579918593168;0.6660231947898865
960;0.004842577967792749;0.6660231947898865
961;0.004868809133768082;0.6737451553344727
962;0.004767304752022028;0.69305020570755
963;0.004849118180572987;0.6949806809425354
964;0.004811638500541449;0.7065637111663818
965;0.004800342954695225;0.7065637111663818
966;0.0049098520539700985;0.6486486196517944
967;0.004772615619003773;0.6795367002487183
968;0.0048841373063623905;0.6872586607933044
969;0.004749960266053677;0.6814671754837036
970;0.004901430103927851;0.6583011746406555
971;0.004738816525787115;0.6891891956329346
972;0.004809930454939604;0.6679536700248718
973;0.004805637523531914;0.6718146800994873
974;0.004806032404303551;0.6776061654090881
975;0.004803342744708061;0.6891891956329346
976;0.004855560138821602;0.6718146800994873
977;0.004782038740813732;0.6756756901741028
978;0.004799208138138056;0.7084941864013672
979;0.004699156619608402;0.7181467413902283
980;0.004847909323871136;0.6737451553344727
981;0.004690596368163824;0.6776061654090881
982;0.004755159839987755;0.6679536700248718
983;0.004908496513962746;0.6756756901741028
984;0.00590992858633399;0.6428571343421936
985;0.005059252493083477;0.6486486196517944
986;0.005244080908596516;0.6100386381149292
987;0.005362274590879679;0.6351351141929626
988;0.005374731495976448;0.6196911334991455
989;0.004980072379112244;0.6756756901741028
990;0.00510396109893918;0.6505791544914246
991;0.00518246553838253;0.6949806809425354
992;0.004873757250607014;0.6640926599502563
993;0.0050399755127727985;0.6718146800994873
994;0.005072264466434717;0.6737451553344727
995;0.0049829743802547455;0.6505791544914246
996;0.0049628303386271;0.6679536700248718
997;0.0049946969375014305;0.6853281855583191
998;0.004994114860892296;0.6428571343421936
999;0.004991274327039719;0.6698841452598572
1000;0.004826401360332966;0.6660231947898865
1001;0.004999242257326841;0.6409266591072083
1002;0.004825631156563759;0.69305020570755
1003;0.004852104000747204;0.6795367002487183
1004;0.004812115337699652;0.6891891956329346
1005;0.004779311362653971;0.7065637111663818
1006;0.0048315562307834625;0.69305020570755
1007;0.004775138106197119;0.6891891956329346
1008;0.004821885377168655;0.6853281855583191
1009;0.004714641720056534;0.6718146800994873
1010;0.004706076346337795;0.6891891956329346
1011;0.004814526531845331;0.6891891956329346
1012;0.0047503989189863205;0.6853281855583191
1013;0.004689984954893589;0.7123551964759827
1014;0.004719913005828857;0.700772225856781
1015;0.0047125075943768024;0.6891891956329346
1016;0.004680352751165628;0.7065637111663818
1017;0.004707860294729471;0.69305020570755
1018;0.004781849216669798;0.6949806809425354
1019;0.004698306787759066;0.6911196708679199
1020;0.0046860529109835625;0.7084941864013672
1021;0.004643289837986231;0.7104247212409973
1022;0.00473253196105361;0.7027027010917664
1023;0.004789133556187153;0.6776061654090881
1024;0.004712446127086878;0.6776061654090881
1025;0.004710029810667038;0.6718146800994873
1026;0.004662318620830774;0.6969112157821655
1027;0.004697153810411692;0.69305020570755
1028;0.004650619812309742;0.7046331763267517
1029;0.00463562598451972;0.6911196708679199
1030;0.0046728565357625484;0.700772225856781
1031;0.004653044510632753;0.6833977103233337
1032;0.004614314064383507;0.7123551964759827
1033;0.004638770129531622;0.6988416910171509
1034;0.004633495118469;0.7084941864013672
1035;0.0046321311965584755;0.6911196708679199
1036;0.004617322701960802;0.6853281855583191
1037;0.004700678866356611;0.6776061654090881
1038;0.004664141684770584;0.6853281855583191
1039;0.0045900894328951836;0.700772225856781
1040;0.004588030744343996;0.6969112157821655
1041;0.004585735034197569;0.7027027010917664
1042;0.004710368346422911;0.6814671754837036
1043;0.004668395966291428;0.69305020570755
1044;0.004550980404019356;0.7277992367744446
1045;0.004681418649852276;0.7065637111663818
1046;0.004640351980924606;0.69305020570755
1047;0.004690875299274921;0.662162184715271
1048;0.0046495310962200165;0.69305020570755
1049;0.004674891475588083;0.7084941864013672
1050;0.004653709474951029;0.7104247212409973
1051;0.004677668679505587;0.6949806809425354
1052;0.004546206910163164;0.7065637111663818
1053;0.004660372622311115;0.6756756901741028
1054;0.004692382644861937;0.6872586607933044
1055;0.00459208432585001;0.7181467413902283
1056;0.004726699087768793;0.6795367002487183
1057;0.0047135245986282825;0.6737451553344727
1058;0.004660477861762047;0.6718146800994873
1059;0.004599083214998245;0.7046331763267517
1060;0.004685373045504093;0.6872586607933044
1061;0.004675190430134535;0.6949806809425354
1062;0.004634390585124493;0.6795367002487183
1063;0.00460814731195569;0.7065637111663818
1064;0.004675222560763359;0.6872586607933044
1065;0.004563462920486927;0.7046331763267517
1066;0.0046059442684054375;0.6737451553344727
1067;0.004605328664183617;0.6891891956329346
1068;0.004658099729567766;0.700772225856781
1069;0.004623156972229481;0.6949806809425354
1070;0.004640267696231604;0.69305020570755
1071;0.004534394014626741;0.6853281855583191
1072;0.004633577540516853;0.7065637111663818
1073;0.004614763427525759;0.6872586607933044
1074;0.00455177528783679;0.6988416910171509
1075;0.0045829047448933125;0.6969112157821655
1076;0.0045822723768651485;0.7046331763267517
1077;0.004564869217574596;0.6795367002487183
1078;0.0045683435164391994;0.7084941864013672
1079;0.004564838483929634;0.7065637111663818
1080;0.004577010404318571;0.7065637111663818
1081;0.004587047733366489;0.6891891956329346
1082;0.004613046534359455;0.6814671754837036
1083;0.004593397490680218;0.700772225856781
1084;0.004947211127728224;0.6467181444168091
1085;0.004627581685781479;0.7027027010917664
1086;0.005355954170227051;0.6467181444168091
1087;0.004764376673847437;0.6988416910171509
1088;0.0054624867625534534;0.6138995885848999
1089;0.005342606455087662;0.65444016456604
1090;0.004985110834240913;0.65444016456604
1091;0.004771361127495766;0.6833977103233337
1092;0.005055557005107403;0.6660231947898865
1093;0.004945808555930853;0.6698841452598572
1094;0.004805993754416704;0.6679536700248718
1095;0.004810042213648558;0.7065637111663818
1096;0.004856000654399395;0.6911196708679199
1097;0.00475873751565814;0.6988416910171509
1098;0.004694761708378792;0.6853281855583191
1099;0.0047520059160888195;0.7142857313156128
1100;0.004703895654529333;0.6872586607933044
1101;0.004685313906520605;0.6853281855583191
1102;0.00480331014841795;0.6833977103233337
1103;0.0048281471244990826;0.6698841452598572
1104;0.004659274127334356;0.6949806809425354
1105;0.004678577184677124;0.6969112157821655
1106;0.004639330320060253;0.7065637111663818
1107;0.004626020323485136;0.6776061654090881
1108;0.0046719699166715145;0.6911196708679199
1109;0.004580867476761341;0.7142857313156128
1110;0.004594054538756609;0.6640926599502563
1111;0.004656975157558918;0.6872586607933044
1112;0.004600082989782095;0.7027027010917664
1113;0.004537113942205906;0.7046331763267517
1114;0.004618528299033642;0.6698841452598572
1115;0.004604361951351166;0.69305020570755
1116;0.004604047629982233;0.6872586607933044
1117;0.00461333803832531;0.7142857313156128
1118;0.004621925763785839;0.7181467413902283
1119;0.004522198345512152;0.6969112157821655
1120;0.004771763458848;0.6525096297264099
1121;0.004660567734390497;0.6833977103233337
1122;0.004663357511162758;0.6969112157821655
1123;0.004661422222852707;0.7027027010917664
1124;0.004624244291335344;0.6988416910171509
1125;0.0046800607815384865;0.6814671754837036
1126;0.00471549853682518;0.6911196708679199
1127;0.004486337769776583;0.7200772166252136
1128;0.004574305843561888;0.6969112157821655
1129;0.004826286341995001;0.6718146800994873
1130;0.004752511158585548;0.6756756901741028
1131;0.005377390421926975;0.6293436288833618
1132;0.004756799899041653;0.7220077514648438
1133;0.005644315853714943;0.5945945978164673
1134;0.004904100205749273;0.6737451553344727
1135;0.0062262434512376785;0.5965250730514526
1136;0.00631779246032238;0.5482625365257263
1137;0.00594533933326602;0.6003860831260681
1138;0.005341211333870888;0.6332046389579773
1139;0.005343369208276272;0.6467181444168091
1140;0.00573351327329874;0.61583012342453
1141;0.005260103847831488;0.6525096297264099
1142;0.005112756043672562;0.6351351141929626
1143;0.005782884545624256;0.5444015264511108
1144;0.005444752052426338;0.6254826188087463
1145;0.005499700084328651;0.6274131536483765
1146;0.005316265393048525;0.6428571343421936
1147;0.005573142319917679;0.5926640629768372
1148;0.0052315848879516125;0.6447876691818237
1149;0.005135942716151476;0.6776061654090881
1150;0.0050856429152190685;0.6679536700248718
1151;0.005144786089658737;0.65444016456604
1152;0.005126323085278273;0.6486486196517944
1153;0.004947214387357235;0.6486486196517944
1154;0.004930825438350439;0.6583011746406555
1155;0.004858506377786398;0.6698841452598572
1156;0.004837851505726576;0.6351351141929626
1157;0.004767790902405977;0.6814671754837036
1158;0.004886118229478598;0.6891891956329346
1159;0.004933876916766167;0.6776061654090881
1160;0.004787192679941654;0.6853281855583191
1161;0.004744189325720072;0.6872586607933044
1162;0.004705648869276047;0.7046331763267517
1163;0.004701657686382532;0.6969112157821655
1164;0.004729996435344219;0.6660231947898865
1165;0.004879372660070658;0.6911196708679199
1166;0.004810747690498829;0.662162184715271
1167;0.004713861271739006;0.7123551964759827
1168;0.004721691831946373;0.700772225856781
1169;0.0047372677363455296;0.6891891956329346
1170;0.004658890422433615;0.69305020570755
1171;0.004754746798425913;0.6660231947898865
1172;0.004733376204967499;0.6428571343421936
1173;0.004533334635198116;0.7065637111663818
1174;0.0046184975653886795;0.7027027010917664
1175;0.004617171362042427;0.6891891956329346
1176;0.004580746404826641;0.7162162065505981
1177;0.004781985655426979;0.6833977103233337
1178;0.004619581624865532;0.6911196708679199
1179;0.0047189779579639435;0.6853281855583191
1180;0.004524593241512775;0.7084941864013672
1181;0.004655768163502216;0.6853281855583191
1182;0.004695456475019455;0.6853281855583191
1183;0.004645484033972025;0.6911196708679199
1184;0.0045485543087124825;0.7220077514648438
1185;0.004531778395175934;0.7200772166252136
1186;0.0046740188263356686;0.700772225856781
1187;0.0045678759925067425;0.7046331763267517
1188;0.004514902364462614;0.700772225856781
1189;0.004586698021739721;0.7104247212409973
1190;0.004603371024131775;0.6814671754837036
1191;0.00459583243355155;0.6853281855583191
1192;0.004550700541585684;0.7027027010917664
1193;0.00451175170019269;0.6969112157821655
1194;0.004548157565295696;0.700772225856781
1195;0.0045068468898534775;0.7046331763267517
1196;0.004486619960516691;0.7104247212409973
1197;0.00451415590941906;0.6795367002487183
1198;0.004527591168880463;0.6949806809425354
1199;0.0044776746071875095;0.700772225856781
1200;0.004469031468033791;0.7065637111663818
1201;0.0044770073145627975;0.6988416910171509
1202;0.0045340764336287975;0.6969112157821655
1203;0.004530181176960468;0.7200772166252136
1204;0.0045053428038954735;0.6949806809425354
1205;0.004496926907449961;0.7065637111663818
1206;0.004514627158641815;0.7084941864013672
1207;0.004436335060745478;0.7065637111663818
1208;0.004519775975495577;0.6988416910171509
1209;0.004416720941662788;0.7374517321586609
1210;0.004456229507923126;0.6988416910171509
1211;0.004541776608675718;0.6737451553344727
1212;0.004438063129782677;0.6969112157821655
1213;0.004425712861120701;0.7220077514648438
1214;0.004500907845795155;0.700772225856781
1215;0.0043963659554719925;0.7181467413902283
1216;0.0044790576212108135;0.7200772166252136
1217;0.004425139632076025;0.700772225856781
1218;0.0044655464589595795;0.7239382266998291
1219;0.00450427271425724;0.6776061654090881
1220;0.004412874113768339;0.69305020570755
1221;0.004415587056428194;0.6969112157821655
1222;0.004437521565705538;0.7123551964759827
1223;0.004421889781951904;0.7181467413902283
1224;0.004380372352898121;0.6969112157821655
1225;0.004432469140738249;0.7162162065505981
1226;0.004449041094630957;0.7123551964759827
1227;0.004509422928094864;0.7123551964759827
1228;0.004433175548911095;0.7123551964759827
1229;0.004445903468877077;0.7104247212409973
1230;0.004413645248860121;0.7413127422332764
1231;0.004351228009909391;0.7413127422332764
1232;0.004397252574563026;0.7355212569236755
1233;0.004409704357385635;0.7239382266998291
1234;0.00441784830763936;0.7316602468490601
1235;0.004438202828168869;0.7065637111663818
1236;0.004541815724223852;0.6872586607933044
1237;0.004504470620304346;0.7065637111663818
1238;0.0044641331769526005;0.7104247212409973
1239;0.004472298547625542;0.7181467413902283
1240;0.004451537039130926;0.7258687019348145
1241;0.0044713132083415985;0.6988416910171509
1242;0.004420293960720301;0.7104247212409973
1243;0.004401342011988163;0.7181467413902283
1244;0.004422541242092848;0.700772225856781
1245;0.004385726060718298;0.7220077514648438
1246;0.004375230520963669;0.7065637111663818
1247;0.004409128334373236;0.7142857313156128
1248;0.004373545758426189;0.7316602468490601
1249;0.004452649969607592;0.6969112157821655
1250;0.0044065965339541435;0.6949806809425354
1251;0.004341426305472851;0.7200772166252136
1252;0.0044378861784935;0.7239382266998291
1253;0.004462043754756451;0.7220077514648438
1254;0.004402135498821735;0.700772225856781
1255;0.004386477638036013;0.7258687019348145
1256;0.004345838911831379;0.7142857313156128
1257;0.004427134525030851;0.7065637111663818
1258;0.004315583501011133;0.7277992367744446
1259;0.004394448362290859;0.6949806809425354
1260;0.004391076043248177;0.700772225856781
1261;0.004389198496937752;0.7142857313156128
1262;0.004285063128918409;0.7277992367744446
1263;0.004358093719929457;0.7239382266998291
1264;0.004453638102859259;0.7239382266998291
1265;0.004376075696200132;0.7046331763267517
1266;0.004313709679991007;0.7181467413902283
1267;0.004320942331105471;0.7220077514648438
1268;0.004363933578133583;0.7046331763267517
1269;0.004368922673165798;0.7335907220840454
1270;0.004350019618868828;0.7335907220840454
1271;0.004369403701275587;0.7297297120094299
1272;0.004280160181224346;0.739382266998291
1273;0.004348479211330414;0.7413127422332764
1274;0.004346409812569618;0.7142857313156128
1275;0.004387215245515108;0.7046331763267517
1276;0.004403404891490936;0.7239382266998291
1277;0.004471017047762871;0.6988416910171509
1278;0.004461758304387331;0.7162162065505981
1279;0.004297819919884205;0.7162162065505981
1280;0.004366534296423197;0.7316602468490601
1281;0.004398551769554615;0.7181467413902283
1282;0.004404447041451931;0.6853281855583191
1283;0.004408346489071846;0.6969112157821655
1284;0.0044397409074008465;0.7181467413902283
1285;0.004454785957932472;0.6969112157821655
1286;0.004378719720989466;0.6891891956329346
1287;0.00438730651512742;0.7335907220840454
1288;0.004379116930067539;0.7374517321586609
1289;0.004432004876434803;0.7355212569236755
1290;0.00443723239004612;0.7200772166252136
1291;0.004470477811992168;0.6853281855583191
1292;0.004298183601349592;0.7316602468490601
1293;0.004452141001820564;0.6872586607933044
1294;0.0044370186515152454;0.6969112157821655
1295;0.004345997702330351;0.7123551964759827
1296;0.004393982235342264;0.7220077514648438
1297;0.004405258223414421;0.7123551964759827
1298;0.004382327664643526;0.7258687019348145
1299;0.004330499563366175;0.7239382266998291
1300;0.004320740234106779;0.7335907220840454
1301;0.004367831163108349;0.7374517321586609
1302;0.0043747033923864365;0.7220077514648438
1303;0.004401778802275658;0.7104247212409973
1304;0.004296894185245037;0.7258687019348145
1305;0.004389007110148668;0.7046331763267517
1306;0.004336531739681959;0.7413127422332764
1307;0.004313875921070576;0.7181467413902283
1308;0.004294323269277811;0.7123551964759827
1309;0.004315985832363367;0.7374517321586609
1310;0.004322222899645567;0.7065637111663818
1311;0.004414727911353111;0.7181467413902283
1312;0.004389126785099506;0.7065637111663818
1313;0.004379355814307928;0.7258687019348145
1314;0.0043960814364254475;0.7065637111663818
1315;0.00430833175778389;0.7432432174682617
1316;0.0043186647817492485;0.7162162065505981
1317;0.004332912154495716;0.7220077514648438
1318;0.004313344601541758;0.7335907220840454
1319;0.004298597574234009;0.7277992367744446
1320;0.004287099000066519;0.739382266998291
1321;0.004385449457913637;0.7181467413902283
1322;0.0043490310199558735;0.6988416910171509
1323;0.004373381845653057;0.7220077514648438
1324;0.004380579572170973;0.700772225856781
1325;0.004364008083939552;0.7355212569236755
1326;0.0044033098965883255;0.7277992367744446
1327;0.0043931398540735245;0.7471042275428772
1328;0.004418577998876572;0.7084941864013672
1329;0.004339767619967461;0.7084941864013672
1330;0.004401007667183876;0.7065637111663818
1331;0.004397150129079819;0.6872586607933044
1332;0.0043559749610722065;0.7239382266998291
1333;0.00432273093611002;0.7258687019348145
1334;0.004434532951563597;0.6911196708679199
1335;0.004400941543281078;0.7220077514648438
1336;0.004381850361824036;0.700772225856781
1337;0.00436489749699831;0.7104247212409973
1338;0.004353676922619343;0.7142857313156128
1339;0.0043389685451984406;0.7374517321586609
1340;0.004349008202552795;0.7239382266998291
1341;0.0044129216112196445;0.7297297120094299
1342;0.004296866711229086;0.739382266998291
1343;0.004265994764864445;0.7374517321586609
1344;0.004358038771897554;0.7316602468490601
1345;0.004323790781199932;0.7374517321586609
1346;0.004325679037719965;0.7374517321586609
1347;0.00429847976192832;0.7239382266998291
1348;0.004371623042970896;0.7258687019348145
1349;0.004284604452550411;0.7162162065505981
1350;0.0042987060733139515;0.7413127422332764
1351;0.004540210589766502;0.6814671754837036
1352;0.0043371315114200115;0.7316602468490601
1353;0.004695041570812464;0.700772225856781
1354;0.0044241901487112045;0.7335907220840454
1355;0.004425035323947668;0.7277992367744446
1356;0.004471016116440296;0.7413127422332764
1357;0.004708731081336737;0.7065637111663818
1358;0.0045213643461465836;0.7046331763267517
1359;0.004638448357582092;0.7220077514648438
1360;0.004501184448599815;0.7335907220840454
1361;0.004463572986423969;0.7239382266998291
1362;0.004496448673307896;0.7104247212409973
1363;0.004567838739603758;0.7181467413902283
1364;0.004591417033225298;0.6949806809425354
1365;0.0046869004145264626;0.6640926599502563
1366;0.00445921253412962;0.7297297120094299
1367;0.005357832182198763;0.6525096297264099
1368;0.004944059066474438;0.6776061654090881
1369;0.004586240742355585;0.6988416910171509
1370;0.005137445870786905;0.6428571343421936
1371;0.005913014989346266;0.5617760419845581
1372;0.004818531684577465;0.6988416910171509
1373;0.00600286852568388;0.5694980621337891
1374;0.005610680673271418;0.6023166179656982
1375;0.005643812008202076;0.61583012342453
1376;0.005925887729972601;0.5888031125068665
1377;0.007076192647218704;0.4942084848880768
1378;0.005421580281108618;0.6505791544914246
1379;0.005410358309745789;0.6216216087341309
1380;0.006054447963833809;0.5617760419845581
1381;0.005553380120545626;0.6525096297264099
1382;0.005744271911680698;0.5965250730514526
1383;0.004992523230612278;0.6698841452598572
1384;0.0051666852086782455;0.6698841452598572
1385;0.005278478842228651;0.6428571343421936
1386;0.004984414670616388;0.6853281855583191
1387;0.005075566004961729;0.6698841452598572
1388;0.005534892901778221;0.6216216087341309
1389;0.00511760963127017;0.6563706398010254
1390;0.0050327349454164505;0.6583011746406555
1391;0.005085591692477465;0.6428571343421936
1392;0.004817919339984655;0.6583011746406555
1393;0.004811400081962347;0.6737451553344727
1394;0.004975073970854282;0.6679536700248718
1395;0.005067975725978613;0.6563706398010254
1396;0.004733534064143896;0.6891891956329346
1397;0.004688206594437361;0.6969112157821655
1398;0.004838718567043543;0.6969112157821655
1399;0.00471779890358448;0.6891891956329346
1400;0.004552413709461689;0.7162162065505981
1401;0.004572856705635786;0.700772225856781
1402;0.004614678211510181;0.69305020570755
1403;0.004638968501240015;0.6969112157821655
1404;0.004579253029078245;0.7046331763267517
1405;0.0045530241914093494;0.739382266998291
1406;0.0044476608745753765;0.7200772166252136
1407;0.004599100910127163;0.7239382266998291
1408;0.004486045800149441;0.7084941864013672
1409;0.004556185100227594;0.7239382266998291
1410;0.004544351249933243;0.7355212569236755
1411;0.00447448343038559;0.7181467413902283
1412;0.004372713156044483;0.7239382266998291
1413;0.0044420198537409306;0.7027027010917664
1414;0.004457988776266575;0.7181467413902283
1415;0.004429709166288376;0.7200772166252136
1416;0.0044607301242649555;0.7181467413902283
1417;0.00441501010209322;0.739382266998291
1418;0.004319224506616592;0.7200772166252136
1419;0.004396357573568821;0.700772225856781
1420;0.004348337650299072;0.7471042275428772
1421;0.004390626680105925;0.7297297120094299
1422;0.00439051678404212;0.7258687019348145
1423;0.004378326702862978;0.7374517321586609
1424;0.004246873781085014;0.7374517321586609
1425;0.0043261414393782616;0.7142857313156128
1426;0.004397435579448938;0.6969112157821655
1427;0.004294401500374079;0.7316602468490601
1428;0.004337902180850506;0.7200772166252136
1429;0.004314732737839222;0.7490347623825073
1430;0.004296510014683008;0.7200772166252136
1431;0.004291450139135122;0.7413127422332764
1432;0.004350354429334402;0.7258687019348145
1433;0.004257895518094301;0.7316602468490601
1434;0.0042771147564053535;0.7297297120094299
1435;0.004321287851780653;0.7316602468490601
1436;0.004280367866158485;0.7374517321586609
1437;0.0042684730142354965;0.7316602468490601
1438;0.004277412313967943;0.7471042275428772
1439;0.00429076561704278;0.7181467413902283
1440;0.004311709199100733;0.7123551964759827
1441;0.0043075173161923885;0.7355212569236755
1442;0.004242284689098597;0.7335907220840454
1443;0.00425464753061533;0.7528957724571228
1444;0.004295465536415577;0.7277992367744446
1445;0.004234190098941326;0.7297297120094299
1446;0.004209489095956087;0.739382266998291
1447;0.004220941569656134;0.7471042275428772
1448;0.0042332797311246395;0.7413127422332764
1449;0.004249048884958029;0.7335907220840454
1450;0.004252863582223654;0.7451737523078918
1451;0.004185545723885298;0.7316602468490601
1452;0.004178996663540602;0.760617733001709
1453;0.004201995674520731;0.7258687019348145
1454;0.004237161949276924;0.7200772166252136
1455;0.004262045957148075;0.7471042275428772
1456;0.004249023273587227;0.7490347623825073
1457;0.004218843765556812;0.7528957724571228
1458;0.004228662233799696;0.7258687019348145
1459;0.004210947547107935;0.7374517321586609
1460;0.004201208706945181;0.760617733001709
1461;0.004251870326697826;0.739382266998291
1462;0.004320075735449791;0.7355212569236755
1463;0.004246352706104517;0.7316602468490601
1464;0.00419661495834589;0.7471042275428772
1465;0.00422154925763607;0.7258687019348145
1466;0.004233496263623238;0.7413127422332764
1467;0.004271944053471088;0.7335907220840454
1468;0.0042226724326610565;0.7355212569236755
1469;0.004265949595719576;0.7490347623825073
1470;0.004249309655278921;0.7316602468490601
1471;0.004277726635336876;0.7277992367744446
1472;0.004184855613857508;0.739382266998291
1473;0.004150823224335909;0.7374517321586609
1474;0.0041678897105157375;0.7335907220840454
1475;0.004181881435215473;0.7239382266998291
1476;0.004156242124736309;0.7432432174682617
1477;0.004200545139610767;0.7451737523078918
1478;0.004243665840476751;0.7335907220840454
1479;0.0041702138260006905;0.7297297120094299
1480;0.004287616815418005;0.7297297120094299
1481;0.004281473346054554;0.7200772166252136
1482;0.004172665998339653;0.7297297120094299
1483;0.004222773015499115;0.7374517321586609
1484;0.004193296656012535;0.7451737523078918
1485;0.004220457747578621;0.7355212569236755
1486;0.004159973934292793;0.7509652376174927
1487;0.004202303476631641;0.739382266998291
1488;0.004187851212918758;0.7451737523078918
1489;0.004208372440189123;0.7200772166252136
1490;0.00422512274235487;0.7220077514648438
1491;0.004266346339136362;0.7335907220840454
1492;0.0041773440316319466;0.7451737523078918
1493;0.004224015399813652;0.7316602468490601
1494;0.00424422649666667;0.7355212569236755
1495;0.004111763089895248;0.7471042275428772
1496;0.004205824341624975;0.739382266998291
1497;0.004226681776344776;0.7316602468490601
1498;0.0041932640597224236;0.7586872577667236
1499;0.004408556502312422;0.6988416910171509
