iteration;loss;accuracy
0;0.09567903727293015;0.32258063554763794
1;0.08612410724163055;0.22580644488334656
2;0.07602415233850479;0.32258063554763794
3;0.06590447574853897;0.5161290168762207
4;0.07123918831348419;0.3870967626571655
5;0.06970374286174774;0.4516128897666931
6;0.06735105067491531;0.25806450843811035
7;0.06383885443210602;0.3870967626571655
8;0.06418496370315552;0.4193548262119293
9;0.06429887562990189;0.35483869910240173
10;0.06405201554298401;0.4516128897666931
11;0.06351754814386368;0.4516128897666931
12;0.06414537131786346;0.4516128897666931
13;0.06034419685602188;0.4516128897666931
14;0.06154930219054222;0.35483869910240173
15;0.06187943369150162;0.35483869910240173
16;0.06251122802495956;0.4516128897666931
17;0.057459067553281784;0.5806451439857483
18;0.05687761679291725;0.7096773982048035
19;0.05364164337515831;0.6129032373428345
20;0.05314944311976433;0.6129032373428345
21;0.05190146341919899;0.7096773982048035
22;0.05058067664504051;0.7419354915618896
23;0.052699603140354156;0.7096773982048035
24;0.04658760875463486;0.6774193644523621
25;0.04301001876592636;0.7096773982048035
26;0.03993843495845795;0.6774193644523621
27;0.037089601159095764;0.774193525314331
28;0.0370170883834362;0.8387096524238586
29;0.03825625404715538;0.8709677457809448
30;0.03523550182580948;0.8709677457809448
31;0.03584691882133484;0.8709677457809448
32;0.03285979852080345;0.9032257795333862
33;0.026911171153187752;0.9354838728904724
34;0.026966553181409836;0.9032257795333862
35;0.0247399490326643;0.9677419066429138
36;0.024899644777178764;0.9677419066429138
37;0.02387434057891369;0.9354838728904724
38;0.018756382167339325;1.0
39;0.021163227036595345;1.0
40;0.01744133047759533;1.0
41;0.016466910019516945;1.0
42;0.017879759892821312;1.0
43;0.01469864509999752;1.0
44;0.015756506472826004;1.0
45;0.014435277320444584;1.0
46;0.015172326937317848;1.0
47;0.01215113140642643;1.0
48;0.01294622104614973;1.0
49;0.014306907542049885;1.0
50;0.012526675127446651;1.0
51;0.010670816525816917;1.0
52;0.013490233570337296;1.0
53;0.010076855309307575;1.0
54;0.00996892899274826;1.0
55;0.011789883486926556;1.0
56;0.00871990341693163;1.0
57;0.009066893719136715;1.0
58;0.009256535209715366;1.0
59;0.007696209009736776;1.0
60;0.008279758505523205;1.0
61;0.008472471497952938;1.0
62;0.007417904678732157;1.0
63;0.008123763836920261;1.0
64;0.008314988575875759;1.0
65;0.008537311106920242;1.0
66;0.00741354888305068;1.0
67;0.0063826278783380985;1.0
68;0.006929703988134861;1.0
69;0.006618013605475426;1.0
70;0.008061734959483147;1.0
71;0.007476521655917168;1.0
72;0.005912050139158964;1.0
73;0.0073246280662715435;1.0
74;0.006063946522772312;1.0
75;0.005953703075647354;1.0
76;0.006052832119166851;1.0
77;0.007014803122729063;1.0
78;0.005301666911691427;1.0
79;0.004529761150479317;1.0
80;0.008683147840201855;1.0
81;0.0051859100349247456;1.0
82;0.0064398073591291904;1.0
83;0.004581461660563946;1.0
84;0.005210463888943195;1.0
85;0.004262965638190508;1.0
86;0.004040581174194813;1.0
87;0.006636243313550949;1.0
88;0.005396015476435423;1.0
89;0.0059400079771876335;1.0
90;0.006340167485177517;1.0
91;0.005042665638029575;1.0
92;0.00595520157366991;1.0
93;0.004608261398971081;1.0
94;0.004716187249869108;1.0
95;0.004608596675097942;1.0
96;0.005097867455333471;1.0
97;0.0057640415616333485;1.0
98;0.004322669934481382;1.0
99;0.006047878414392471;1.0
100;0.0069376016035676;1.0
101;0.003622592892497778;1.0
102;0.004221067298203707;1.0
103;0.005537387914955616;1.0
104;0.004453681875020266;1.0
105;0.0038464877288788557;1.0
106;0.004168698098510504;1.0
107;0.0043962751515209675;1.0
108;0.0037717176601290703;1.0
109;0.005407314281910658;1.0
110;0.0037258905358612537;1.0
111;0.004724979866296053;1.0
112;0.005291219335049391;1.0
113;0.0034031725954264402;1.0
114;0.00382339209318161;1.0
115;0.005202950909733772;1.0
116;0.004411227069795132;1.0
117;0.0038470730651170015;1.0
118;0.0026735097635537386;1.0
119;0.004019877407699823;1.0
120;0.004161230754107237;1.0
121;0.003716184990480542;1.0
122;0.0035777417942881584;1.0
123;0.004202269949018955;1.0
124;0.003995698876678944;1.0
125;0.003288369858637452;1.0
126;0.004066404886543751;1.0
127;0.0036628860980272293;1.0
128;0.0034997377078980207;1.0
129;0.004284688737243414;1.0
130;0.0036013913340866566;1.0
131;0.00382565357722342;1.0
132;0.003359765512868762;1.0
133;0.0038913479074835777;1.0
134;0.0037131253629922867;1.0
135;0.005451446399092674;1.0
136;0.0021801129914820194;1.0
137;0.003521382575854659;1.0
138;0.0035396034363657236;1.0
139;0.003807151224464178;1.0
140;0.002683294005692005;1.0
141;0.0035450628492981195;1.0
142;0.0037693569902330637;1.0
143;0.002360430546104908;1.0
144;0.003979021683335304;1.0
145;0.0038394881412386894;1.0
146;0.0024649049155414104;1.0
147;0.0036962146405130625;1.0
148;0.003664011601358652;1.0
149;0.002648527268320322;1.0
150;0.003797407727688551;1.0
151;0.003402367001399398;1.0
152;0.0021713655441999435;1.0
153;0.0035818987525999546;1.0
154;0.004641806241124868;1.0
155;0.003683888353407383;1.0
156;0.003296897979453206;1.0
157;0.0025307582691311836;1.0
158;0.003841853467747569;1.0
159;0.002684117527678609;1.0
160;0.0037038663867861032;1.0
161;0.0034613022580742836;1.0
162;0.004073006100952625;1.0
163;0.0029664072208106518;1.0
164;0.0025681278202682734;1.0
165;0.004224095027893782;1.0
166;0.0019193566404283047;1.0
167;0.003686525160446763;1.0
168;0.0031156539916992188;1.0
169;0.0036660865880548954;1.0
170;0.002945319516584277;1.0
171;0.0029988987371325493;1.0
172;0.0026842167135328054;1.0
173;0.0028368784114718437;1.0
174;0.0035281172022223473;1.0
175;0.0030481761787086725;1.0
176;0.004702914040535688;1.0
177;0.003095516236498952;1.0
178;0.003073410363867879;1.0
179;0.002293056808412075;1.0
180;0.004315759986639023;1.0
181;0.0025848811492323875;1.0
182;0.0019507140386849642;1.0
183;0.002232598140835762;1.0
184;0.0023610233329236507;1.0
185;0.0034443854819983244;1.0
186;0.002569659147411585;1.0
187;0.0026623981539160013;1.0
188;0.0021257672924548388;1.0
189;0.0037371674552559853;1.0
190;0.0023537667002528906;1.0
191;0.003079840214923024;1.0
192;0.002848670119419694;1.0
193;0.002626198809593916;1.0
194;0.002037561032921076;1.0
195;0.0019231748301535845;1.0
196;0.002278606640174985;1.0
197;0.0020602098666131496;1.0
198;0.0021072509698569775;1.0
199;0.002383472630754113;1.0
200;0.003142455592751503;1.0
201;0.002462458098307252;1.0
202;0.0033343511167913675;1.0
203;0.0031287195160984993;1.0
204;0.0015615241136401892;1.0
205;0.0014900772366672754;1.0
206;0.002305809408426285;1.0
207;0.0017840195214375854;1.0
208;0.0021125981584191322;1.0
209;0.00228908215649426;1.0
210;0.002000820590183139;1.0
211;0.002438701456412673;1.0
212;0.0019090427085757256;1.0
213;0.0020908587612211704;1.0
214;0.002273542806506157;1.0
215;0.0018574718851596117;1.0
216;0.0017370916903018951;1.0
217;0.001855607028119266;1.0
218;0.0017012618482112885;1.0
219;0.0018161451444029808;1.0
220;0.0018533830298110843;1.0
221;0.002096471143886447;1.0
222;0.0015106047503650188;1.0
223;0.0030270549468696117;1.0
224;0.0020465627312660217;1.0
225;0.0030013080686330795;1.0
226;0.0016715367091819644;1.0
227;0.002273270394653082;1.0
228;0.001825429149903357;1.0
229;0.0016969736898317933;1.0
230;0.0022428222000598907;1.0
231;0.0014744347427040339;1.0
232;0.0023802993819117546;1.0
233;0.0021291144657880068;1.0
234;0.0019522457150742412;1.0
235;0.0020817797631025314;1.0
236;0.0016927893739193678;1.0
237;0.0018867944600060582;1.0
238;0.0016379557782784104;1.0
239;0.0017610719660297036;1.0
240;0.0010353014804422855;1.0
241;0.0018735247431322932;1.0
242;0.0015143409837037325;1.0
243;0.0020265141502022743;1.0
244;0.0022972808219492435;1.0
245;0.0018434992525726557;1.0
246;0.0020756395533680916;1.0
247;0.0014780026394873857;1.0
248;0.0024360702373087406;1.0
249;0.001732951495796442;1.0
250;0.0018171982374042273;1.0
251;0.0022884286008775234;1.0
252;0.0020859953947365284;1.0
253;0.0013925795210525393;1.0
254;0.0018359513487666845;1.0
255;0.0018417893443256617;1.0
256;0.00193939043674618;1.0
257;0.0016934999730437994;1.0
258;0.0017097070813179016;1.0
259;0.0010500159114599228;1.0
260;0.001925080083310604;1.0
261;0.0014861337840557098;1.0
262;0.0014888409059494734;1.0
263;0.0012369013857096434;1.0
264;0.0017720044124871492;1.0
265;0.0020011288579553366;1.0
266;0.0013547302223742008;1.0
267;0.0013027408858761191;1.0
268;0.0013549764407798648;1.0
269;0.001143300556577742;1.0
270;0.0015063160099089146;1.0
271;0.0013130828738212585;1.0
272;0.0016291466308757663;1.0
273;0.0015468737110495567;1.0
274;0.0009439258137717843;1.0
275;0.00159987632650882;1.0
276;0.0018478428246453404;1.0
277;0.0012235678732395172;1.0
278;0.001207726658321917;1.0
279;0.0014456905191764235;1.0
280;0.0013960966607555747;1.0
281;0.0010232161730527878;1.0
282;0.0013792121317237616;1.0
283;0.000803396396804601;1.0
284;0.0016174359479919076;1.0
285;0.0012652138248085976;1.0
286;0.0014572776854038239;1.0
287;0.0015152334235608578;1.0
288;0.0009939068695530295;1.0
289;0.0014331351267173886;1.0
290;0.0010887482203543186;1.0
291;0.0016320088179782033;1.0
292;0.0010190316243097186;1.0
293;0.0013693037908524275;1.0
294;0.0011063271667808294;1.0
295;0.0009610119741410017;1.0
296;0.0013898987090215087;1.0
297;0.0010389386443421245;1.0
298;0.00118233822286129;1.0
299;0.0007520815706811845;1.0
300;0.0010086138499900699;1.0
301;0.0018121643224731088;1.0
302;0.001030595158226788;1.0
303;0.0012319895904511213;1.0
304;0.0013699280098080635;1.0
305;0.0018419362604618073;1.0
306;0.0010081320069730282;1.0
307;0.0010458274045959115;1.0
308;0.0014286780497059226;1.0
309;0.0009206999093294144;1.0
310;0.001603186596184969;1.0
311;0.0010951947188004851;1.0
312;0.0011986911995336413;1.0
313;0.0014817886985838413;1.0
314;0.0008787967381067574;1.0
315;0.001229546614922583;1.0
316;0.001449421513825655;1.0
317;0.0007108944118954241;1.0
318;0.0008388924761675298;1.0
319;0.000880773295648396;1.0
320;0.0011360570788383484;1.0
321;0.0016087357653304935;1.0
322;0.0012652971781790257;1.0
323;0.0012038658605888486;1.0
324;0.0008381756488233805;1.0
325;0.001434940961189568;1.0
326;0.001007892657071352;1.0
327;0.0013013905845582485;1.0
328;0.0016129863215610385;1.0
329;0.001355304615572095;1.0
330;0.0007794882985763252;1.0
331;0.0009896554984152317;1.0
332;0.0008951345225796103;1.0
333;0.0008953216602094471;1.0
334;0.0008901482215151191;1.0
335;0.0007872353307902813;1.0
336;0.0006868258933536708;1.0
337;0.0007035913877189159;1.0
338;0.001264285994693637;1.0
339;0.0006419287528842688;1.0
340;0.0008385814144276083;1.0
341;0.0008705397485755384;1.0
342;0.0006605056114494801;1.0
343;0.000662636011838913;1.0
344;0.0006637705955654383;1.0
345;0.0006367521127685905;1.0
346;0.0007404708885587752;1.0
347;0.0010459866607561707;1.0
348;0.0007971455925144255;1.0
349;0.0008234700071625412;1.0
350;0.0011297420132905245;1.0
351;0.0009761168039403856;1.0
352;0.0007932890439406037;1.0
353;0.0010050690034404397;1.0
354;0.0012056594714522362;1.0
355;0.001049091573804617;1.0
356;0.0009740084642544389;1.0
357;0.0007070987485349178;1.0
358;0.0009631854481995106;1.0
359;0.0006604662630707026;1.0
360;0.000979496049694717;1.0
361;0.000873562297783792;1.0
362;0.0007361125317402184;1.0
363;0.0009303862461820245;1.0
364;0.0008139187702909112;1.0
365;0.0009735634666867554;1.0
366;0.0007813435513526201;1.0
367;0.0006975620053708553;1.0
368;0.0009708462166599929;1.0
369;0.0007626040023751557;1.0
370;0.0009043421596288681;1.0
371;0.0009026168845593929;1.0
372;0.0012478171847760677;1.0
373;0.0009218254126608372;1.0
374;0.0007098391652107239;1.0
375;0.0007970684673637152;1.0
376;0.0006693728500977159;1.0
377;0.0008742843638174236;1.0
378;0.000600016734097153;1.0
379;0.000876784382853657;1.0
380;0.0007036551251076162;1.0
381;0.000893681135494262;1.0
382;0.0009008483029901981;1.0
383;0.000666276435367763;1.0
384;0.0006292939651757479;1.0
385;0.0007900090422481298;1.0
386;0.000843537098262459;1.0
387;0.0008909282041713595;1.0
388;0.001043663709424436;1.0
389;0.0007003936916589737;1.0
390;0.0009304165141656995;1.0
391;0.0006673110765404999;1.0
392;0.0006911879172548652;1.0
393;0.0009733233018778265;1.0
394;0.0007527071866206825;1.0
395;0.0006268966244533658;1.0
396;0.0008515524677932262;1.0
397;0.0007024165242910385;1.0
398;0.0006716477801091969;1.0
399;0.0005930652841925621;1.0
400;0.0007882780046202242;1.0
401;0.0007833316922187805;1.0
402;0.000626494933385402;1.0
403;0.0005873671034350991;1.0
404;0.0008611805969849229;1.0
405;0.0007599734235554934;1.0
406;0.0007157903164625168;1.0
407;0.0006037267157807946;1.0
408;0.0006344871944747865;1.0
409;0.0005463777342811227;1.0
410;0.0006733377231284976;1.0
411;0.0007827849476598203;1.0
412;0.0006116536096669734;1.0
413;0.0006368315080180764;1.0
414;0.0005160775617696345;1.0
415;0.0007840878679417074;1.0
416;0.0006069449591450393;1.0
417;0.0007968182326294482;1.0
418;0.0007831549155525863;1.0
419;0.0006219503120519221;1.0
420;0.0007272945367731154;1.0
421;0.0007602919358760118;1.0
422;0.0006054701516404748;1.0
423;0.0005888725281693041;1.0
424;0.0005523781292140484;1.0
425;0.0005265413201414049;1.0
426;0.0005613451357930899;1.0
427;0.0006724777049385011;1.0
428;0.0005004790727980435;1.0
429;0.0005977677647024393;1.0
430;0.000856434868182987;1.0
431;0.0005288287647999823;1.0
432;0.0005712977144867182;1.0
433;0.0005399265210144222;1.0
434;0.0005753274890594184;1.0
435;0.000712154433131218;1.0
436;0.0005926816374994814;1.0
437;0.000613393378444016;1.0
438;0.0005707804230041802;1.0
439;0.0005068174214102328;1.0
440;0.0007970710867084563;1.0
441;0.0006156558520160615;1.0
442;0.000526082469150424;1.0
443;0.0005353307351469994;1.0
444;0.0005872478941455483;1.0
445;0.000535809260327369;1.0
446;0.00043954633292742074;1.0
447;0.0005246375221759081;1.0
448;0.0007464263471774757;1.0
449;0.0006752667832188308;1.0
450;0.0004314289253670722;1.0
451;0.0005782484658993781;1.0
452;0.0006776116788387299;1.0
453;0.000557760416995734;1.0
454;0.0005409842124208808;1.0
455;0.0004847511590924114;1.0
456;0.0007255015661939979;1.0
457;0.0004921150393784046;1.0
458;0.0005208287620916963;1.0
459;0.0005656338762491941;1.0
460;0.0003182119398843497;1.0
461;0.0005935714580118656;1.0
462;0.0005345669924281538;1.0
463;0.0005594678805209696;1.0
464;0.0004960886435583234;1.0
465;0.0005538888508453965;1.0
466;0.0005428646109066904;1.0
467;0.00043332536006346345;1.0
468;0.0004540708614513278;1.0
469;0.00040430459193885326;1.0
470;0.00045349690481089056;1.0
471;0.000622197228949517;1.0
472;0.00043073983397334814;1.0
473;0.0004987445427104831;1.0
474;0.0004884079098701477;1.0
475;0.0005024193087592721;1.0
476;0.00045088742626830935;1.0
477;0.0005862871767021716;1.0
478;0.00046754683717153966;1.0
479;0.0004493198648560792;1.0
480;0.0004976323107257485;1.0
481;0.000442441989434883;1.0
482;0.0005007862928323448;1.0
483;0.00043669334263540804;1.0
484;0.0006227148696780205;1.0
485;0.0005016530049033463;1.0
486;0.0005317306495271623;1.0
487;0.00047594416537322104;1.0
488;0.0005741427303291857;1.0
489;0.0004118915239814669;1.0
490;0.0005275644944049418;1.0
491;0.0005412289756350219;1.0
492;0.000503653078339994;1.0
493;0.0003583295620046556;1.0
494;0.00042310860590077937;1.0
495;0.00041397291352041066;1.0
496;0.0004298331623431295;1.0
497;0.0007369082304649055;1.0
498;0.0003653869789559394;1.0
499;0.0004238563706167042;1.0
500;0.00040520072798244655;1.0
501;0.00042761527583934367;1.0
502;0.0004828495439141989;1.0
503;0.0006346685695461929;1.0
504;0.0006127496599219739;1.0
505;0.00046187409316189587;1.0
506;0.00039323291275650263;1.0
507;0.00048189566587097943;1.0
508;0.00046019948786124587;1.0
509;0.0005622898461297154;1.0
510;0.000315472629154101;1.0
511;0.00035116763319820166;1.0
512;0.0005146233597770333;1.0
513;0.0004221833951305598;1.0
514;0.0004393453127704561;1.0
515;0.00035514027695171535;1.0
516;0.0002891152398660779;1.0
517;0.00037611930747516453;1.0
518;0.0005055396468378603;1.0
519;0.00036833540070801973;1.0
520;0.0003682468959596008;1.0
521;0.0005327347898855805;1.0
522;0.0003181899955961853;1.0
523;0.0005770015995949507;1.0
524;0.00045192064135335386;1.0
525;0.0003831003559753299;1.0
526;0.0005569896893575788;1.0
527;0.0005127516924403608;1.0
528;0.00033840988180600107;1.0
529;0.000374488445231691;1.0
530;0.00037354297819547355;1.0
531;0.0004315987171139568;1.0
532;0.00030723324744030833;1.0
533;0.00034738649264909327;1.0
534;0.0005076279630884528;1.0
535;0.0003991259727627039;1.0
536;0.0004163866105955094;1.0
537;0.0003806391323450953;1.0
538;0.0004798865702468902;1.0
539;0.00041838097968138754;1.0
540;0.00048715597949922085;1.0
541;0.00039861074765212834;1.0
542;0.00033573672408238053;1.0
543;0.0002539490524213761;1.0
544;0.00041610418702475727;1.0
545;0.00041519998922012746;1.0
546;0.0003314235946163535;1.0
547;0.00023894729383755475;1.0
548;0.0003378207329660654;1.0
549;0.00041177906678058207;1.0
550;0.00039565053884871304;1.0
551;0.0003678288194350898;1.0
552;0.00035724707413464785;1.0
553;0.00022665213327854872;1.0
554;0.00039084392483346164;1.0
555;0.00040567610994912684;1.0
556;0.00042880375985987484;1.0
557;0.000494271342176944;1.0
558;0.000330888171447441;1.0
559;0.00031158284400589764;1.0
560;0.0003373844956513494;1.0
561;0.00026506956783123314;1.0
562;0.00048814096953719854;1.0
563;0.00039744697278365493;1.0
564;0.0004582878318615258;1.0
565;0.0003764181165024638;1.0
566;0.0003844032471533865;1.0
567;0.00032690580701455474;1.0
568;0.0002599755534902215;1.0
569;0.00034383853198960423;1.0
570;0.0003385086602065712;1.0
571;0.00030030665220692754;1.0
572;0.00027298249187879264;1.0
573;0.00029805180383846164;1.0
574;0.0004701468860730529;1.0
575;0.0002511370403226465;1.0
576;0.00027717361808754504;1.0
577;0.0005018524243496358;1.0
578;0.00025050112162716687;1.0
579;0.0003867106279358268;1.0
580;0.0003461423621047288;1.0
581;0.0003624091623350978;1.0
582;0.00037679739762097597;1.0
583;0.000324236141750589;1.0
584;0.0002802675880957395;1.0
585;0.0002722536155488342;1.0
586;0.0003964391362387687;1.0
587;0.00024326379934791476;1.0
588;0.00034868880175054073;1.0
589;0.00024607189698144794;1.0
590;0.0002169849321944639;1.0
591;0.00032670932705514133;1.0
592;0.00035714247496798635;1.0
593;0.0005035203066654503;1.0
594;0.00023688224609941244;1.0
595;0.00038195124943740666;1.0
596;0.0001997441431740299;1.0
597;0.00026519352104514837;1.0
598;0.00023336689628195018;1.0
599;0.000339585094479844;1.0
600;0.00030067237094044685;1.0
601;0.00029697309946641326;1.0
602;0.00030683085788041353;1.0
603;0.00026343209901824594;1.0
604;0.00041465862886980176;1.0
605;0.00031456552096642554;1.0
606;0.00033468124456703663;1.0
607;0.0003330772742629051;1.0
608;0.00028289059991948307;1.0
609;0.00025489076506346464;1.0
610;0.00042596011189743876;1.0
611;0.0002312386204721406;1.0
612;0.0003775419027078897;1.0
613;0.00026958511443808675;1.0
614;0.00032451163860969245;1.0
615;0.00027219654293730855;1.0
616;0.0002912731433752924;1.0
617;0.00023636283003725111;1.0
618;0.0003020425792783499;1.0
619;0.00036720160278491676;1.0
620;0.000344129279255867;1.0
621;0.00024326085986103863;1.0
622;0.00031321001006290317;1.0
623;0.0002801598166115582;1.0
624;0.00030750397127121687;1.0
625;0.0002623588952701539;1.0
626;0.0002990790526382625;1.0
627;0.00032683133031241596;1.0
628;0.00040647565037943423;1.0
629;0.0002041804400505498;1.0
630;0.0002848623553290963;1.0
631;0.0003177336184307933;1.0
632;0.0002998634008690715;1.0
633;0.00025955861201509833;1.0
634;0.00027203207719139755;1.0
635;0.0001701389264781028;1.0
636;0.00039202847983688116;1.0
637;0.00025726304738782346;1.0
638;0.00019059596525039524;1.0
639;0.0001981938403332606;1.0
640;0.0001868533290689811;1.0
641;0.00027273682644590735;1.0
642;0.0003047275240533054;1.0
643;0.0001828073727665469;1.0
644;0.0002531704376451671;1.0
645;0.0003458950377535075;1.0
646;0.00023520570539403707;1.0
647;0.00022182855173014104;1.0
648;0.00026568915927782655;1.0
649;0.0002672678674571216;1.0
650;0.0002592101227492094;1.0
651;0.0002980666176881641;1.0
652;0.0002472036285325885;1.0
653;0.0003007430350407958;1.0
654;0.00022855353017803282;1.0
655;0.00020652878447435796;1.0
656;0.000196035995031707;1.0
657;0.00017987038881983608;1.0
658;0.0002532303624320775;1.0
659;0.00017518507956992835;1.0
660;0.00027144188061356544;1.0
661;0.0001952366146724671;1.0
662;0.00020505787688307464;1.0
663;0.00033401523251086473;1.0
664;0.0002540973655413836;1.0
665;0.0003287136205472052;1.0
666;0.0002014706697082147;1.0
667;0.00022406515199691057;1.0
668;0.0003016212722286582;1.0
669;0.00022347495541907847;1.0
670;0.00016485629021190107;1.0
671;0.0002453066408634186;1.0
672;0.00014385000395122916;1.0
673;0.00015824705769773573;1.0
674;0.00023405932006426156;1.0
675;0.00015748098667245358;1.0
676;0.00020771076378878206;1.0
677;0.0002570283832028508;1.0
678;0.00023202151351142675;1.0
679;0.00019203071133233607;1.0
680;0.00021329229639377445;1.0
681;0.0002796493354253471;1.0
682;0.00022259874094743282;1.0
683;0.00030470837373286486;1.0
684;0.00027063017478212714;1.0
685;0.00021137508156243712;1.0
686;0.0001990466407733038;1.0
687;0.00020861152734141797;1.0
688;0.0002647998626343906;1.0
689;0.0001913553714985028;1.0
690;0.00022384262410923839;1.0
691;0.00020872143795713782;1.0
692;0.0003118315653409809;1.0
693;0.0002075470838462934;1.0
694;0.00021583893976639956;1.0
695;0.00030790685559622943;1.0
696;0.00016039126785472035;1.0
697;0.000162588941748254;1.0
698;0.0001639053807593882;1.0
699;0.00019910401897504926;1.0
700;0.00035758636659011245;1.0
701;0.0002548581687733531;1.0
702;0.0003521066973917186;1.0
703;0.00027200093609280884;1.0
704;0.0001976955245481804;1.0
705;0.00020118762040510774;1.0
706;0.00018587280646897852;1.0
707;0.00022700022964272648;1.0
708;0.00017748985555954278;1.0
709;0.0002859461819753051;1.0
710;0.00015565339708700776;1.0
711;0.0002687617379706353;1.0
712;0.00017333280993625522;1.0
713;0.0002738700422924012;1.0
714;0.00028590348665602505;1.0
715;0.0001975687628146261;1.0
716;0.00015574645658489317;1.0
717;0.00015374495706055313;1.0
718;0.00019461064948700368;1.0
719;0.00016076918109320104;1.0
720;0.00018410650955047458;1.0
721;0.00020298192976042628;1.0
722;0.00018894864479079843;1.0
723;0.0001866502279881388;1.0
724;0.00019944645464420319;1.0
725;0.00018977034778799862;1.0
726;0.0001573132467456162;1.0
727;0.00014370345161296427;1.0
728;0.00021083142200950533;1.0
729;0.00016611878527328372;1.0
730;0.0002116186951752752;1.0
731;0.000205362361157313;1.0
732;0.00018128129886463284;1.0
733;0.0001509625290054828;1.0
734;0.0002662263868842274;1.0
735;0.00019021352636627853;1.0
736;0.00019966726540587842;1.0
737;0.00016543743549846113;1.0
738;0.00020563653379213065;1.0
739;0.0001925770629895851;1.0
740;0.0002616653509903699;1.0
741;0.00023147750471252948;1.0
742;0.00018533170805312693;1.0
743;0.00018108593940269202;1.0
744;0.0001694158709142357;1.0
745;0.0002714376605581492;1.0
746;0.00016114530444610864;1.0
747;0.0001400959154125303;1.0
748;0.00019239909306634218;1.0
749;0.00018425623420625925;1.0
750;0.00020725135982502252;1.0
751;0.0001875322632258758;1.0
752;0.00030632936977781355;1.0
753;0.00018548128718975931;1.0
754;0.00017161044524982572;1.0
755;0.00019576518388930708;1.0
756;0.00021128902153577656;1.0
757;0.00022696517407894135;1.0
758;0.0002712981076911092;1.0
759;0.00017372789443470538;1.0
760;0.00028670564643107355;1.0
761;0.00017697479052003473;1.0
762;0.00018098796135745943;1.0
763;0.00018066282791551203;1.0
764;0.00022303173318505287;1.0
765;0.00020264287013560534;1.0
766;0.00019114570750389248;1.0
767;0.00014305560034699738;1.0
768;0.00018384511349722743;1.0
769;0.000127811697893776;1.0
770;0.00021276494953781366;1.0
771;0.00025231961626559496;1.0
772;0.00025730562629178166;1.0
773;0.00015295710181817412;1.0
774;0.00019439384050201625;1.0
775;0.0001375358842778951;1.0
776;0.00018278304196428508;1.0
777;0.00025390592054463923;1.0
778;0.00015849832561798394;1.0
779;0.0001492387382313609;1.0
780;0.00021814476349391043;1.0
781;0.0002925929438788444;1.0
782;0.0001645802694838494;1.0
783;0.00015601899940520525;1.0
784;0.0003397410619072616;1.0
785;0.0002747825055848807;1.0
786;0.00017555146769154817;1.0
787;0.00015758478548377752;1.0
788;0.0001569268060848117;1.0
789;0.00019365687330719084;1.0
790;0.0002165422192774713;1.0
791;0.00032241898588836193;1.0
792;0.00021608866518363357;1.0
793;0.0001550944143673405;1.0
794;0.00016949950077105314;1.0
795;0.00014021279639564455;1.0
796;0.00015762666589580476;1.0
797;0.00012654444435611367;1.0
798;0.0001308886130573228;1.0
799;0.00013592337199952453;1.0
800;0.00019970211724285036;1.0
801;0.00010256234236294404;1.0
802;0.00012251624139025807;1.0
803;0.00010499586642254144;1.0
804;0.00012549097300507128;1.0
805;0.00021693621238227934;1.0
806;0.00015325384447351098;1.0
807;0.000180333576281555;1.0
808;0.0002263232454424724;1.0
809;0.0001744074688758701;1.0
810;0.00019115136819891632;1.0
811;0.0001783082989277318;1.0
812;0.00015777295629959553;1.0
813;0.00019715774396900088;1.0
814;0.00011371916480129585;1.0
815;0.00025232596090063453;1.0
816;0.00015957860159687698;1.0
817;0.00016716653772164136;1.0
818;0.00022684648865833879;1.0
819;0.00014082320558372885;1.0
820;0.00012600477202795446;1.0
821;0.0001389230164932087;1.0
822;0.00016245973529294133;1.0
823;0.00012417831749189645;1.0
824;0.00015737753710709512;1.0
825;0.00014367594849318266;1.0
826;0.00010861430928343907;1.0
827;0.00014272861881181598;1.0
828;0.00019070155394729227;1.0
829;0.000137845374410972;1.0
830;0.00012136263831052929;1.0
831;0.00016016322479117662;1.0
832;0.00019794251420535147;1.0
833;0.00015220700879581273;1.0
834;0.00018565618665888906;1.0
835;0.00015870222705416381;1.0
836;0.00018259574426338077;1.0
837;0.00014234613627195358;1.0
838;0.0002271491539431736;1.0
839;0.00022380096197593957;1.0
840;0.00011647330393316224;1.0
841;0.0001693437370704487;1.0
842;0.00012833662913180888;1.0
843;0.00012553170381579548;1.0
844;9.960048191715032e-05;1.0
845;0.00020455247431527823;1.0
846;0.0001279666175832972;1.0
847;0.00034044202766381204;1.0
848;0.00011262237239861861;1.0
849;0.00017637854034546763;1.0
850;0.00014530858607031405;1.0
851;0.00011198307038284838;1.0
852;0.00018967104551848024;1.0
853;0.00021600910986308008;1.0
854;0.00023550768673885614;1.0
855;0.000157080969074741;1.0
856;0.00020881075761280954;1.0
857;0.0001718884741421789;1.0
858;0.00019541836809366941;1.0
859;0.00012323255941737443;1.0
860;0.00014403396926354617;1.0
861;0.00016586421406827867;1.0
862;0.00016639500972814858;1.0
863;9.265339031117037e-05;1.0
864;0.00013472477439790964;1.0
865;0.00015888405323494226;1.0
866;0.00019290078489575535;1.0
867;0.00014927117445040494;1.0
868;0.0001322155585512519;1.0
869;0.00018547390936873853;1.0
870;0.00023934805358294398;1.0
871;0.0002013928024098277;1.0
872;0.00015194513252936304;1.0
873;0.00012559941387735307;1.0
874;0.00014441039820667356;1.0
875;0.00012524127669166774;1.0
876;0.0001549443113617599;1.0
877;0.00014807756815571338;1.0
878;0.00011286351946182549;1.0
879;0.0001496175245847553;1.0
880;0.00013916035823058337;1.0
881;0.0001498261553933844;1.0
882;0.0001300480216741562;1.0
883;0.0001317843998549506;1.0
884;0.00018135990831069648;1.0
885;0.00016780781152192503;1.0
886;0.00013746102922596037;1.0
887;0.00015181428170762956;1.0
888;0.00013661857519764453;1.0
889;0.00010391970135970041;1.0
890;0.00013924349332228303;1.0
891;0.00012968915689270943;1.0
892;0.00011956736125284806;1.0
893;0.00022101476497482508;1.0
894;0.00014189750072546303;1.0
895;0.00014332987484522164;1.0
896;0.0001375724677927792;1.0
897;0.0001505513646407053;1.0
898;0.00013914234295953065;1.0
899;0.00013171510363463312;1.0
900;0.00019488409452605993;1.0
901;0.00015413777146022767;1.0
902;0.00011568629997782409;1.0
903;0.00013785177725367248;1.0
904;0.00013725287863053381;1.0
905;0.00011868022556882352;1.0
906;0.00011152817023685202;1.0
907;0.00011683531920425594;1.0
908;8.21565481601283e-05;1.0
909;0.0001102780515793711;1.0
910;0.00013337741256691515;1.0
911;0.00012251346197444946;1.0
912;0.00014778462355025113;1.0
913;0.00011018644727300853;1.0
914;0.00011847192217828706;1.0
915;0.00012342340778559446;1.0
916;0.00014472274051513523;1.0
917;0.00011157439439557493;1.0
918;0.00010604199633235112;1.0
919;0.00014664306945633143;1.0
920;0.00011300484766252339;1.0
921;0.00011308844841551036;1.0
922;0.0001308285864070058;1.0
923;0.00015995206194929779;1.0
924;0.00018323578115087003;1.0
925;0.00010562381066847593;1.0
926;0.00014203960017766804;1.0
927;8.849111327435821e-05;1.0
928;0.00010951342846965417;1.0
929;0.00017846976697910577;1.0
930;0.00015805994917172939;1.0
931;0.00011041877587558702;1.0
932;0.00011650292435660958;1.0
933;0.00014716725854668766;1.0
934;9.063073230208829e-05;1.0
935;0.00011869429727084935;1.0
936;0.00013999216025695205;1.0
937;0.0001363294431939721;1.0
938;9.779147512745112e-05;1.0
939;0.00015041210281196982;1.0
940;0.00017245506751351058;1.0
941;9.083591430680826e-05;1.0
942;0.00010828111408045515;1.0
943;0.00011548503243830055;1.0
944;8.00409761723131e-05;1.0
945;0.00014072934573050588;1.0
946;0.00021305163681972772;1.0
947;0.00011393694876460359;1.0
948;0.0001088132630684413;1.0
949;0.00010382637265138328;1.0
950;6.141357880551368e-05;1.0
951;9.473119280301034e-05;1.0
952;7.70743063185364e-05;1.0
953;0.00016973713354673237;1.0
954;0.00012438552221283317;1.0
955;0.00011309096589684486;1.0
956;8.115368837025017e-05;1.0
957;0.00010067275434266776;1.0
958;0.00010604468116071075;1.0
959;0.00013961244258098304;1.0
960;0.00010249448678223416;1.0
961;9.6408388344571e-05;1.0
962;0.00013341366138774902;1.0
963;8.5669664258603e-05;1.0
964;8.729299588594586e-05;1.0
965;7.62792769819498e-05;1.0
966;8.29823620733805e-05;1.0
967;0.00010720224236138165;1.0
968;6.240441143745556e-05;1.0
969;0.00013011592091061175;1.0
970;8.28961274237372e-05;1.0
971;9.654826135374606e-05;1.0
972;8.990346395876259e-05;1.0
973;0.00018476886907592416;1.0
974;0.00011417463247198611;1.0
975;8.0698991951067e-05;1.0
976;9.905277693178505e-05;1.0
977;0.00017633340030442923;1.0
978;0.00011669873492792249;1.0
979;8.99244550964795e-05;1.0
980;9.604696242604405e-05;1.0
981;8.891114703146741e-05;1.0
982;9.177963511319831e-05;1.0
983;0.00013592741743195802;1.0
984;0.00011404646647861227;1.0
985;0.00012389659241307527;1.0
986;0.00017063951236195862;1.0
987;9.11145907593891e-05;1.0
988;9.83491336228326e-05;1.0
989;9.122105257119983e-05;1.0
990;0.00010473879956407472;1.0
991;0.00012045948096783832;1.0
992;0.00017257899162359536;1.0
993;6.835609383415431e-05;1.0
994;0.00011416701454436406;1.0
995;0.00011650336091406643;1.0
996;0.00012270531442482024;1.0
997;7.934007589938119e-05;1.0
998;8.11526770121418e-05;1.0
999;0.00016465909720864147;1.0
1000;9.682772360974923e-05;1.0
1001;8.913842611946166e-05;1.0
1002;0.00014605956675950438;1.0
1003;6.463190220529214e-05;1.0
1004;0.0001275238610105589;1.0
1005;7.745122275082394e-05;1.0
1006;8.484494173899293e-05;1.0
1007;8.946274465415627e-05;1.0
1008;8.597583655500785e-05;1.0
1009;7.995142368599772e-05;1.0
1010;8.274468564195558e-05;1.0
1011;9.175544255413115e-05;1.0
1012;0.00014980202831793576;1.0
1013;0.0001087780183297582;1.0
1014;0.0001599694660399109;1.0
1015;0.00010298622510163113;1.0
1016;8.831406012177467e-05;1.0
1017;0.00010017317981692031;1.0
1018;0.0001000873016892001;1.0
1019;0.00010497774201212451;1.0
1020;0.00012206824612803757;1.0
1021;7.711171929258853e-05;1.0
1022;0.00010409930837340653;1.0
1023;9.50208050198853e-05;1.0
1024;8.74904144438915e-05;1.0
1025;8.674547279952094e-05;1.0
1026;0.00012030196376144886;1.0
1027;9.25885105971247e-05;1.0
1028;7.783059845678508e-05;1.0
1029;9.44718049140647e-05;1.0
1030;0.00010548988211667165;1.0
1031;8.249939128290862e-05;1.0
1032;9.487375791650265e-05;1.0
1033;5.844216502737254e-05;1.0
1034;8.958751277532429e-05;1.0
1035;0.00011152784281875938;1.0
1036;0.00011001175153069198;1.0
1037;9.649805724620819e-05;1.0
1038;0.00011483446724014357;1.0
1039;0.00010575083433650434;1.0
1040;0.00011555147648323327;1.0
1041;0.00012959841114934534;1.0
1042;0.00019475864246487617;1.0
1043;0.00010086019756272435;1.0
1044;0.00012337870430201292;1.0
1045;9.902513556880876e-05;1.0
1046;0.0002449270978104323;1.0
1047;0.00010522198135731742;1.0
1048;0.00011071171320509166;1.0
1049;0.0001562815741635859;1.0
1050;9.888963541015983e-05;1.0
1051;8.89998409547843e-05;1.0
1052;0.000139421274070628;1.0
1053;6.156746530905366e-05;1.0
1054;7.670370541745797e-05;1.0
1055;0.0001727960625430569;1.0
1056;8.663281914778054e-05;1.0
1057;9.464941831538454e-05;1.0
1058;8.072929631453007e-05;1.0
1059;8.377974882023409e-05;1.0
1060;0.00011174287647008896;1.0
1061;0.00010158811346627772;1.0
1062;7.930317224236205e-05;1.0
1063;0.00011706451186910272;1.0
1064;0.0002124626626027748;1.0
1065;9.978307207347825e-05;1.0
1066;9.307820437243208e-05;1.0
1067;8.842030365485698e-05;1.0
1068;9.466418850934133e-05;1.0
1069;9.504841727903113e-05;1.0
1070;9.625062375562266e-05;1.0
1071;0.00011166393960593268;1.0
1072;0.00010756227129604667;1.0
1073;9.882722952170298e-05;1.0
1074;0.00012910232180729508;1.0
1075;0.0001133634359575808;1.0
1076;7.632886263309047e-05;1.0
1077;0.00014497264055535197;1.0
1078;9.787032468011603e-05;1.0
1079;0.00011202629684703425;1.0
1080;0.00010982240200974047;1.0
1081;9.524883353151381e-05;1.0
1082;0.00012067650095559657;1.0
1083;9.031241643242538e-05;1.0
1084;0.00010908239346463233;1.0
1085;0.00012885552132502198;1.0
1086;0.00010305035539204255;1.0
1087;9.328845044365153e-05;1.0
1088;9.622287325328216e-05;1.0
1089;0.00010226666199741885;1.0
1090;9.34711642912589e-05;1.0
1091;5.8655710745370016e-05;1.0
1092;8.700098260305822e-05;1.0
1093;0.00010271782957715914;1.0
1094;7.837384328013286e-05;1.0
1095;6.988061795709655e-05;1.0
1096;6.284578557824716e-05;1.0
1097;9.094635606743395e-05;1.0
1098;7.694648229517043e-05;1.0
1099;7.769873627694324e-05;1.0
1100;8.923652785597369e-05;1.0
1101;8.218073344323784e-05;1.0
1102;7.385895150946453e-05;1.0
1103;0.00011741279013222083;1.0
1104;9.11814349819906e-05;1.0
1105;8.7862899817992e-05;1.0
1106;9.473293175688013e-05;1.0
1107;6.797000241931528e-05;1.0
1108;8.57229606481269e-05;1.0
1109;6.40836005914025e-05;1.0
1110;0.0001009618936222978;1.0
1111;7.947669655550271e-05;1.0
1112;5.9709971537813544e-05;1.0
1113;8.960962441051379e-05;1.0
1114;5.9854137361980975e-05;1.0
1115;8.09279372333549e-05;1.0
1116;9.053006942849606e-05;1.0
1117;0.00011369404091965407;1.0
1118;8.456712384941056e-05;1.0
1119;8.585840259911492e-05;1.0
1120;8.973202056949958e-05;1.0
1121;0.00010415117139928043;1.0
1122;0.0001192024938063696;1.0
1123;7.704449672019109e-05;1.0
1124;6.78904980304651e-05;1.0
1125;0.00012135768338339403;1.0
1126;0.00011336233728798106;1.0
1127;0.00014957405801396817;1.0
1128;8.103056461550295e-05;1.0
1129;6.99371739756316e-05;1.0
1130;9.465101175010204e-05;1.0
1131;5.645327837555669e-05;1.0
1132;8.310314296977594e-05;1.0
1133;0.00014897374785505235;1.0
1134;8.815954788587987e-05;1.0
1135;9.020519792102277e-05;1.0
1136;0.00010213734640274197;1.0
1137;7.455215381924063e-05;1.0
1138;8.358068589586765e-05;1.0
1139;8.478557720081881e-05;1.0
1140;6.0029062296962366e-05;1.0
1141;7.10611348040402e-05;1.0
1142;8.568409248255193e-05;1.0
1143;9.631352440919727e-05;1.0
1144;0.00012826111924368888;1.0
1145;7.367043144768104e-05;1.0
1146;7.385737990261987e-05;1.0
1147;5.490185139933601e-05;1.0
1148;6.373915675794706e-05;1.0
1149;6.454951653722674e-05;1.0
1150;5.8374735090183094e-05;1.0
1151;0.00011384782555978745;1.0
1152;5.2600036724470556e-05;1.0
1153;5.719597902498208e-05;1.0
1154;8.285826334031299e-05;1.0
1155;5.731236160499975e-05;1.0
1156;7.975268817972392e-05;1.0
1157;6.449966895161197e-05;1.0
1158;0.00012688424612861127;1.0
1159;4.4772852561436594e-05;1.0
1160;6.880660657770932e-05;1.0
1161;7.184352580225095e-05;1.0
1162;8.757608156884089e-05;1.0
1163;8.943855937104672e-05;1.0
1164;7.906513928901404e-05;1.0
1165;7.15307323844172e-05;1.0
1166;6.567953823832795e-05;1.0
1167;8.09640041552484e-05;1.0
1168;6.843505252618343e-05;1.0
1169;4.9708480219123885e-05;1.0
1170;8.80463412613608e-05;1.0
1171;8.987681940197945e-05;1.0
1172;9.132772538578138e-05;1.0
1173;7.747996278339997e-05;1.0
1174;8.604158938396722e-05;1.0
1175;7.133264443837106e-05;1.0
1176;5.4079828260000795e-05;1.0
1177;7.898630428826436e-05;1.0
1178;9.06011919141747e-05;1.0
1179;4.456811075215228e-05;1.0
1180;8.725040243007243e-05;1.0
1181;8.133626397466287e-05;1.0
1182;6.525663775391877e-05;1.0
1183;8.462538244202733e-05;1.0
1184;6.45900727249682e-05;1.0
1185;0.00010346115595893934;1.0
1186;5.894725109101273e-05;1.0
1187;9.758347005117685e-05;1.0
1188;0.00011690652900142595;1.0
1189;5.4065920267021284e-05;1.0
1190;9.934721310855821e-05;1.0
1191;0.00015312197501771152;1.0
1192;6.599537300644442e-05;1.0
1193;5.6899429182522e-05;1.0
1194;6.652960291830823e-05;1.0
1195;6.118338205851614e-05;1.0
1196;8.116014214465395e-05;1.0
1197;6.605819362448528e-05;1.0
1198;5.99990707996767e-05;1.0
1199;7.0266927650664e-05;1.0
1200;6.718089571222663e-05;1.0
1201;8.570262434659526e-05;1.0
1202;9.934201807482168e-05;1.0
1203;5.7836834457702935e-05;1.0
1204;6.66141786496155e-05;1.0
1205;6.781492265872657e-05;1.0
1206;5.099890404380858e-05;1.0
1207;8.641531894681975e-05;1.0
1208;7.524109969381243e-05;1.0
1209;9.498772851657122e-05;1.0
1210;8.395134500460699e-05;1.0
1211;8.47793635330163e-05;1.0
1212;0.00012298631190788;1.0
1213;6.722113175783306e-05;1.0
1214;5.735873128287494e-05;1.0
1215;5.198582584853284e-05;1.0
1216;5.4565654863836244e-05;1.0
1217;7.711006765021011e-05;1.0
1218;8.002960385056213e-05;1.0
1219;8.008366421563551e-05;1.0
1220;6.621489592362195e-05;1.0
1221;5.822851380798966e-05;1.0
1222;6.987747474340722e-05;1.0
1223;5.3905201639281586e-05;1.0
1224;7.952723535709083e-05;1.0
1225;6.338785169646144e-05;1.0
1226;6.83460384607315e-05;1.0
1227;4.959486977895722e-05;1.0
1228;8.644544868730009e-05;1.0
1229;7.152914622565731e-05;1.0
1230;6.7530942033045e-05;1.0
1231;7.154996274039149e-05;1.0
1232;8.351509313797578e-05;1.0
1233;5.235752178123221e-05;1.0
1234;6.646892143180594e-05;1.0
1235;6.89697262714617e-05;1.0
1236;6.36684344499372e-05;1.0
1237;6.277620559558272e-05;1.0
1238;5.336544927558862e-05;1.0
1239;9.957607835531235e-05;1.0
1240;4.3328949686838314e-05;1.0
1241;5.1549868658185005e-05;1.0
1242;0.00018107325013261288;1.0
1243;9.414835221832618e-05;1.0
1244;7.276597898453474e-05;1.0
1245;0.00014495139475911856;1.0
1246;7.198575622169301e-05;1.0
1247;6.891341763548553e-05;1.0
1248;8.14228696981445e-05;1.0
1249;7.374782580882311e-05;1.0
1250;6.17188197793439e-05;1.0
1251;7.348351209657267e-05;1.0
1252;5.8818404795601964e-05;1.0
1253;6.434863462345675e-05;1.0
1254;7.09328378434293e-05;1.0
1255;5.510587288881652e-05;1.0
1256;5.869005326530896e-05;1.0
1257;0.00011492483463371173;1.0
1258;6.948088412173092e-05;1.0
1259;5.373645035433583e-05;1.0
1260;5.620803858619183e-05;1.0
1261;4.77851863251999e-05;1.0
1262;7.981929957168177e-05;1.0
1263;4.928764974465594e-05;1.0
1264;5.4705553338862956e-05;1.0
1265;5.1647377404151484e-05;1.0
1266;0.0001053936721291393;1.0
1267;6.750257307430729e-05;1.0
1268;7.979432120919228e-05;1.0
1269;5.996798790874891e-05;1.0
1270;5.924859215156175e-05;1.0
1271;4.791109313373454e-05;1.0
1272;6.928844231879339e-05;1.0
1273;7.102513336576521e-05;1.0
1274;0.0002365795662626624;1.0
1275;4.6185028622858226e-05;1.0
1276;5.880761818843894e-05;1.0
1277;5.561049692914821e-05;1.0
1278;8.753501606406644e-05;1.0
1279;7.956123590702191e-05;1.0
1280;5.54772668692749e-05;1.0
1281;5.3227478929329664e-05;1.0
1282;5.0593156629474834e-05;1.0
1283;5.7198350987164304e-05;1.0
1284;5.837147182319313e-05;1.0
1285;7.260571874212474e-05;1.0
1286;4.183681812719442e-05;1.0
1287;6.331715849228203e-05;1.0
1288;4.802361945621669e-05;1.0
1289;6.774145731469616e-05;1.0
1290;6.502736505353823e-05;1.0
1291;6.293525802902877e-05;1.0
1292;4.933761010761373e-05;1.0
1293;0.000140293370350264;1.0
1294;6.330815813271329e-05;1.0
1295;4.912035001325421e-05;1.0
1296;6.898339051986113e-05;1.0
1297;4.829531462746672e-05;1.0
1298;5.2152117859805e-05;1.0
1299;7.451255078194663e-05;1.0
1300;6.029944779584184e-05;1.0
1301;4.848666867474094e-05;1.0
1302;7.123439718270674e-05;1.0
1303;5.178690480533987e-05;1.0
1304;6.365154695231467e-05;1.0
1305;4.754119072458707e-05;1.0
1306;5.61876040592324e-05;1.0
1307;5.96794779994525e-05;1.0
1308;4.993936818209477e-05;1.0
1309;7.001074845902622e-05;1.0
1310;5.82939428568352e-05;1.0
1311;5.7247347285738215e-05;1.0
1312;3.954359272029251e-05;1.0
1313;8.538438123650849e-05;1.0
1314;6.265362753765658e-05;1.0
1315;6.771308108000085e-05;1.0
1316;5.323980076354928e-05;1.0
1317;5.476213482324965e-05;1.0
1318;6.53444803901948e-05;1.0
1319;5.4943375289440155e-05;1.0
1320;4.8216319555649534e-05;1.0
1321;5.8194618759443983e-05;1.0
1322;6.698085053358227e-05;1.0
1323;9.39180827117525e-05;1.0
1324;6.293733167694882e-05;1.0
1325;6.715063500450924e-05;1.0
1326;5.3329225920606405e-05;1.0
1327;6.463715544668958e-05;1.0
1328;6.0043348639737815e-05;1.0
1329;5.599745054496452e-05;1.0
1330;5.553110531764105e-05;1.0
1331;5.3082847443874925e-05;1.0
1332;6.203321390785277e-05;1.0
1333;8.437856013188139e-05;1.0
1334;8.069810428423807e-05;1.0
1335;3.93304399040062e-05;1.0
1336;8.375912148039788e-05;1.0
1337;8.284422801807523e-05;1.0
1338;3.8325433706631884e-05;1.0
1339;3.291896791779436e-05;1.0
1340;5.082890493213199e-05;1.0
1341;4.8798974603414536e-05;1.0
1342;6.972876872168854e-05;1.0
1343;4.81069837405812e-05;1.0
1344;5.1177212299080566e-05;1.0
1345;0.00010237623064313084;1.0
1346;6.677825149381533e-05;1.0
1347;4.5704986405326054e-05;1.0
1348;4.43033677584026e-05;1.0
1349;5.366120603866875e-05;1.0
1350;6.712061440339312e-05;1.0
1351;4.923351662000641e-05;1.0
1352;6.645319808740169e-05;1.0
1353;4.2297855543438345e-05;1.0
1354;3.666641714517027e-05;1.0
1355;5.491133197210729e-05;1.0
1356;3.777418896788731e-05;1.0
1357;4.337759310146794e-05;1.0
1358;0.00012170815170975402;1.0
1359;7.388638914562762e-05;1.0
1360;5.0133912736782804e-05;1.0
1361;0.00010448374086990952;1.0
1362;5.168728966964409e-05;1.0
1363;5.254939242149703e-05;1.0
1364;5.5522254115203395e-05;1.0
1365;4.5910783228464425e-05;1.0
1366;5.4684565839124843e-05;1.0
1367;5.647625221172348e-05;1.0
1368;5.152667290531099e-05;1.0
1369;6.804207805544138e-05;1.0
1370;6.462293822551146e-05;1.0
1371;3.9226491935551167e-05;1.0
1372;4.739414362120442e-05;1.0
1373;6.460304575739428e-05;1.0
1374;4.265733150532469e-05;1.0
1375;5.5476673878729343e-05;1.0
1376;4.4532938773045316e-05;1.0
1377;5.589481588685885e-05;1.0
1378;5.712360143661499e-05;1.0
1379;4.824006828130223e-05;1.0
1380;6.114450661698356e-05;1.0
1381;5.48577809240669e-05;1.0
1382;7.166165596572682e-05;1.0
1383;6.696322816424072e-05;1.0
1384;9.19728190638125e-05;1.0
1385;5.5002681619953364e-05;1.0
1386;4.278724009054713e-05;1.0
1387;7.039223419269547e-05;1.0
1388;6.830082566011697e-05;1.0
1389;5.6901033531175926e-05;1.0
1390;6.323230627458543e-05;1.0
1391;4.968647408531979e-05;1.0
1392;3.137826934107579e-05;1.0
1393;4.862618516199291e-05;1.0
1394;5.082102870801464e-05;1.0
1395;5.340888674254529e-05;1.0
1396;7.196006481535733e-05;1.0
1397;9.483926987741143e-05;1.0
1398;4.667321627493948e-05;1.0
1399;3.973156708525494e-05;1.0
1400;4.070250361110084e-05;1.0
1401;4.428462125360966e-05;1.0
1402;7.746348273940384e-05;1.0
1403;3.452999226283282e-05;1.0
1404;6.377059617079794e-05;1.0
1405;4.8639783926773816e-05;1.0
1406;6.0178568674018607e-05;1.0
1407;4.554561746772379e-05;1.0
1408;5.362087904359214e-05;1.0
1409;4.755488771479577e-05;1.0
1410;4.7614485083613545e-05;1.0
1411;4.8248890379909426e-05;1.0
1412;4.6324119466589764e-05;1.0
1413;4.00577082473319e-05;1.0
1414;6.214468885445967e-05;1.0
1415;5.746791066485457e-05;1.0
1416;0.00011064844147767872;1.0
1417;4.650811752071604e-05;1.0
1418;5.48558818991296e-05;1.0
1419;4.695115057984367e-05;1.0
1420;4.7878147597657517e-05;1.0
1421;5.164991307538003e-05;1.0
1422;4.8335179599234834e-05;1.0
1423;6.362574640661478e-05;1.0
1424;4.4713760871673e-05;1.0
1425;5.549323759623803e-05;1.0
1426;5.401200905907899e-05;1.0
1427;3.648821439128369e-05;1.0
1428;6.0282734921202064e-05;1.0
1429;5.228203735896386e-05;1.0
1430;6.687224959023297e-05;1.0
1431;4.238355904817581e-05;1.0
1432;4.728595376946032e-05;1.0
1433;6.646933616138995e-05;1.0
1434;5.5792097555240616e-05;1.0
1435;4.2271487473044544e-05;1.0
1436;7.057086622808129e-05;1.0
1437;6.1127902881708e-05;1.0
1438;5.957086614216678e-05;1.0
1439;4.9345093430019915e-05;1.0
1440;3.91513567592483e-05;1.0
1441;3.492888936307281e-05;1.0
1442;6.890648364787921e-05;1.0
1443;4.6869085053913295e-05;1.0
1444;5.2578659961000085e-05;1.0
1445;6.525275966851041e-05;1.0
1446;0.00013665840378962457;1.0
1447;8.01925707492046e-05;1.0
1448;4.189529863651842e-05;1.0
1449;3.564775033737533e-05;1.0
1450;5.8028021157952026e-05;1.0
1451;4.227281897328794e-05;1.0
1452;4.237597022438422e-05;1.0
1453;5.2929623052477837e-05;1.0
1454;3.6152494431007653e-05;1.0
1455;6.782464333809912e-05;1.0
1456;4.828178498428315e-05;1.0
1457;4.072784577147104e-05;1.0
1458;3.030465632036794e-05;1.0
1459;4.876639286521822e-05;1.0
1460;3.967027805629186e-05;1.0
1461;4.0906052163336426e-05;1.0
1462;3.74302217096556e-05;1.0
1463;2.9975928555359133e-05;1.0
1464;3.675865082186647e-05;1.0
1465;3.3226224331883714e-05;1.0
1466;3.634640233940445e-05;1.0
1467;4.1475625039311126e-05;1.0
1468;6.575413135578856e-05;1.0
1469;7.560429367003962e-05;1.0
1470;3.232303788536228e-05;1.0
1471;4.590823664329946e-05;1.0
1472;4.761103627970442e-05;1.0
1473;4.7948149585863575e-05;1.0
1474;7.264717714861035e-05;1.0
1475;3.5380100598558784e-05;1.0
1476;3.43602332577575e-05;1.0
1477;8.628980867797509e-05;1.0
1478;3.631940853665583e-05;1.0
1479;3.1888623198028654e-05;1.0
1480;2.8276286684558727e-05;1.0
1481;3.50073205481749e-05;1.0
1482;4.296136467019096e-05;1.0
1483;4.5199834858067334e-05;1.0
1484;5.293125650496222e-05;1.0
1485;5.2798466640524566e-05;1.0
1486;8.142695151036605e-05;1.0
1487;4.382609768072143e-05;1.0
1488;6.589946860913187e-05;1.0
1489;5.3552746976492926e-05;1.0
1490;4.649647598853335e-05;1.0
1491;5.457667793962173e-05;1.0
1492;5.779276762041263e-05;1.0
1493;5.4105796152725816e-05;1.0
1494;5.71996824874077e-05;1.0
1495;7.837079465389252e-05;1.0
1496;5.0644717703107744e-05;1.0
1497;5.8001001889351755e-05;1.0
1498;8.234961569542065e-05;1.0
1499;5.291454363032244e-05;1.0
