iteration;loss;accuracy
0;0.01765432208776474;0.0699300691485405
1;0.016725756227970123;0.07692307978868484
2;0.016593771055340767;0.10489510744810104
3;0.016846319660544395;0.06293706595897675
4;0.01674433797597885;0.10489510744810104
5;0.016632823273539543;0.10489510744810104
6;0.016420496627688408;0.0699300691485405
7;0.01637186110019684;0.10489510744810104
8;0.016335705295205116;0.07692307978868484
9;0.01637260615825653;0.1118881106376648
10;0.016327982768416405;0.16083915531635284
11;0.016276884824037552;0.17482517659664154
12;0.016235817223787308;0.139860138297081
13;0.01618516445159912;0.13286712765693665
14;0.01604088954627514;0.14685314893722534
15;0.016083592548966408;0.14685314893722534
16;0.016058996319770813;0.1118881106376648
17;0.01598007045686245;0.1118881106376648
18;0.015864763408899307;0.1258741319179535
19;0.015906192362308502;0.18881118297576904
20;0.01581941917538643;0.1678321659564972
21;0.015712350606918335;0.18881118297576904
22;0.015750674530863762;0.13286712765693665
23;0.01569066196680069;0.14685314893722534
24;0.015777815133333206;0.16083915531635284
25;0.015699857845902443;0.139860138297081
26;0.015697935596108437;0.1258741319179535
27;0.015693075954914093;0.1258741319179535
28;0.015662526711821556;0.1538461595773697
29;0.015592865645885468;0.1958041936159134
30;0.015608941204845905;0.1258741319179535
31;0.015424116514623165;0.1958041936159134
32;0.015481960028409958;0.18881118297576904
33;0.01551908254623413;0.1958041936159134
34;0.01550829317420721;0.1258741319179535
35;0.01545100100338459;0.1538461595773697
36;0.015468894504010677;0.1258741319179535
37;0.01540073286741972;0.18881118297576904
38;0.015340791083872318;0.17482517659664154
39;0.015421959571540356;0.18881118297576904
40;0.015245463699102402;0.21678321063518524
41;0.015309225767850876;0.16083915531635284
42;0.015171647071838379;0.2377622425556183
43;0.015246765688061714;0.251748263835907
44;0.015085847117006779;0.21678321063518524
45;0.015049884095788002;0.21678321063518524
46;0.015059372410178185;0.21678321063518524
47;0.015051506459712982;0.1818181872367859
48;0.01518170814961195;0.23076923191547394
49;0.015028456225991249;0.18881118297576904
50;0.014937547035515308;0.24475523829460144
51;0.014979755505919456;0.25874125957489014
52;0.015005051158368587;0.27272728085517883
53;0.01498772855848074;0.2377622425556183
54;0.014861924573779106;0.24475523829460144
55;0.014903418719768524;0.21678321063518524
56;0.014704829081892967;0.279720276594162
57;0.014790232293307781;0.2097902148962021
58;0.014624986797571182;0.2657342553138733
59;0.014670414850115776;0.28671327233314514
60;0.01460735872387886;0.279720276594162
61;0.014761427417397499;0.24475523829460144
62;0.01470810268074274;0.251748263835907
63;0.014624265022575855;0.27272728085517883
64;0.0146742332726717;0.28671327233314514
65;0.014458805322647095;0.27272728085517883
66;0.014490235596895218;0.2937062978744507
67;0.014505784958600998;0.279720276594162
68;0.014546542428433895;0.28671327233314514
69;0.014452637173235416;0.2937062978744507
70;0.014476058073341846;0.24475523829460144
71;0.014530960470438004;0.2657342553138733
72;0.014435938559472561;0.27272728085517883
73;0.014312302693724632;0.3356643319129944
74;0.014529691077768803;0.2937062978744507
75;0.014381926506757736;0.28671327233314514
76;0.014287791214883327;0.3356643319129944
77;0.014204063452780247;0.3636363744735718
78;0.014312275685369968;0.279720276594162
79;0.014143859036266804;0.37062937021255493
80;0.014244181104004383;0.3776223659515381
81;0.014274048618972301;0.3216783106327057
82;0.014102174900472164;0.3496503531932831
83;0.014076502062380314;0.35664334893226624
84;0.014163448475301266;0.3076923191547394
85;0.013902043923735619;0.37062937021255493
86;0.014024081639945507;0.35664334893226624
87;0.013991305604577065;0.3496503531932831
88;0.013908535242080688;0.38461539149284363
89;0.013870734721422195;0.3636363744735718
90;0.014025148935616016;0.38461539149284363
91;0.013871291652321815;0.32867133617401123
92;0.013856729492545128;0.41258740425109863
93;0.014008491300046444;0.35664334893226624
94;0.013711216859519482;0.4055944085121155
95;0.013857190497219563;0.3496503531932831
96;0.01361838262528181;0.4195804297924042
97;0.013575314544141293;0.4335664212703705
98;0.013585350476205349;0.4335664212703705
99;0.01359514519572258;0.3776223659515381
100;0.013553759083151817;0.42657342553138733
101;0.013721331022679806;0.3776223659515381
102;0.013648202642798424;0.3496503531932831
103;0.013604496605694294;0.42657342553138733
104;0.013482003472745419;0.4615384638309479
105;0.013506694696843624;0.42657342553138733
106;0.013531685806810856;0.4475524425506592
107;0.013584080152213573;0.3776223659515381
108;0.013213974423706532;0.4545454680919647
109;0.013395624235272408;0.4545454680919647
110;0.013387717306613922;0.5104895234107971
111;0.01355730276554823;0.4195804297924042
112;0.013321147300302982;0.38461539149284363
113;0.01334675308316946;0.4055944085121155
114;0.013324898667633533;0.42657342553138733
115;0.012998426333069801;0.4895104765892029
116;0.013154623098671436;0.4755244851112366
117;0.01319142710417509;0.41258740425109863
118;0.013084287755191326;0.4335664212703705
119;0.013166427612304688;0.440559446811676
120;0.01282169483602047;0.5104895234107971
121;0.0128818703815341;0.4825174808502197
122;0.013087648898363113;0.4335664212703705
123;0.012920801527798176;0.4475524425506592
124;0.01300877332687378;0.42657342553138733
125;0.012787274084985256;0.503496527671814
126;0.013025126419961452;0.503496527671814
127;0.012895402498543262;0.4545454680919647
128;0.01267433911561966;0.4825174808502197
129;0.01252923347055912;0.4965035021305084
130;0.012648404575884342;0.440559446811676
131;0.012832585722208023;0.503496527671814
132;0.012540154159069061;0.503496527671814
133;0.012604495510458946;0.4965035021305084
134;0.012468811124563217;0.5174825191497803
135;0.012403099797666073;0.503496527671814
136;0.012667646631598473;0.4475524425506592
137;0.012570850551128387;0.5174825191497803
138;0.012433393858373165;0.5244755148887634
139;0.012384522706270218;0.5664335489273071
140;0.012420372106134892;0.5384615659713745
141;0.012381672859191895;0.5524475574493408
142;0.012226543389260769;0.6013985872268677
143;0.012170528061687946;0.559440553188324
144;0.012133518233895302;0.5944055914878845
145;0.012205216102302074;0.5524475574493408
146;0.012316678650677204;0.4755244851112366
147;0.012425605207681656;0.503496527671814
148;0.01207073125988245;0.6223776340484619
149;0.011936345137655735;0.5734265446662903
150;0.01201977115124464;0.5664335489273071
151;0.012181796133518219;0.5664335489273071
152;0.012059825472533703;0.5664335489273071
153;0.012241563759744167;0.5314685106277466
154;0.012024939060211182;0.5104895234107971
155;0.011897147633135319;0.5944055914878845
156;0.01184925902634859;0.5524475574493408
157;0.011867579072713852;0.5734265446662903
158;0.011953029781579971;0.5734265446662903
159;0.011791829019784927;0.6013985872268677
160;0.011879324913024902;0.5454545617103577
161;0.011952186934649944;0.5734265446662903
162;0.011723363772034645;0.559440553188324
163;0.011743486858904362;0.5664335489273071
164;0.011874159798026085;0.5944055914878845
165;0.011780884116888046;0.559440553188324
166;0.012174478732049465;0.5664335489273071
167;0.011747998185455799;0.5454545617103577
168;0.011872606351971626;0.5524475574493408
169;0.011700743809342384;0.5454545617103577
170;0.011781777255237103;0.5734265446662903
171;0.011275198310613632;0.6153846383094788
172;0.011860065162181854;0.5384615659713745
173;0.011381996795535088;0.6293706297874451
174;0.011361139826476574;0.5664335489273071
175;0.011327488347887993;0.6363636255264282
176;0.011694168671965599;0.5874125957489014
177;0.011329259723424911;0.6153846383094788
178;0.011575047858059406;0.6083915829658508
179;0.011430369690060616;0.5804196000099182
180;0.011393631808459759;0.5874125957489014
181;0.011257478035986423;0.6643356680870056
182;0.011446472257375717;0.5874125957489014
183;0.011318032629787922;0.6293706297874451
184;0.011175207793712616;0.5734265446662903
185;0.011158390901982784;0.6223776340484619
186;0.010922469198703766;0.6503496766090393
187;0.011017914861440659;0.6433566212654114
188;0.01098008081316948;0.6643356680870056
189;0.011086251586675644;0.6293706297874451
190;0.010739431716501713;0.6503496766090393
191;0.010577933862805367;0.6573426723480225
192;0.010943379253149033;0.6153846383094788
193;0.01093306764960289;0.6223776340484619
194;0.011048300191760063;0.6363636255264282
195;0.011211569420993328;0.6153846383094788
196;0.01113951113075018;0.6013985872268677
197;0.010949797928333282;0.6153846383094788
198;0.010861676186323166;0.6293706297874451
199;0.011039406061172485;0.6713286638259888
200;0.01063871756196022;0.6713286638259888
201;0.010959831066429615;0.6293706297874451
202;0.010603845119476318;0.6503496766090393
203;0.010534578934311867;0.6503496766090393
204;0.010383214801549911;0.7202796936035156
205;0.010666373185813427;0.6503496766090393
206;0.010655644349753857;0.6223776340484619
207;0.010526172816753387;0.6223776340484619
208;0.010663015767931938;0.6573426723480225
209;0.01019757054746151;0.6993007063865662
210;0.010395425371825695;0.6503496766090393
211;0.010638040490448475;0.6433566212654114
212;0.01039962563663721;0.6433566212654114
213;0.010625533759593964;0.6433566212654114
214;0.010440527461469173;0.6643356680870056
215;0.010625186376273632;0.6433566212654114
216;0.010366540402173996;0.6853147149085999
217;0.010439679957926273;0.6573426723480225
218;0.010258696042001247;0.6713286638259888
219;0.010572864674031734;0.6433566212654114
220;0.010044561699032784;0.6783216595649719
221;0.00984713900834322;0.7202796936035156
222;0.00971920508891344;0.7272727489471436
223;0.009921708144247532;0.7062937021255493
224;0.00970984436571598;0.7062937021255493
225;0.009918879717588425;0.7062937021255493
226;0.010163248516619205;0.6853147149085999
227;0.0096742557361722;0.7272727489471436
228;0.009762756526470184;0.6853147149085999
229;0.009995781816542149;0.6713286638259888
230;0.00971082504838705;0.7552447319030762
231;0.009689327329397202;0.7552447319030762
232;0.009810810908675194;0.6853147149085999
233;0.009412914514541626;0.7132866978645325
234;0.0096432538703084;0.7202796936035156
235;0.009454939514398575;0.7202796936035156
236;0.009317641146481037;0.7342657446861267
237;0.009296813048422337;0.7062937021255493
238;0.009483839385211468;0.7342657446861267
239;0.009657236747443676;0.692307710647583
240;0.009379367344081402;0.6993007063865662
241;0.009520834311842918;0.6643356680870056
242;0.0093439482152462;0.7202796936035156
243;0.009307888336479664;0.7342657446861267
244;0.009402193129062653;0.6853147149085999
245;0.00912612583488226;0.7202796936035156
246;0.009426874108612537;0.7342657446861267
247;0.009308740496635437;0.7132866978645325
248;0.009226037189364433;0.6993007063865662
249;0.009327776730060577;0.7272727489471436
250;0.00934786070138216;0.7132866978645325
251;0.009038683027029037;0.7342657446861267
252;0.009058849886059761;0.7062937021255493
253;0.009042270481586456;0.7272727489471436
254;0.008732776157557964;0.7272727489471436
255;0.009256485849618912;0.748251736164093
256;0.008939102292060852;0.7062937021255493
257;0.00891066249459982;0.7342657446861267
258;0.00932270847260952;0.7132866978645325
259;0.009293722920119762;0.7132866978645325
260;0.009066560305655003;0.7132866978645325
261;0.009019050747156143;0.7132866978645325
262;0.008915040642023087;0.748251736164093
263;0.00885233748704195;0.7622377872467041
264;0.008946115151047707;0.6993007063865662
265;0.009242765605449677;0.6783216595649719
266;0.008532174862921238;0.7342657446861267
267;0.008832456544041634;0.748251736164093
268;0.00898767914623022;0.7692307829856873
269;0.008739106357097626;0.7342657446861267
270;0.008746937848627567;0.7342657446861267
271;0.008500906638801098;0.8041958212852478
272;0.008983084000647068;0.7972028255462646
273;0.008823566138744354;0.7412587404251099
274;0.008615989238023758;0.7622377872467041
275;0.008384495042264462;0.7552447319030762
276;0.008728236891329288;0.7342657446861267
277;0.008885452523827553;0.7342657446861267
278;0.008492870256304741;0.7622377872467041
279;0.008566456846892834;0.7622377872467041
280;0.008431755937635899;0.7692307829856873
281;0.008459795266389847;0.7342657446861267
282;0.0084427734836936;0.7832167744636536
283;0.008450457826256752;0.7762237787246704
284;0.008248050697147846;0.7622377872467041
285;0.008282381109893322;0.8041958212852478
286;0.0081865219399333;0.8041958212852478
287;0.008313636295497417;0.7902097702026367
288;0.008146073669195175;0.7692307829856873
289;0.008346457034349442;0.7832167744636536
290;0.008194619789719582;0.7692307829856873
291;0.00795829202979803;0.7972028255462646
292;0.008187485858798027;0.7552447319030762
293;0.008103328756988049;0.811188817024231
294;0.008082546293735504;0.7972028255462646
295;0.00817576888948679;0.7552447319030762
296;0.007824895903468132;0.7692307829856873
297;0.008016115054488182;0.7622377872467041
298;0.008060756139457226;0.7692307829856873
299;0.008403884246945381;0.7552447319030762
300;0.007916324771940708;0.7902097702026367
301;0.008111074566841125;0.7552447319030762
302;0.007916056551039219;0.7692307829856873
303;0.007923301309347153;0.7902097702026367
304;0.00788749847561121;0.811188817024231
305;0.007650558836758137;0.8181818127632141
306;0.008001778274774551;0.7692307829856873
307;0.007924191653728485;0.7692307829856873
308;0.007760518230497837;0.7902097702026367
309;0.00798539537936449;0.8041958212852478
310;0.007938013412058353;0.7972028255462646
311;0.007996761240065098;0.7552447319030762
312;0.0076507567428052425;0.7902097702026367
313;0.007715381216257811;0.7832167744636536
314;0.007766631431877613;0.8181818127632141
315;0.008015550673007965;0.7692307829856873
316;0.007700085174292326;0.7762237787246704
317;0.007300663739442825;0.8321678042411804
318;0.0076295495964586735;0.7832167744636536
319;0.007439580745995045;0.8251748085021973
320;0.007636306341737509;0.7902097702026367
321;0.0072237662971019745;0.8391608595848083
322;0.007451479323208332;0.7622377872467041
323;0.007424651179462671;0.7902097702026367
324;0.007445574272423983;0.8251748085021973
325;0.007675464265048504;0.8041958212852478
326;0.007362647447735071;0.8181818127632141
327;0.007364213466644287;0.7972028255462646
328;0.0075126104056835175;0.7622377872467041
329;0.00739344023168087;0.8391608595848083
330;0.007626601029187441;0.8041958212852478
331;0.0076068793423473835;0.7902097702026367
332;0.007261697202920914;0.8391608595848083
333;0.007596205919981003;0.7832167744636536
334;0.007183353416621685;0.811188817024231
335;0.007588071282953024;0.7972028255462646
336;0.0073835658840835094;0.7902097702026367
337;0.007040569093078375;0.8461538553237915
338;0.0073411487974226475;0.8181818127632141
339;0.007117611821740866;0.867132842540741
340;0.007232144009321928;0.8181818127632141
341;0.007370642386376858;0.8181818127632141
342;0.007196500897407532;0.8321678042411804
343;0.006895697675645351;0.8601398468017578
344;0.0069728451780974865;0.881118893623352
345;0.0070647383108735085;0.8181818127632141
346;0.007280594203621149;0.811188817024231
347;0.007450340315699577;0.8181818127632141
348;0.007179343607276678;0.811188817024231
349;0.007180474232882261;0.7762237787246704
350;0.007118706125766039;0.8041958212852478
351;0.0069522736594080925;0.811188817024231
352;0.0070607615634799;0.8391608595848083
353;0.006971672642976046;0.867132842540741
354;0.007081322837620974;0.8041958212852478
355;0.006699836812913418;0.8321678042411804
356;0.006831036414951086;0.8321678042411804
357;0.006924551911652088;0.7902097702026367
358;0.006715703755617142;0.8251748085021973
359;0.0068654995411634445;0.8391608595848083
360;0.0071588438004255295;0.8251748085021973
361;0.006814693100750446;0.8181818127632141
362;0.0066360547207295895;0.8251748085021973
363;0.006618638522922993;0.8391608595848083
364;0.006630938500165939;0.8391608595848083
365;0.006514047272503376;0.867132842540741
366;0.0065848748199641705;0.8461538553237915
367;0.006589521188288927;0.8601398468017578
368;0.006666150875389576;0.867132842540741
369;0.006683606654405594;0.8461538553237915
370;0.0068013728596270084;0.8461538553237915
371;0.006852759048342705;0.8321678042411804
372;0.006484611425548792;0.8531468510627747
373;0.006954402197152376;0.8041958212852478
374;0.006877241190522909;0.8461538553237915
375;0.007050783839076757;0.8251748085021973
376;0.006787644699215889;0.8251748085021973
377;0.006651809439063072;0.8461538553237915
378;0.006444241851568222;0.8391608595848083
379;0.006463171448558569;0.8321678042411804
380;0.006843708921223879;0.8741258978843689
381;0.006362410262227058;0.8531468510627747
382;0.007165304385125637;0.7972028255462646
383;0.006503468379378319;0.8391608595848083
384;0.0067726015113294125;0.8181818127632141
385;0.006527449004352093;0.8251748085021973
386;0.0062608374282717705;0.8181818127632141
387;0.00637891236692667;0.8181818127632141
388;0.006407696753740311;0.867132842540741
389;0.0063757686875760555;0.8461538553237915
390;0.0062123192474246025;0.8741258978843689
391;0.006508619990199804;0.867132842540741
392;0.005908967927098274;0.8601398468017578
393;0.006476281676441431;0.8181818127632141
394;0.0064492844976484776;0.8461538553237915
395;0.006044473499059677;0.867132842540741
396;0.006269311532378197;0.8461538553237915
397;0.006138654425740242;0.8321678042411804
398;0.005858221556991339;0.8531468510627747
399;0.005949673242866993;0.8321678042411804
400;0.005874712951481342;0.881118893623352
401;0.005998250097036362;0.8881118893623352
402;0.005963449366390705;0.8741258978843689
403;0.00585897546261549;0.8461538553237915
404;0.005924287252128124;0.8321678042411804
405;0.006071531679481268;0.8741258978843689
406;0.00597328320145607;0.8531468510627747
407;0.0057920836843550205;0.8881118893623352
408;0.0058250827714800835;0.867132842540741
409;0.005947457626461983;0.8881118893623352
410;0.00581747991964221;0.881118893623352
411;0.0057368348352611065;0.867132842540741
412;0.0058348472230136395;0.8601398468017578
413;0.006070423871278763;0.867132842540741
414;0.005677163600921631;0.8391608595848083
415;0.0060801333747804165;0.8531468510627747
416;0.005704688839614391;0.867132842540741
417;0.005565179046243429;0.8741258978843689
418;0.005887250881642103;0.8531468510627747
419;0.005493605509400368;0.8741258978843689
420;0.0056867776438593864;0.8881118893623352
421;0.005620935000479221;0.881118893623352
422;0.00565875880420208;0.8531468510627747
423;0.005828220397233963;0.867132842540741
424;0.006093295756727457;0.8461538553237915
425;0.005564670544117689;0.8531468510627747
426;0.005782304797321558;0.8741258978843689
427;0.00573661457747221;0.8601398468017578
428;0.005810318980365992;0.8391608595848083
429;0.005844550672918558;0.8321678042411804
430;0.005773878190666437;0.881118893623352
431;0.005626361351460218;0.867132842540741
432;0.0056123691610991955;0.867132842540741
433;0.005978265777230263;0.8461538553237915
434;0.0056704189628362656;0.8881118893623352
435;0.005476002581417561;0.867132842540741
436;0.005797063000500202;0.8601398468017578
437;0.005905532743781805;0.867132842540741
438;0.00568724051117897;0.8601398468017578
439;0.0056721242144703865;0.8601398468017578
440;0.005482723005115986;0.8741258978843689
441;0.005668985191732645;0.8461538553237915
442;0.00573743088170886;0.867132842540741
443;0.0058729322627186775;0.881118893623352
444;0.005614649038761854;0.867132842540741
445;0.005632915534079075;0.867132842540741
446;0.00565323606133461;0.811188817024231
447;0.005026474595069885;0.8881118893623352
448;0.005397002678364515;0.8531468510627747
449;0.005522694438695908;0.8741258978843689
450;0.005418978165835142;0.8741258978843689
451;0.005447362083941698;0.8881118893623352
452;0.005241306498646736;0.8531468510627747
453;0.005511315539479256;0.867132842540741
454;0.005601389333605766;0.9020978808403015
455;0.00553887477144599;0.881118893623352
456;0.0050492435693740845;0.9020978808403015
457;0.005306627135723829;0.8741258978843689
458;0.005617342423647642;0.8531468510627747
459;0.005288292188197374;0.867132842540741
460;0.0053073083981871605;0.8391608595848083
461;0.005289942026138306;0.8601398468017578
462;0.0051646847277879715;0.9020978808403015
463;0.005370680708438158;0.881118893623352
464;0.005104241892695427;0.8881118893623352
465;0.005432993173599243;0.8531468510627747
466;0.005141175352036953;0.881118893623352
467;0.005206466186791658;0.8601398468017578
468;0.005370768718421459;0.867132842540741
469;0.00524634774774313;0.8601398468017578
470;0.005240766331553459;0.9020978808403015
471;0.00523996539413929;0.8601398468017578
472;0.005264165345579386;0.867132842540741
473;0.005262808408588171;0.9090909361839294
474;0.005185231100767851;0.9090909361839294
475;0.00526003260165453;0.8321678042411804
476;0.005105657037347555;0.8951048851013184
477;0.0051754130981862545;0.881118893623352
478;0.004820535890758038;0.9160839319229126
479;0.0048536267131567;0.8741258978843689
480;0.005265598185360432;0.8461538553237915
481;0.005208740010857582;0.867132842540741
482;0.0049185482785105705;0.9020978808403015
483;0.005040113814175129;0.9090909361839294
484;0.005115853156894445;0.8881118893623352
485;0.005123153794556856;0.8881118893623352
486;0.005052381660789251;0.8951048851013184
487;0.004843238741159439;0.8881118893623352
488;0.004803377203643322;0.867132842540741
489;0.004972998518496752;0.867132842540741
490;0.005254334304481745;0.8531468510627747
491;0.004999718628823757;0.8741258978843689
492;0.0051241726614534855;0.8531468510627747
493;0.0051625496707856655;0.8531468510627747
494;0.005071800202131271;0.881118893623352
495;0.005312573164701462;0.8461538553237915
496;0.005244238767772913;0.8601398468017578
497;0.004881267435848713;0.867132842540741
498;0.005556341260671616;0.8391608595848083
499;0.005163112655282021;0.8881118893623352
500;0.005141852423548698;0.881118893623352
501;0.005325943231582642;0.8531468510627747
502;0.00493507320061326;0.8601398468017578
503;0.004939730279147625;0.8951048851013184
504;0.004997258074581623;0.867132842540741
505;0.005182809196412563;0.8391608595848083
506;0.005138000939041376;0.8601398468017578
507;0.005134080071002245;0.8881118893623352
508;0.0048877219669520855;0.8951048851013184
509;0.004761607851833105;0.8881118893623352
510;0.005005890503525734;0.8881118893623352
511;0.005092069506645203;0.8881118893623352
512;0.004738791845738888;0.8741258978843689
513;0.004607490263879299;0.8881118893623352
514;0.004739650525152683;0.9020978808403015
515;0.004807897377759218;0.867132842540741
516;0.004828936420381069;0.881118893623352
517;0.004731534514576197;0.8951048851013184
518;0.0049790143966674805;0.867132842540741
519;0.004892687778919935;0.8951048851013184
520;0.004861998371779919;0.8881118893623352
521;0.004920670296996832;0.8741258978843689
522;0.004673691466450691;0.9090909361839294
523;0.004882482811808586;0.8461538553237915
524;0.004639883060008287;0.8531468510627747
525;0.004927775356918573;0.867132842540741
526;0.004558490123599768;0.9020978808403015
527;0.004688932094722986;0.881118893623352
528;0.00468032993376255;0.9020978808403015
529;0.004887075163424015;0.8741258978843689
530;0.0047073159366846085;0.8951048851013184
531;0.005091209430247545;0.8601398468017578
532;0.004778310656547546;0.881118893623352
533;0.004838211461901665;0.881118893623352
534;0.005188314709812403;0.881118893623352
535;0.00465759914368391;0.9090909361839294
536;0.00469221780076623;0.881118893623352
537;0.0047642444260418415;0.9090909361839294
538;0.004683508072048426;0.881118893623352
539;0.004729938693344593;0.8741258978843689
540;0.004764651879668236;0.8951048851013184
541;0.0048286751843988895;0.8391608595848083
542;0.004712240304797888;0.867132842540741
543;0.00461459020152688;0.8881118893623352
544;0.004426911007612944;0.9300699234008789
545;0.0046076360158622265;0.881118893623352
546;0.004839586094021797;0.881118893623352
547;0.004855935461819172;0.8601398468017578
548;0.004583355970680714;0.881118893623352
549;0.004547109827399254;0.9020978808403015
550;0.004667557775974274;0.9300699234008789
551;0.004647013731300831;0.9020978808403015
552;0.004656668286770582;0.867132842540741
553;0.004771491512656212;0.867132842540741
554;0.004515085369348526;0.8951048851013184
555;0.0043138847686350346;0.867132842540741
556;0.004497729707509279;0.8951048851013184
557;0.004377265460789204;0.8881118893623352
558;0.004569618031382561;0.9090909361839294
559;0.0045023406855762005;0.9020978808403015
560;0.004612117074429989;0.8741258978843689
561;0.00444920314475894;0.8951048851013184
562;0.0045044030994176865;0.9090909361839294
563;0.00451268395408988;0.8881118893623352
564;0.0045110429637134075;0.9020978808403015
565;0.004781443625688553;0.867132842540741
566;0.004494248889386654;0.8531468510627747
567;0.0044594742357730865;0.8951048851013184
568;0.004555799067020416;0.8531468510627747
569;0.004394225310534239;0.9160839319229126
570;0.004460532683879137;0.9090909361839294
571;0.004358518868684769;0.9020978808403015
572;0.004647133871912956;0.867132842540741
573;0.00413332087919116;0.9020978808403015
574;0.0046920813620090485;0.867132842540741
575;0.004663908388465643;0.881118893623352
576;0.004644507076591253;0.8741258978843689
577;0.004144493490457535;0.8881118893623352
578;0.004530075006186962;0.881118893623352
579;0.004585957620292902;0.8601398468017578
580;0.004437959752976894;0.9230769276618958
581;0.004510930273681879;0.8741258978843689
582;0.004344123415648937;0.881118893623352
583;0.004267754964530468;0.9300699234008789
584;0.004974033683538437;0.881118893623352
585;0.004639951977878809;0.881118893623352
586;0.0046367584727704525;0.8951048851013184
587;0.004923367872834206;0.9020978808403015
588;0.004730678629130125;0.881118893623352
589;0.004824354778975248;0.8461538553237915
590;0.004991175606846809;0.9090909361839294
591;0.0048746708780527115;0.881118893623352
592;0.004783088807016611;0.8741258978843689
593;0.00440690154209733;0.9020978808403015
594;0.004646360408514738;0.867132842540741
595;0.004714887589216232;0.881118893623352
596;0.004780559800565243;0.8951048851013184
597;0.0048642284236848354;0.8881118893623352
598;0.00476967915892601;0.881118893623352
599;0.004511573817580938;0.9020978808403015
600;0.004397131968289614;0.9020978808403015
601;0.0043276031501591206;0.9230769276618958
602;0.004545316565781832;0.9090909361839294
603;0.00447389530017972;0.8881118893623352
604;0.0042737326584756374;0.9020978808403015
605;0.0043141464702785015;0.8951048851013184
606;0.004392645787447691;0.9090909361839294
607;0.004424335900694132;0.8951048851013184
608;0.004541030619293451;0.881118893623352
609;0.004205828998237848;0.9300699234008789
610;0.004441950935870409;0.9020978808403015
611;0.004174877889454365;0.9020978808403015
612;0.004232645500451326;0.9160839319229126
613;0.004420750308781862;0.9020978808403015
614;0.0044257198460400105;0.8601398468017578
615;0.004726019222289324;0.8601398468017578
616;0.004500492010265589;0.9020978808403015
617;0.004441834054887295;0.8951048851013184
618;0.004543699789792299;0.8881118893623352
619;0.004281509667634964;0.881118893623352
620;0.0044733863323926926;0.9230769276618958
621;0.004524705931544304;0.881118893623352
622;0.004486968275159597;0.9020978808403015
623;0.00427602743729949;0.9160839319229126
624;0.004400935955345631;0.8951048851013184
625;0.004316420294344425;0.9300699234008789
626;0.0046262238174676895;0.8741258978843689
627;0.004435846582055092;0.9090909361839294
628;0.004091979004442692;0.9020978808403015
629;0.004561366979032755;0.8951048851013184
630;0.004464299883693457;0.8881118893623352
631;0.004181683529168367;0.9090909361839294
632;0.004453656263649464;0.9090909361839294
633;0.004087692126631737;0.9370629191398621
634;0.004309745039790869;0.8951048851013184
635;0.0043200901709496975;0.9020978808403015
636;0.004188016522675753;0.9160839319229126
637;0.004331397358328104;0.8951048851013184
638;0.004184352234005928;0.8951048851013184
639;0.004302442539483309;0.8951048851013184
640;0.004030144307762384;0.8601398468017578
641;0.004091224633157253;0.9230769276618958
642;0.004254885483533144;0.9020978808403015
643;0.003983312752097845;0.9020978808403015
644;0.004029013682156801;0.9160839319229126
645;0.004230265039950609;0.9020978808403015
646;0.004023010842502117;0.8951048851013184
647;0.003986659459769726;0.8951048851013184
648;0.004203606862574816;0.9230769276618958
649;0.004158845636993647;0.9090909361839294
650;0.004036594182252884;0.9020978808403015
651;0.004047052469104528;0.8951048851013184
652;0.004150626249611378;0.9160839319229126
653;0.003993599209934473;0.9020978808403015
654;0.0041318172588944435;0.8881118893623352
655;0.00409600418061018;0.8741258978843689
656;0.0039002394769340754;0.9090909361839294
657;0.004088076762855053;0.881118893623352
658;0.004005660302937031;0.9020978808403015
659;0.003919797949492931;0.9090909361839294
660;0.004047888331115246;0.9160839319229126
661;0.0038900214713066816;0.9300699234008789
662;0.0039559053257107735;0.9090909361839294
663;0.004032691940665245;0.9230769276618958
664;0.004137944430112839;0.881118893623352
665;0.004163098521530628;0.881118893623352
666;0.003887184662744403;0.8951048851013184
667;0.004155893810093403;0.9090909361839294
668;0.003878956427797675;0.9160839319229126
669;0.003905895631760359;0.9090909361839294
670;0.0038766060024499893;0.8951048851013184
671;0.003840743564069271;0.9160839319229126
672;0.0038123989943414927;0.9020978808403015
673;0.004117672331631184;0.9090909361839294
674;0.004064966458827257;0.9230769276618958
675;0.004228987265378237;0.881118893623352
676;0.004022842738777399;0.8951048851013184
677;0.0043484000489115715;0.8881118893623352
678;0.004530860111117363;0.867132842540741
679;0.005873686168342829;0.8741258978843689
680;0.004485975950956345;0.8881118893623352
681;0.004425989463925362;0.9020978808403015
682;0.004414510913193226;0.8951048851013184
683;0.004662429913878441;0.9230769276618958
684;0.004907832480967045;0.8741258978843689
685;0.004448625259101391;0.9090909361839294
686;0.00444302661344409;0.9230769276618958
687;0.00461584934964776;0.9300699234008789
688;0.004827718250453472;0.881118893623352
689;0.004174439236521721;0.9090909361839294
690;0.0040619103237986565;0.9300699234008789
691;0.004298356827348471;0.9090909361839294
692;0.00431456882506609;0.8881118893623352
693;0.0043390896171331406;0.9370629191398621
694;0.00453347759321332;0.8741258978843689
695;0.00433625653386116;0.867132842540741
696;0.004084101412445307;0.9300699234008789
697;0.004181834869086742;0.9020978808403015
698;0.004187471698969603;0.9160839319229126
699;0.0040375725366175175;0.8951048851013184
700;0.0041741481982171535;0.8741258978843689
701;0.0037877708673477173;0.8881118893623352
702;0.003723123110830784;0.9370629191398621
703;0.003929977770894766;0.9370629191398621
704;0.00380135141313076;0.9440559148788452
705;0.0041091362945735455;0.9020978808403015
706;0.004252025857567787;0.9020978808403015
707;0.0041647194884717464;0.8881118893623352
708;0.0038617178797721863;0.9300699234008789
709;0.003877402516081929;0.8881118893623352
710;0.0038601700216531754;0.9440559148788452
711;0.003928361460566521;0.9020978808403015
712;0.003660717513412237;0.9300699234008789
713;0.0037698163650929928;0.9020978808403015
714;0.003767564659938216;0.8951048851013184
715;0.0038189603947103024;0.8881118893623352
716;0.0037416755221784115;0.9090909361839294
717;0.003704988630488515;0.9300699234008789
718;0.003651347476989031;0.9510489702224731
719;0.0038218882400542498;0.9230769276618958
720;0.003873246954753995;0.9090909361839294
721;0.003855448681861162;0.8951048851013184
722;0.003942534327507019;0.8881118893623352
723;0.003774687647819519;0.9090909361839294
724;0.004055453930050135;0.9020978808403015
725;0.0038927877321839333;0.9300699234008789
726;0.003926651086658239;0.9090909361839294
727;0.003724826266989112;0.9020978808403015
728;0.0038967689033597708;0.8951048851013184
729;0.003807978006079793;0.9230769276618958
730;0.003746311878785491;0.9370629191398621
731;0.003911982756108046;0.9090909361839294
732;0.0037542858626693487;0.9230769276618958
733;0.0038665414322167635;0.9090909361839294
734;0.0037986107636243105;0.9020978808403015
735;0.003769806120544672;0.9300699234008789
736;0.003995924722403288;0.9370629191398621
737;0.0035505276173353195;0.9230769276618958
738;0.004092116840183735;0.9090909361839294
739;0.003783969907090068;0.9160839319229126
740;0.003914990462362766;0.9020978808403015
741;0.0036999413277953863;0.9230769276618958
742;0.003999944776296616;0.9440559148788452
743;0.003871820168569684;0.8951048851013184
744;0.0036568937357515097;0.9020978808403015
745;0.0040528541430830956;0.881118893623352
746;0.0035006687976419926;0.9370629191398621
747;0.0035911845043301582;0.9370629191398621
748;0.0038177857641130686;0.9160839319229126
749;0.0037784383166581392;0.9510489702224731
750;0.0036354074254631996;0.9160839319229126
751;0.0036964910104870796;0.9230769276618958
752;0.003647412406280637;0.9230769276618958
753;0.003741736989468336;0.9020978808403015
754;0.0035907041747123003;0.9440559148788452
755;0.0035458921920508146;0.9160839319229126
756;0.003681276459246874;0.9090909361839294
757;0.0034902773331850767;0.9370629191398621
758;0.0037020042072981596;0.9230769276618958
759;0.0037305443547666073;0.9090909361839294
760;0.003355679102241993;0.9300699234008789
761;0.0034456292632967234;0.9650349617004395
762;0.0035370595287531614;0.9160839319229126
763;0.0033786436542868614;0.9300699234008789
764;0.0036717320326715708;0.9090909361839294
765;0.0034865839406847954;0.9230769276618958
766;0.003931751940399408;0.867132842540741
767;0.003626186866313219;0.9440559148788452
768;0.003916687797755003;0.9370629191398621
769;0.0036002309061586857;0.9510489702224731
770;0.003721785731613636;0.9440559148788452
771;0.003508047666400671;0.9300699234008789
772;0.003525329288095236;0.9440559148788452
773;0.0035287269856780767;0.9160839319229126
774;0.0034169345162808895;0.9370629191398621
775;0.0035333153791725636;0.9510489702224731
776;0.0034548842813819647;0.9440559148788452
777;0.0034294850192964077;0.9160839319229126
778;0.003525750944390893;0.9230769276618958
779;0.0034990147687494755;0.9370629191398621
780;0.0034506144002079964;0.9160839319229126
781;0.003423810936510563;0.9370629191398621
782;0.003458079881966114;0.9510489702224731
783;0.0034628852736204863;0.9300699234008789
784;0.0036142810713499784;0.9160839319229126
785;0.0034764111042022705;0.9020978808403015
786;0.0035153210628777742;0.9230769276618958
787;0.0032984500285238028;0.9440559148788452
788;0.0036356323398649693;0.9160839319229126
789;0.003788107307627797;0.9230769276618958
790;0.0032608029432594776;0.9300699234008789
791;0.0035855965688824654;0.9440559148788452
792;0.0035048709250986576;0.9160839319229126
793;0.0034888044465333223;0.9300699234008789
794;0.003377833403646946;0.9370629191398621
795;0.00335018546320498;0.9230769276618958
796;0.003638745518401265;0.9160839319229126
797;0.0036284602247178555;0.9160839319229126
798;0.0033912502694875;0.9300699234008789
799;0.0033738035708665848;0.9580419659614563
800;0.0035979244858026505;0.9370629191398621
801;0.003299357835203409;0.9160839319229126
802;0.0032307705841958523;0.9370629191398621
803;0.00344944023527205;0.9510489702224731
804;0.003329118713736534;0.9020978808403015
805;0.0033030144404619932;0.9370629191398621
806;0.003384639276191592;0.9300699234008789
807;0.003358402755111456;0.9440559148788452
808;0.0035011051222682;0.9230769276618958
809;0.0033567864447832108;0.9440559148788452
810;0.0031612783204764128;0.9160839319229126
811;0.0035685100592672825;0.9370629191398621
812;0.0031555742025375366;0.9440559148788452
813;0.003467685543000698;0.9230769276618958
814;0.003441451583057642;0.8951048851013184
815;0.0034698601812124252;0.9160839319229126
816;0.003400375135242939;0.9090909361839294
817;0.0031162723898887634;0.9370629191398621
818;0.0034023982007056475;0.9160839319229126
819;0.0031569390557706356;0.9370629191398621
820;0.003211435629054904;0.9510489702224731
821;0.003421756438910961;0.9300699234008789
822;0.003774902317672968;0.9510489702224731
823;0.003324743825942278;0.9230769276618958
824;0.003357204142957926;0.9300699234008789
825;0.00324252643622458;0.9370629191398621
826;0.003356841392815113;0.9230769276618958
827;0.0034484572242945433;0.8951048851013184
828;0.0033320272341370583;0.9090909361839294
829;0.003261776641011238;0.9440559148788452
830;0.0034459682647138834;0.9440559148788452
831;0.0034256172366440296;0.9300699234008789
832;0.0033627611119300127;0.9230769276618958
833;0.0033608796074986458;0.9300699234008789
834;0.0030821627005934715;0.9650349617004395
835;0.003102584509178996;0.9160839319229126
836;0.003123456845059991;0.9160839319229126
837;0.0032876241020858288;0.9300699234008789
838;0.003173127770423889;0.9300699234008789
839;0.003122841939330101;0.9510489702224731
840;0.003142670029774308;0.9300699234008789
841;0.0034283590503036976;0.9300699234008789
842;0.003301643766462803;0.9230769276618958
843;0.003176770405843854;0.9440559148788452
844;0.00319099728949368;0.9440559148788452
845;0.0031178442295640707;0.9370629191398621
846;0.0032630073837935925;0.9370629191398621
847;0.0034139547497034073;0.8881118893623352
848;0.003289739601314068;0.9300699234008789
849;0.0030111316591501236;0.9230769276618958
850;0.003207070752978325;0.9160839319229126
851;0.003239966230466962;0.9300699234008789
852;0.003332587191835046;0.9160839319229126
853;0.003154880367219448;0.9090909361839294
854;0.0032409655395895243;0.9160839319229126
855;0.003236347809433937;0.9300699234008789
856;0.003276553936302662;0.9440559148788452
857;0.0032045147381722927;0.9580419659614563
858;0.0030055108945816755;0.9300699234008789
859;0.0033305007964372635;0.9230769276618958
860;0.0031907204538583755;0.9370629191398621
861;0.0030066990293562412;0.9370629191398621
862;0.0030868076719343662;0.9370629191398621
863;0.003228589193895459;0.9300699234008789
864;0.0031880554743111134;0.9370629191398621
865;0.003102547023445368;0.9230769276618958
866;0.0033100140281021595;0.8951048851013184
867;0.003532600123435259;0.9090909361839294
868;0.0031928408425301313;0.9370629191398621
869;0.0035600450355559587;0.9090909361839294
870;0.003379295114427805;0.9090909361839294
871;0.003389855846762657;0.9300699234008789
872;0.003624871140345931;0.9090909361839294
873;0.002956679090857506;0.9440559148788452
874;0.003388690995052457;0.9370629191398621
875;0.003468441776931286;0.9230769276618958
876;0.0031436774879693985;0.9650349617004395
877;0.0033571957610547543;0.9160839319229126
878;0.00327800284139812;0.9300699234008789
879;0.0032231390941888094;0.9300699234008789
880;0.0030583622865378857;0.9090909361839294
881;0.003202013671398163;0.9230769276618958
882;0.0033806683495640755;0.9230769276618958
883;0.0033332472667098045;0.9230769276618958
884;0.0029993129428476095;0.9370629191398621
885;0.003933833446353674;0.881118893623352
886;0.003196385456249118;0.9160839319229126
887;0.0030814046040177345;0.9370629191398621
888;0.003355542430654168;0.9370629191398621
889;0.0032724556513130665;0.9090909361839294
890;0.003183679888024926;0.9440559148788452
891;0.0031940615735948086;0.9440559148788452
892;0.0033254462759941816;0.9300699234008789
893;0.003176463767886162;0.9160839319229126
894;0.0033448541071265936;0.9230769276618958
895;0.003236255142837763;0.9440559148788452
896;0.0035004925448447466;0.9160839319229126
897;0.0031446758657693863;0.9300699234008789
898;0.0030826551374047995;0.8881118893623352
899;0.003082019044086337;0.9370629191398621
900;0.0032189490739256144;0.9440559148788452
901;0.0029937801882624626;0.9580419659614563
902;0.003202111227437854;0.9440559148788452
903;0.0030402285046875477;0.9440559148788452
904;0.0033155172131955624;0.9650349617004395
905;0.0032777399756014347;0.9580419659614563
906;0.003052525222301483;0.9580419659614563
907;0.003305363468825817;0.9090909361839294
908;0.003140909131616354;0.9300699234008789
909;0.0030690236017107964;0.9090909361839294
910;0.003218855941668153;0.9090909361839294
911;0.0031941861379891634;0.9230769276618958
912;0.003071692306548357;0.9510489702224731
913;0.002944991923868656;0.9230769276618958
914;0.002859628526493907;0.9510489702224731
915;0.003358337329700589;0.9160839319229126
916;0.0032102195546031;0.9090909361839294
917;0.003216687124222517;0.9160839319229126
918;0.0032580283004790545;0.9230769276618958
919;0.0032134184148162603;0.9440559148788452
920;0.0031278938986361027;0.9160839319229126
921;0.0030348270665854216;0.9300699234008789
922;0.0029221908189356327;0.9440559148788452
923;0.00290072918869555;0.9580419659614563
924;0.003234751522541046;0.9370629191398621
925;0.002996403956785798;0.9230769276618958
926;0.003011461114510894;0.9440559148788452
927;0.0034399030264467;0.9370629191398621
928;0.0031977638136595488;0.9510489702224731
929;0.003031976753845811;0.9370629191398621
930;0.003013229463249445;0.9300699234008789
931;0.003051022533327341;0.9090909361839294
932;0.0031690956093370914;0.9090909361839294
933;0.0029866450931876898;0.9440559148788452
934;0.0029657890554517508;0.9370629191398621
935;0.0029146012384444475;0.9300699234008789
936;0.0030692077707499266;0.9230769276618958
937;0.003043469740077853;0.9300699234008789
938;0.003165790345519781;0.9090909361839294
939;0.0030463605653494596;0.9230769276618958
940;0.0029643666930496693;0.9090909361839294
941;0.0029523461125791073;0.9370629191398621
942;0.0027824961580336094;0.9370629191398621
943;0.0028838447760790586;0.9370629191398621
944;0.003313557244837284;0.9370629191398621
945;0.002883082954213023;0.9230769276618958
946;0.0033107444178313017;0.9300699234008789
947;0.0028874222189188004;0.9580419659614563
948;0.002926874440163374;0.9370629191398621
949;0.0033178753219544888;0.9230769276618958
950;0.002969557885080576;0.9300699234008789
951;0.003520644037052989;0.9020978808403015
952;0.003299508010968566;0.9440559148788452
953;0.0034697058144956827;0.9440559148788452
954;0.0028745108284056187;0.9440559148788452
955;0.003924837335944176;0.9020978808403015
956;0.0032893954776227474;0.9370629191398621
957;0.002922787331044674;0.9580419659614563
958;0.00343033648096025;0.9440559148788452
959;0.0035924408584833145;0.9440559148788452
960;0.0030234719160944223;0.9160839319229126
961;0.003051387146115303;0.9230769276618958
962;0.0033996449783444405;0.9230769276618958
963;0.0031723803840577602;0.9160839319229126
964;0.003145432099699974;0.9510489702224731
965;0.0030208034440875053;0.9370629191398621
966;0.0032683825120329857;0.9370629191398621
967;0.0030330955050885677;0.9230769276618958
968;0.003020224627107382;0.9230769276618958
969;0.003133228747174144;0.9370629191398621
970;0.003026684746146202;0.9090909361839294
971;0.00293574552051723;0.9650349617004395
972;0.003106861375272274;0.9300699234008789
973;0.00290793739259243;0.9370629191398621
974;0.0027791180182248354;0.9720279574394226
975;0.0031087922398000956;0.9230769276618958
976;0.0034757067915052176;0.8881118893623352
977;0.0029133895877748728;0.9370629191398621
978;0.004486007150262594;0.881118893623352
979;0.0033446489833295345;0.9020978808403015
980;0.003226637840270996;0.9510489702224731
981;0.00401990907266736;0.867132842540741
982;0.0036132140085101128;0.8881118893623352
983;0.0032439781352877617;0.9160839319229126
984;0.003261937526986003;0.9370629191398621
985;0.0035925335250794888;0.9160839319229126
986;0.0032840468920767307;0.8951048851013184
987;0.0034864959307014942;0.9090909361839294
988;0.003191922791302204;0.9370629191398621
989;0.0036712680011987686;0.9440559148788452
990;0.0038920945953577757;0.9230769276618958
991;0.003004727652296424;0.9160839319229126
992;0.00338377570733428;0.9370629191398621
993;0.003984503913670778;0.9020978808403015
994;0.003820484271273017;0.9020978808403015
995;0.0032709965016692877;0.9510489702224731
996;0.003290805732831359;0.9230769276618958
997;0.003479390637949109;0.9300699234008789
998;0.004002634435892105;0.8881118893623352
999;0.0031533304136246443;0.8881118893623352
1000;0.003116339212283492;0.9160839319229126
1001;0.003204528708010912;0.9300699234008789
1002;0.0034605644177645445;0.9300699234008789
1003;0.0030790481250733137;0.9160839319229126
1004;0.0029720263555645943;0.9370629191398621
1005;0.0030365576967597008;0.9370629191398621
1006;0.003464038949459791;0.9090909361839294
1007;0.003439423395320773;0.9160839319229126
1008;0.0031817196868360043;0.9440559148788452
1009;0.003053118009120226;0.9510489702224731
1010;0.0029998591635376215;0.9370629191398621
1011;0.0028990369755774736;0.9300699234008789
1012;0.003165710251778364;0.9090909361839294
1013;0.003003930440172553;0.9370629191398621
1014;0.0030375232454389334;0.9440559148788452
1015;0.003016476519405842;0.9300699234008789
1016;0.002750200917944312;0.9650349617004395
1017;0.0026867585256695747;0.9440559148788452
1018;0.0029034828767180443;0.9370629191398621
1019;0.0029512178152799606;0.9510489702224731
1020;0.002819248242303729;0.9510489702224731
1021;0.002992119174450636;0.9370629191398621
1022;0.002759768394753337;0.9370629191398621
1023;0.003008895553648472;0.9370629191398621
1024;0.003077906323596835;0.9230769276618958
1025;0.0029660193249583244;0.9160839319229126
1026;0.00289094727486372;0.9160839319229126
1027;0.0027936501428484917;0.9440559148788452
1028;0.0029708310030400753;0.9370629191398621
1029;0.0029274611733853817;0.8951048851013184
1030;0.0027332575991749763;0.9230769276618958
1031;0.0026803407818078995;0.9580419659614563
1032;0.002908904803916812;0.9440559148788452
1033;0.0028865644708275795;0.9580419659614563
1034;0.0028372055385261774;0.9440559148788452
1035;0.002790160709992051;0.9160839319229126
1036;0.0030559932347387075;0.9090909361839294
1037;0.0028901826590299606;0.9370629191398621
1038;0.002727158134803176;0.9510489702224731
1039;0.002687622793018818;0.9370629191398621
1040;0.0029337056912481785;0.9300699234008789
1041;0.002715286798775196;0.9370629191398621
1042;0.0028340155258774757;0.9020978808403015
1043;0.002819503890350461;0.9160839319229126
1044;0.0028153182938694954;0.9020978808403015
1045;0.002735297428444028;0.9300699234008789
1046;0.002742910757660866;0.9230769276618958
1047;0.0026778944302350283;0.9090909361839294
1048;0.0026564619038254023;0.9440559148788452
1049;0.0027127088978886604;0.9440559148788452
1050;0.0028343629091978073;0.9300699234008789
1051;0.0026191368233412504;0.9580419659614563
1052;0.002767653204500675;0.9160839319229126
1053;0.0026171403005719185;0.9510489702224731
1054;0.002781621180474758;0.9440559148788452
1055;0.002865274902433157;0.9230769276618958
1056;0.0028109210543334484;0.9160839319229126
1057;0.002638576552271843;0.9230769276618958
1058;0.0027332529425621033;0.9370629191398621
1059;0.0028006108477711678;0.9370629191398621
1060;0.0028618094511330128;0.9440559148788452
1061;0.002757231006398797;0.9370629191398621
1062;0.0028658744413405657;0.9300699234008789
1063;0.0026131393387913704;0.9370629191398621
1064;0.002752793487161398;0.9230769276618958
1065;0.002791563980281353;0.9160839319229126
1066;0.0027756905183196068;0.9440559148788452
1067;0.0026689195074141026;0.9510489702224731
1068;0.00268346955999732;0.9720279574394226
1069;0.0026727288495749235;0.9300699234008789
1070;0.0028636318165808916;0.9300699234008789
1071;0.0028234021738171577;0.9090909361839294
1072;0.002623124048113823;0.9440559148788452
1073;0.0025853412225842476;0.9300699234008789
1074;0.0026456289924681187;0.9440559148788452
1075;0.0026997870299965143;0.9300699234008789
1076;0.00268614012748003;0.9300699234008789
1077;0.00278148939833045;0.9090909361839294
1078;0.0026023995596915483;0.9160839319229126
1079;0.002669768873602152;0.9370629191398621
1080;0.002718917094171047;0.9370629191398621
1081;0.002698424970731139;0.9580419659614563
1082;0.0026023313403129578;0.9440559148788452
1083;0.002853558398783207;0.9230769276618958
1084;0.0026776245795190334;0.9370629191398621
1085;0.0027537187561392784;0.9300699234008789
1086;0.002801889553666115;0.9440559148788452
1087;0.00275094504468143;0.9090909361839294
1088;0.002954572206363082;0.9370629191398621
1089;0.0030186697840690613;0.9300699234008789
1090;0.002879807958379388;0.9510489702224731
1091;0.0034665295388549566;0.9300699234008789
1092;0.0034076531883329153;0.9300699234008789
1093;0.0026852162554860115;0.9650349617004395
1094;0.0028675890062004328;0.9440559148788452
1095;0.0032273330725729465;0.9230769276618958
1096;0.0035240096040070057;0.9370629191398621
1097;0.003143558744341135;0.9510489702224731
1098;0.004242417868226767;0.8741258978843689
1099;0.0034097516909241676;0.9440559148788452
1100;0.0033649825491011143;0.9090909361839294
1101;0.0037003960460424423;0.9440559148788452
1102;0.004117111675441265;0.8951048851013184
1103;0.0034266940783709288;0.9510489702224731
1104;0.003576138289645314;0.9230769276618958
1105;0.004664907697588205;0.8881118893623352
1106;0.004079877864569426;0.8951048851013184
1107;0.003668495686724782;0.9230769276618958
1108;0.0035940182860940695;0.9160839319229126
1109;0.0034897776786237955;0.9160839319229126
1110;0.0037111935671418905;0.9160839319229126
1111;0.004002617206424475;0.9440559148788452
1112;0.003278477815911174;0.9370629191398621
1113;0.0032619473058730364;0.9160839319229126
1114;0.003752855584025383;0.9230769276618958
1115;0.0033767682034522295;0.9230769276618958
1116;0.003432217286899686;0.9300699234008789
1117;0.0036382123362272978;0.9370629191398621
1118;0.0030781468376517296;0.9300699234008789
1119;0.003206250723451376;0.9230769276618958
1120;0.00299662072211504;0.9020978808403015
1121;0.0031840973533689976;0.9230769276618958
1122;0.0031103179790079594;0.9090909361839294
1123;0.0029576774686574936;0.9370629191398621
1124;0.003065530676394701;0.9160839319229126
1125;0.0031132176518440247;0.9230769276618958
1126;0.0026731914840638638;0.9510489702224731
1127;0.0030097635462880135;0.9300699234008789
1128;0.0030515240505337715;0.9300699234008789
1129;0.0029449088033288717;0.9160839319229126
1130;0.002956234849989414;0.9440559148788452
1131;0.0027414143551141024;0.9230769276618958
1132;0.002775740809738636;0.9370629191398621
1133;0.0027376925572752953;0.9370629191398621
1134;0.0027057845145463943;0.9230769276618958
1135;0.002853147918358445;0.9440559148788452
1136;0.002574268961325288;0.9790209531784058
1137;0.0027293788734823465;0.9160839319229126
1138;0.0028041047044098377;0.9230769276618958
1139;0.0028334700036793947;0.9020978808403015
1140;0.002741047414019704;0.9090909361839294
1141;0.002629925962537527;0.9230769276618958
1142;0.002899778075516224;0.9020978808403015
1143;0.0026225775945931673;0.9300699234008789
1144;0.0026314430870115757;0.9580419659614563
1145;0.002834463957697153;0.9230769276618958
1146;0.0026901194360107183;0.9370629191398621
1147;0.0026974561624228954;0.9090909361839294
1148;0.0027003891300410032;0.9300699234008789
1149;0.002580758649855852;0.9440559148788452
1150;0.00262540765106678;0.9370629191398621
1151;0.0027299632783979177;0.9300699234008789
1152;0.0027151235844939947;0.9160839319229126
1153;0.0026526963338255882;0.9370629191398621
1154;0.0025839388836175203;0.9580419659614563
1155;0.0025627303402870893;0.9510489702224731
1156;0.0025028844829648733;0.9370629191398621
1157;0.0025781565345823765;0.9300699234008789
1158;0.00277941906824708;0.9090909361839294
1159;0.0026389393024146557;0.9510489702224731
1160;0.002467748476192355;0.9650349617004395
1161;0.0026889804285019636;0.9300699234008789
1162;0.0026164264418184757;0.9580419659614563
1163;0.002602703170850873;0.9580419659614563
1164;0.0026775747537612915;0.9370629191398621
1165;0.0027654150035232306;0.9300699234008789
1166;0.0025463721249252558;0.9370629191398621
1167;0.0025265556760132313;0.9510489702224731
1168;0.0026306496001780033;0.9230769276618958
1169;0.002693001413717866;0.9160839319229126
1170;0.0025977184996008873;0.9230769276618958
1171;0.002601885236799717;0.9720279574394226
1172;0.002548583783209324;0.9230769276618958
1173;0.002673870651051402;0.9440559148788452
1174;0.0025323352310806513;0.9580419659614563
1175;0.0024874035734683275;0.9300699234008789
1176;0.002722639124840498;0.9300699234008789
1177;0.002532950835302472;0.9300699234008789
1178;0.002775577362626791;0.8951048851013184
1179;0.0025953962467610836;0.9230769276618958
1180;0.0024754866026341915;0.9300699234008789
1181;0.0023707496002316475;0.9440559148788452
1182;0.0026094713248312473;0.9230769276618958
1183;0.002716684015467763;0.9090909361839294
1184;0.002358456142246723;0.9510489702224731
1185;0.0025669254828244448;0.9370629191398621
1186;0.0024033160880208015;0.9230769276618958
1187;0.0025867458898574114;0.9230769276618958
1188;0.00251125730574131;0.9160839319229126
1189;0.0026092729531228542;0.9370629191398621
1190;0.0025085124652832747;0.9440559148788452
1191;0.0027352962642908096;0.9300699234008789
1192;0.0025074095465242863;0.9160839319229126
1193;0.002420759527012706;0.9370629191398621
1194;0.0024974974803626537;0.9160839319229126
1195;0.002539890818297863;0.9510489702224731
1196;0.002471764339134097;0.9510489702224731
1197;0.002696783747524023;0.9230769276618958
1198;0.0024923114106059074;0.9370629191398621
1199;0.0025599875953048468;0.9440559148788452
1200;0.002666519023478031;0.9230769276618958
1201;0.0024536761920899153;0.9370629191398621
1202;0.002627547364681959;0.9300699234008789
1203;0.002529215533286333;0.9370629191398621
1204;0.0026893806643784046;0.9230769276618958
1205;0.002406145678833127;0.9370629191398621
1206;0.0025199982337653637;0.9230769276618958
1207;0.0023687337525188923;0.9300699234008789
1208;0.002510319696739316;0.9230769276618958
1209;0.0024573002010583878;0.9580419659614563
1210;0.002477366244420409;0.9370629191398621
1211;0.002618339378386736;0.9300699234008789
1212;0.0025496133603155613;0.9300699234008789
1213;0.0024914077948778868;0.9300699234008789
1214;0.0025706219021230936;0.9230769276618958
1215;0.0025873733684420586;0.9230769276618958
1216;0.00243635312654078;0.9370629191398621
1217;0.002532452344894409;0.9300699234008789
1218;0.0026184951420873404;0.9230769276618958
1219;0.002514804946258664;0.9300699234008789
1220;0.002451557433232665;0.9720279574394226
1221;0.002504387404769659;0.9160839319229126
1222;0.002519862726330757;0.9580419659614563
1223;0.0025719779077917337;0.9370629191398621
1224;0.002584363566711545;0.9090909361839294
1225;0.0024319631047546864;0.9370629191398621
1226;0.002693367889150977;0.9300699234008789
1227;0.002521120710298419;0.9370629191398621
1228;0.00255422480404377;0.9370629191398621
1229;0.0025151032023131847;0.9440559148788452
1230;0.0025391869712620974;0.9370629191398621
1231;0.002518698573112488;0.9440559148788452
1232;0.0024801783729344606;0.9160839319229126
1233;0.002680848352611065;0.9300699234008789
1234;0.002562606241554022;0.9090909361839294
1235;0.0023390355054289103;0.9580419659614563
1236;0.002542187226936221;0.9230769276618958
1237;0.002438706811517477;0.9510489702224731
1238;0.0026776897720992565;0.9090909361839294
1239;0.0024162186309695244;0.9440559148788452
1240;0.0025820594746619463;0.9230769276618958
1241;0.002645730972290039;0.9090909361839294
1242;0.00239143637008965;0.9370629191398621
1243;0.002441250719130039;0.9230769276618958
1244;0.002559543587267399;0.9300699234008789
1245;0.002510826336219907;0.9090909361839294
1246;0.002504208590835333;0.9440559148788452
1247;0.0025457527954131365;0.9720279574394226
1248;0.0027759671211242676;0.9160839319229126
1249;0.0026029206346720457;0.9510489702224731
1250;0.002506323391571641;0.9230769276618958
1251;0.002534876810386777;0.9370629191398621
1252;0.0025701643899083138;0.9090909361839294
1253;0.0025298527907580137;0.9370629191398621
1254;0.00299471290782094;0.9020978808403015
1255;0.0025522513315081596;0.9230769276618958
1256;0.0027229676488786936;0.9230769276618958
1257;0.0027298766653984785;0.9510489702224731
1258;0.0035644308663904667;0.9090909361839294
1259;0.0026601029094308615;0.9160839319229126
1260;0.0024780838284641504;0.9650349617004395
1261;0.003040150972083211;0.9230769276618958
1262;0.0030127272475510836;0.9370629191398621
1263;0.0025851023383438587;0.9580419659614563
1264;0.00465382169932127;0.8881118893623352
1265;0.0026199324056506157;0.9370629191398621
1266;0.0028259563259780407;0.9160839319229126
1267;0.0036003170534968376;0.9230769276618958
1268;0.002610601484775543;0.9440559148788452
1269;0.0031633065082132816;0.8951048851013184
1270;0.0029550183098763227;0.9370629191398621
1271;0.0032754128333181143;0.9300699234008789
1272;0.0029425921384245157;0.9230769276618958
1273;0.0029293380212038755;0.9370629191398621
1274;0.002884812653064728;0.9230769276618958
1275;0.003080477472394705;0.9230769276618958
1276;0.0026894942857325077;0.9370629191398621
1277;0.002720779273658991;0.9160839319229126
1278;0.0027642250061035156;0.9160839319229126
1279;0.0030324163381010294;0.9510489702224731
1280;0.0026611380744725466;0.9160839319229126
1281;0.0026526502333581448;0.9300699234008789
1282;0.0027903192676603794;0.9440559148788452
1283;0.0029593780636787415;0.9300699234008789
1284;0.0027927951887249947;0.9230769276618958
1285;0.0027240475174039602;0.9440559148788452
1286;0.002678511431440711;0.9580419659614563
1287;0.0028373044915497303;0.9370629191398621
1288;0.002698064548894763;0.9650349617004395
1289;0.002652545226737857;0.9440559148788452
1290;0.0025301221758127213;0.9300699234008789
1291;0.0025052702985703945;0.9440559148788452
1292;0.002515047788619995;0.9300699234008789
1293;0.002704356564208865;0.9510489702224731
1294;0.002676653675734997;0.8951048851013184
1295;0.002606892492622137;0.9440559148788452
1296;0.002566610462963581;0.9160839319229126
1297;0.0024130388628691435;0.9580419659614563
1298;0.0025827898643910885;0.9160839319229126
1299;0.0025832790415734053;0.9440559148788452
1300;0.0026729980017989874;0.9160839319229126
1301;0.0024191089905798435;0.9440559148788452
1302;0.0024834778159856796;0.9160839319229126
1303;0.0025732340291142464;0.9160839319229126
1304;0.002498181536793709;0.9020978808403015
1305;0.0025216476060450077;0.9440559148788452
1306;0.0025004534982144833;0.9300699234008789
1307;0.0024532321840524673;0.9300699234008789
1308;0.0024741878733038902;0.9230769276618958
1309;0.0025427022483199835;0.9510489702224731
1310;0.0025003571063280106;0.9370629191398621
1311;0.0024035575333982706;0.9370629191398621
1312;0.00248760380782187;0.9440559148788452
1313;0.002449633553624153;0.9440559148788452
1314;0.0025067555252462626;0.9160839319229126
1315;0.0024696839973330498;0.9300699234008789
1316;0.0025499097537249327;0.9020978808403015
1317;0.0024183085188269615;0.9650349617004395
1318;0.002449522726237774;0.9510489702224731
1319;0.0024875986855477095;0.9440559148788452
1320;0.0024831565096974373;0.9230769276618958
1321;0.0024373794440180063;0.9160839319229126
1322;0.002312391996383667;0.9580419659614563
1323;0.0024585817009210587;0.9230769276618958
1324;0.002478871261700988;0.9440559148788452
1325;0.002451208420097828;0.9440559148788452
1326;0.0024840193800628185;0.9300699234008789
1327;0.00241358345374465;0.9510489702224731
1328;0.002497324487194419;0.9160839319229126
1329;0.0024050376377999783;0.9370629191398621
1330;0.0024780132807791233;0.9370629191398621
1331;0.002424841281026602;0.9230769276618958
1332;0.002364729531109333;0.9300699234008789
1333;0.002407704247161746;0.9230769276618958
1334;0.002297397470101714;0.9300699234008789
1335;0.002471266081556678;0.9230769276618958
1336;0.0025189355947077274;0.9300699234008789
1337;0.0024097105488181114;0.9230769276618958
1338;0.002411601832136512;0.9230769276618958
1339;0.0023581860587000847;0.9160839319229126
1340;0.002423287136480212;0.8951048851013184
1341;0.002403940772637725;0.9020978808403015
1342;0.0025398344732820988;0.9300699234008789
1343;0.0025880984030663967;0.9090909361839294
1344;0.0023694897536188364;0.9370629191398621
1345;0.0025394761469215155;0.9300699234008789
1346;0.002248246455565095;0.9370629191398621
1347;0.00253335852175951;0.9020978808403015
1348;0.002446385333314538;0.9230769276618958
1349;0.002401170786470175;0.9580419659614563
1350;0.0024990588426589966;0.9440559148788452
1351;0.0023560526315122843;0.9440559148788452
1352;0.002409373875707388;0.9370629191398621
1353;0.0024397580418735743;0.9370629191398621
1354;0.0024880818091332912;0.9090909361839294
1355;0.0023972613271325827;0.9580419659614563
1356;0.002316639758646488;0.9230769276618958
1357;0.0025063243228942156;0.9370629191398621
1358;0.0023641232401132584;0.9300699234008789
1359;0.0025772573426365852;0.9230769276618958
1360;0.002538147382438183;0.9370629191398621
1361;0.002412149216979742;0.9370629191398621
1362;0.0025075641460716724;0.9300699234008789
1363;0.002400691155344248;0.9300699234008789
1364;0.002440201584249735;0.9090909361839294
1365;0.002264175796881318;0.9440559148788452
1366;0.0025824529584497213;0.9370629191398621
1367;0.00250010727904737;0.9440559148788452
1368;0.0023831145372241735;0.9300699234008789
1369;0.002397430595010519;0.9440559148788452
1370;0.0024758365470916033;0.9090909361839294
1371;0.0023301439359784126;0.9300699234008789
1372;0.002356104552745819;0.9440559148788452
1373;0.0023695870768278837;0.9370629191398621
1374;0.0023775650188326836;0.9370629191398621
1375;0.0022475586738437414;0.9650349617004395
1376;0.0023599104024469852;0.9300699234008789
1377;0.0024289838038384914;0.9440559148788452
1378;0.0024075943510979414;0.9230769276618958
1379;0.00247684633359313;0.9440559148788452
1380;0.00233414676040411;0.9230769276618958
1381;0.002530372468754649;0.9090909361839294
1382;0.0024412861093878746;0.9440559148788452
1383;0.00243289559148252;0.9300699234008789
1384;0.0023376045282930136;0.9230769276618958
1385;0.0023559797555208206;0.9300699234008789
1386;0.0023705298081040382;0.9440559148788452
1387;0.002303976798430085;0.9720279574394226
1388;0.0023455554619431496;0.9370629191398621
1389;0.0024191662669181824;0.9160839319229126
1390;0.0021392153576016426;0.9650349617004395
1391;0.0023670585360378027;0.9370629191398621
1392;0.0023225059267133474;0.9440559148788452
1393;0.0025567496195435524;0.9020978808403015
1394;0.0023956233635544777;0.9090909361839294
1395;0.0024379384703934193;0.9160839319229126
1396;0.002368842251598835;0.9230769276618958
1397;0.0022381728049367666;0.9440559148788452
1398;0.0023287313524633646;0.9300699234008789
1399;0.0022211046889424324;0.9790209531784058
1400;0.002204773249104619;0.9440559148788452
1401;0.0022227733861654997;0.9440559148788452
1402;0.002376563847064972;0.9370629191398621
1403;0.0025113350711762905;0.9160839319229126
1404;0.002366989152505994;0.9300699234008789
1405;0.0025268651079386473;0.9300699234008789
1406;0.0023552512284368277;0.9020978808403015
1407;0.002396638272330165;0.9370629191398621
1408;0.0022991059813648462;0.9230769276618958
1409;0.0022408724762499332;0.9650349617004395
1410;0.0023789971601217985;0.9300699234008789
1411;0.0022488690447062254;0.9370629191398621
1412;0.0023894200567156076;0.9090909361839294
1413;0.0022083204239606857;0.9370629191398621
1414;0.0025239023379981518;0.9370629191398621
1415;0.0023679151199758053;0.9160839319229126
1416;0.0022286390885710716;0.9510489702224731
1417;0.002477297093719244;0.9230769276618958
1418;0.0023987246677279472;0.9090909361839294
1419;0.0022945108357816935;0.9440559148788452
1420;0.0023151373025029898;0.9440559148788452
1421;0.0023281853646039963;0.9510489702224731
1422;0.002235621912404895;0.9440559148788452
1423;0.0022756268735975027;0.9230769276618958
1424;0.0023528439924120903;0.9440559148788452
1425;0.002291694050654769;0.9440559148788452
1426;0.0022816609125584364;0.9440559148788452
1427;0.0023427933920174837;0.9230769276618958
1428;0.002239939058199525;0.9580419659614563
1429;0.0025989441201090813;0.9300699234008789
1430;0.0024755834601819515;0.9090909361839294
1431;0.0023112634662538767;0.9160839319229126
1432;0.00220861891284585;0.9160839319229126
1433;0.002504724310711026;0.9230769276618958
1434;0.002278165426105261;0.9580419659614563
1435;0.0023154253140091896;0.9230769276618958
1436;0.002361655468121171;0.9230769276618958
1437;0.0023049246519804;0.9580419659614563
1438;0.0022976119071245193;0.9230769276618958
1439;0.002304236637428403;0.9440559148788452
1440;0.0022349609062075615;0.9580419659614563
1441;0.0022676577791571617;0.9160839319229126
1442;0.002418369287624955;0.9090909361839294
1443;0.0023587190080434084;0.9230769276618958
1444;0.0022738345433026552;0.9370629191398621
1445;0.0023083407431840897;0.9230769276618958
1446;0.002363376086577773;0.9230769276618958
1447;0.0023081540130078793;0.9300699234008789
1448;0.002229166915640235;0.9370629191398621
1449;0.0024337631184607744;0.9300699234008789
1450;0.0023152490612119436;0.9230769276618958
1451;0.0023069321177899837;0.9580419659614563
1452;0.002333851996809244;0.9300699234008789
1453;0.002179752103984356;0.9580419659614563
1454;0.0023294982966035604;0.9370629191398621
1455;0.002512658014893532;0.9160839319229126
1456;0.0022599748335778713;0.9230769276618958
1457;0.0022876248694956303;0.9510489702224731
1458;0.002491232007741928;0.9370629191398621
1459;0.00226552109234035;0.9580419659614563
1460;0.0022978379856795073;0.9510489702224731
1461;0.002317177364602685;0.9370629191398621
1462;0.0023511219769716263;0.9230769276618958
1463;0.0023083172272890806;0.9440559148788452
1464;0.0022954209707677364;0.9510489702224731
1465;0.0023059879895299673;0.9230769276618958
1466;0.0023768434766680002;0.9370629191398621
1467;0.0022169791627675295;0.9440559148788452
1468;0.0023915208876132965;0.9300699234008789
1469;0.0022955741733312607;0.9370629191398621
1470;0.002271120436489582;0.9090909361839294
1471;0.0023884205147624016;0.9230769276618958
1472;0.0024162735790014267;0.9300699234008789
1473;0.0023862766101956367;0.9300699234008789
1474;0.0022934316657483578;0.9370629191398621
1475;0.002361576771363616;0.9370629191398621
1476;0.002392824739217758;0.9160839319229126
1477;0.0023944322019815445;0.9230769276618958
1478;0.0021462501026690006;0.9580419659614563
1479;0.002251621102914214;0.9580419659614563
1480;0.0023190740030258894;0.9440559148788452
1481;0.0023891646414995193;0.9230769276618958
1482;0.0023086590226739645;0.9020978808403015
1483;0.002437754301354289;0.8951048851013184
1484;0.002278428291901946;0.9370629191398621
1485;0.002272609854117036;0.9440559148788452
1486;0.0022522564977407455;0.9370629191398621
1487;0.002241590991616249;0.9370629191398621
1488;0.0021595086436718702;0.9370629191398621
1489;0.002456214977428317;0.8951048851013184
1490;0.0022315294481813908;0.9650349617004395
1491;0.002375252079218626;0.9440559148788452
1492;0.0022922807838767767;0.9370629191398621
1493;0.0022739190608263016;0.9650349617004395
1494;0.002406578278169036;0.9230769276618958
1495;0.0022318821866065264;0.9230769276618958
1496;0.002321795793250203;0.9300699234008789
1497;0.0022423025220632553;0.9020978808403015
1498;0.0021375915966928005;0.9580419659614563
1499;0.0023563916329294443;0.9160839319229126
