iteration;loss;accuracy
0;0.01765432208776474;0.0699300691485405
1;0.01664787158370018;0.0699300691485405
2;0.016781076788902283;0.04895104840397835
3;0.01691083237528801;0.0699300691485405
4;0.016782468184828758;0.0559440553188324
5;0.016555361449718475;0.0839160829782486
6;0.01652393862605095;0.0699300691485405
7;0.016442177817225456;0.11888112127780914
8;0.01648002304136753;0.09090909361839294
9;0.01651673950254917;0.1118881106376648
10;0.01645680144429207;0.0979020968079567
11;0.016437072306871414;0.09090909361839294
12;0.016371365636587143;0.0839160829782486
13;0.01625426672399044;0.14685314893722534
14;0.01621708646416664;0.10489510744810104
15;0.016131173819303513;0.10489510744810104
16;0.016225000843405724;0.1118881106376648
17;0.016036944463849068;0.1538461595773697
18;0.016098644584417343;0.0839160829782486
19;0.016058649867773056;0.11888112127780914
20;0.016035938635468483;0.13286712765693665
21;0.015927845612168312;0.1118881106376648
22;0.01586110144853592;0.1258741319179535
23;0.015913106501102448;0.1258741319179535
24;0.01584561914205551;0.14685314893722534
25;0.015733692795038223;0.1678321659564972
26;0.015681330114603043;0.1538461595773697
27;0.015697475522756577;0.21678321063518524
28;0.0157355684787035;0.1258741319179535
29;0.01567291095852852;0.16083915531635284
30;0.015660475939512253;0.14685314893722534
31;0.015624835155904293;0.14685314893722534
32;0.015548348426818848;0.139860138297081
33;0.015575681813061237;0.139860138297081
34;0.015501724556088448;0.2097902148962021
35;0.015449203550815582;0.13286712765693665
36;0.015474106185138226;0.1538461595773697
37;0.015570256859064102;0.1818181872367859
38;0.015391574241220951;0.17482517659664154
39;0.015340961515903473;0.2097902148962021
40;0.015418137423694134;0.2097902148962021
41;0.015413543209433556;0.1818181872367859
42;0.015338451601564884;0.1678321659564972
43;0.015307583846151829;0.21678321063518524
44;0.015232156962156296;0.23076923191547394
45;0.01516779139637947;0.30069929361343384
46;0.015385284088551998;0.14685314893722534
47;0.01528743002563715;0.23076923191547394
48;0.015141882002353668;0.2377622425556183
49;0.015093115158379078;0.20279720425605774
50;0.015054669231176376;0.20279720425605774
51;0.015055503696203232;0.23076923191547394
52;0.015075897797942162;0.18881118297576904
53;0.014926457777619362;0.24475523829460144
54;0.014885053969919682;0.2657342553138733
55;0.0149567611515522;0.25874125957489014
56;0.014907239936292171;0.2657342553138733
57;0.014805197715759277;0.2657342553138733
58;0.014855874702334404;0.27272728085517883
59;0.014791449531912804;0.27272728085517883
60;0.014734560623764992;0.27272728085517883
61;0.01492064818739891;0.251748263835907
62;0.014622267335653305;0.30069929361343384
63;0.014881820417940617;0.20279720425605774
64;0.014747519046068192;0.25874125957489014
65;0.014620209112763405;0.25874125957489014
66;0.014476006850600243;0.31468531489372253
67;0.014668209478259087;0.28671327233314514
68;0.014451039023697376;0.3076923191547394
69;0.014426308684051037;0.3216783106327057
70;0.014599905349314213;0.279720276594162
71;0.014409106224775314;0.2657342553138733
72;0.014703234657645226;0.2377622425556183
73;0.01459675282239914;0.251748263835907
74;0.014465758576989174;0.31468531489372253
75;0.014588684774935246;0.25874125957489014
76;0.014402168802917004;0.28671327233314514
77;0.014312117360532284;0.3216783106327057
78;0.01418396271765232;0.3496503531932831
79;0.014515970833599567;0.279720276594162
80;0.014465362764894962;0.28671327233314514
81;0.01433049887418747;0.2657342553138733
82;0.01436402928084135;0.279720276594162
83;0.014343274757266045;0.3426573574542999
84;0.014249546453356743;0.3076923191547394
85;0.014177012257277966;0.35664334893226624
86;0.014281414449214935;0.3216783106327057
87;0.014107869938015938;0.3216783106327057
88;0.01417956966906786;0.38461539149284363
89;0.014123592525720596;0.3426573574542999
90;0.014043038710951805;0.3356643319129944
91;0.014147454872727394;0.3426573574542999
92;0.014005427248775959;0.35664334893226624
93;0.013946247287094593;0.3776223659515381
94;0.014033470302820206;0.3776223659515381
95;0.013955378904938698;0.35664334893226624
96;0.01372697576880455;0.3986014127731323
97;0.0140305794775486;0.37062937021255493
98;0.013978960923850536;0.37062937021255493
99;0.0137689970433712;0.38461539149284363
100;0.013849887065589428;0.37062937021255493
101;0.013789096847176552;0.3916083872318268
102;0.014079088345170021;0.3356643319129944
103;0.013620599173009396;0.4615384638309479
104;0.013692234642803669;0.4335664212703705
105;0.013723518699407578;0.3776223659515381
106;0.013612446375191212;0.440559446811676
107;0.013837295584380627;0.38461539149284363
108;0.013597181998193264;0.42657342553138733
109;0.013740867376327515;0.4055944085121155
110;0.013559853658080101;0.4195804297924042
111;0.013832824304699898;0.38461539149284363
112;0.01346140168607235;0.41258740425109863
113;0.013539752922952175;0.4825174808502197
114;0.013556897640228271;0.4195804297924042
115;0.013474433682858944;0.4475524425506592
116;0.013570052571594715;0.3986014127731323
117;0.013283904641866684;0.3776223659515381
118;0.013469228520989418;0.4335664212703705
119;0.013702300377190113;0.41258740425109863
120;0.013490783981978893;0.3986014127731323
121;0.013399308547377586;0.4615384638309479
122;0.013337341137230396;0.42657342553138733
123;0.0133140180259943;0.3986014127731323
124;0.013057883828878403;0.4475524425506592
125;0.01330824475735426;0.4195804297924042
126;0.013267620466649532;0.4545454680919647
127;0.01319452840834856;0.4335664212703705
128;0.012978000566363335;0.4755244851112366
129;0.013059962540864944;0.4755244851112366
130;0.013086644001305103;0.440559446811676
131;0.013156076893210411;0.4755244851112366
132;0.012888526543974876;0.46853145956993103
133;0.013119145296514034;0.46853145956993103
134;0.013003485277295113;0.440559446811676
135;0.013006921857595444;0.440559446811676
136;0.01285946648567915;0.4615384638309479
137;0.012783417478203773;0.503496527671814
138;0.012931924313306808;0.4615384638309479
139;0.012788171879947186;0.4755244851112366
140;0.012876630760729313;0.4545454680919647
141;0.012641442939639091;0.4965035021305084
142;0.012735079973936081;0.4755244851112366
143;0.01273592934012413;0.503496527671814
144;0.012784412130713463;0.5314685106277466
145;0.012657452374696732;0.503496527671814
146;0.012617919594049454;0.4965035021305084
147;0.012529374100267887;0.5174825191497803
148;0.01248537190258503;0.5174825191497803
149;0.012471592053771019;0.4965035021305084
150;0.012564264237880707;0.4965035021305084
151;0.012339024804532528;0.4895104765892029
152;0.01233853492885828;0.4895104765892029
153;0.012358278036117554;0.503496527671814
154;0.01232081651687622;0.4965035021305084
155;0.01263836957514286;0.4615384638309479
156;0.012376450002193451;0.5524475574493408
157;0.012217633426189423;0.5314685106277466
158;0.012429319322109222;0.5314685106277466
159;0.012147094123065472;0.5104895234107971
160;0.012286427430808544;0.5244755148887634
161;0.012482017278671265;0.5244755148887634
162;0.01221216470003128;0.4895104765892029
163;0.012599606066942215;0.46853145956993103
164;0.011877846904098988;0.5524475574493408
165;0.012033960781991482;0.5174825191497803
166;0.01180063746869564;0.5454545617103577
167;0.01215030625462532;0.4825174808502197
168;0.012248208746314049;0.46853145956993103
169;0.012503930367529392;0.5174825191497803
170;0.012213085778057575;0.5524475574493408
171;0.01192670688033104;0.5384615659713745
172;0.011872384697198868;0.5384615659713745
173;0.011771862395107746;0.5734265446662903
174;0.011858855374157429;0.5944055914878845
175;0.011726864613592625;0.5174825191497803
176;0.011856778524816036;0.503496527671814
177;0.012054838240146637;0.5314685106277466
178;0.011926298961043358;0.5244755148887634
179;0.011602455750107765;0.5734265446662903
180;0.012008916586637497;0.503496527671814
181;0.011841174215078354;0.5804196000099182
182;0.011778954416513443;0.5664335489273071
183;0.011795694008469582;0.5454545617103577
184;0.011744806542992592;0.5874125957489014
185;0.01174414437264204;0.559440553188324
186;0.011643759906291962;0.5874125957489014
187;0.011617425829172134;0.5664335489273071
188;0.01162000373005867;0.5664335489273071
189;0.011326386593282223;0.6153846383094788
190;0.011464004404842854;0.4895104765892029
191;0.011520841158926487;0.5664335489273071
192;0.011242003180086613;0.5944055914878845
193;0.011315002106130123;0.5804196000099182
194;0.011339999735355377;0.5664335489273071
195;0.01120869442820549;0.6223776340484619
196;0.011249929666519165;0.5664335489273071
197;0.011419646441936493;0.6013985872268677
198;0.011092917062342167;0.6013985872268677
199;0.011232521384954453;0.6153846383094788
200;0.011256351135671139;0.6223776340484619
201;0.011430473066866398;0.5524475574493408
202;0.01113978587090969;0.6503496766090393
203;0.011107615195214748;0.5874125957489014
204;0.011204426176846027;0.6363636255264282
205;0.011110750027000904;0.5734265446662903
206;0.011211310513317585;0.6153846383094788
207;0.01122601144015789;0.559440553188324
208;0.011053869500756264;0.6433566212654114
209;0.011024164035916328;0.5454545617103577
210;0.010907645337283611;0.6153846383094788
211;0.010890642181038857;0.5944055914878845
212;0.010883557610213757;0.5874125957489014
213;0.01099345088005066;0.5804196000099182
214;0.010949299670755863;0.6293706297874451
215;0.010885502211749554;0.6013985872268677
216;0.011012489907443523;0.6013985872268677
217;0.011025202460587025;0.5804196000099182
218;0.011038077063858509;0.5874125957489014
219;0.011092917993664742;0.6363636255264282
220;0.010636497288942337;0.6363636255264282
221;0.010766473598778248;0.6433566212654114
222;0.010358460247516632;0.6363636255264282
223;0.01069763395935297;0.6783216595649719
224;0.010792895220220089;0.5944055914878845
225;0.010529106482863426;0.692307710647583
226;0.010481265373528004;0.6083915829658508
227;0.010676294565200806;0.6153846383094788
228;0.01052215788513422;0.6083915829658508
229;0.010603274218738079;0.6083915829658508
230;0.010234855115413666;0.6853147149085999
231;0.0105308648198843;0.5874125957489014
232;0.010354604572057724;0.6293706297874451
233;0.010341059416532516;0.6083915829658508
234;0.010381748899817467;0.6643356680870056
235;0.010353393852710724;0.6293706297874451
236;0.010288908146321774;0.6223776340484619
237;0.009988106787204742;0.6643356680870056
238;0.010141466744244099;0.6433566212654114
239;0.010040124878287315;0.6503496766090393
240;0.010214460082352161;0.6223776340484619
241;0.010069007985293865;0.6643356680870056
242;0.010212558321654797;0.6643356680870056
243;0.009864641353487968;0.692307710647583
244;0.010076760314404964;0.6713286638259888
245;0.01000109314918518;0.6433566212654114
246;0.009849988855421543;0.6783216595649719
247;0.00992314238101244;0.6643356680870056
248;0.009410977363586426;0.7342657446861267
249;0.009585700929164886;0.692307710647583
250;0.010012645274400711;0.6433566212654114
251;0.009741771966218948;0.6223776340484619
252;0.009817308746278286;0.6573426723480225
253;0.009775788523256779;0.6713286638259888
254;0.009701906703412533;0.6643356680870056
255;0.00965084321796894;0.7132866978645325
256;0.009795360267162323;0.6573426723480225
257;0.009577440097928047;0.6993007063865662
258;0.009691222570836544;0.6503496766090393
259;0.009820975363254547;0.692307710647583
260;0.009271400980651379;0.7132866978645325
261;0.009560953825712204;0.7062937021255493
262;0.009363547898828983;0.7202796936035156
263;0.009387325495481491;0.692307710647583
264;0.009163331240415573;0.6853147149085999
265;0.009105628356337547;0.7342657446861267
266;0.009437743574380875;0.7062937021255493
267;0.009023970924317837;0.7202796936035156
268;0.009174637496471405;0.7412587404251099
269;0.009188615716993809;0.6643356680870056
270;0.00893162377178669;0.7762237787246704
271;0.008844573050737381;0.7272727489471436
272;0.009087437763810158;0.692307710647583
273;0.009153797291219234;0.7132866978645325
274;0.00884321704506874;0.7062937021255493
275;0.008724706247448921;0.7342657446861267
276;0.00864812359213829;0.7692307829856873
277;0.00867264810949564;0.7272727489471436
278;0.00851351022720337;0.748251736164093
279;0.008470486849546432;0.7132866978645325
280;0.00883507076650858;0.7342657446861267
281;0.008672728203237057;0.7062937021255493
282;0.009452021680772305;0.6993007063865662
283;0.008674235083162785;0.7132866978645325
284;0.009119194932281971;0.7202796936035156
285;0.008849036879837513;0.7342657446861267
286;0.008539837785065174;0.7552447319030762
287;0.008909371681511402;0.6853147149085999
288;0.008586937561631203;0.7692307829856873
289;0.008809208869934082;0.7272727489471436
290;0.00831543654203415;0.7692307829856873
291;0.008207686245441437;0.7412587404251099
292;0.00864322204142809;0.7622377872467041
293;0.008487561717629433;0.7832167744636536
294;0.008505735546350479;0.692307710647583
295;0.008541207760572433;0.748251736164093
296;0.008317122235894203;0.7552447319030762
297;0.008288616314530373;0.7552447319030762
298;0.00796076375991106;0.7902097702026367
299;0.008329211734235287;0.7272727489471436
300;0.008153104223310947;0.7412587404251099
301;0.007876318879425526;0.7692307829856873
302;0.008173816837370396;0.7692307829856873
303;0.008160464465618134;0.7342657446861267
304;0.008213904686272144;0.7692307829856873
305;0.007896576076745987;0.7202796936035156
306;0.007971358485519886;0.7412587404251099
307;0.007945798337459564;0.748251736164093
308;0.007987246848642826;0.7902097702026367
309;0.00813798326998949;0.7202796936035156
310;0.007866140455007553;0.7552447319030762
311;0.008023273199796677;0.7692307829856873
312;0.008071337826550007;0.7342657446861267
313;0.007753762416541576;0.8041958212852478
314;0.007997170090675354;0.7762237787246704
315;0.008335870690643787;0.7762237787246704
316;0.007883451879024506;0.7692307829856873
317;0.00834510289132595;0.7062937021255493
318;0.007688382640480995;0.7832167744636536
319;0.008521913550794125;0.692307710647583
320;0.0078071607276797295;0.7622377872467041
321;0.008217931725084782;0.7342657446861267
322;0.007866403087973595;0.7412587404251099
323;0.008175701834261417;0.7552447319030762
324;0.007745085284113884;0.7622377872467041
325;0.007826627232134342;0.7832167744636536
326;0.008037382736802101;0.748251736164093
327;0.007751973811537027;0.7972028255462646
328;0.008042599074542522;0.7762237787246704
329;0.007721313275396824;0.8041958212852478
330;0.00798934418708086;0.7762237787246704
331;0.008029143325984478;0.7622377872467041
332;0.007574378978461027;0.7972028255462646
333;0.007681470364332199;0.8391608595848083
334;0.007718040142208338;0.7902097702026367
335;0.007631423883140087;0.7762237787246704
336;0.007675895467400551;0.811188817024231
337;0.007883043959736824;0.7622377872467041
338;0.007661766372621059;0.7832167744636536
339;0.007375338580459356;0.8251748085021973
340;0.007755768485367298;0.7832167744636536
341;0.007457798812538385;0.7972028255462646
342;0.007383131887763739;0.8601398468017578
343;0.007460601162165403;0.7972028255462646
344;0.007455368060618639;0.8251748085021973
345;0.007174211088567972;0.8181818127632141
346;0.007593635469675064;0.7832167744636536
347;0.007374522741883993;0.7902097702026367
348;0.007416704669594765;0.7832167744636536
349;0.007407810539007187;0.811188817024231
350;0.007208948954939842;0.7972028255462646
351;0.0073577300645411015;0.811188817024231
352;0.007183143403381109;0.7762237787246704
353;0.00711411377415061;0.8041958212852478
354;0.007205945439636707;0.7902097702026367
355;0.006870870012789965;0.8041958212852478
356;0.007209472823888063;0.7902097702026367
357;0.007285395637154579;0.8181818127632141
358;0.007031161338090897;0.8041958212852478
359;0.007180382497608662;0.811188817024231
360;0.0070892577059566975;0.8181818127632141
361;0.006916288752108812;0.8321678042411804
362;0.006994417868554592;0.8251748085021973
363;0.007143118884414434;0.8041958212852478
364;0.007065751124173403;0.7972028255462646
365;0.007131234277039766;0.811188817024231
366;0.006941673345863819;0.8321678042411804
367;0.007080016657710075;0.8251748085021973
368;0.0069355410523712635;0.8601398468017578
369;0.0066654495894908905;0.8391608595848083
370;0.006816808134317398;0.8041958212852478
371;0.006872089579701424;0.8321678042411804
372;0.00713403569534421;0.7762237787246704
373;0.0068091959692537785;0.8321678042411804
374;0.006643005646765232;0.8251748085021973
375;0.00682125985622406;0.8321678042411804
376;0.007006654515862465;0.811188817024231
377;0.007067013997584581;0.8181818127632141
378;0.006478762254118919;0.8741258978843689
379;0.006907494273036718;0.811188817024231
380;0.006803171709179878;0.8321678042411804
381;0.007016327232122421;0.7692307829856873
382;0.0064285933040082455;0.8251748085021973
383;0.00663312803953886;0.8181818127632141
384;0.006632685661315918;0.8531468510627747
385;0.0067582386545836926;0.8041958212852478
386;0.006433106027543545;0.8601398468017578
387;0.006439639255404472;0.8321678042411804
388;0.006330051459372044;0.8881118893623352
389;0.006210642401129007;0.8391608595848083
390;0.00656529376283288;0.8391608595848083
391;0.006564685143530369;0.8041958212852478
392;0.006624672561883926;0.811188817024231
393;0.0065878587774932384;0.8601398468017578
394;0.00661390321329236;0.8181818127632141
395;0.006519604474306107;0.8251748085021973
396;0.006608365103602409;0.7972028255462646
397;0.006451115477830172;0.8251748085021973
398;0.006224363576620817;0.8461538553237915
399;0.006157569121569395;0.8391608595848083
400;0.006310209631919861;0.867132842540741
401;0.006022408604621887;0.8531468510627747
402;0.006174794398248196;0.8601398468017578
403;0.006208630744367838;0.8251748085021973
404;0.006257857196033001;0.8321678042411804
405;0.00620751129463315;0.867132842540741
406;0.006279330234974623;0.867132842540741
407;0.0063450513407588005;0.8321678042411804
408;0.006106219254434109;0.8461538553237915
409;0.006069567054510117;0.8391608595848083
410;0.005950214806944132;0.8391608595848083
411;0.006070556119084358;0.8531468510627747
412;0.006137584336102009;0.8461538553237915
413;0.006174568552523851;0.8251748085021973
414;0.006223651580512524;0.8321678042411804
415;0.006198914255946875;0.8251748085021973
416;0.0060588945634663105;0.8601398468017578
417;0.006135078147053719;0.8601398468017578
418;0.0060209669172763824;0.8391608595848083
419;0.005823430605232716;0.8531468510627747
420;0.005957120563834906;0.8531468510627747
421;0.005903877783566713;0.8531468510627747
422;0.0061496258713305;0.8741258978843689
423;0.00615919753909111;0.811188817024231
424;0.005876786541193724;0.8601398468017578
425;0.006078595295548439;0.8391608595848083
426;0.006048324517905712;0.8741258978843689
427;0.006083737593144178;0.8601398468017578
428;0.006176986265927553;0.8601398468017578
429;0.005920139141380787;0.8531468510627747
430;0.005796132143586874;0.8741258978843689
431;0.006255078129470348;0.8251748085021973
432;0.005850160028785467;0.8601398468017578
433;0.005933023057878017;0.8461538553237915
434;0.006021216046065092;0.8321678042411804
435;0.005844014696776867;0.867132842540741
436;0.005818755831569433;0.8881118893623352
437;0.005881146993488073;0.8531468510627747
438;0.006078866310417652;0.8391608595848083
439;0.005847009364515543;0.8601398468017578
440;0.005637789145112038;0.8461538553237915
441;0.0058100237511098385;0.8741258978843689
442;0.005933614447712898;0.8391608595848083
443;0.005894100293517113;0.8531468510627747
444;0.0061813704669475555;0.8251748085021973
445;0.005705878604203463;0.8601398468017578
446;0.006061815191060305;0.8321678042411804
447;0.006136877462267876;0.8321678042411804
448;0.005407871678471565;0.8601398468017578
449;0.005710924044251442;0.8531468510627747
450;0.005781795363873243;0.8951048851013184
451;0.005593544337898493;0.8391608595848083
452;0.005494288168847561;0.8461538553237915
453;0.005823539569973946;0.8601398468017578
454;0.005654932931065559;0.8391608595848083
455;0.0058047473430633545;0.8391608595848083
456;0.005398935172706842;0.867132842540741
457;0.005498445127159357;0.8391608595848083
458;0.005584838334470987;0.8951048851013184
459;0.005543283186852932;0.8531468510627747
460;0.005420356523245573;0.8881118893623352
461;0.00511016882956028;0.8741258978843689
462;0.005250473041087389;0.8251748085021973
463;0.005311465356498957;0.8461538553237915
464;0.0055795894004404545;0.867132842540741
465;0.005242561921477318;0.8741258978843689
466;0.005169520154595375;0.881118893623352
467;0.005094208754599094;0.8601398468017578
468;0.005667818710207939;0.8391608595848083
469;0.005357248708605766;0.8321678042411804
470;0.004990929737687111;0.867132842540741
471;0.0054468996822834015;0.881118893623352
472;0.005335016641765833;0.8461538553237915
473;0.005157688166946173;0.8741258978843689
474;0.005136474967002869;0.8881118893623352
475;0.005251079332083464;0.8741258978843689
476;0.00504537345841527;0.8601398468017578
477;0.005047229118645191;0.881118893623352
478;0.005084723699837923;0.8881118893623352
479;0.005189485382288694;0.867132842540741
480;0.00501859188079834;0.8741258978843689
481;0.005489063449203968;0.8741258978843689
482;0.005242596380412579;0.8531468510627747
483;0.004983721300959587;0.867132842540741
484;0.005070611834526062;0.881118893623352
485;0.005088795907795429;0.8741258978843689
486;0.005088335368782282;0.8881118893623352
487;0.005065155681222677;0.867132842540741
488;0.0049272277392446995;0.8881118893623352
489;0.005033618304878473;0.9020978808403015
490;0.005213681608438492;0.881118893623352
491;0.0050847651436924934;0.8321678042411804
492;0.005397025495767593;0.8531468510627747
493;0.005112050101161003;0.8601398468017578
494;0.004968004301190376;0.8741258978843689
495;0.004940998274832964;0.8741258978843689
496;0.0050281984731554985;0.881118893623352
497;0.004707776941359043;0.9020978808403015
498;0.004958807956427336;0.9090909361839294
499;0.004591480363160372;0.9300699234008789
500;0.004808542784303427;0.8741258978843689
501;0.005028927233070135;0.8531468510627747
502;0.004841717425733805;0.8741258978843689
503;0.004932140465825796;0.8881118893623352
504;0.004772590007632971;0.8741258978843689
505;0.004902099259197712;0.867132842540741
506;0.0048687350936234;0.9020978808403015
507;0.004870651289820671;0.8601398468017578
508;0.004746892023831606;0.9090909361839294
509;0.004793175030499697;0.9160839319229126
510;0.00501925777643919;0.881118893623352
511;0.004899883642792702;0.9090909361839294
512;0.005057188682258129;0.8881118893623352
513;0.004836094565689564;0.867132842540741
514;0.004809011705219746;0.9160839319229126
515;0.004829178564250469;0.9160839319229126
516;0.004652708303183317;0.8951048851013184
517;0.005109789315611124;0.8601398468017578
518;0.0046617332845926285;0.867132842540741
519;0.005025771446526051;0.8951048851013184
520;0.004615707788616419;0.8881118893623352
521;0.004586178809404373;0.881118893623352
522;0.004938995931297541;0.8531468510627747
523;0.004645929206162691;0.881118893623352
524;0.004744451493024826;0.9160839319229126
525;0.004705629777163267;0.867132842540741
526;0.004774196073412895;0.8951048851013184
527;0.0047423397190868855;0.9160839319229126
528;0.004609836731106043;0.8951048851013184
529;0.0046536885201931;0.8881118893623352
530;0.004879537969827652;0.881118893623352
531;0.004705016501247883;0.8881118893623352
532;0.004721503704786301;0.881118893623352
533;0.004568255040794611;0.8951048851013184
534;0.004547250457108021;0.9090909361839294
535;0.004582920577377081;0.9020978808403015
536;0.0047678560949862;0.881118893623352
537;0.004430357366800308;0.9090909361839294
538;0.004767180886119604;0.9020978808403015
539;0.0045165750198066235;0.881118893623352
540;0.004779145587235689;0.8951048851013184
541;0.004587088245898485;0.8951048851013184
542;0.004558310378342867;0.9160839319229126
543;0.00474274018779397;0.9020978808403015
544;0.004832752514630556;0.8741258978843689
545;0.004703765735030174;0.9020978808403015
546;0.004494496155530214;0.9020978808403015
547;0.0047931610606610775;0.881118893623352
548;0.004531374666839838;0.9090909361839294
549;0.004502917639911175;0.8951048851013184
550;0.004622697364538908;0.8881118893623352
551;0.004713927395641804;0.881118893623352
552;0.004391503520309925;0.9370629191398621
553;0.004440071061253548;0.9230769276618958
554;0.004655495751649141;0.9020978808403015
555;0.004522065632045269;0.9160839319229126
556;0.004459988325834274;0.9020978808403015
557;0.004474910441786051;0.9020978808403015
558;0.004697063937783241;0.9020978808403015
559;0.004819490015506744;0.8951048851013184
560;0.004719799850136042;0.881118893623352
561;0.0047838701866567135;0.881118893623352
562;0.0045395796187222;0.9020978808403015
563;0.004374813288450241;0.9090909361839294
564;0.004516107961535454;0.8881118893623352
565;0.004552788566797972;0.9300699234008789
566;0.004414547234773636;0.9230769276618958
567;0.004109533969312906;0.9370629191398621
568;0.004589874763041735;0.9300699234008789
569;0.0045848931185901165;0.9020978808403015
570;0.0045049749314785;0.9160839319229126
571;0.004414243623614311;0.8741258978843689
572;0.004356956575065851;0.9090909361839294
573;0.004466283600777388;0.8951048851013184
574;0.0043007382191717625;0.9370629191398621
575;0.004423178266733885;0.9160839319229126
576;0.0044318679720163345;0.9160839319229126
577;0.004115620162338018;0.9510489702224731
578;0.004463289864361286;0.9230769276618958
579;0.004239700268954039;0.881118893623352
580;0.004451446700841188;0.9160839319229126
581;0.0044531794264912605;0.9020978808403015
582;0.004209656268358231;0.9090909361839294
583;0.004321282729506493;0.8951048851013184
584;0.004152405075728893;0.9440559148788452
585;0.004114707000553608;0.9020978808403015
586;0.004325847141444683;0.9090909361839294
587;0.00425156531855464;0.9020978808403015
588;0.004259373061358929;0.9160839319229126
589;0.004121777601540089;0.9300699234008789
590;0.004085191059857607;0.9440559148788452
591;0.0042367372661828995;0.9020978808403015
592;0.004308558534830809;0.867132842540741
593;0.004633942618966103;0.8741258978843689
594;0.004204047378152609;0.9160839319229126
595;0.004629690665751696;0.8881118893623352
596;0.004246613476425409;0.9020978808403015
597;0.004886433947831392;0.867132842540741
598;0.0044559515081346035;0.8951048851013184
599;0.004118121694773436;0.9650349617004395
600;0.004451045300811529;0.881118893623352
601;0.004375589545816183;0.9020978808403015
602;0.004366292152553797;0.9230769276618958
603;0.004139150958508253;0.9020978808403015
604;0.004433314315974712;0.8741258978843689
605;0.004074569325894117;0.8951048851013184
606;0.004977005068212748;0.8531468510627747
607;0.004154978320002556;0.9230769276618958
608;0.004442752804607153;0.9020978808403015
609;0.0050341407768428326;0.8741258978843689
610;0.0038443487137556076;0.9300699234008789
611;0.004386901389807463;0.9090909361839294
612;0.0048327031545341015;0.8881118893623352
613;0.004337851423770189;0.9020978808403015
614;0.004325688350945711;0.9020978808403015
615;0.004139584489166737;0.9230769276618958
616;0.004293448757380247;0.9300699234008789
617;0.004237236455082893;0.9160839319229126
618;0.004256614949554205;0.9440559148788452
619;0.004210916347801685;0.9300699234008789
620;0.004103299230337143;0.9370629191398621
621;0.0040031494572758675;0.9160839319229126
622;0.004330781288444996;0.9230769276618958
623;0.004324566572904587;0.8951048851013184
624;0.0042393868789076805;0.9300699234008789
625;0.0038544132839888334;0.9230769276618958
626;0.0040713148191571236;0.9230769276618958
627;0.004003608133643866;0.9230769276618958
628;0.0038583395071327686;0.9370629191398621
629;0.003980862908065319;0.9090909361839294
630;0.003775007091462612;0.9510489702224731
631;0.003990144934505224;0.9020978808403015
632;0.003886862425133586;0.9230769276618958
633;0.0037365069147199392;0.9160839319229126
634;0.004037158563733101;0.9300699234008789
635;0.0037354016676545143;0.9370629191398621
636;0.0039758142083883286;0.9160839319229126
637;0.004130243789404631;0.8951048851013184
638;0.0039688292890787125;0.9230769276618958
639;0.0037149442359805107;0.9370629191398621
640;0.003901149146258831;0.9160839319229126
641;0.003952665254473686;0.9300699234008789
642;0.0037868532817810774;0.9440559148788452
643;0.0038792660925537348;0.9020978808403015
644;0.003917322028428316;0.9020978808403015
645;0.004138350952416658;0.9440559148788452
646;0.003976067528128624;0.9230769276618958
647;0.003837952623143792;0.9230769276618958
648;0.004035261459648609;0.9020978808403015
649;0.0038310373201966286;0.9440559148788452
650;0.0038453126326203346;0.9440559148788452
651;0.003660532645881176;0.9300699234008789
652;0.003881474956870079;0.9370629191398621
653;0.003848572028800845;0.9440559148788452
654;0.0036178382579237223;0.9510489702224731
655;0.0037823652382940054;0.9230769276618958
656;0.0035850394051522017;0.9230769276618958
657;0.0040216390043497086;0.9370629191398621
658;0.0038221755530685186;0.9300699234008789
659;0.0037759554106742144;0.9090909361839294
660;0.0037459975574165583;0.9370629191398621
661;0.0036296723410487175;0.9510489702224731
662;0.003759915241971612;0.9230769276618958
663;0.003912472631782293;0.9510489702224731
664;0.003799581900238991;0.9230769276618958
665;0.004074743017554283;0.8951048851013184
666;0.003628409467637539;0.9370629191398621
667;0.0038622641004621983;0.9300699234008789
668;0.0039925724267959595;0.9230769276618958
669;0.0036802017129957676;0.9300699234008789
670;0.003937647677958012;0.9090909361839294
671;0.0039451997727155685;0.9440559148788452
672;0.003912577871233225;0.9300699234008789
673;0.003808644600212574;0.9440559148788452
674;0.003552291076630354;0.9370629191398621
675;0.0035390062257647514;0.9510489702224731
676;0.0035874214954674244;0.9510489702224731
677;0.003718849504366517;0.9230769276618958
678;0.003549353452399373;0.9160839319229126
679;0.003726661903783679;0.9230769276618958
680;0.0037763521540910006;0.9300699234008789
681;0.0038887495175004005;0.9510489702224731
682;0.0035955680068582296;0.9650349617004395
683;0.003644938115030527;0.9230769276618958
684;0.0035785699728876352;0.9370629191398621
685;0.003613304113969207;0.9510489702224731
686;0.003769309725612402;0.9440559148788452
687;0.0036021084524691105;0.9090909361839294
688;0.0034204840194433928;0.9580419659614563
689;0.00377879966981709;0.9090909361839294
690;0.003593356581404805;0.9720279574394226
691;0.0037038978189229965;0.9230769276618958
692;0.0034544700756669044;0.9440559148788452
693;0.003591506974771619;0.9370629191398621
694;0.003628757782280445;0.9510489702224731
695;0.0037480166647583246;0.9160839319229126
696;0.003480055369436741;0.9580419659614563
697;0.0034932156559079885;0.9510489702224731
698;0.003620570059865713;0.9580419659614563
699;0.003509898204356432;0.9440559148788452
700;0.004130193963646889;0.9020978808403015
701;0.0035391473211348057;0.9440559148788452
702;0.0034416490234434605;0.9300699234008789
703;0.003576161339879036;0.9300699234008789
704;0.0035677021369338036;0.9300699234008789
705;0.003678013337776065;0.9440559148788452
706;0.0036715769674628973;0.9370629191398621
707;0.003562414087355137;0.9370629191398621
708;0.0035371461417526007;0.9510489702224731
709;0.003408536547794938;0.9650349617004395
710;0.0034862025640904903;0.9370629191398621
711;0.0033224441576749086;0.9230769276618958
712;0.003292182693257928;0.9300699234008789
713;0.003511780872941017;0.9370629191398621
714;0.0038344627246260643;0.9440559148788452
715;0.003368376987054944;0.9370629191398621
716;0.0035709035582840443;0.9580419659614563
717;0.0035245949402451515;0.9370629191398621
718;0.003679033135995269;0.9300699234008789
719;0.0033212604466825724;0.9650349617004395
720;0.0034680368844419718;0.9440559148788452
721;0.0034451729152351618;0.9300699234008789
722;0.003230560338124633;0.9510489702224731
723;0.0032863065134733915;0.9510489702224731
724;0.003332548774778843;0.9580419659614563
725;0.00358525849878788;0.9510489702224731
726;0.003368223551660776;0.9510489702224731
727;0.003521543461829424;0.9300699234008789
728;0.0033403148408979177;0.9510489702224731
729;0.0038214819505810738;0.9020978808403015
730;0.00328535377047956;0.9580419659614563
731;0.003401459427550435;0.9230769276618958
732;0.0035577770322561264;0.9230769276618958
733;0.003452106611803174;0.9370629191398621
734;0.0033291680738329887;0.9650349617004395
735;0.003594734938815236;0.9160839319229126
736;0.003360960865393281;0.9370629191398621
737;0.0032749748788774014;0.9370629191398621
738;0.003419175511226058;0.9440559148788452
739;0.003280384000390768;0.9230769276618958
740;0.00334427272900939;0.9300699234008789
741;0.003214513882994652;0.9580419659614563
742;0.003698450978845358;0.9160839319229126
743;0.0033563622273504734;0.9510489702224731
744;0.0032058751676231623;0.9580419659614563
745;0.0034506721422076225;0.9370629191398621
746;0.003664231626316905;0.9230769276618958
747;0.0034565769601613283;0.9510489702224731
748;0.003164948197081685;0.9440559148788452
749;0.0032735327258706093;0.9580419659614563
750;0.003243103390559554;0.9440559148788452
751;0.0031224924605339766;0.9370629191398621
752;0.0031649917364120483;0.9370629191398621
753;0.0032682709861546755;0.9300699234008789
754;0.003246667329221964;0.9230769276618958
755;0.0033794560004025698;0.9230769276618958
756;0.0031452339608222246;0.9370629191398621
757;0.003339549992233515;0.9230769276618958
758;0.0031509094405919313;0.9440559148788452
759;0.0032528256997466087;0.9440559148788452
760;0.003238262142986059;0.9650349617004395
761;0.0032469748985022306;0.9790209531784058
762;0.0032062374521046877;0.9300699234008789
763;0.0033362635876983404;0.9440559148788452
764;0.0029235940892249346;0.9440559148788452
765;0.0031636462081223726;0.9440559148788452
766;0.0032490494195371866;0.9300699234008789
767;0.0031368443742394447;0.9440559148788452
768;0.003311426844447851;0.9370629191398621
769;0.0032627286855131388;0.9440559148788452
770;0.0031315372325479984;0.9300699234008789
771;0.003236129181459546;0.9510489702224731
772;0.0033303885720670223;0.9510489702224731
773;0.003057279856875539;0.9370629191398621
774;0.003131060628220439;0.9510489702224731
775;0.003137735417112708;0.9370629191398621
776;0.003112885169684887;0.9510489702224731
777;0.0031938173342496157;0.9510489702224731
778;0.0031215462367981672;0.9370629191398621
779;0.0031658094376325607;0.9510489702224731
780;0.0030907155014574528;0.9510489702224731
781;0.003303597215563059;0.9440559148788452
782;0.0034571450669318438;0.9160839319229126
783;0.0031783857848495245;0.9300699234008789
784;0.0035162032581865788;0.9300699234008789
785;0.0032139718532562256;0.9510489702224731
786;0.003243650309741497;0.9720279574394226
787;0.0031629186123609543;0.9720279574394226
788;0.0031897774897515774;0.9580419659614563
789;0.0029240783769637346;0.9510489702224731
790;0.0030557631980627775;0.9300699234008789
791;0.0032784659415483475;0.9300699234008789
792;0.0028405096381902695;0.9720279574394226
793;0.0031450733076781034;0.9440559148788452
794;0.0033108307980000973;0.9230769276618958
795;0.003045677440240979;0.9580419659614563
796;0.0031562193762511015;0.9440559148788452
797;0.0031637882348150015;0.9370629191398621
798;0.0031023994088172913;0.9440559148788452
799;0.0031454896088689566;0.9160839319229126
800;0.0030940682627260685;0.9300699234008789
801;0.003046979894861579;0.9510489702224731
802;0.003101206151768565;0.9580419659614563
803;0.002942388877272606;0.9720279574394226
804;0.002998356707394123;0.9580419659614563
805;0.0029989578761160374;0.9440559148788452
806;0.0029776040464639664;0.9510489702224731
807;0.002947704866528511;0.9440559148788452
808;0.00300137628801167;0.9580419659614563
809;0.0031115373130887747;0.9440559148788452
810;0.003096535801887512;0.9300699234008789
811;0.0030626682564616203;0.9720279574394226
812;0.0030425467994064093;0.9580419659614563
813;0.003057334804907441;0.9300699234008789
814;0.0029660225845873356;0.9580419659614563
815;0.003122874302789569;0.9370629191398621
816;0.003213903633877635;0.9510489702224731
817;0.0030846071895211935;0.9300699234008789
818;0.0029212574008852243;0.9370629191398621
819;0.003295120084658265;0.9300699234008789
820;0.0031763100996613503;0.9160839319229126
821;0.0035612648352980614;0.9510489702224731
822;0.0031443003099411726;0.9510489702224731
823;0.0033723285887390375;0.9160839319229126
824;0.0031930366531014442;0.9230769276618958
825;0.0029067990835756063;0.9650349617004395
826;0.003252639202401042;0.9230769276618958
827;0.0032841586507856846;0.9300699234008789
828;0.0030514849349856377;0.9720279574394226
829;0.0031932827550917864;0.9510489702224731
830;0.0033259065821766853;0.9440559148788452
831;0.003025863552466035;0.9510489702224731
832;0.0031836512498557568;0.9510489702224731
833;0.0032105669379234314;0.9510489702224731
834;0.0031627498101443052;0.9370629191398621
835;0.0031443939078599215;0.9440559148788452
836;0.0034569271374493837;0.881118893623352
837;0.0030290568247437477;0.9510489702224731
838;0.003088730853050947;0.9370629191398621
839;0.0031869749072939157;0.9510489702224731
840;0.003007221035659313;0.9440559148788452
841;0.0029172345530241728;0.9510489702224731
842;0.0030140376184135675;0.9440559148788452
843;0.0033399146050214767;0.9510489702224731
844;0.0028833416290581226;0.9510489702224731
845;0.002987464889883995;0.9580419659614563
846;0.003361205803230405;0.9230769276618958
847;0.002797666471451521;0.9580419659614563
848;0.003021307522431016;0.9440559148788452
849;0.0029600115958601236;0.9650349617004395
850;0.0029196005780249834;0.9720279574394226
851;0.0029665050096809864;0.9440559148788452
852;0.0030046850442886353;0.9370629191398621
853;0.0030107186175882816;0.9650349617004395
854;0.0029322300106287003;0.9440559148788452
855;0.0029443756211549044;0.9300699234008789
856;0.0028229898307472467;0.9790209531784058
857;0.002946313004940748;0.9510489702224731
858;0.002866719150915742;0.9580419659614563
859;0.002662345767021179;0.9440559148788452
860;0.0027889152988791466;0.9440559148788452
861;0.0029471355956047773;0.9510489702224731
862;0.003115103580057621;0.9370629191398621
863;0.002975726965814829;0.9440559148788452
864;0.0028796540573239326;0.9370629191398621
865;0.0028361445292830467;0.9370629191398621
866;0.0030022866558283567;0.9300699234008789
867;0.002931817201897502;0.9440559148788452
868;0.0029337711166590452;0.9720279574394226
869;0.002963486360386014;0.9510489702224731
870;0.0028943768702447414;0.9580419659614563
871;0.0029555356595665216;0.9440559148788452
872;0.0028001859318464994;0.9510489702224731
873;0.002804875373840332;0.9580419659614563
874;0.002823072951287031;0.9370629191398621
875;0.0029473400209099054;0.9510489702224731
876;0.0027972364332526922;0.9580419659614563
877;0.002924199914559722;0.9510489702224731
878;0.0028357855044305325;0.9440559148788452
879;0.002880682237446308;0.9790209531784058
880;0.0028008075896650553;0.9650349617004395
881;0.0031542249489575624;0.9300699234008789
882;0.002775596920400858;0.9510489702224731
883;0.0027879721019417048;0.9510489702224731
884;0.002767061349004507;0.9370629191398621
885;0.002701629651710391;0.9510489702224731
886;0.0028842035681009293;0.9440559148788452
887;0.002874749945476651;0.9440559148788452
888;0.002794512314721942;0.9370629191398621
889;0.0028917372692376375;0.9440559148788452
890;0.00275801750831306;0.9580419659614563
891;0.002718333387747407;0.9580419659614563
892;0.0027778244111686945;0.9720279574394226
893;0.0029478403739631176;0.9790209531784058
894;0.0028085089288651943;0.9300699234008789
895;0.0027826917357742786;0.9650349617004395
896;0.003013360546901822;0.9510489702224731
897;0.0028760379645973444;0.9510489702224731
898;0.0027597739826887846;0.9650349617004395
899;0.0026815268211066723;0.9650349617004395
900;0.0029711066745221615;0.9440559148788452
901;0.00281472597271204;0.9510489702224731
902;0.0028619456570595503;0.9440559148788452
903;0.0026121216360479593;0.9580419659614563
904;0.002830594079568982;0.9720279574394226
905;0.002812915248796344;0.9650349617004395
906;0.0029151244089007378;0.9230769276618958
907;0.0027973365504294634;0.9440559148788452
908;0.002755448454990983;0.9510489702224731
909;0.0026838239282369614;0.9790209531784058
910;0.00281660258769989;0.9580419659614563
911;0.00280721765011549;0.9440559148788452
912;0.002694637980312109;0.9510489702224731
913;0.0028345989994704723;0.9370629191398621
914;0.002737123752012849;0.9510489702224731
915;0.0026679602451622486;0.9580419659614563
916;0.002683020895346999;0.9580419659614563
917;0.0026318663731217384;0.9510489702224731
918;0.002786056138575077;0.9720279574394226
919;0.0027667165268212557;0.9510489702224731
920;0.0028615775518119335;0.9370629191398621
921;0.002580713015049696;0.9510489702224731
922;0.002587325870990753;0.9720279574394226
923;0.0028014311101287603;0.9580419659614563
924;0.0028330853674560785;0.9230769276618958
925;0.002570762997493148;0.9650349617004395
926;0.002564997412264347;0.9580419659614563
927;0.002669897163286805;0.9650349617004395
928;0.0028363573364913464;0.9580419659614563
929;0.002804115414619446;0.9370629191398621
930;0.0028346588369458914;0.9300699234008789
931;0.002672189148142934;0.9440559148788452
932;0.0025612495373934507;0.9790209531784058
933;0.0024884738959372044;0.9860140085220337
934;0.0028595272451639175;0.9580419659614563
935;0.0028203718829900026;0.9580419659614563
936;0.0026576912496238947;0.9580419659614563
937;0.0027305942494422197;0.9370629191398621
938;0.002815428888425231;0.9720279574394226
939;0.0028572871815413237;0.9580419659614563
940;0.002739046700298786;0.9370629191398621
941;0.002880177227780223;0.9440559148788452
942;0.0028027782682329416;0.9650349617004395
943;0.002631554612889886;0.9580419659614563
944;0.002771384082734585;0.9580419659614563
945;0.002636180492118001;0.9440559148788452
946;0.002766746561974287;0.9580419659614563
947;0.002650507725775242;0.9650349617004395
948;0.002770836465060711;0.9370629191398621
949;0.0026460427325218916;0.9510489702224731
950;0.0027112895622849464;0.9510489702224731
951;0.0027011078782379627;0.9580419659614563
952;0.002603822620585561;0.9720279574394226
953;0.0026959413662552834;0.9300699234008789
954;0.002510989084839821;0.9790209531784058
955;0.0025341736618429422;0.9650349617004395
956;0.0027433582581579685;0.9510489702224731
957;0.0025045170914381742;0.9720279574394226
958;0.002580027561634779;0.9650349617004395
959;0.0026096224319189787;0.9580419659614563
960;0.0028003400657325983;0.9370629191398621
961;0.002553399885073304;0.9580419659614563
962;0.002398360287770629;0.9930070042610168
963;0.0026698773726820946;0.9580419659614563
964;0.0025951266288757324;0.9580419659614563
965;0.0024624934885650873;0.9790209531784058
966;0.00260878331027925;0.9510489702224731
967;0.0025158431380987167;0.9440559148788452
968;0.002584545873105526;0.9860140085220337
969;0.0024775145575404167;0.9650349617004395
970;0.0025146903935819864;0.9580419659614563
971;0.0027412311173975468;0.9370629191398621
972;0.002540367189794779;0.9790209531784058
973;0.0025211316533386707;0.9650349617004395
974;0.002430745167657733;0.9650349617004395
975;0.0024719047360122204;0.9790209531784058
976;0.0025383634492754936;0.9720279574394226
977;0.002652273513376713;0.9650349617004395
978;0.0024795050267130136;0.9650349617004395
979;0.002494811313226819;0.9510489702224731
980;0.0026388943661004305;0.9650349617004395
981;0.00239734654314816;0.9860140085220337
982;0.002404779428616166;0.9790209531784058
983;0.002826348878443241;0.9440559148788452
984;0.00259135733358562;0.9790209531784058
985;0.0024925468023866415;0.9650349617004395
986;0.002967980457469821;0.9160839319229126
987;0.0026796297170221806;0.9440559148788452
988;0.002688770182430744;0.9440559148788452
989;0.0028696733061224222;0.9300699234008789
990;0.0027412232011556625;0.9370629191398621
991;0.002601951127871871;0.9720279574394226
992;0.002679153112694621;0.9440559148788452
993;0.003244350664317608;0.9090909361839294
994;0.0025869787205010653;0.9790209531784058
995;0.0027201741468161345;0.9580419659614563
996;0.003053416032344103;0.9160839319229126
997;0.002815934829413891;0.9440559148788452
998;0.002618073020130396;0.9720279574394226
999;0.0027825694996863604;0.9370629191398621
1000;0.0027323472313582897;0.9300699234008789
1001;0.0027596461586654186;0.9370629191398621
1002;0.002759236376732588;0.9510489702224731
1003;0.00271467468701303;0.9650349617004395
1004;0.0027698830235749483;0.9510489702224731
1005;0.002699252450838685;0.9440559148788452
1006;0.0026019723154604435;0.9720279574394226
1007;0.0027396741788834333;0.9860140085220337
1008;0.0026182946749031544;0.9580419659614563
1009;0.0028340478893369436;0.9580419659614563
1010;0.0023893271572887897;0.9860140085220337
1011;0.002768678590655327;0.9510489702224731
1012;0.0027543697506189346;0.9440559148788452
1013;0.002554844133555889;0.9650349617004395
1014;0.0025407413486391306;0.9720279574394226
1015;0.0026191817596554756;0.9440559148788452
1016;0.0025249100290238857;0.9510489702224731
1017;0.0026047872379422188;0.9650349617004395
1018;0.0024746181443333626;0.9580419659614563
1019;0.0025681480765342712;0.9720279574394226
1020;0.0023709451779723167;0.9790209531784058
1021;0.0025117655750364065;0.9510489702224731
1022;0.002511677099391818;0.9720279574394226
1023;0.0025576057378202677;0.9370629191398621
1024;0.0024733657483011484;0.9790209531784058
1025;0.002504978096112609;0.9580419659614563
1026;0.002360232174396515;0.9510489702224731
1027;0.0024269113782793283;0.9790209531784058
1028;0.0025239265523850918;0.9790209531784058
1029;0.002561482135206461;0.9930070042610168
1030;0.0024207259994000196;0.9580419659614563
1031;0.0025719364639371634;0.9440559148788452
1032;0.0026416731998324394;0.9440559148788452
1033;0.0022798229474574327;0.9860140085220337
1034;0.002550054108723998;0.9860140085220337
1035;0.002450076397508383;0.9860140085220337
1036;0.002387220971286297;0.9930070042610168
1037;0.0024368884041905403;0.9790209531784058
1038;0.002290391828864813;0.9860140085220337
1039;0.002171366708353162;0.9860140085220337
1040;0.0024387154262512922;0.9790209531784058
1041;0.0027037078980356455;0.9440559148788452
1042;0.0024724029935896397;0.9790209531784058
1043;0.0023835559841245413;0.9790209531784058
1044;0.0025409641675651073;0.9650349617004395
1045;0.0024671615101397038;0.9720279574394226
1046;0.002657664008438587;0.9510489702224731
1047;0.0026770459953695536;0.9510489702224731
1048;0.002894663717597723;0.9020978808403015
1049;0.00242418865673244;0.9860140085220337
1050;0.0025653315242379904;0.9580419659614563
1051;0.0024253285955637693;0.9790209531784058
1052;0.002433143090456724;0.9720279574394226
1053;0.0024136414285749197;0.9650349617004395
1054;0.002457575174048543;0.9650349617004395
1055;0.00249671284109354;0.9510489702224731
1056;0.002448623301461339;0.9790209531784058
1057;0.002661286387592554;0.9580419659614563
1058;0.0025671834591776133;0.9440559148788452
1059;0.002386861713603139;0.9720279574394226
1060;0.002390336710959673;0.9930070042610168
1061;0.0023281043395400047;0.9930070042610168
1062;0.002388780005276203;0.9580419659614563
1063;0.0024522237945348024;0.9650349617004395
1064;0.0024515637196600437;0.9720279574394226
1065;0.002676533069461584;0.9440559148788452
1066;0.002437316346913576;0.9790209531784058
1067;0.0023523778654634953;0.9790209531784058
1068;0.0029976321384310722;0.9370629191398621
1069;0.0031231793109327555;0.9650349617004395
1070;0.0024805874563753605;0.9650349617004395
1071;0.002460462972521782;0.9720279574394226
1072;0.0029114752542227507;0.9650349617004395
1073;0.0025817088317126036;0.9580419659614563
1074;0.0029623042792081833;0.9510489702224731
1075;0.003126009600237012;0.9510489702224731
1076;0.0027508309576660395;0.9720279574394226
1077;0.002641818253323436;0.9930070042610168
1078;0.002826758660376072;0.9510489702224731
1079;0.00268795108422637;0.9370629191398621
1080;0.0025486343074589968;0.9720279574394226
1081;0.0027014396619051695;0.9720279574394226
1082;0.0027690124697983265;0.9650349617004395
1083;0.002629079855978489;0.9860140085220337
1084;0.0025068961549550295;0.9860140085220337
1085;0.0025517907924950123;0.9930070042610168
1086;0.002614992903545499;0.9720279574394226
1087;0.0024716935586184263;0.9720279574394226
1088;0.0024286925327032804;0.9930070042610168
1089;0.002598525257781148;0.9510489702224731
1090;0.002357967896386981;0.9790209531784058
1091;0.002428112318739295;0.9930070042610168
1092;0.002490854123607278;0.9510489702224731
1093;0.0024841735139489174;0.9580419659614563
1094;0.002327353460714221;0.9860140085220337
1095;0.002519699977710843;0.9860140085220337
1096;0.0024246475659310818;0.9790209531784058
1097;0.0023750963155180216;0.9860140085220337
1098;0.00259052449837327;0.9580419659614563
1099;0.0024165180511772633;0.9650349617004395
1100;0.0024325218982994556;0.9720279574394226
1101;0.002516777254641056;0.9650349617004395
1102;0.0022199556697160006;0.9860140085220337
1103;0.002916694851592183;0.9300699234008789
1104;0.002450932515785098;0.9720279574394226
1105;0.0023405863903462887;0.9860140085220337
1106;0.0024309330619871616;0.9720279574394226
1107;0.0026031925808638334;0.9860140085220337
1108;0.002355884062126279;0.9930070042610168
1109;0.00239097629673779;0.9860140085220337
1110;0.002605736255645752;0.9650349617004395
1111;0.002644854597747326;0.9440559148788452
1112;0.002423921599984169;0.9790209531784058
1113;0.0025988605339080095;0.9510489702224731
1114;0.00230413768440485;0.9720279574394226
1115;0.002461829222738743;0.9440559148788452
1116;0.002224310301244259;0.9930070042610168
1117;0.0023689572699368;0.9790209531784058
1118;0.0024621442425996065;0.9930070042610168
1119;0.00237732264213264;0.9720279574394226
1120;0.002505057491362095;0.9650349617004395
1121;0.0022689453326165676;0.9860140085220337
1122;0.0026794064324349165;0.9510489702224731
1123;0.002425653859972954;0.9440559148788452
1124;0.0022671290207654238;0.9860140085220337
1125;0.0023876389022916555;0.9790209531784058
1126;0.0022585925180464983;0.9930070042610168
1127;0.0023846193216741085;0.9860140085220337
1128;0.0024611169937998056;0.9650349617004395
1129;0.002373932860791683;0.9860140085220337
1130;0.0024505085311830044;0.9370629191398621
1131;0.0020727955270558596;0.9930070042610168
1132;0.002170572057366371;1.0
1133;0.002341632032766938;0.9860140085220337
1134;0.0021776973735541105;0.9930070042610168
1135;0.0024026636965572834;0.9650349617004395
1136;0.0021472505759447813;0.9860140085220337
1137;0.002384390914812684;0.9860140085220337
1138;0.002329679671674967;0.9860140085220337
1139;0.002150315325707197;0.9930070042610168
1140;0.002233579521998763;0.9720279574394226
1141;0.002117422642186284;1.0
1142;0.0021921538282185793;1.0
1143;0.002154633169993758;0.9930070042610168
1144;0.002297277096658945;0.9790209531784058
1145;0.0021675042808055878;0.9860140085220337
1146;0.002148970263078809;0.9930070042610168
1147;0.0020349668338894844;1.0
1148;0.002195838140323758;0.9930070042610168
1149;0.0022199535742402077;0.9930070042610168
1150;0.0021312208846211433;0.9930070042610168
1151;0.0020739741157740355;1.0
1152;0.0019397125579416752;1.0
1153;0.002147095277905464;0.9930070042610168
1154;0.0021486710757017136;0.9930070042610168
1155;0.0020897884387522936;0.9860140085220337
1156;0.0020747787784785032;0.9930070042610168
1157;0.002096379641443491;0.9930070042610168
1158;0.0021277053747326136;1.0
1159;0.002083428902551532;1.0
1160;0.0021663096267729998;0.9860140085220337
1161;0.002151639200747013;0.9860140085220337
1162;0.002315189689397812;0.9860140085220337
1163;0.002357986755669117;0.9720279574394226
1164;0.0020088879391551018;1.0
1165;0.0019915392622351646;1.0
1166;0.002138282638043165;0.9720279574394226
1167;0.0019734392408281565;0.9930070042610168
1168;0.0019979304634034634;1.0
1169;0.0020398320630192757;1.0
1170;0.0019856514409184456;1.0
1171;0.0020714967977255583;1.0
1172;0.0021055666729807854;1.0
1173;0.0019393498077988625;1.0
1174;0.0022905312944203615;0.9860140085220337
1175;0.0021564681082963943;0.9720279574394226
1176;0.002020767889916897;1.0
1177;0.0021007175091654062;1.0
1178;0.0024319433141499758;0.9860140085220337
1179;0.003913174383342266;0.9230769276618958
1180;0.00274830823764205;0.9650349617004395
1181;0.0022718957625329494;0.9930070042610168
1182;0.0029437998309731483;0.9930070042610168
1183;0.008205684833228588;0.9160839319229126
1184;0.0030093940440565348;0.9720279574394226
1185;0.005129227414727211;0.8881118893623352
1186;0.005871440749615431;0.8321678042411804
1187;0.004265721887350082;0.9160839319229126
1188;0.003526706714183092;0.9510489702224731
1189;0.0038959600497037172;0.9580419659614563
1190;0.004408438690006733;0.9440559148788452
1191;0.004315364174544811;0.9720279574394226
1192;0.0045721461065113544;0.9090909361839294
1193;0.003501649247482419;0.9860140085220337
1194;0.005010149907320738;0.8951048851013184
1195;0.004920746199786663;0.867132842540741
1196;0.004874465987086296;0.9370629191398621
1197;0.0037283943966031075;0.9930070042610168
1198;0.0038858496118336916;0.9930070042610168
1199;0.00487322174012661;0.867132842540741
1200;0.003905133344233036;0.9510489702224731
1201;0.003590324893593788;0.9790209531784058
1202;0.0032241581939160824;0.9790209531784058
1203;0.0034471945837140083;0.9930070042610168
1204;0.003276734845712781;0.9720279574394226
1205;0.00320004066452384;0.9790209531784058
1206;0.002848331816494465;0.9790209531784058
1207;0.002966339932754636;1.0
1208;0.0029026183765381575;1.0
1209;0.0029160925187170506;0.9930070042610168
1210;0.0027354424819350243;1.0
1211;0.002726304344832897;0.9860140085220337
1212;0.0028941172640770674;0.9860140085220337
1213;0.0025177013594657183;1.0
1214;0.0024919863790273666;0.9930070042610168
1215;0.002593688666820526;0.9790209531784058
1216;0.00239423755556345;0.9930070042610168
1217;0.0025856124702841043;0.9860140085220337
1218;0.002734765177592635;0.9790209531784058
1219;0.0026338896714150906;0.9650349617004395
1220;0.002819856395944953;0.9580419659614563
1221;0.0027177194133400917;0.9650349617004395
1222;0.0023836290929466486;0.9790209531784058
1223;0.0031324527226388454;0.9300699234008789
1224;0.002569698030129075;1.0
1225;0.002516066422685981;0.9860140085220337
1226;0.002459379378706217;0.9790209531784058
1227;0.002406999235972762;0.9930070042610168
1228;0.0023762162309139967;0.9860140085220337
1229;0.0023587732575833797;1.0
1230;0.002099412027746439;1.0
1231;0.002264617243781686;0.9860140085220337
1232;0.002193465596064925;0.9930070042610168
1233;0.0022185128182172775;0.9860140085220337
1234;0.002107773208990693;0.9790209531784058
1235;0.00215928815305233;0.9930070042610168
1236;0.002248381730169058;0.9790209531784058
1237;0.002116517396643758;1.0
1238;0.0021724561229348183;0.9930070042610168
1239;0.001972982194274664;1.0
1240;0.00218735309317708;1.0
1241;0.0019044317305088043;1.0
1242;0.002140342490747571;1.0
1243;0.0023838155902922153;1.0
1244;0.002155747963115573;1.0
1245;0.001981134060770273;1.0
1246;0.0019552784506231546;0.9930070042610168
1247;0.001892296364530921;1.0
1248;0.0019851424731314182;1.0
1249;0.0018814802169799805;1.0
1250;0.0021396398078650236;1.0
1251;0.0019386581843718886;1.0
1252;0.0020736053120344877;0.9860140085220337
1253;0.0019249912584200501;1.0
1254;0.001801398815587163;1.0
1255;0.001848423620685935;1.0
1256;0.00204476504586637;1.0
1257;0.001925933756865561;1.0
1258;0.002076338976621628;0.9930070042610168
1259;0.001995343016460538;0.9930070042610168
1260;0.0019695961382240057;0.9930070042610168
1261;0.0020130157936364412;0.9930070042610168
1262;0.002017548307776451;0.9790209531784058
1263;0.0018671880243346095;0.9930070042610168
1264;0.0018496104748919606;1.0
1265;0.001914856256917119;1.0
1266;0.0019194718915969133;1.0
1267;0.0017426275881007314;1.0
1268;0.0018024374730885029;1.0
1269;0.0019147108541801572;1.0
1270;0.001877238624729216;1.0
1271;0.0018897578120231628;1.0
1272;0.0018817554228007793;1.0
1273;0.0018872771179303527;1.0
1274;0.002147361868992448;0.9790209531784058
1275;0.0017223218455910683;1.0
1276;0.0017809176351875067;1.0
1277;0.0024843341670930386;0.9370629191398621
1278;0.0020731238182634115;0.9790209531784058
1279;0.001782556064426899;1.0
1280;0.0025330246426165104;0.9510489702224731
1281;0.002240074798464775;0.9650349617004395
1282;0.0017356685129925609;1.0
1283;0.0017173098167404532;1.0
1284;0.002223388059064746;0.9860140085220337
1285;0.002362537197768688;0.9580419659614563
1286;0.0018434930825605989;1.0
1287;0.0016946080140769482;1.0
1288;0.0021632693242281675;0.9930070042610168
1289;0.0017941418336704373;0.9930070042610168
1290;0.0019782702438533306;1.0
1291;0.001737578772008419;1.0
1292;0.0018002151045948267;1.0
1293;0.001676464919000864;1.0
1294;0.001798305194824934;1.0
1295;0.0017206281190738082;0.9930070042610168
1296;0.001935239415615797;1.0
1297;0.0019166148267686367;0.9930070042610168
1298;0.0019181609386578202;0.9930070042610168
1299;0.0018212134018540382;0.9930070042610168
1300;0.001914504449814558;1.0
1301;0.0019694403745234013;0.9930070042610168
1302;0.0015958710573613644;1.0
1303;0.001995350932702422;0.9860140085220337
1304;0.0017771151615306735;0.9930070042610168
1305;0.0019448305247351527;0.9860140085220337
1306;0.001958011882379651;1.0
1307;0.0017065675929188728;1.0
1308;0.0017901445971801877;1.0
1309;0.0018769219750538468;1.0
1310;0.0018861989956349134;1.0
1311;0.0018332473700866103;1.0
1312;0.0019892530981451273;0.9860140085220337
1313;0.0016064191004261374;1.0
1314;0.001736229402013123;1.0
1315;0.0022411339450627565;0.9440559148788452
1316;0.0019329265924170613;0.9860140085220337
1317;0.0016881679184734821;1.0
1318;0.002073070500046015;0.9860140085220337
1319;0.0015777184162288904;1.0
1320;0.001739269238896668;1.0
1321;0.001541315345093608;1.0
1322;0.0017444492550566792;1.0
1323;0.0019374534022063017;0.9790209531784058
1324;0.0016134465113282204;1.0
1325;0.0015534610720351338;1.0
1326;0.0016128800343722105;1.0
1327;0.0018797754310071468;1.0
1328;0.00160866545047611;1.0
1329;0.0015853600343689322;1.0
1330;0.0015010141069069505;1.0
1331;0.0018077210988849401;1.0
1332;0.0015349244931712747;1.0
1333;0.001696198247373104;1.0
1334;0.001843963866122067;1.0
1335;0.0020373642910271883;0.9860140085220337
1336;0.0016757592093199492;1.0
1337;0.0018232548609375954;0.9860140085220337
1338;0.002393504371866584;0.9860140085220337
1339;0.001600300776772201;1.0
1340;0.0017901980318129063;1.0
1341;0.0018115926068276167;1.0
1342;0.00172408705111593;1.0
1343;0.0016873078420758247;1.0
1344;0.0017529571196064353;0.9930070042610168
1345;0.001815436757169664;1.0
1346;0.0017399877542629838;1.0
1347;0.0015683450037613511;1.0
1348;0.0016692817443981767;1.0
1349;0.001761063584126532;1.0
1350;0.001676042564213276;1.0
1351;0.001828000065870583;1.0
1352;0.001525237108580768;1.0
1353;0.001579762902110815;1.0
1354;0.0020427072886377573;0.9720279574394226
1355;0.0015108819352462888;1.0
1356;0.0016935743624344468;1.0
1357;0.0021983212791383266;0.9580419659614563
1358;0.0016542866360396147;1.0
1359;0.0016031671548262239;1.0
1360;0.0020691079553216696;0.9580419659614563
1361;0.0019245536532253027;0.9860140085220337
1362;0.0015115422429516912;1.0
1363;0.001724534435197711;1.0
1364;0.0016817308496683836;1.0
1365;0.0015543017070740461;1.0
1366;0.0015675623435527086;1.0
1367;0.0017710212850943208;1.0
1368;0.0015715548070147634;1.0
1369;0.0015291939489543438;1.0
1370;0.0015665796818211675;1.0
1371;0.0015688047278672457;1.0
1372;0.0014840919757261872;1.0
1373;0.0015148521633818746;1.0
1374;0.001638961723074317;1.0
1375;0.001480536418966949;1.0
1376;0.0014212558744475245;1.0
1377;0.0016150744631886482;1.0
1378;0.0015916783595457673;1.0
1379;0.001377047854475677;1.0
1380;0.0015630132984369993;1.0
1381;0.0014154986711218953;1.0
1382;0.0014379025669768453;1.0
1383;0.0014956939266994596;1.0
1384;0.001622755778953433;0.9930070042610168
1385;0.0014981101267039776;1.0
1386;0.0013501017820090055;1.0
1387;0.0015891108196228743;1.0
1388;0.0014982911525294185;1.0
1389;0.0013574296608567238;1.0
1390;0.0014286207733675838;1.0
1391;0.0014900146052241325;1.0
1392;0.0017565941670909524;1.0
1393;0.0014232755638659;1.0
1394;0.001327222096733749;1.0
1395;0.00148389907553792;1.0
1396;0.0015779407694935799;1.0
1397;0.0014951139455661178;1.0
1398;0.0014585715252906084;1.0
1399;0.0015015917597338557;1.0
1400;0.0016705484595149755;1.0
1401;0.0014921406982466578;1.0
1402;0.0016050079138949513;1.0
1403;0.0016540654469281435;1.0
1404;0.0014748376561328769;1.0
1405;0.001295491587370634;1.0
1406;0.0013921346981078386;1.0
1407;0.0014352017315104604;1.0
1408;0.001608424005098641;1.0
1409;0.0015775460051372647;1.0
1410;0.0014289850369095802;1.0
1411;0.0016729221679270267;1.0
1412;0.0017384818056598306;1.0
1413;0.0017018988728523254;1.0
1414;0.0023308969102799892;0.9720279574394226
1415;0.0018863592995330691;1.0
1416;0.0017478946829214692;1.0
1417;0.0024061461444944143;0.9650349617004395
1418;0.0015512072714045644;1.0
1419;0.0018137202132493258;1.0
1420;0.002508808160200715;0.9440559148788452
1421;0.0018354797502979636;1.0
1422;0.0019966524560004473;0.9930070042610168
1423;0.0023477072827517986;0.9300699234008789
1424;0.0016769049689173698;1.0
1425;0.0015545196365565062;1.0
1426;0.0018638682086020708;1.0
1427;0.0016125431284308434;1.0
1428;0.0018984538037329912;1.0
1429;0.0015478265704587102;1.0
1430;0.0017880568047985435;1.0
1431;0.002368505345657468;0.9510489702224731
1432;0.001618259702809155;1.0
1433;0.0015794266946613789;1.0
1434;0.0015993481501936913;1.0
1435;0.0016917522298172116;1.0
1436;0.0016193198971450329;1.0
1437;0.0014762688660994172;1.0
1438;0.0014074366772547364;1.0
1439;0.0015525923809036613;1.0
1440;0.0015543557237833738;1.0
1441;0.001476628938689828;1.0
1442;0.0013952559093013406;1.0
1443;0.0015690939035266638;1.0
1444;0.0014610937796533108;1.0
1445;0.0015696153277531266;0.9860140085220337
1446;0.0015531964600086212;1.0
1447;0.0013897242024540901;1.0
1448;0.0013428510865196586;1.0
1449;0.0013895253650844097;1.0
1450;0.0014195780968293548;1.0
1451;0.0014203295577317476;1.0
1452;0.0015747115248814225;1.0
1453;0.0012837734539061785;1.0
1454;0.0014871000312268734;1.0
1455;0.0013102575903758407;1.0
1456;0.001432292629033327;1.0
1457;0.0015317711513489485;1.0
1458;0.0012940950691699982;1.0
1459;0.001352135674096644;1.0
1460;0.0014189097564667463;1.0
1461;0.0013207948068156838;1.0
1462;0.001302004442550242;1.0
1463;0.0013488425174728036;1.0
1464;0.0014233945403248072;1.0
1465;0.0013598043005913496;1.0
1466;0.0015200063353404403;1.0
1467;0.0014891375321894884;1.0
1468;0.0012893476523458958;1.0
1469;0.0014276582514867187;1.0
1470;0.001342089963145554;1.0
1471;0.0012603556970134377;1.0
1472;0.0013696898240596056;1.0
1473;0.0013312846422195435;1.0
1474;0.0013562351232394576;1.0
1475;0.0013034811709076166;1.0
1476;0.001334244036115706;1.0
1477;0.0013050842098891735;1.0
1478;0.0014703996712341905;0.9930070042610168
1479;0.0013426500372588634;1.0
1480;0.002094464609399438;1.0
1481;0.0021462910808622837;0.9860140085220337
1482;0.0014624805189669132;1.0
1483;0.001557668438181281;1.0
1484;0.0019797179847955704;1.0
1485;0.0018417222891002893;1.0
1486;0.0016592772444710135;1.0
1487;0.0015624734805896878;1.0
1488;0.001561619690619409;1.0
1489;0.0017190694343298674;1.0
1490;0.0017522743437439203;0.9930070042610168
1491;0.0017789797857403755;1.0
1492;0.0013852944830432534;1.0
1493;0.0015375211369246244;0.9930070042610168
1494;0.0015305704437196255;0.9860140085220337
1495;0.0019508309196680784;0.9930070042610168
1496;0.001520419609732926;0.9930070042610168
1497;0.0012339975219219923;1.0
1498;0.0012886736076325178;1.0
1499;0.0013660978293046355;1.0
