iteration;loss;accuracy
0;0.03978051245212555;0.08620689809322357
1;0.03663630038499832;0.08620689809322357
2;0.03520644083619118;0.12068965286016464
3;0.03498568385839462;0.1551724076271057
4;0.03467083349823952;0.18103447556495667
5;0.03418813645839691;0.18103447556495667
6;0.03402654826641083;0.23275862634181976
7;0.03381655737757683;0.23275862634181976
8;0.03356661647558212;0.2586206793785095
9;0.0335870124399662;0.21551723778247833
10;0.03299139440059662;0.3017241358757019
11;0.033125411719083786;0.22413793206214905
12;0.032670892775058746;0.24137930572032928
13;0.03180797025561333;0.26724138855934143
14;0.031570013612508774;0.31896552443504333
15;0.0306997187435627;0.3448275923728943
16;0.031016623601317406;0.4051724076271057
17;0.030656956136226654;0.3362068831920624
18;0.030186727643013;0.36206895112991333
19;0.030316367745399475;0.38793104887008667
20;0.030004490166902542;0.3534482717514038
21;0.02938835695385933;0.4137931168079376
22;0.02893383428454399;0.5
23;0.028996959328651428;0.47413793206214905
24;0.029023826122283936;0.4482758641242981
25;0.028177449479699135;0.48275861144065857
26;0.027980554848909378;0.48275861144065857
27;0.027357781305909157;0.5431034564971924
28;0.027685903012752533;0.5258620977401733
29;0.02687969245016575;0.568965494632721
30;0.026231912896037102;0.5517241358757019
31;0.026568999513983727;0.5431034564971924
32;0.025557084009051323;0.5775862336158752
33;0.025292446836829185;0.5775862336158752
34;0.024352924898266792;0.5862069129943848
35;0.024541223421692848;0.6034482717514038
36;0.024149663746356964;0.5862069129943848
37;0.023357724770903587;0.5948275923728943
38;0.02261412888765335;0.6637930870056152
39;0.022630803287029266;0.6379310488700867
40;0.021419977769255638;0.6379310488700867
41;0.022181956097483635;0.6637930870056152
42;0.021109266206622124;0.681034505367279
43;0.020902417600154877;0.6896551847457886
44;0.02074197493493557;0.6206896305084229
45;0.020659131929278374;0.6896551847457886
46;0.019961098209023476;0.681034505367279
47;0.020362846553325653;0.6724137663841248
48;0.01913902349770069;0.7068965435028076
49;0.018642639741301537;0.732758641242981
50;0.01875327341258526;0.7413793206214905
51;0.01790500059723854;0.75
52;0.017734147608280182;0.732758641242981
53;0.01738841086626053;0.7586206793785095
54;0.017576195299625397;0.75
55;0.01754937507212162;0.767241358757019
56;0.01650020107626915;0.767241358757019
57;0.016593724489212036;0.767241358757019
58;0.01613670401275158;0.7758620977401733
59;0.015994848683476448;0.7758620977401733
60;0.015661923214793205;0.7844827771186829
61;0.01513088308274746;0.7844827771186829
62;0.01501344796270132;0.8017241358757019
63;0.014575311914086342;0.7931034564971924
64;0.014758761040866375;0.7844827771186829
65;0.014356488361954689;0.8017241358757019
66;0.013756525702774525;0.7931034564971924
67;0.014095660299062729;0.7931034564971924
68;0.014368457719683647;0.7844827771186829
69;0.013181077316403389;0.7931034564971924
70;0.013549922965466976;0.8017241358757019
71;0.013240349479019642;0.7931034564971924
72;0.013285662978887558;0.7931034564971924
73;0.013489842414855957;0.7931034564971924
74;0.01271530706435442;0.7931034564971924
75;0.013294440694153309;0.7844827771186829
76;0.012878740206360817;0.7931034564971924
77;0.01320254523307085;0.8103448152542114
78;0.012061093933880329;0.8103448152542114
79;0.012488926760852337;0.7931034564971924
80;0.012136569246649742;0.818965494632721
81;0.012093615718185902;0.818965494632721
82;0.011498477309942245;0.8017241358757019
83;0.011550849303603172;0.818965494632721
84;0.01165336649864912;0.818965494632721
85;0.011355774477124214;0.818965494632721
86;0.0116408197209239;0.8017241358757019
87;0.01151896920055151;0.8362069129943848
88;0.011521060019731522;0.818965494632721
89;0.011100509203970432;0.7931034564971924
90;0.01138966903090477;0.8448275923728943
91;0.011222598142921925;0.8793103694915771
92;0.010895906947553158;0.8793103694915771
93;0.01079013105481863;0.8448275923728943
94;0.011595054529607296;0.8706896305084229
95;0.010907422751188278;0.8620689511299133
96;0.01076518651098013;0.8362069129943848
97;0.011224820278584957;0.818965494632721
98;0.010090869851410389;0.8706896305084229
99;0.011702927760779858;0.8620689511299133
100;0.009912150911986828;0.8706896305084229
101;0.010777213610708714;0.8706896305084229
102;0.009914873167872429;0.8706896305084229
103;0.009989654645323753;0.9051724076271057
104;0.009354408830404282;0.8965517282485962
105;0.010221532545983791;0.8793103694915771
106;0.00887205358594656;0.8965517282485962
107;0.010106053203344345;0.9137930870056152
108;0.009735801257193089;0.9137930870056152
109;0.009595537558197975;0.8965517282485962
110;0.00936733465641737;0.9137930870056152
111;0.009773042984306812;0.8793103694915771
112;0.0086322370916605;0.9051724076271057
113;0.008441079407930374;0.9224137663841248
114;0.008668279275298119;0.9051724076271057
115;0.009322148747742176;0.8706896305084229
116;0.008671779185533524;0.931034505367279
117;0.00853615440428257;0.931034505367279
118;0.00867671612650156;0.931034505367279
119;0.008601185865700245;0.931034505367279
120;0.007811799645423889;0.9137930870056152
121;0.008264129050076008;0.931034505367279
122;0.007584596984088421;0.9137930870056152
123;0.007939109578728676;0.9137930870056152
124;0.007835397496819496;0.9224137663841248
125;0.008050702512264252;0.931034505367279
126;0.007852848619222641;0.931034505367279
127;0.007554539479315281;0.9482758641242981
128;0.007317892275750637;0.9224137663841248
129;0.007334019523113966;0.931034505367279
130;0.006706820800900459;0.9224137663841248
131;0.007586596067994833;0.931034505367279
132;0.007304478902369738;0.931034505367279
133;0.007543753366917372;0.9482758641242981
134;0.00728256069123745;0.931034505367279
135;0.007734141778200865;0.931034505367279
136;0.007068848703056574;0.931034505367279
137;0.006548626348376274;0.931034505367279
138;0.007257475052028894;0.931034505367279
139;0.006632792763411999;0.9224137663841248
140;0.006832320708781481;0.9137930870056152
141;0.007159835193306208;0.9224137663841248
142;0.006814907770603895;0.9137930870056152
143;0.007184873800724745;0.931034505367279
144;0.0059463949874043465;0.931034505367279
145;0.007158124353736639;0.931034505367279
146;0.006906639318913221;0.9224137663841248
147;0.0068242913112044334;0.931034505367279
148;0.006668053101748228;0.931034505367279
149;0.00784122571349144;0.931034505367279
150;0.006904976442456245;0.9137930870056152
151;0.008278686553239822;0.9137930870056152
152;0.0067233373410999775;0.9137930870056152
153;0.008695811964571476;0.8534482717514038
154;0.016779646277427673;0.7413793206214905
155;0.006852989085018635;0.931034505367279
156;0.014025203883647919;0.8017241358757019
157;0.010650627315044403;0.8620689511299133
158;0.008288820274174213;0.8879310488700867
159;0.010295586660504341;0.8793103694915771
160;0.010485092177987099;0.9137930870056152
161;0.00945527944713831;0.931034505367279
162;0.008204955607652664;0.9224137663841248
163;0.008034134283661842;0.9482758641242981
164;0.008383983746170998;0.9051724076271057
165;0.008037296123802662;0.9224137663841248
166;0.007697579450905323;0.9224137663841248
167;0.007899841293692589;0.9482758641242981
168;0.007854119874536991;0.9396551847457886
169;0.00707677798345685;0.931034505367279
170;0.006701011210680008;0.9224137663841248
171;0.007112169172614813;0.931034505367279
172;0.007256995886564255;0.931034505367279
173;0.006778326816856861;0.9396551847457886
174;0.00661215465515852;0.931034505367279
175;0.006603903602808714;0.931034505367279
176;0.0064996336586773396;0.9396551847457886
177;0.0066390205174684525;0.931034505367279
178;0.006326423492282629;0.9224137663841248
179;0.0064200772903859615;0.9224137663841248
180;0.006443437188863754;0.9051724076271057
181;0.006627833936363459;0.9137930870056152
182;0.006110444199293852;0.931034505367279
183;0.005976127926260233;0.9396551847457886
184;0.006127654109150171;0.931034505367279
185;0.006085523869842291;0.9224137663841248
186;0.00611305283382535;0.931034505367279
187;0.005415771622210741;0.931034505367279
188;0.005853686481714249;0.9396551847457886
189;0.005937517154961824;0.9396551847457886
190;0.005920010153204203;0.9396551847457886
191;0.00600642804056406;0.931034505367279
192;0.005745213013142347;0.931034505367279
193;0.006043123081326485;0.931034505367279
194;0.005997121334075928;0.931034505367279
195;0.0057088471949100494;0.931034505367279
196;0.0052596526220440865;0.9396551847457886
197;0.0056344252079725266;0.931034505367279
198;0.00561350304633379;0.9224137663841248
199;0.005467826500535011;0.931034505367279
200;0.005215165205299854;0.9482758641242981
201;0.0056763263419270515;0.9396551847457886
202;0.005326492711901665;0.9482758641242981
203;0.005489967297762632;0.931034505367279
204;0.0060745421797037125;0.931034505367279
205;0.005377252120524645;0.9396551847457886
206;0.005535201635211706;0.9396551847457886
207;0.0052935038693249226;0.9396551847457886
208;0.0053001646883785725;0.931034505367279
209;0.005472744815051556;0.9137930870056152
210;0.005714235361665487;0.931034505367279
211;0.006103881634771824;0.9396551847457886
212;0.005375492386519909;0.9224137663841248
213;0.005930823273956776;0.931034505367279
214;0.005185429938137531;0.931034505367279
215;0.004878583364188671;0.9396551847457886
216;0.005254699382930994;0.9396551847457886
217;0.00553171057254076;0.931034505367279
218;0.005089759360998869;0.931034505367279
219;0.0055872793309390545;0.9224137663841248
220;0.005413643084466457;0.931034505367279
221;0.005224816035479307;0.9224137663841248
222;0.005056330934166908;0.931034505367279
223;0.005290790926665068;0.9396551847457886
224;0.00517399562522769;0.9224137663841248
225;0.005427405703812838;0.931034505367279
226;0.00593053363263607;0.931034505367279
227;0.005816066637635231;0.9137930870056152
228;0.00522241136059165;0.9224137663841248
229;0.005426641553640366;0.9137930870056152
230;0.005095664877444506;0.931034505367279
231;0.005010392516851425;0.9396551847457886
232;0.00500068673864007;0.931034505367279
233;0.005148854106664658;0.931034505367279
234;0.005612810142338276;0.931034505367279
235;0.005372064188122749;0.931034505367279
236;0.00552035728469491;0.9224137663841248
237;0.004672003909945488;0.931034505367279
238;0.005179536994546652;0.931034505367279
239;0.005051338579505682;0.9396551847457886
240;0.005744773894548416;0.9224137663841248
241;0.00523769436404109;0.9224137663841248
242;0.0048678480088710785;0.9396551847457886
243;0.004773940425366163;0.931034505367279
244;0.005146760959178209;0.9396551847457886
245;0.005281311925500631;0.931034505367279
246;0.0051210359670221806;0.931034505367279
247;0.00545291556045413;0.9224137663841248
248;0.005190849769860506;0.9224137663841248
249;0.00492671225219965;0.9224137663841248
250;0.00476613687351346;0.9482758641242981
251;0.0052085937932133675;0.931034505367279
252;0.004927477333694696;0.9224137663841248
253;0.004991136025637388;0.931034505367279
254;0.0051734065636992455;0.9224137663841248
255;0.0049036056734621525;0.9137930870056152
256;0.004660859238356352;0.9482758641242981
257;0.005190971307456493;0.931034505367279
258;0.004891353193670511;0.9396551847457886
259;0.005444125737994909;0.9051724076271057
260;0.004837177228182554;0.931034505367279
261;0.0049201990477740765;0.9224137663841248
262;0.005091371946036816;0.9224137663841248
263;0.004719567485153675;0.9396551847457886
264;0.005063038319349289;0.931034505367279
265;0.0052069369703531265;0.9224137663841248
266;0.004591132514178753;0.9396551847457886
267;0.005093080922961235;0.9396551847457886
268;0.0054620858281850815;0.9224137663841248
269;0.004674332682043314;0.9224137663841248
270;0.004930023569613695;0.931034505367279
271;0.005224930588155985;0.9224137663841248
272;0.0051066577434539795;0.931034505367279
273;0.004624988883733749;0.931034505367279
274;0.0048471903428435326;0.9224137663841248
275;0.005220678634941578;0.931034505367279
276;0.004647716414183378;0.9482758641242981
277;0.004944931715726852;0.931034505367279
278;0.0049117389135062695;0.9224137663841248
279;0.004905086942017078;0.931034505367279
280;0.00480007054284215;0.931034505367279
281;0.004814746789634228;0.931034505367279
282;0.004591022618114948;0.9482758641242981
283;0.004875718615949154;0.931034505367279
284;0.004751829896122217;0.9224137663841248
285;0.004667330998927355;0.9051724076271057
286;0.0047186980955302715;0.9137930870056152
287;0.004669618792831898;0.9396551847457886
288;0.004803163465112448;0.931034505367279
289;0.0047978125512599945;0.9137930870056152
290;0.004871549550443888;0.931034505367279
291;0.00470364885404706;0.9224137663841248
292;0.004804525524377823;0.931034505367279
293;0.004752839915454388;0.9396551847457886
294;0.0045634182170033455;0.9482758641242981
295;0.004793895408511162;0.9224137663841248
296;0.004883787594735622;0.931034505367279
297;0.004742161836475134;0.9224137663841248
298;0.00465879961848259;0.9482758641242981
299;0.004587152041494846;0.931034505367279
300;0.004599117208272219;0.931034505367279
301;0.0049066911451518536;0.9224137663841248
302;0.005069083068519831;0.9224137663841248
303;0.004796139430254698;0.9396551847457886
304;0.004992152564227581;0.9224137663841248
305;0.0049043335020542145;0.9224137663841248
306;0.004668088164180517;0.931034505367279
307;0.004910544026643038;0.9224137663841248
308;0.005075477529317141;0.9051724076271057
309;0.004623157437890768;0.9224137663841248
310;0.004512219689786434;0.931034505367279
311;0.004838571883738041;0.9137930870056152
312;0.004210555460304022;0.9224137663841248
313;0.004705286584794521;0.9051724076271057
314;0.004429043736308813;0.9482758641242981
315;0.004939582198858261;0.9051724076271057
316;0.0047742645256221294;0.931034505367279
317;0.004489173647016287;0.9396551847457886
318;0.004585423041135073;0.931034505367279
319;0.0048021734692156315;0.931034505367279
320;0.004660588689148426;0.931034505367279
321;0.004634983837604523;0.931034505367279
322;0.0047280993312597275;0.9224137663841248
323;0.0048003774136304855;0.9137930870056152
324;0.004875922575592995;0.9224137663841248
325;0.004633062053471804;0.9137930870056152
326;0.0041027553379535675;0.9482758641242981
327;0.0043603116646409035;0.931034505367279
328;0.004655157215893269;0.9482758641242981
329;0.004426713567227125;0.9396551847457886
330;0.004732194356620312;0.9224137663841248
331;0.00433514267206192;0.931034505367279
332;0.004720303695648909;0.931034505367279
333;0.004864327609539032;0.931034505367279
334;0.004887059796601534;0.9224137663841248
335;0.004307224880903959;0.9396551847457886
336;0.004292313475161791;0.931034505367279
337;0.004328253213316202;0.931034505367279
338;0.00448554428294301;0.931034505367279
339;0.004625309724360704;0.9396551847457886
340;0.0045052943751215935;0.931034505367279
341;0.004507927224040031;0.9137930870056152
342;0.004467720165848732;0.931034505367279
343;0.0042763398960232735;0.9482758641242981
344;0.004667803179472685;0.9224137663841248
345;0.0045434292405843735;0.931034505367279
346;0.0047593023627996445;0.9224137663841248
347;0.0044255428947508335;0.931034505367279
348;0.005044921766966581;0.9137930870056152
349;0.004625058267265558;0.9396551847457886
350;0.004336487036198378;0.931034505367279
351;0.004497344605624676;0.931034505367279
352;0.004547584801912308;0.931034505367279
353;0.00426406878978014;0.9224137663841248
354;0.004609343595802784;0.9224137663841248
355;0.004190633073449135;0.9482758641242981
356;0.004406100604683161;0.9224137663841248
357;0.0045806835405528545;0.931034505367279
358;0.004190864972770214;0.931034505367279
359;0.0045522344298660755;0.931034505367279
360;0.0047071450389921665;0.8965517282485962
361;0.004651681985706091;0.931034505367279
362;0.004440982360392809;0.931034505367279
363;0.00496335607022047;0.9137930870056152
364;0.004427011124789715;0.9137930870056152
365;0.004819197114557028;0.931034505367279
366;0.0045700883492827415;0.931034505367279
367;0.004522575531154871;0.9224137663841248
368;0.004316660575568676;0.9051724076271057
369;0.004329649731516838;0.931034505367279
370;0.004130175337195396;0.9396551847457886
371;0.004599906969815493;0.9224137663841248
372;0.004477826878428459;0.9224137663841248
373;0.004351956769824028;0.9396551847457886
374;0.004221987910568714;0.9224137663841248
375;0.004513871856033802;0.9224137663841248
376;0.003908452112227678;0.9396551847457886
377;0.004660265054553747;0.931034505367279
378;0.004397651646286249;0.9224137663841248
379;0.004283177200704813;0.9396551847457886
380;0.004480999894440174;0.9224137663841248
381;0.00471423240378499;0.931034505367279
382;0.004037178587168455;0.931034505367279
383;0.004275719169527292;0.9396551847457886
384;0.004284458700567484;0.9224137663841248
385;0.004486668389290571;0.9224137663841248
386;0.004428864922374487;0.9137930870056152
387;0.00415906123816967;0.931034505367279
388;0.004162836819887161;0.9224137663841248
389;0.004166797269135714;0.931034505367279
390;0.004489704500883818;0.931034505367279
391;0.0047950842417776585;0.9224137663841248
392;0.004500581417232752;0.931034505367279
393;0.0043329824693500996;0.931034505367279
394;0.004191296640783548;0.9396551847457886
395;0.0045383223332464695;0.931034505367279
396;0.004454134032130241;0.931034505367279
397;0.004389097914099693;0.9396551847457886
398;0.004538082052022219;0.9224137663841248
399;0.004094681702554226;0.931034505367279
400;0.0047125318087637424;0.9224137663841248
401;0.004266807809472084;0.9396551847457886
402;0.004533336963504553;0.931034505367279
403;0.0042945994064211845;0.9224137663841248
404;0.004269500728696585;0.9224137663841248
405;0.004200418014079332;0.931034505367279
406;0.0048132180236279964;0.931034505367279
407;0.004406903870403767;0.8965517282485962
408;0.004292369820177555;0.931034505367279
409;0.00406477227807045;0.9482758641242981
410;0.00415217038244009;0.9396551847457886
411;0.004187820013612509;0.9482758641242981
412;0.004207665100693703;0.931034505367279
413;0.004238436464220285;0.9224137663841248
414;0.003985864110291004;0.9224137663841248
415;0.004529498051851988;0.9137930870056152
416;0.004237321205437183;0.931034505367279
417;0.004026063717901707;0.931034505367279
418;0.0043268995359539986;0.931034505367279
419;0.00449644448235631;0.931034505367279
420;0.003984787967056036;0.9396551847457886
421;0.004161148797720671;0.931034505367279
422;0.004254285711795092;0.931034505367279
423;0.004193977452814579;0.931034505367279
424;0.004385283216834068;0.9396551847457886
425;0.004606249742209911;0.9224137663841248
426;0.004303005523979664;0.9396551847457886
427;0.003920395392924547;0.9396551847457886
428;0.004092459566891193;0.9396551847457886
429;0.004082186613231897;0.9482758641242981
430;0.004302904475480318;0.9137930870056152
431;0.004499858245253563;0.9224137663841248
432;0.004107008688151836;0.931034505367279
433;0.004030384588986635;0.931034505367279
434;0.003973907325416803;0.9396551847457886
435;0.004377407021820545;0.931034505367279
436;0.004440090153366327;0.9137930870056152
437;0.004370605573058128;0.9224137663841248
438;0.00389087270013988;0.9396551847457886
439;0.004350477829575539;0.9137930870056152
440;0.004509057849645615;0.9137930870056152
441;0.004455707035958767;0.9224137663841248
442;0.004102798644453287;0.9224137663841248
443;0.004347966518253088;0.931034505367279
444;0.0042475550435483456;0.9396551847457886
445;0.0041885231621563435;0.931034505367279
446;0.004390696529299021;0.931034505367279
447;0.00436216639354825;0.9051724076271057
448;0.003996029030531645;0.9224137663841248
449;0.00441767880693078;0.9137930870056152
450;0.004201069939881563;0.931034505367279
451;0.004001027904450893;0.9396551847457886
452;0.003996622283011675;0.9396551847457886
453;0.00430339528247714;0.9137930870056152
454;0.004063011147081852;0.9224137663841248
455;0.004289356060326099;0.9396551847457886
456;0.004304587375372648;0.9224137663841248
457;0.004454101901501417;0.9224137663841248
458;0.0038578123785555363;0.9396551847457886
459;0.003768241498619318;0.931034505367279
460;0.004128640983253717;0.931034505367279
461;0.0039015852380543947;0.931034505367279
462;0.004283788613975048;0.9224137663841248
463;0.004264626652002335;0.931034505367279
464;0.0042332871817052364;0.9137930870056152
465;0.0039628720842301846;0.9224137663841248
466;0.003983304835855961;0.931034505367279
467;0.004035543650388718;0.9482758641242981
468;0.004056248348206282;0.9224137663841248
469;0.004071543458849192;0.9224137663841248
470;0.0038950771559029818;0.9482758641242981
471;0.0039883689023554325;0.9482758641242981
472;0.003783873049542308;0.9224137663841248
473;0.0042929695919156075;0.9224137663841248
474;0.003959592431783676;0.9482758641242981
475;0.0037247955333441496;0.9482758641242981
476;0.004061518236994743;0.931034505367279
477;0.00400074478238821;0.9224137663841248
478;0.0040662563405931;0.931034505367279
479;0.004062781576067209;0.9137930870056152
480;0.0036556432023644447;0.9396551847457886
481;0.004280393477529287;0.9224137663841248
482;0.004014786332845688;0.9396551847457886
483;0.004113723523914814;0.931034505367279
484;0.004013233818113804;0.931034505367279
485;0.004099777899682522;0.9224137663841248
486;0.004066174849867821;0.9482758641242981
487;0.0041142660193145275;0.931034505367279
488;0.004404698498547077;0.9224137663841248
489;0.0037998047191649675;0.9396551847457886
490;0.004032180644571781;0.931034505367279
491;0.003870714223012328;0.931034505367279
492;0.004232391715049744;0.9137930870056152
493;0.004196536727249622;0.9396551847457886
494;0.003998275846242905;0.9396551847457886
495;0.0040091765113174915;0.9396551847457886
496;0.004023237153887749;0.931034505367279
497;0.00408387603238225;0.9224137663841248
498;0.003939175046980381;0.931034505367279
499;0.0037450322415679693;0.9396551847457886
500;0.003581130877137184;0.9396551847457886
501;0.004318575840443373;0.9137930870056152
502;0.004012071527540684;0.9224137663841248
503;0.004211797378957272;0.9396551847457886
504;0.003849971806630492;0.931034505367279
505;0.004177321679890156;0.931034505367279
506;0.004023395013064146;0.9224137663841248
507;0.003894566558301449;0.931034505367279
508;0.004347963258624077;0.9224137663841248
509;0.0037640323862433434;0.9568965435028076
510;0.0038298016879707575;0.9224137663841248
511;0.003882093820720911;0.9224137663841248
512;0.003746149130165577;0.9396551847457886
513;0.003884087549522519;0.9224137663841248
514;0.0038196209352463484;0.931034505367279
515;0.003847250249236822;0.9396551847457886
516;0.003943147603422403;0.9224137663841248
517;0.003851067740470171;0.9482758641242981
518;0.0038072681054472923;0.931034505367279
519;0.004052844829857349;0.9137930870056152
520;0.0038939309306442738;0.9396551847457886
521;0.003800455015152693;0.9224137663841248
522;0.00394874531775713;0.9396551847457886
523;0.0037033050321042538;0.9482758641242981
524;0.0037003830075263977;0.9224137663841248
525;0.0037987821269780397;0.931034505367279
526;0.00406959094107151;0.9224137663841248
527;0.004078105092048645;0.9396551847457886
528;0.004083992913365364;0.9396551847457886
529;0.003825423074886203;0.9224137663841248
530;0.0038586503360420465;0.9396551847457886
531;0.004062099382281303;0.9224137663841248
532;0.003794009331613779;0.9482758641242981
533;0.004046016838401556;0.9224137663841248
534;0.003589028725400567;0.9396551847457886
535;0.003963758237659931;0.9224137663841248
536;0.003977720160037279;0.9224137663841248
537;0.0035743876360356808;0.9568965435028076
538;0.0038196316454559565;0.9396551847457886
539;0.004008852411061525;0.931034505367279
540;0.0038268703501671553;0.9224137663841248
541;0.004023693036288023;0.9482758641242981
542;0.004020586144179106;0.9396551847457886
543;0.003538886085152626;0.9396551847457886
544;0.004171960521489382;0.9137930870056152
545;0.004040677100419998;0.9396551847457886
546;0.004032604396343231;0.9224137663841248
547;0.0036065164022147655;0.931034505367279
548;0.003748460439965129;0.9396551847457886
549;0.0038748050574213266;0.9137930870056152
550;0.003758207196369767;0.931034505367279
551;0.0039900834672153;0.931034505367279
552;0.004007016308605671;0.9224137663841248
553;0.003574902191758156;0.9482758641242981
554;0.0035153236240148544;0.931034505367279
555;0.0036887251771986485;0.9568965435028076
556;0.0035452821757644415;0.9396551847457886
557;0.003857464762404561;0.9224137663841248
558;0.004071458708494902;0.9137930870056152
559;0.0039967130869627;0.9137930870056152
560;0.003546480555087328;0.9482758641242981
561;0.003953125327825546;0.931034505367279
562;0.003717408748343587;0.9482758641242981
563;0.003858861280605197;0.931034505367279
564;0.0038578694220632315;0.9224137663841248
565;0.0038066443521529436;0.931034505367279
566;0.0032457008492201567;0.9396551847457886
567;0.003981774672865868;0.931034505367279
568;0.0038470139261335135;0.9396551847457886
569;0.004174071364104748;0.9137930870056152
570;0.0039621153846383095;0.9051724076271057
571;0.0037996568717062473;0.9224137663841248
572;0.0033975241240113974;0.9396551847457886
573;0.0036941063590347767;0.9482758641242981
574;0.003674405626952648;0.9482758641242981
575;0.003636046312749386;0.9482758641242981
576;0.00343504105694592;0.9224137663841248
577;0.0038236763793975115;0.9482758641242981
578;0.003445225302129984;0.931034505367279
579;0.0034908822271972895;0.9396551847457886
580;0.0040640560910105705;0.9137930870056152
581;0.0035676828119903803;0.9396551847457886
582;0.003421306610107422;0.931034505367279
583;0.003340051742270589;0.9482758641242981
584;0.003817198798060417;0.9396551847457886
585;0.0035735340788960457;0.9482758641242981
586;0.0034408802166581154;0.931034505367279
587;0.004032003693282604;0.9568965435028076
588;0.004295566584914923;0.9396551847457886
589;0.004305373877286911;0.9396551847457886
590;0.003927526529878378;0.931034505367279
591;0.0041931685991585255;0.9224137663841248
592;0.004286071751266718;0.9396551847457886
593;0.0039623333141207695;0.9396551847457886
594;0.0037667390424758196;0.9396551847457886
595;0.004000951535999775;0.9137930870056152
596;0.0038224966265261173;0.9224137663841248
597;0.003940234892070293;0.9137930870056152
598;0.003815139178186655;0.9224137663841248
599;0.0037082424387335777;0.9396551847457886
600;0.003778071142733097;0.9396551847457886
601;0.0038708706852048635;0.931034505367279
602;0.003563748672604561;0.9568965435028076
603;0.003714971011504531;0.9396551847457886
604;0.0035991009790450335;0.9224137663841248
605;0.0038411139976233244;0.931034505367279
606;0.0033412575721740723;0.9482758641242981
607;0.0035942955873906612;0.9568965435028076
608;0.0034282240085303783;0.9482758641242981
609;0.0035590659826993942;0.9396551847457886
610;0.003829802619293332;0.9224137663841248
611;0.003609162289649248;0.9482758641242981
612;0.0034764050506055355;0.9396551847457886
613;0.0038855269085615873;0.931034505367279
614;0.0031735191587358713;0.9482758641242981
615;0.003702514572069049;0.9137930870056152
616;0.003967143129557371;0.9396551847457886
617;0.0036695643793791533;0.9396551847457886
618;0.004221551585942507;0.9396551847457886
619;0.003813161514699459;0.931034505367279
620;0.0036276420578360558;0.9482758641242981
621;0.004020503256469965;0.931034505367279
622;0.003512554569169879;0.9568965435028076
623;0.0033058123663067818;0.9396551847457886
624;0.004110865760594606;0.9224137663841248
625;0.0031351738143712282;0.9655172228813171
626;0.0034760606940835714;0.9482758641242981
627;0.004039817024022341;0.9224137663841248
628;0.003623471362516284;0.9137930870056152
629;0.003233538242056966;0.9655172228813171
630;0.002966832835227251;0.9741379022598267
631;0.003147687064483762;0.9741379022598267
632;0.00304290559142828;0.9741379022598267
633;0.0029129458125680685;0.9741379022598267
634;0.004327042959630489;0.9224137663841248
635;0.004207615740597248;0.9396551847457886
636;0.0040323203429579735;0.9396551847457886
637;0.0029072428587824106;0.9655172228813171
638;0.004400062840431929;0.9224137663841248
639;0.003573698690161109;0.9482758641242981
640;0.004086737986654043;0.931034505367279
641;0.004226949531584978;0.9396551847457886
642;0.0040514059364795685;0.9396551847457886
643;0.0032740095630288124;0.982758641242981
644;0.0039689685218036175;0.9224137663841248
645;0.004244791343808174;0.9051724076271057
646;0.0036831796169281006;0.9396551847457886
647;0.003573491470888257;0.9396551847457886
648;0.0033299007918685675;0.9568965435028076
649;0.004065942484885454;0.931034505367279
650;0.003011133288964629;0.9568965435028076
651;0.0032930371817201376;0.9741379022598267
652;0.0036472720094025135;0.9482758641242981
653;0.0034942906349897385;0.9482758641242981
654;0.0031206172425299883;0.9482758641242981
655;0.003179768333211541;0.9482758641242981
656;0.0036588895600289106;0.931034505367279
657;0.002855266910046339;0.9741379022598267
658;0.0038008203264325857;0.9482758641242981
659;0.003635785775259137;0.9482758641242981
660;0.0033146135974675417;0.9482758641242981
661;0.0026415667962282896;0.982758641242981
662;0.0028828138019889593;0.982758641242981
663;0.0027825951110571623;0.9741379022598267
664;0.003402271308004856;0.9655172228813171
665;0.0025817572604864836;0.9741379022598267
666;0.0027388345915824175;0.982758641242981
667;0.002658616052940488;0.9913793206214905
668;0.0023412734735757113;1.0
669;0.002701064106076956;0.982758641242981
670;0.00220836466178298;1.0
671;0.0025396710261702538;0.9913793206214905
672;0.0024452016223222017;0.982758641242981
673;0.0032657338306307793;0.9396551847457886
674;0.0058524697087705135;0.931034505367279
675;0.010936707258224487;0.818965494632721
676;0.03151571750640869;0.5431034564971924
677;0.03481922298669815;0.4655172526836395
678;0.02561105042695999;0.517241358757019
679;0.02373100258409977;0.4913793206214905
680;0.024082861840724945;0.517241358757019
681;0.023955602198839188;0.517241358757019
682;0.02418029122054577;0.5
683;0.02324272133409977;0.517241358757019
684;0.02168288268148899;0.5603448152542114
685;0.022225119173526764;0.6206896305084229
686;0.01885087974369526;0.6896551847457886
687;0.018084416165947914;0.7241379022598267
688;0.018175221979618073;0.732758641242981
689;0.016886858269572258;0.767241358757019
690;0.01593204401433468;0.818965494632721
691;0.015670035034418106;0.7758620977401733
692;0.015274583362042904;0.7758620977401733
693;0.014893954619765282;0.7758620977401733
694;0.014134671539068222;0.7758620977401733
695;0.01332701463252306;0.7844827771186829
696;0.012822896242141724;0.8017241358757019
697;0.013128633610904217;0.7844827771186829
698;0.012617459520697594;0.7844827771186829
699;0.012059151194989681;0.7931034564971924
700;0.012310529127717018;0.7931034564971924
701;0.012054934166371822;0.8017241358757019
702;0.011784758418798447;0.7931034564971924
703;0.011759323067963123;0.7844827771186829
704;0.011029898189008236;0.8017241358757019
705;0.011200089007616043;0.8103448152542114
706;0.010766873136162758;0.8448275923728943
707;0.011035439558327198;0.7931034564971924
708;0.010217771865427494;0.818965494632721
709;0.01035035029053688;0.8103448152542114
710;0.010160723701119423;0.8275862336158752
711;0.0101148197427392;0.8275862336158752
712;0.010129490867257118;0.8103448152542114
713;0.010098105296492577;0.818965494632721
714;0.009504237212240696;0.8362069129943848
715;0.009745975956320763;0.8275862336158752
716;0.00975531805306673;0.8448275923728943
717;0.009220538660883904;0.8534482717514038
718;0.008981901220977306;0.8620689511299133
719;0.00910045113414526;0.8620689511299133
720;0.008567042648792267;0.8620689511299133
721;0.008823753334581852;0.8793103694915771
722;0.008428672328591347;0.8879310488700867
723;0.008579403162002563;0.9051724076271057
724;0.008379563689231873;0.8793103694915771
725;0.008543901145458221;0.8793103694915771
726;0.008060872554779053;0.8965517282485962
727;0.008392758667469025;0.8706896305084229
728;0.007944498211145401;0.8879310488700867
729;0.007800986059010029;0.9051724076271057
730;0.00774889113381505;0.8965517282485962
731;0.008070217445492744;0.8706896305084229
732;0.007681879214942455;0.9137930870056152
733;0.007399322930723429;0.9137930870056152
734;0.007523888256400824;0.9051724076271057
735;0.006892010103911161;0.9051724076271057
736;0.006984576117247343;0.9051724076271057
737;0.007272564806044102;0.9224137663841248
738;0.0072331782430410385;0.9137930870056152
739;0.007515736389905214;0.8879310488700867
740;0.007297702599316835;0.9137930870056152
741;0.006573036778718233;0.9224137663841248
742;0.007331145461648703;0.9051724076271057
743;0.007033876609057188;0.9224137663841248
744;0.007272283546626568;0.8879310488700867
745;0.00633138557896018;0.931034505367279
746;0.007337559014558792;0.9051724076271057
747;0.0067829471081495285;0.9051724076271057
748;0.007143418770283461;0.9137930870056152
749;0.006408066023141146;0.931034505367279
750;0.006626938469707966;0.9224137663841248
751;0.006462783087044954;0.931034505367279
752;0.006417853757739067;0.9224137663841248
753;0.006281971465796232;0.931034505367279
754;0.006675431039184332;0.9396551847457886
755;0.005634722299873829;0.9482758641242981
756;0.00594880897551775;0.9396551847457886
757;0.006324619520455599;0.931034505367279
758;0.006048148963600397;0.931034505367279
759;0.005455517675727606;0.9396551847457886
760;0.0058422083966434;0.9137930870056152
761;0.005633062217384577;0.9482758641242981
762;0.00555379269644618;0.9224137663841248
763;0.0052153063006699085;0.9482758641242981
764;0.00548951793462038;0.9396551847457886
765;0.005631173029541969;0.9224137663841248
766;0.005723785143345594;0.9224137663841248
767;0.005205084104090929;0.9224137663841248
768;0.005284456070512533;0.931034505367279
769;0.005392966791987419;0.931034505367279
770;0.004871775396168232;0.9482758641242981
771;0.004740791395306587;0.9568965435028076
772;0.0048774005845189095;0.9396551847457886
773;0.004734974820166826;0.9137930870056152
774;0.00467328866943717;0.982758641242981
775;0.004597109742462635;0.9482758641242981
776;0.004563050344586372;0.9482758641242981
777;0.004561212845146656;0.9396551847457886
778;0.0040297419764101505;0.9913793206214905
779;0.004671929404139519;0.9568965435028076
780;0.004477259702980518;0.9482758641242981
781;0.004517192952334881;0.9224137663841248
782;0.004272761754691601;0.9482758641242981
783;0.00406142370775342;0.9655172228813171
784;0.003754698671400547;0.9913793206214905
785;0.0037092857528477907;0.9741379022598267
786;0.004158681258559227;0.9396551847457886
787;0.004755041562020779;0.9655172228813171
788;0.004133300390094519;0.982758641242981
789;0.003954798448830843;0.982758641242981
790;0.003964317962527275;0.9482758641242981
791;0.004766170401126146;0.9482758641242981
792;0.00386374001391232;0.9655172228813171
793;0.005886676721274853;0.931034505367279
794;0.0038823194336146116;0.9655172228813171
795;0.00505788903683424;0.9741379022598267
796;0.004067856818437576;0.9655172228813171
797;0.004044257570058107;0.9482758641242981
798;0.003918149042874575;0.982758641242981
799;0.00459200469776988;0.9568965435028076
800;0.005248801317065954;0.9482758641242981
801;0.003936569672077894;0.9741379022598267
802;0.003688232973217964;0.9568965435028076
803;0.004067024681717157;0.9568965435028076
804;0.00380725204013288;0.9568965435028076
805;0.0036549665965139866;0.9913793206214905
806;0.004185241647064686;0.9741379022598267
807;0.003423087066039443;0.9913793206214905
808;0.0039923787117004395;0.9396551847457886
809;0.0038053891621530056;0.9913793206214905
810;0.003453522687777877;0.9913793206214905
811;0.0029986256267875433;1.0
812;0.0031051100231707096;1.0
813;0.0031507564708590508;1.0
814;0.0030731279402971268;0.9913793206214905
815;0.003037543036043644;0.982758641242981
816;0.004953600000590086;0.9137930870056152
817;0.0030819347593933344;0.9913793206214905
818;0.0027795478235930204;0.9913793206214905
819;0.004992482718080282;0.931034505367279
820;0.0029004227835685015;1.0
821;0.0032745376229286194;0.982758641242981
822;0.003671493614092469;0.9655172228813171
823;0.00420012790709734;0.9482758641242981
824;0.004029536619782448;0.931034505367279
825;0.002782497089356184;1.0
826;0.0028637161012738943;1.0
827;0.0027344864793121815;1.0
828;0.0021873810328543186;1.0
829;0.0025568746495991945;1.0
830;0.0025118396151810884;0.9913793206214905
831;0.0023504202254116535;1.0
832;0.00307291466742754;0.9482758641242981
833;0.006760315969586372;0.9051724076271057
834;0.00869593396782875;0.8534482717514038
835;0.008187183178961277;0.8965517282485962
836;0.006975636351853609;0.9051724076271057
837;0.006778027396649122;0.9051724076271057
838;0.0071836500428617;0.8879310488700867
839;0.007280109450221062;0.8793103694915771
840;0.0063129025511443615;0.9396551847457886
841;0.006089231465011835;0.9655172228813171
842;0.006286317016929388;0.9051724076271057
843;0.005356865935027599;0.9224137663841248
844;0.005261057987809181;0.9137930870056152
845;0.006293505430221558;0.8879310488700867
846;0.005462573375552893;0.9137930870056152
847;0.005495019722729921;0.9051724076271057
848;0.005361605901271105;0.9396551847457886
849;0.0052034868858754635;0.9224137663841248
850;0.005818980745971203;0.9224137663841248
851;0.004620115272700787;0.9224137663841248
852;0.005286123603582382;0.931034505367279
853;0.004807577934116125;0.9224137663841248
854;0.004587979521602392;0.931034505367279
855;0.004915332421660423;0.9137930870056152
856;0.004658506717532873;0.931034505367279
857;0.004808708559721708;0.931034505367279
858;0.004863377194851637;0.9137930870056152
859;0.00468500517308712;0.9224137663841248
860;0.004205439239740372;0.9224137663841248
861;0.004799330607056618;0.8879310488700867
862;0.004433310590684414;0.9482758641242981
863;0.004326079040765762;0.9137930870056152
864;0.004275405779480934;0.9224137663841248
865;0.0044283452443778515;0.931034505367279
866;0.0043873656541109085;0.9224137663841248
867;0.003866453655064106;0.9396551847457886
868;0.004002118017524481;0.9482758641242981
869;0.004107324406504631;0.931034505367279
870;0.004235999193042517;0.931034505367279
871;0.004480965435504913;0.931034505367279
872;0.0040810564532876015;0.931034505367279
873;0.004274634178727865;0.9224137663841248
874;0.003818716388195753;0.9396551847457886
875;0.004261746071279049;0.9137930870056152
876;0.004230801947414875;0.931034505367279
877;0.0042939819395542145;0.9396551847457886
878;0.003972527105361223;0.9396551847457886
879;0.0039067319594323635;0.931034505367279
880;0.003994612488895655;0.9224137663841248
881;0.003988800570368767;0.9396551847457886
882;0.004454443231225014;0.9051724076271057
883;0.004122068639844656;0.9224137663841248
884;0.0038959565572440624;0.9396551847457886
885;0.004179592709988356;0.9137930870056152
886;0.0035980194807052612;0.9741379022598267
887;0.00388789689168334;0.9396551847457886
888;0.0038859315682202578;0.931034505367279
889;0.004086760804057121;0.9224137663841248
890;0.003887706436216831;0.9482758641242981
891;0.0039311666041612625;0.9396551847457886
892;0.003914192318916321;0.9482758641242981
893;0.003850659355521202;0.9396551847457886
894;0.003952588886022568;0.931034505367279
895;0.00388369825668633;0.9224137663841248
896;0.0038658352568745613;0.9137930870056152
897;0.0041244905441999435;0.9224137663841248
898;0.0038356708828359842;0.931034505367279
899;0.003321003867313266;0.9655172228813171
900;0.0037483384367078543;0.9396551847457886
901;0.004067355766892433;0.9051724076271057
902;0.003921425435692072;0.9396551847457886
903;0.0037547072861343622;0.931034505367279
904;0.004111809656023979;0.9396551847457886
905;0.003621884621679783;0.9655172228813171
906;0.003625105135142803;0.9396551847457886
907;0.0035470479633659124;0.9568965435028076
908;0.003432883881032467;0.9568965435028076
909;0.0036356914788484573;0.931034505367279
910;0.0034588545095175505;0.9482758641242981
911;0.00390001037158072;0.9224137663841248
912;0.0036020271945744753;0.9396551847457886
913;0.003801915096119046;0.9137930870056152
914;0.0034338408149778843;0.9396551847457886
915;0.0035221136640757322;0.9482758641242981
916;0.003871529595926404;0.9137930870056152
917;0.003649412887170911;0.9396551847457886
918;0.0036146414931863546;0.931034505367279
919;0.003816271433606744;0.9396551847457886
920;0.0036498066037893295;0.9224137663841248
921;0.00395246222615242;0.9224137663841248
922;0.0035558626987040043;0.9396551847457886
923;0.0035568089224398136;0.9396551847457886
924;0.0034731272608041763;0.9396551847457886
925;0.0044198124669492245;0.9051724076271057
926;0.0033260921481996775;0.9568965435028076
927;0.003687168937176466;0.9396551847457886
928;0.00392086710780859;0.9137930870056152
929;0.0034225594718009233;0.9568965435028076
930;0.003648213343694806;0.9482758641242981
931;0.0034938380122184753;0.9482758641242981
932;0.0032878750935196877;0.9655172228813171
933;0.0030726639088243246;0.9655172228813171
934;0.0034074210561811924;0.9482758641242981
935;0.004031493794173002;0.9224137663841248
936;0.0032097110524773598;0.9655172228813171
937;0.0035086614079773426;0.9396551847457886
938;0.003775425488129258;0.9396551847457886
939;0.0032244327012449503;0.982758641242981
940;0.003189543727785349;0.9655172228813171
941;0.0028676572255790234;0.982758641242981
942;0.003567065577954054;0.9482758641242981
943;0.0033710449934005737;0.9396551847457886
944;0.003934609703719616;0.9224137663841248
945;0.00360037456266582;0.9482758641242981
946;0.0035963933914899826;0.9482758641242981
947;0.002553702099248767;0.982758641242981
948;0.003562574042007327;0.9396551847457886
949;0.0034497776068747044;0.9655172228813171
950;0.003308509010821581;0.9396551847457886
951;0.0032704686746001244;0.9655172228813171
952;0.0027709477581083775;0.9913793206214905
953;0.003493943717330694;0.9396551847457886
954;0.0028644350823014975;0.9655172228813171
955;0.0027580317109823227;0.9913793206214905
956;0.0032433352898806334;0.931034505367279
957;0.0034642117097973824;0.931034505367279
958;0.0049789887852966785;0.8534482717514038
959;0.0028455040883272886;0.9913793206214905
960;0.004063953645527363;0.931034505367279
961;0.003608464263379574;0.931034505367279
962;0.0035729596856981516;0.9396551847457886
963;0.004512949381023645;0.9051724076271057
964;0.003994263242930174;0.9051724076271057
965;0.003780260682106018;0.9482758641242981
966;0.0029644870664924383;0.9913793206214905
967;0.0037769987247884274;0.931034505367279
968;0.004115796182304621;0.931034505367279
969;0.0039131217636168;0.931034505367279
970;0.0036157879512757063;0.9224137663841248
971;0.0032978474628180265;0.9655172228813171
972;0.003741137683391571;0.9568965435028076
973;0.003537930315360427;0.9655172228813171
974;0.0033067355398088694;0.9655172228813171
975;0.003069303696975112;0.982758641242981
976;0.0034281674306839705;0.9396551847457886
977;0.0030574870761483908;0.9482758641242981
978;0.0028838852886110544;0.9655172228813171
979;0.002956882119178772;0.9568965435028076
980;0.0029590842314064503;0.9913793206214905
981;0.0029313263949006796;0.9913793206214905
982;0.0031034080311656;0.982758641242981
983;0.002817566506564617;0.9741379022598267
984;0.0022683374118059874;1.0
985;0.0024638911709189415;1.0
986;0.0024051652289927006;0.9913793206214905
987;0.002267780713737011;1.0
988;0.002849479904398322;0.982758641242981
989;0.002045674715191126;1.0
990;0.002136211609467864;1.0
991;0.0018916147528216243;1.0
992;0.001738471444696188;1.0
993;0.002382946666330099;0.9913793206214905
994;0.002116843592375517;1.0
995;0.0027324554976075888;0.982758641242981
996;0.0018960763700306416;1.0
997;0.0017987542087212205;1.0
998;0.0030087188351899385;0.9396551847457886
999;0.0029737926088273525;0.9741379022598267
1000;0.0018871516222134233;1.0
1001;0.00235780980437994;0.9741379022598267
1002;0.001734199933707714;1.0
1003;0.002341855550184846;1.0
1004;0.0017883178079500794;1.0
1005;0.0014808634296059608;1.0
1006;0.0019607669673860073;1.0
1007;0.0017624549800530076;1.0
1008;0.0016315681859850883;1.0
1009;0.0017562733264639974;1.0
1010;0.001462484709918499;1.0
1011;0.0015021024737507105;1.0
1012;0.0016068805707618594;1.0
1013;0.0015871641226112843;1.0
1014;0.0019418029114603996;1.0
1015;0.0016089833807200193;1.0
1016;0.0014937781961634755;1.0
1017;0.0016214378410950303;1.0
1018;0.0012188716791570187;1.0
1019;0.0020142297726124525;1.0
1020;0.0028147310949862003;1.0
1021;0.0012463083257898688;1.0
1022;0.00163855345454067;1.0
1023;0.001294166431762278;1.0
1024;0.0018761643441393971;1.0
1025;0.0017926691798493266;1.0
1026;0.009609720669686794;0.8620689511299133
1027;0.008929240517318249;0.8534482717514038
1028;0.006557792890816927;0.9051724076271057
1029;0.005985545925796032;0.9051724076271057
1030;0.006011662073433399;0.8965517282485962
1031;0.0055532995611429214;0.9396551847457886
1032;0.004392677452415228;0.9396551847457886
1033;0.003993680700659752;0.9396551847457886
1034;0.003856726223602891;0.9396551847457886
1035;0.003507984569296241;0.931034505367279
1036;0.00322701339609921;0.9396551847457886
1037;0.0029092023614794016;0.9913793206214905
1038;0.0035220205318182707;0.9568965435028076
1039;0.0031686716247349977;1.0
1040;0.003507011802867055;1.0
1041;0.004365293774753809;0.9482758641242981
1042;0.002475340384989977;1.0
1043;0.002497117267921567;1.0
1044;0.002664571162313223;1.0
1045;0.005349252838641405;0.931034505367279
1046;0.0022682135459035635;1.0
1047;0.002431920962408185;1.0
1048;0.002021007239818573;1.0
1049;0.0021884518209844828;1.0
1050;0.002117442898452282;1.0
1051;0.0025275731459259987;0.9913793206214905
1052;0.0020065654534846544;0.9913793206214905
1053;0.001974170794710517;1.0
1054;0.0021276483312249184;1.0
1055;0.0018152206903323531;1.0
1056;0.001855036593042314;1.0
1057;0.0017475462518632412;1.0
1058;0.0015204543014988303;1.0
1059;0.001577585469931364;1.0
1060;0.0016010813415050507;1.0
1061;0.001552653731778264;1.0
1062;0.0014274663990363479;1.0
1063;0.0012914330000057817;1.0
1064;0.0012851475039497018;1.0
1065;0.0013926386600360274;1.0
1066;0.0013542569940909743;1.0
1067;0.001402065739966929;1.0
1068;0.0013556767953559756;1.0
1069;0.0013024512445554137;1.0
1070;0.001262462930753827;1.0
1071;0.0012380328262224793;1.0
1072;0.0011894830968230963;1.0
1073;0.0012311100726947188;1.0
1074;0.001094528124667704;1.0
1075;0.0011454182676970959;1.0
1076;0.0010951594449579716;1.0
1077;0.0009030176443047822;1.0
1078;0.0010547059355303645;1.0
1079;0.001167618203908205;1.0
1080;0.0011243601329624653;1.0
1081;0.0009363829158246517;1.0
1082;0.0008928062161430717;1.0
1083;0.0009162905043922365;1.0
1084;0.0009716720087453723;1.0
1085;0.0009232385200448334;1.0
1086;0.0008077642996795475;1.0
1087;0.002006266266107559;0.9655172228813171
1088;0.008199609816074371;0.9051724076271057
1089;0.006978279445320368;0.9051724076271057
1090;0.009135914966464043;0.8620689511299133
1091;0.008680261671543121;0.8793103694915771
1092;0.008020167239010334;0.9051724076271057
1093;0.00836876593530178;0.8879310488700867
1094;0.008365022949874401;0.8534482717514038
1095;0.007216839585453272;0.8965517282485962
1096;0.006624366622418165;0.931034505367279
1097;0.006521825212985277;0.9137930870056152
1098;0.007286054082214832;0.9482758641242981
1099;0.006691312417387962;0.931034505367279
1100;0.006727761588990688;0.9224137663841248
1101;0.00608851620927453;0.9137930870056152
1102;0.005730948410928249;0.9137930870056152
1103;0.005549697671085596;0.931034505367279
1104;0.004993267823010683;0.9224137663841248
1105;0.0055338675156235695;0.9224137663841248
1106;0.005309023428708315;0.9137930870056152
1107;0.005058974027633667;0.9137930870056152
1108;0.0048843128606677055;0.9137930870056152
1109;0.005075700115412474;0.8965517282485962
1110;0.004700350109487772;0.9396551847457886
1111;0.005483472719788551;0.9137930870056152
1112;0.004437532275915146;0.931034505367279
1113;0.004791061393916607;0.931034505367279
1114;0.004704444203525782;0.9396551847457886
1115;0.004145785700529814;0.931034505367279
1116;0.004410287365317345;0.9396551847457886
1117;0.004435546230524778;0.9137930870056152
1118;0.004184510093182325;0.9396551847457886
1119;0.004207898396998644;0.931034505367279
1120;0.004564172122627497;0.931034505367279
1121;0.004938305821269751;0.9224137663841248
1122;0.00416647270321846;0.9396551847457886
1123;0.003765788860619068;0.9655172228813171
1124;0.004563742782920599;0.9224137663841248
1125;0.003998952452093363;0.9396551847457886
1126;0.003847975516691804;0.9396551847457886
1127;0.004347498528659344;0.9051724076271057
1128;0.004287963267415762;0.931034505367279
1129;0.003886198392137885;0.9482758641242981
1130;0.0038861192297190428;0.9396551847457886
1131;0.003781968727707863;0.931034505367279
1132;0.0039690653793513775;0.931034505367279
1133;0.003778990125283599;0.9224137663841248
1134;0.003898404771462083;0.9224137663841248
1135;0.0038205557502806187;0.931034505367279
1136;0.003689299337565899;0.9396551847457886
1137;0.0038073232863098383;0.931034505367279
1138;0.004157448187470436;0.9224137663841248
1139;0.004195685498416424;0.9224137663841248
1140;0.0038505150005221367;0.931034505367279
1141;0.0041088806465268135;0.9224137663841248
1142;0.0037902777548879385;0.9396551847457886
1143;0.003717052983120084;0.9396551847457886
1144;0.004242647439241409;0.9137930870056152
1145;0.004144245758652687;0.9137930870056152
1146;0.0034898119047284126;0.9741379022598267
1147;0.0038875306490808725;0.9224137663841248
1148;0.003963883966207504;0.931034505367279
1149;0.0040270606987178326;0.9224137663841248
1150;0.003738567465916276;0.931034505367279
1151;0.0035880403593182564;0.9482758641242981
1152;0.0040662046521902084;0.9137930870056152
1153;0.0035211434587836266;0.9396551847457886
1154;0.0036526776384562254;0.931034505367279
1155;0.0036885603331029415;0.931034505367279
1156;0.00384339177981019;0.9137930870056152
1157;0.0033461034763604403;0.9482758641242981
1158;0.0036528301425278187;0.931034505367279
1159;0.003570348024368286;0.931034505367279
1160;0.0036151546519249678;0.931034505367279
1161;0.0034555632155388594;0.9396551847457886
1162;0.0035570794716477394;0.9396551847457886
1163;0.0037730620242655277;0.931034505367279
1164;0.003717582207173109;0.9224137663841248
1165;0.003734015626832843;0.9396551847457886
1166;0.003164926078170538;0.9655172228813171
1167;0.003515455173328519;0.9482758641242981
1168;0.0032632199581712484;0.9568965435028076
1169;0.0029767691157758236;0.982758641242981
1170;0.0033646663650870323;0.9741379022598267
1171;0.003612022614106536;0.931034505367279
1172;0.003605488920584321;0.9396551847457886
1173;0.0036240979097783566;0.9396551847457886
1174;0.0034059495665133;0.9482758641242981
1175;0.0035114306956529617;0.9568965435028076
1176;0.003456501290202141;0.9482758641242981
1177;0.003508080029860139;0.9482758641242981
1178;0.0032167297322303057;0.9396551847457886
1179;0.0037342398427426815;0.9224137663841248
1180;0.003016827628016472;0.9568965435028076
1181;0.0028051992412656546;1.0
1182;0.0032703718170523643;0.9568965435028076
1183;0.0039443387649953365;0.9224137663841248
1184;0.0032399764750152826;0.9224137663841248
1185;0.0029419807251542807;0.982758641242981
1186;0.0034090373665094376;0.9137930870056152
1187;0.003470171010121703;0.931034505367279
1188;0.002956339390948415;0.982758641242981
1189;0.003179041435942054;0.9741379022598267
1190;0.0035521462559700012;0.9396551847457886
1191;0.0028101748321205378;0.982758641242981
1192;0.002694369526579976;0.9741379022598267
1193;0.002706797095015645;0.9913793206214905
1194;0.002763931406661868;0.9913793206214905
1195;0.0030121353920549154;0.9568965435028076
1196;0.0032763835042715073;0.931034505367279
1197;0.002763786120340228;0.982758641242981
1198;0.002552439458668232;0.982758641242981
1199;0.003392724320292473;0.9568965435028076
1200;0.002844971138983965;0.9741379022598267
1201;0.004644217900931835;0.9396551847457886
1202;0.0022099632769823074;0.9913793206214905
1203;0.002957114949822426;0.982758641242981
1204;0.0025209644809365273;0.982758641242981
1205;0.002403151709586382;1.0
1206;0.0024895661044865847;1.0
1207;0.0026454736944288015;1.0
1208;0.002548412187024951;0.9741379022598267
1209;0.0036055019591003656;0.9482758641242981
1210;0.002936835400760174;0.982758641242981
1211;0.002133849775418639;1.0
1212;0.00234066229313612;0.982758641242981
1213;0.0025399464648216963;0.9913793206214905
1214;0.0026838097255676985;0.9741379022598267
1215;0.003207557601854205;0.9568965435028076
1216;0.0026880758814513683;1.0
1217;0.002420777687802911;0.9913793206214905
1218;0.0021158463787287474;0.9913793206214905
1219;0.0024668697733432055;0.982758641242981
1220;0.002041203435510397;1.0
1221;0.0020251264795660973;1.0
1222;0.0025111667346209288;0.982758641242981
1223;0.002380142919719219;0.982758641242981
1224;0.0018463591113686562;1.0
1225;0.0016011105617508292;1.0
1226;0.0021098435390740633;1.0
1227;0.0021678777411580086;0.982758641242981
1228;0.002136397175490856;1.0
1229;0.005102573428303003;0.9051724076271057
1230;0.004751379601657391;0.9051724076271057
1231;0.0030672659631818533;0.9655172228813171
1232;0.0035041370429098606;0.9741379022598267
1233;0.003529014065861702;0.9655172228813171
1234;0.0025063627399504185;0.9741379022598267
1235;0.0017623115563765168;1.0
1236;0.00239929324015975;1.0
1237;0.0028293756768107414;0.9741379022598267
1238;0.0021971212700009346;1.0
1239;0.0022276316303759813;0.9913793206214905
1240;0.0021239451598376036;0.9913793206214905
1241;0.0023354352451860905;0.9913793206214905
1242;0.0020060460083186626;1.0
1243;0.0021003116853535175;1.0
1244;0.002325435634702444;1.0
1245;0.0023736145813018084;1.0
1246;0.001992203760892153;1.0
1247;0.001942272181622684;1.0
1248;0.002377135679125786;0.9913793206214905
1249;0.0018623332725837827;1.0
1250;0.0019786665216088295;0.9913793206214905
1251;0.0020276133436709642;0.982758641242981
1252;0.002251996425911784;1.0
1253;0.0016403018962591887;1.0
1254;0.002385999308899045;0.982758641242981
1255;0.001400834065862;1.0
1256;0.001472995849326253;1.0
1257;0.00175228132866323;1.0
1258;0.0019879057072103024;1.0
1259;0.0016284221783280373;1.0
1260;0.0013828175142407417;1.0
1261;0.0010905609233304858;1.0
1262;0.0016700172564014792;1.0
1263;0.0017332920106127858;0.9913793206214905
1264;0.0016025148797780275;1.0
1265;0.0012800644617527723;1.0
1266;0.001535070245154202;1.0
1267;0.0013441863702610135;1.0
1268;0.001577776507474482;1.0
1269;0.001209631678648293;1.0
1270;0.0013375821290537715;1.0
1271;0.0013169101439416409;1.0
1272;0.0011806199327111244;1.0
1273;0.0013417706359177828;1.0
1274;0.0011437688954174519;1.0
1275;0.0011410200968384743;1.0
1276;0.0011466729920357466;1.0
1277;0.0016445379005745053;1.0
1278;0.001384725677780807;1.0
1279;0.0009273106115870178;1.0
1280;0.004047189373522997;0.931034505367279
1281;0.0013720850693061948;1.0
1282;0.0018821835983544588;1.0
1283;0.0014267604565247893;1.0
1284;0.0010452985297888517;1.0
1285;0.001043482101522386;1.0
1286;0.0013569113798439503;1.0
1287;0.002989397384226322;0.9655172228813171
1288;0.001124709378927946;1.0
1289;0.0012491665547713637;1.0
1290;0.0030483691953122616;0.9224137663841248
1291;0.0016279694391414523;1.0
1292;0.0012341187102720141;1.0
1293;0.004218654707074165;0.931034505367279
1294;0.0020124209113419056;0.9741379022598267
1295;0.001722053624689579;0.982758641242981
1296;0.0014019852969795465;1.0
1297;0.00151976034976542;1.0
1298;0.00196262844838202;1.0
1299;0.001767284469678998;1.0
1300;0.001899201306514442;1.0
1301;0.0014995469246059656;1.0
1302;0.0015071402303874493;1.0
1303;0.0016257630195468664;1.0
1304;0.0012791849439963698;1.0
1305;0.001283266581594944;1.0
1306;0.0011136874090880156;1.0
1307;0.001186937908641994;1.0
1308;0.0009936589049175382;1.0
1309;0.0009764496353454888;1.0
1310;0.0011672809487208724;1.0
1311;0.0012594814179465175;1.0
1312;0.0011131044011563063;1.0
1313;0.0009285251144319773;1.0
1314;0.0011561269639059901;1.0
1315;0.001292850123718381;1.0
1316;0.0009206526447087526;1.0
1317;0.0007871270645409822;1.0
1318;0.001132949604652822;1.0
1319;0.0009854292729869485;1.0
1320;0.0009803400607779622;1.0
1321;0.0009609970729798079;1.0
1322;0.0008533843792974949;1.0
1323;0.0007861187332309783;1.0
1324;0.0008381938096135855;1.0
1325;0.0008870266610756516;1.0
1326;0.0008651443058624864;1.0
1327;0.0008091783383861184;1.0
1328;0.0009375615627504885;1.0
1329;0.000751922489143908;1.0
1330;0.0007764037000015378;1.0
1331;0.0009629044216126204;1.0
1332;0.000782727322075516;1.0
1333;0.0007561117527075112;1.0
1334;0.000799290370196104;1.0
1335;0.0008114941301755607;1.0
1336;0.0008540122071281075;1.0
1337;0.0008022597176022828;1.0
1338;0.0008492026245221496;1.0
1339;0.0007809646194800735;1.0
1340;0.0008929847972467542;1.0
1341;0.0007698170375078917;1.0
1342;0.0006391024799086154;1.0
1343;0.0007815070566721261;1.0
1344;0.0007877323660068214;1.0
1345;0.0006423696759156883;1.0
1346;0.0007996276253834367;1.0
1347;0.0007748877978883684;1.0
1348;0.0008388325804844499;1.0
1349;0.0008648682851344347;1.0
1350;0.0007170868921093643;1.0
1351;0.0008374332101084292;1.0
1352;0.0007335953414440155;1.0
1353;0.0009597516618669033;1.0
1354;0.0006872983067296445;1.0
1355;0.0006369988550432026;1.0
1356;0.0007339244475588202;1.0
1357;0.0006727113504894078;1.0
1358;0.000750735925976187;1.0
1359;0.0005837481585331261;1.0
1360;0.0007133126491680741;1.0
1361;0.0006013851379975677;1.0
1362;0.0007868793327361345;1.0
1363;0.0006499693263322115;1.0
1364;0.0006843136507086456;1.0
1365;0.0006092454423196614;1.0
1366;0.0006641163490712643;1.0
1367;0.0008352428558282554;1.0
1368;0.000673429574817419;1.0
1369;0.0007081608637236059;1.0
1370;0.000677051895763725;1.0
1371;0.0007207082235254347;1.0
1372;0.0006374404765665531;1.0
1373;0.0008805327233858407;1.0
1374;0.0007167402072809637;1.0
1375;0.0006732274778187275;1.0
1376;0.0005572744994424284;1.0
1377;0.0006035015103407204;1.0
1378;0.0007320972508750856;1.0
1379;0.0010380843887105584;1.0
1380;0.0006486810161732137;1.0
1381;0.0007016511517576873;1.0
1382;0.0007760461303405464;1.0
1383;0.0007531230221502483;1.0
1384;0.0009460881119593978;1.0
1385;0.001377596752718091;1.0
1386;0.00085353635950014;1.0
1387;0.006723761558532715;0.931034505367279
1388;0.005505851469933987;0.931034505367279
1389;0.005048856139183044;0.931034505367279
1390;0.004655507858842611;0.931034505367279
1391;0.004641394596546888;0.9396551847457886
1392;0.005025246646255255;0.9137930870056152
1393;0.005184938199818134;0.8879310488700867
1394;0.004613150842487812;0.9137930870056152
1395;0.00426843948662281;0.9137930870056152
1396;0.004030960611999035;0.8879310488700867
1397;0.003940630704164505;0.9224137663841248
1398;0.003939655609428883;0.9051724076271057
1399;0.00441629346460104;0.9051724076271057
1400;0.004105760715901852;0.9224137663841248
1401;0.0039387959986925125;0.9655172228813171
1402;0.003771214745938778;0.9482758641242981
1403;0.003851226530969143;0.9482758641242981
1404;0.004020417109131813;0.9224137663841248
1405;0.003596212947741151;0.931034505367279
1406;0.0035608636680990458;0.931034505367279
1407;0.003282336052507162;0.9482758641242981
1408;0.0035480824299156666;0.931034505367279
1409;0.0030876528471708298;0.931034505367279
1410;0.003668437944725156;0.9137930870056152
1411;0.003473161719739437;0.931034505367279
1412;0.003014967544004321;0.931034505367279
1413;0.002342458115890622;0.9568965435028076
1414;0.0023196556139737368;0.9655172228813171
1415;0.0020375684835016727;0.9913793206214905
1416;0.0019273331854492426;1.0
1417;0.0018626382807269692;1.0
1418;0.0018623812356963754;1.0
1419;0.0012976310681551695;1.0
1420;0.0012576387962326407;1.0
1421;0.0012468055356293917;1.0
1422;0.0011591024231165648;1.0
1423;0.001004061079584062;1.0
1424;0.0010795656125992537;1.0
1425;0.0009477577405050397;1.0
1426;0.0009426673641428351;1.0
1427;0.0009068517247214913;1.0
1428;0.0010941049549728632;1.0
1429;0.0010655717924237251;1.0
1430;0.0009862405713647604;1.0
1431;0.0007031094864942133;1.0
1432;0.0008757202886044979;1.0
1433;0.0008308349642902613;1.0
1434;0.0009235604084096849;1.0
1435;0.0008356450707651675;1.0
1436;0.0009765748400241137;1.0
1437;0.0007751889061182737;1.0
1438;0.0007389904349111021;1.0
1439;0.0006748629384674132;1.0
1440;0.0007967145065777004;1.0
1441;0.0011522929416969419;1.0
1442;0.0008077062084339559;1.0
1443;0.0008293533464893699;1.0
1444;0.0007105360855348408;1.0
1445;0.0007959465146996081;1.0
1446;0.0005684973439201713;1.0
1447;0.000858734711073339;1.0
1448;0.0005937758251093328;1.0
1449;0.0006302285473793745;1.0
1450;0.0007797570433467627;1.0
1451;0.0008543304866179824;1.0
1452;0.0006103630294092;1.0
1453;0.0006693261093460023;1.0
1454;0.0008525154553353786;1.0
1455;0.0005840897210873663;1.0
1456;0.0005398024804890156;1.0
1457;0.0006562481285072863;1.0
1458;0.0005885834107175469;1.0
1459;0.000615425466094166;1.0
1460;0.000566605944186449;1.0
1461;0.0005588295171037316;1.0
1462;0.0005601051379926503;1.0
1463;0.0006212728330865502;1.0
1464;0.0005485257133841515;1.0
1465;0.0006354207289405167;1.0
1466;0.000550838652998209;1.0
1467;0.000555529142729938;1.0
1468;0.0006165997474454343;1.0
1469;0.0005254552233964205;1.0
1470;0.0006148754619061947;1.0
1471;0.000538242282345891;1.0
1472;0.0006725218263454735;1.0
1473;0.0004913767334073782;1.0
1474;0.000553165387827903;1.0
1475;0.0005346550024114549;1.0
1476;0.0005594625836238265;1.0
1477;0.0005302022327668965;1.0
1478;0.0005998926353640854;1.0
1479;0.0005580807337537408;1.0
1480;0.0004772538668476045;1.0
1481;0.0006681328522972763;1.0
1482;0.0005624847835861146;1.0
1483;0.0005417598295025527;1.0
1484;0.0007030596025288105;1.0
1485;0.00073083839379251;1.0
1486;0.0005836866330355406;1.0
1487;0.0005071847117505968;1.0
1488;0.0005253402632661164;1.0
1489;0.0005657215369865298;1.0
1490;0.0006057862774468958;1.0
1491;0.0005329719861038029;1.0
1492;0.00044892006553709507;1.0
1493;0.00048423983389511704;1.0
1494;0.0005303314537741244;1.0
1495;0.0005153659731149673;1.0
1496;0.0004324458132032305;1.0
1497;0.0005237832083366811;1.0
1498;0.00045756768668070436;1.0
1499;0.0005427623982541263;1.0
