iteration;loss;accuracy
0;0.01765432208776474;0.0699300691485405
1;0.01684575527906418;0.0839160829782486
2;0.01654769480228424;0.10489510744810104
3;0.016756238415837288;0.0559440553188324
4;0.016854051500558853;0.0419580414891243
5;0.016653357073664665;0.09090909361839294
6;0.016554897651076317;0.09090909361839294
7;0.016471676528453827;0.0979020968079567
8;0.01638680323958397;0.10489510744810104
9;0.016418514773249626;0.0839160829782486
10;0.01642281748354435;0.07692307978868484
11;0.0163455531001091;0.14685314893722534
12;0.01632951945066452;0.13286712765693665
13;0.016257718205451965;0.1118881106376648
14;0.016207769513130188;0.1118881106376648
15;0.016057875007390976;0.18881118297576904
16;0.01605098694562912;0.1258741319179535
17;0.01608392782509327;0.09090909361839294
18;0.01598312333226204;0.1258741319179535
19;0.015924682840704918;0.1538461595773697
20;0.015840476378798485;0.1818181872367859
21;0.0158271174877882;0.14685314893722534
22;0.01582569256424904;0.1258741319179535
23;0.015733269974589348;0.1538461595773697
24;0.015752386301755905;0.1678321659564972
25;0.015712913125753403;0.1118881106376648
26;0.015600860118865967;0.13286712765693665
27;0.015569809824228287;0.2237762212753296
28;0.01554598193615675;0.1958041936159134
29;0.015495139174163342;0.18881118297576904
30;0.01550176739692688;0.13286712765693665
31;0.015389898791909218;0.17482517659664154
32;0.015335788950324059;0.1818181872367859
33;0.015421123243868351;0.17482517659664154
34;0.015409532934427261;0.23076923191547394
35;0.015417895279824734;0.1818181872367859
36;0.015211416408419609;0.20279720425605774
37;0.015460826456546783;0.11888112127780914
38;0.01521289348602295;0.251748263835907
39;0.01512469258159399;0.25874125957489014
40;0.01519433967769146;0.18881118297576904
41;0.01524305809289217;0.20279720425605774
42;0.01500636339187622;0.23076923191547394
43;0.01507397647947073;0.2237762212753296
44;0.015074942260980606;0.2377622425556183
45;0.014978586696088314;0.27272728085517883
46;0.014997472986578941;0.23076923191547394
47;0.014970080927014351;0.27272728085517883
48;0.014881039038300514;0.25874125957489014
49;0.014837093651294708;0.23076923191547394
50;0.014966371469199657;0.2377622425556183
51;0.014662180095911026;0.279720276594162
52;0.014681657776236534;0.31468531489372253
53;0.014925261959433556;0.2377622425556183
54;0.014467001892626286;0.279720276594162
55;0.014870278537273407;0.2657342553138733
56;0.014555301517248154;0.28671327233314514
57;0.014792628586292267;0.2237762212753296
58;0.014543565921485424;0.279720276594162
59;0.014463423751294613;0.3356643319129944
60;0.014640445820987225;0.28671327233314514
61;0.014432012103497982;0.2657342553138733
62;0.014359145425260067;0.31468531489372253
63;0.01445016823709011;0.28671327233314514
64;0.014388570562005043;0.25874125957489014
65;0.01437109149992466;0.32867133617401123
66;0.014200860634446144;0.35664334893226624
67;0.014336015097796917;0.3216783106327057
68;0.014167159795761108;0.3426573574542999
69;0.014117753133177757;0.3076923191547394
70;0.014102987945079803;0.3986014127731323
71;0.014082065783441067;0.3636363744735718
72;0.01411741878837347;0.4055944085121155
73;0.013931500725448132;0.3776223659515381
74;0.014128890819847584;0.37062937021255493
75;0.013870228081941605;0.440559446811676
76;0.013903902843594551;0.38461539149284363
77;0.01390122901648283;0.3916083872318268
78;0.013727646321058273;0.4615384638309479
79;0.013785420916974545;0.42657342553138733
80;0.01373254507780075;0.3986014127731323
81;0.013902092352509499;0.3496503531932831
82;0.01349020004272461;0.4335664212703705
83;0.013544483110308647;0.4545454680919647
84;0.013521906919777393;0.4755244851112366
85;0.013409597799181938;0.46853145956993103
86;0.013356131501495838;0.4475524425506592
87;0.013529093004763126;0.4755244851112366
88;0.013258458115160465;0.4615384638309479
89;0.013380021788179874;0.4755244851112366
90;0.013026894070208073;0.5104895234107971
91;0.013154986314475536;0.4965035021305084
92;0.013056397438049316;0.440559446811676
93;0.01293986290693283;0.42657342553138733
94;0.013200762681663036;0.5174825191497803
95;0.012938868254423141;0.503496527671814
96;0.012893693521618843;0.4755244851112366
97;0.012743246741592884;0.5524475574493408
98;0.012473727576434612;0.4895104765892029
99;0.01270520780235529;0.4895104765892029
100;0.01282920129597187;0.5104895234107971
101;0.012695949524641037;0.503496527671814
102;0.01253565028309822;0.4825174808502197
103;0.01228243112564087;0.5874125957489014
104;0.012698068283498287;0.4825174808502197
105;0.012441664934158325;0.5664335489273071
106;0.012138210237026215;0.5734265446662903
107;0.012493831105530262;0.5244755148887634
108;0.012391328811645508;0.5174825191497803
109;0.01250449102371931;0.5384615659713745
110;0.01210825890302658;0.5454545617103577
111;0.012098502367734909;0.5664335489273071
112;0.012131947092711926;0.5874125957489014
113;0.011864648200571537;0.5734265446662903
114;0.01204993948340416;0.559440553188324
115;0.011932259425520897;0.5384615659713745
116;0.011961578391492367;0.5804196000099182
117;0.011758712120354176;0.6223776340484619
118;0.011587744578719139;0.6433566212654114
119;0.011719515547156334;0.5454545617103577
120;0.01177919376641512;0.5454545617103577
121;0.011598753742873669;0.559440553188324
122;0.011393486522138119;0.5804196000099182
123;0.011544189415872097;0.5664335489273071
124;0.01168233621865511;0.5734265446662903
125;0.01138909813016653;0.5944055914878845
126;0.011285435408353806;0.6153846383094788
127;0.011382963508367538;0.6153846383094788
128;0.011579069308936596;0.6293706297874451
129;0.011509079486131668;0.5454545617103577
130;0.01150539517402649;0.5734265446662903
131;0.011146528646349907;0.6083915829658508
132;0.011174360290169716;0.6433566212654114
133;0.011016341857612133;0.6363636255264282
134;0.011306528002023697;0.6363636255264282
135;0.011093017645180225;0.6013985872268677
136;0.011014125309884548;0.6223776340484619
137;0.01085006631910801;0.6643356680870056
138;0.010833009146153927;0.6293706297874451
139;0.010756530798971653;0.5874125957489014
140;0.010682220570743084;0.6223776340484619
141;0.01069234125316143;0.7062937021255493
142;0.010829898528754711;0.6643356680870056
143;0.010508648119866848;0.6713286638259888
144;0.010744563303887844;0.6433566212654114
145;0.010458022356033325;0.692307710647583
146;0.010458585806190968;0.6363636255264282
147;0.010801142081618309;0.6083915829658508
148;0.010414809919893742;0.6433566212654114
149;0.010969771072268486;0.6223776340484619
150;0.010379834100604057;0.6853147149085999
151;0.0102927777916193;0.6363636255264282
152;0.010681044310331345;0.6363636255264282
153;0.010611914098262787;0.6853147149085999
154;0.010277936235070229;0.7202796936035156
155;0.010268333368003368;0.6363636255264282
156;0.010394531302154064;0.6573426723480225
157;0.010106775909662247;0.6363636255264282
158;0.010173865593969822;0.6573426723480225
159;0.010367538779973984;0.6363636255264282
160;0.010050581768155098;0.692307710647583
161;0.010041313245892525;0.692307710647583
162;0.010004090145230293;0.6293706297874451
163;0.009945081546902657;0.6433566212654114
164;0.00998335424810648;0.6573426723480225
165;0.010185666382312775;0.6433566212654114
166;0.010132664814591408;0.6783216595649719
167;0.009833075106143951;0.7132866978645325
168;0.009898199699819088;0.692307710647583
169;0.009713195264339447;0.7062937021255493
170;0.009872842580080032;0.7062937021255493
171;0.009814992547035217;0.7132866978645325
172;0.009897962212562561;0.6993007063865662
173;0.009773656725883484;0.7062937021255493
174;0.009645279496908188;0.6783216595649719
175;0.009827018715441227;0.692307710647583
176;0.009774981997907162;0.6713286638259888
177;0.009939382784068584;0.6573426723480225
178;0.009601591154932976;0.6993007063865662
179;0.009500820189714432;0.6853147149085999
180;0.00955315213650465;0.692307710647583
181;0.009399162605404854;0.6783216595649719
182;0.009627443738281727;0.6643356680870056
183;0.00934997946023941;0.7272727489471436
184;0.009099015966057777;0.748251736164093
185;0.009323850274085999;0.7132866978645325
186;0.00936194323003292;0.7272727489471436
187;0.00933273509144783;0.7272727489471436
188;0.009467405267059803;0.7132866978645325
189;0.0093174884095788;0.7342657446861267
190;0.00940700899809599;0.6853147149085999
191;0.009226636029779911;0.748251736164093
192;0.009483936242759228;0.7272727489471436
193;0.0092788590118289;0.7132866978645325
194;0.009005660191178322;0.748251736164093
195;0.00917988270521164;0.7762237787246704
196;0.009082182310521603;0.748251736164093
197;0.008894904516637325;0.748251736164093
198;0.009232589974999428;0.7552447319030762
199;0.00882513727992773;0.7342657446861267
200;0.008684094063937664;0.8041958212852478
201;0.009024634025990963;0.7622377872467041
202;0.009042219258844852;0.7132866978645325
203;0.008927565068006516;0.748251736164093
204;0.009146135300397873;0.6993007063865662
205;0.009009853936731815;0.7412587404251099
206;0.009039859287440777;0.7412587404251099
207;0.00898631103336811;0.7622377872467041
208;0.00877683237195015;0.748251736164093
209;0.008439826779067516;0.7972028255462646
210;0.00906005036085844;0.7762237787246704
211;0.008772742003202438;0.8041958212852478
212;0.008453651331365108;0.7552447319030762
213;0.008749005384743214;0.7692307829856873
214;0.008644147776067257;0.7762237787246704
215;0.008704219944775105;0.7272727489471436
216;0.008279118686914444;0.7762237787246704
217;0.008599554188549519;0.7832167744636536
218;0.008434558287262917;0.8251748085021973
219;0.008564837276935577;0.748251736164093
220;0.008366009220480919;0.7692307829856873
221;0.0084163723513484;0.7692307829856873
222;0.008214286528527737;0.7622377872467041
223;0.008370459079742432;0.8181818127632141
224;0.008359359577298164;0.7692307829856873
225;0.00834712665528059;0.7552447319030762
226;0.0081716887652874;0.8041958212852478
227;0.008538168855011463;0.7622377872467041
228;0.008137734606862068;0.7762237787246704
229;0.008292706683278084;0.7902097702026367
230;0.008212585933506489;0.8181818127632141
231;0.00823434442281723;0.7902097702026367
232;0.008115241304039955;0.7972028255462646
233;0.008677447214722633;0.7622377872467041
234;0.008294014260172844;0.7762237787246704
235;0.008008970879018307;0.8181818127632141
236;0.007963579148054123;0.7832167744636536
237;0.008459839969873428;0.7622377872467041
238;0.007879063487052917;0.7972028255462646
239;0.007782635744661093;0.8321678042411804
240;0.008093184791505337;0.7552447319030762
241;0.008198300376534462;0.7692307829856873
242;0.00815968494862318;0.8251748085021973
243;0.008345276117324829;0.8321678042411804
244;0.007904109545052052;0.8181818127632141
245;0.007908537052571774;0.7552447319030762
246;0.008248543366789818;0.7622377872467041
247;0.007967391051352024;0.7832167744636536
248;0.008285854011774063;0.7762237787246704
249;0.007421295624226332;0.8531468510627747
250;0.0074426643550395966;0.8391608595848083
251;0.008088475093245506;0.8181818127632141
252;0.00800069235265255;0.748251736164093
253;0.007751863449811935;0.748251736164093
254;0.007798448204994202;0.8391608595848083
255;0.007800417952239513;0.8041958212852478
256;0.007558554410934448;0.8251748085021973
257;0.007326698396354914;0.8461538553237915
258;0.007979954592883587;0.8041958212852478
259;0.007531993556767702;0.7902097702026367
260;0.00835636630654335;0.7692307829856873
261;0.007417576853185892;0.8321678042411804
262;0.007571009919047356;0.8391608595848083
263;0.00794617086648941;0.8391608595848083
264;0.007534626871347427;0.8041958212852478
265;0.008403471671044827;0.7342657446861267
266;0.007859861478209496;0.7972028255462646
267;0.007597207557410002;0.8251748085021973
268;0.007709293160587549;0.8251748085021973
269;0.0075633530505001545;0.8251748085021973
270;0.007794321980327368;0.8181818127632141
271;0.007267467211931944;0.8461538553237915
272;0.007806821260601282;0.8181818127632141
273;0.007297435775399208;0.8321678042411804
274;0.007432307582348585;0.8531468510627747
275;0.0071600135415792465;0.8391608595848083
276;0.007351217791438103;0.8391608595848083
277;0.007054855115711689;0.8391608595848083
278;0.0071135819889605045;0.8041958212852478
279;0.007215762045234442;0.7972028255462646
280;0.00698206527158618;0.8251748085021973
281;0.007168292999267578;0.8251748085021973
282;0.007048320956528187;0.867132842540741
283;0.007202917709946632;0.8041958212852478
284;0.007057503331452608;0.8321678042411804
285;0.007113299332559109;0.8531468510627747
286;0.007134605664759874;0.8251748085021973
287;0.006971095222979784;0.8461538553237915
288;0.006796860136091709;0.8251748085021973
289;0.00696203950792551;0.8321678042411804
290;0.006882884074002504;0.8181818127632141
291;0.006742510013282299;0.8531468510627747
292;0.006937095895409584;0.8251748085021973
293;0.006679059471935034;0.867132842540741
294;0.007117695640772581;0.8181818127632141
295;0.006960432510823011;0.8601398468017578
296;0.006723437923938036;0.8531468510627747
297;0.006704387255012989;0.8251748085021973
298;0.0066967858001589775;0.8181818127632141
299;0.006612871773540974;0.8461538553237915
300;0.006662960629910231;0.8391608595848083
301;0.006598739419132471;0.8321678042411804
302;0.006801918148994446;0.8391608595848083
303;0.006680678576231003;0.8321678042411804
304;0.006540751084685326;0.8741258978843689
305;0.006596128456294537;0.8181818127632141
306;0.006764499936252832;0.8601398468017578
307;0.006517600268125534;0.8321678042411804
308;0.00639709597453475;0.8391608595848083
309;0.006440083961933851;0.8461538553237915
310;0.006534854881465435;0.8531468510627747
311;0.006694929674267769;0.8741258978843689
312;0.0064938790164887905;0.8321678042411804
313;0.006626997608691454;0.8251748085021973
314;0.0064762854017317295;0.8531468510627747
315;0.006406356580555439;0.8251748085021973
316;0.006419169716536999;0.8181818127632141
317;0.006211585830897093;0.881118893623352
318;0.006153941620141268;0.8461538553237915
319;0.00662653986364603;0.8391608595848083
320;0.006189220584928989;0.867132842540741
321;0.0060699814930558205;0.8741258978843689
322;0.006169991567730904;0.8531468510627747
323;0.006348761264234781;0.8461538553237915
324;0.006171607878059149;0.8531468510627747
325;0.0060735465958714485;0.881118893623352
326;0.006143664941191673;0.8531468510627747
327;0.006589631550014019;0.8601398468017578
328;0.00643820920959115;0.8321678042411804
329;0.006263015326112509;0.8321678042411804
330;0.006072376389056444;0.8461538553237915
331;0.0061103831976652145;0.867132842540741
332;0.006429050117731094;0.8531468510627747
333;0.0064600626938045025;0.8531468510627747
334;0.00627495301887393;0.8181818127632141
335;0.006173666566610336;0.8181818127632141
336;0.006089475005865097;0.881118893623352
337;0.006109297275543213;0.881118893623352
338;0.006298384629189968;0.8181818127632141
339;0.005957167595624924;0.8461538553237915
340;0.006174410693347454;0.8461538553237915
341;0.00615488039329648;0.8461538553237915
342;0.006199992727488279;0.8461538553237915
343;0.006159754004329443;0.8461538553237915
344;0.0059835403226315975;0.8391608595848083
345;0.005792208947241306;0.881118893623352
346;0.005992725025862455;0.8601398468017578
347;0.00601621251553297;0.8531468510627747
348;0.006239523179829121;0.8321678042411804
349;0.0057603539898991585;0.867132842540741
350;0.006274715065956116;0.8181818127632141
351;0.005902877077460289;0.867132842540741
352;0.006022317800670862;0.8531468510627747
353;0.005919162649661303;0.8321678042411804
354;0.00598840182647109;0.8741258978843689
355;0.005711274687200785;0.8741258978843689
356;0.005770128220319748;0.8741258978843689
357;0.00591631792485714;0.881118893623352
358;0.005998637061566114;0.8461538553237915
359;0.006061920430511236;0.867132842540741
360;0.006113930139690638;0.8461538553237915
361;0.005767509341239929;0.8391608595848083
362;0.005964838899672031;0.8321678042411804
363;0.005826149135828018;0.8461538553237915
364;0.00569952791556716;0.8531468510627747
365;0.005918973591178656;0.8321678042411804
366;0.00561698479577899;0.9020978808403015
367;0.00583534874022007;0.8951048851013184
368;0.005704102106392384;0.8601398468017578
369;0.0057740118354558945;0.8461538553237915
370;0.005791566800326109;0.8391608595848083
371;0.005727301351726055;0.881118893623352
372;0.0056828707456588745;0.8881118893623352
373;0.005483665503561497;0.8741258978843689
374;0.005444485694169998;0.8881118893623352
375;0.005582471378147602;0.8531468510627747
376;0.0057159666903316975;0.8321678042411804
377;0.0059889741241931915;0.867132842540741
378;0.005829955916851759;0.8461538553237915
379;0.006109369918704033;0.8251748085021973
380;0.006327034905552864;0.8391608595848083
381;0.005648259539157152;0.9090909361839294
382;0.0059099746868014336;0.8461538553237915
383;0.005486601963639259;0.8951048851013184
384;0.006030764430761337;0.8461538553237915
385;0.005957179237157106;0.8601398468017578
386;0.005811633076518774;0.9090909361839294
387;0.005601875018328428;0.881118893623352
388;0.005505679175257683;0.881118893623352
389;0.00595246534794569;0.8461538553237915
390;0.005773021373897791;0.8601398468017578
391;0.005666363053023815;0.867132842540741
392;0.005626118741929531;0.8741258978843689
393;0.00542836170643568;0.9090909361839294
394;0.005649787839502096;0.867132842540741
395;0.005781467538326979;0.8881118893623352
396;0.005495576187968254;0.8951048851013184
397;0.005333025939762592;0.8881118893623352
398;0.00551282474771142;0.867132842540741
399;0.0055291117168962955;0.8881118893623352
400;0.005357980728149414;0.8741258978843689
401;0.005314118228852749;0.881118893623352
402;0.005404312163591385;0.867132842540741
403;0.005235770251601934;0.8951048851013184
404;0.005264873616397381;0.8741258978843689
405;0.005315912887454033;0.8531468510627747
406;0.005292562302201986;0.8741258978843689
407;0.005433039739727974;0.8461538553237915
408;0.005226063076406717;0.8461538553237915
409;0.005228904541581869;0.8601398468017578
410;0.005196448415517807;0.8951048851013184
411;0.005309855565428734;0.867132842540741
412;0.005344899836927652;0.867132842540741
413;0.005271269474178553;0.8881118893623352
414;0.0053012496791779995;0.8601398468017578
415;0.005211994517594576;0.9370629191398621
416;0.005241869483143091;0.8531468510627747
417;0.00518885487690568;0.867132842540741
418;0.005233594682067633;0.8741258978843689
419;0.005125341471284628;0.881118893623352
420;0.005208201240748167;0.881118893623352
421;0.005260267294943333;0.881118893623352
422;0.0052182637155056;0.8741258978843689
423;0.005187654402107;0.881118893623352
424;0.005363629665225744;0.8531468510627747
425;0.00498616136610508;0.8741258978843689
426;0.0052878218702971935;0.8531468510627747
427;0.005306526552885771;0.867132842540741
428;0.005088070407509804;0.881118893623352
429;0.005247665569186211;0.9090909361839294
430;0.0053795697167515755;0.8321678042411804
431;0.00507010892033577;0.8601398468017578
432;0.004985838662832975;0.8881118893623352
433;0.004958320874720812;0.8881118893623352
434;0.005012402310967445;0.8741258978843689
435;0.005096709821373224;0.8601398468017578
436;0.005063704680651426;0.8881118893623352
437;0.005256701726466417;0.8881118893623352
438;0.004747611004859209;0.8951048851013184
439;0.004934309516102076;0.8951048851013184
440;0.004965858533978462;0.867132842540741
441;0.005006715189665556;0.9090909361839294
442;0.004968519322574139;0.881118893623352
443;0.004826267249882221;0.8951048851013184
444;0.004811962600797415;0.8531468510627747
445;0.004584511276334524;0.9020978808403015
446;0.0047188266180455685;0.9160839319229126
447;0.004552537575364113;0.9230769276618958
448;0.004882562439888716;0.8741258978843689
449;0.0049375672824680805;0.8741258978843689
450;0.004699973855167627;0.8951048851013184
451;0.004997339099645615;0.8601398468017578
452;0.005228362046182156;0.8741258978843689
453;0.005003268830478191;0.8741258978843689
454;0.005380685441195965;0.8741258978843689
455;0.004999849479645491;0.8461538553237915
456;0.004611209966242313;0.9160839319229126
457;0.004901965148746967;0.8881118893623352
458;0.004921442363411188;0.8951048851013184
459;0.004891490563750267;0.881118893623352
460;0.005131680518388748;0.8601398468017578
461;0.004803163930773735;0.9020978808403015
462;0.005053733009845018;0.8741258978843689
463;0.004732981789857149;0.8951048851013184
464;0.004842059686779976;0.9090909361839294
465;0.0048340559005737305;0.8951048851013184
466;0.005286284722387791;0.8531468510627747
467;0.00498581025749445;0.867132842540741
468;0.005025160498917103;0.867132842540741
469;0.005205234512686729;0.867132842540741
470;0.00528754573315382;0.9020978808403015
471;0.0048744832165539265;0.9020978808403015
472;0.004740010015666485;0.9090909361839294
473;0.004969719797372818;0.9090909361839294
474;0.005555829964578152;0.8461538553237915
475;0.00516256969422102;0.8881118893623352
476;0.005269760265946388;0.8461538553237915
477;0.0051509542390704155;0.881118893623352
478;0.005020280368626118;0.8391608595848083
479;0.004719660151749849;0.8881118893623352
480;0.004649064969271421;0.8951048851013184
481;0.004900658503174782;0.881118893623352
482;0.004824033472687006;0.9020978808403015
483;0.004848109558224678;0.8951048851013184
484;0.004966920707374811;0.8601398468017578
485;0.0048216269351542;0.8881118893623352
486;0.004528152756392956;0.9160839319229126
487;0.004966136999428272;0.8601398468017578
488;0.004387264139950275;0.9580419659614563
489;0.004651399329304695;0.881118893623352
490;0.00507007259875536;0.867132842540741
491;0.004546226467937231;0.9020978808403015
492;0.004622871056199074;0.9020978808403015
493;0.004489103797823191;0.8741258978843689
494;0.004669921472668648;0.9090909361839294
495;0.004697346594184637;0.9300699234008789
496;0.004564039874821901;0.8951048851013184
497;0.0044798399321734905;0.9230769276618958
498;0.004581558518111706;0.9090909361839294
499;0.004539265763014555;0.9020978808403015
500;0.004522145260125399;0.9020978808403015
501;0.0046223984099924564;0.8881118893623352
502;0.004575922153890133;0.867132842540741
503;0.004204941913485527;0.9300699234008789
504;0.004594076424837112;0.9230769276618958
505;0.004875103011727333;0.9090909361839294
506;0.004347499459981918;0.9440559148788452
507;0.004838091321289539;0.9090909361839294
508;0.0045604403130710125;0.9020978808403015
509;0.004234523046761751;0.9160839319229126
510;0.004684360232204199;0.9020978808403015
511;0.0046282075345516205;0.9090909361839294
512;0.004821366164833307;0.881118893623352
513;0.0043540154583752155;0.9440559148788452
514;0.004565930925309658;0.8881118893623352
515;0.004239096771925688;0.9440559148788452
516;0.004429002292454243;0.9300699234008789
517;0.004778614733368158;0.8741258978843689
518;0.004698496777564287;0.9090909361839294
519;0.004473237786442041;0.881118893623352
520;0.004720964934676886;0.9090909361839294
521;0.004323069471865892;0.9020978808403015
522;0.004448316525667906;0.881118893623352
523;0.00440994743257761;0.8881118893623352
524;0.004407772794365883;0.9160839319229126
525;0.00436960905790329;0.9090909361839294
526;0.004736512899398804;0.9160839319229126
527;0.004078604746609926;0.9230769276618958
528;0.004370857495814562;0.8881118893623352
529;0.004338501021265984;0.8881118893623352
530;0.004280823282897472;0.8881118893623352
531;0.004579946864396334;0.9230769276618958
532;0.0043569100089371204;0.8881118893623352
533;0.0043412153609097;0.9230769276618958
534;0.00423347158357501;0.9370629191398621
535;0.004750572610646486;0.8531468510627747
536;0.0042535699903965;0.9090909361839294
537;0.004238382447510958;0.8951048851013184
538;0.004221202805638313;0.9300699234008789
539;0.004450914449989796;0.9300699234008789
540;0.004380582831799984;0.9090909361839294
541;0.004784484393894672;0.8601398468017578
542;0.004217489622533321;0.9230769276618958
543;0.004819799214601517;0.867132842540741
544;0.004054390825331211;0.9300699234008789
545;0.0045424457639455795;0.9230769276618958
546;0.004791370127350092;0.8881118893623352
547;0.004315434023737907;0.9020978808403015
548;0.004374883137643337;0.9090909361839294
549;0.004493288230150938;0.9230769276618958
550;0.00438061635941267;0.9090909361839294
551;0.004644498229026794;0.8741258978843689
552;0.004470558371394873;0.9580419659614563
553;0.004359760321676731;0.9160839319229126
554;0.004572346806526184;0.8881118893623352
555;0.004292924888432026;0.9440559148788452
556;0.004393913317471743;0.8951048851013184
557;0.004257230553776026;0.8881118893623352
558;0.004601797088980675;0.8951048851013184
559;0.004364232067018747;0.9300699234008789
560;0.004381292499601841;0.9090909361839294
561;0.00412003556266427;0.9370629191398621
562;0.0041115013882517815;0.9160839319229126
563;0.004329828079789877;0.9230769276618958
564;0.004418026655912399;0.9090909361839294
565;0.004095223266631365;0.9230769276618958
566;0.004103223793208599;0.9370629191398621
567;0.004326858092099428;0.9230769276618958
568;0.00432997802272439;0.9090909361839294
569;0.00421031704172492;0.9370629191398621
570;0.00402248976752162;0.9300699234008789
571;0.004097819793969393;0.9300699234008789
572;0.004135907161980867;0.9300699234008789
573;0.004155255854129791;0.8881118893623352
574;0.003885114099830389;0.9440559148788452
575;0.00418853247538209;0.9300699234008789
576;0.0038910123985260725;0.9230769276618958
577;0.004131813533604145;0.9020978808403015
578;0.004037593025714159;0.9440559148788452
579;0.004122014157474041;0.9300699234008789
580;0.004144102800637484;0.9300699234008789
581;0.003947549965232611;0.9300699234008789
582;0.003988003823906183;0.9370629191398621
583;0.00417717220261693;0.9230769276618958
584;0.004014642909169197;0.9300699234008789
585;0.003936661407351494;0.9440559148788452
586;0.003894796594977379;0.9300699234008789
587;0.0038842938374727964;0.9440559148788452
588;0.003911654464900494;0.9440559148788452
589;0.003702061250805855;0.9440559148788452
590;0.003926984500139952;0.9440559148788452
591;0.004245662596076727;0.8951048851013184
592;0.003826369298622012;0.9300699234008789
593;0.004594603553414345;0.8951048851013184
594;0.003996117506176233;0.9230769276618958
595;0.0041522192768752575;0.9510489702224731
596;0.004495959263294935;0.9300699234008789
597;0.0042758360505104065;0.9090909361839294
598;0.004386331886053085;0.8881118893623352
599;0.004649945069104433;0.9300699234008789
600;0.005536641459912062;0.8321678042411804
601;0.004254399333149195;0.9300699234008789
602;0.005841286852955818;0.8461538553237915
603;0.005410140845924616;0.8321678042411804
604;0.004116231109946966;0.9090909361839294
605;0.004676380660384893;0.9370629191398621
606;0.005168153438717127;0.8601398468017578
607;0.004453772678971291;0.9090909361839294
608;0.004580214153975248;0.8881118893623352
609;0.004508642479777336;0.9300699234008789
610;0.004511823412030935;0.9090909361839294
611;0.004204940516501665;0.9510489702224731
612;0.0041396236047148705;0.9300699234008789
613;0.004450429230928421;0.9440559148788452
614;0.004485142417252064;0.9370629191398621
615;0.004393843933939934;0.9160839319229126
616;0.00403613643720746;0.9510489702224731
617;0.00413503497838974;0.9230769276618958
618;0.003923315554857254;0.9300699234008789
619;0.004553431645035744;0.8881118893623352
620;0.0038601586129516363;0.9370629191398621
621;0.003988741431385279;0.9090909361839294
622;0.004090729635208845;0.9230769276618958
623;0.004120260011404753;0.9440559148788452
624;0.003935243934392929;0.9160839319229126
625;0.0041005564853549;0.9300699234008789
626;0.004061026964336634;0.9300699234008789
627;0.003880535252392292;0.9090909361839294
628;0.003772537223994732;0.9370629191398621
629;0.003948694560676813;0.9370629191398621
630;0.0038858396001160145;0.9370629191398621
631;0.0038107780274003744;0.9440559148788452
632;0.0037184529937803745;0.9440559148788452
633;0.003826478496193886;0.9300699234008789
634;0.0037895285058766603;0.9440559148788452
635;0.0037298956885933876;0.9020978808403015
636;0.0038969535380601883;0.9650349617004395
637;0.0035905269905924797;0.9440559148788452
638;0.0036219400353729725;0.9300699234008789
639;0.0037752112839370966;0.9370629191398621
640;0.0037609331775456667;0.9510489702224731
641;0.00409130472689867;0.9300699234008789
642;0.003528395900502801;0.9720279574394226
643;0.003889593295753002;0.9580419659614563
644;0.0037611096631735563;0.9370629191398621
645;0.003580906195566058;0.9440559148788452
646;0.0034788954071700573;0.9510489702224731
647;0.0036617452278733253;0.9510489702224731
648;0.003474709577858448;0.9650349617004395
649;0.0036318376660346985;0.9370629191398621
650;0.0038213322404772043;0.9300699234008789
651;0.0037606984842568636;0.9370629191398621
652;0.00391603447496891;0.9300699234008789
653;0.003415580140426755;0.9580419659614563
654;0.0035434896126389503;0.9510489702224731
655;0.0035002485383301973;0.9440559148788452
656;0.0035411291755735874;0.9370629191398621
657;0.003531011985614896;0.9440559148788452
658;0.0034848295617848635;0.9230769276618958
659;0.0035914189647883177;0.9300699234008789
660;0.0034028550144284964;0.9440559148788452
661;0.0032237961422652006;0.9510489702224731
662;0.003220130456611514;0.9510489702224731
663;0.0032404493540525436;0.9580419659614563
664;0.0035008182749152184;0.9230769276618958
665;0.0033956794068217278;0.9650349617004395
666;0.003518527839332819;0.9580419659614563
667;0.0037484837230294943;0.9370629191398621
668;0.003710295306518674;0.9650349617004395
669;0.00403977744281292;0.9370629191398621
670;0.003564981510862708;0.9440559148788452
671;0.003634090069681406;0.9510489702224731
672;0.003489496186375618;0.9580419659614563
673;0.00367907015606761;0.9160839319229126
674;0.003333981614559889;0.9510489702224731
675;0.0036963929887861013;0.9370629191398621
676;0.0034595769830048084;0.9650349617004395
677;0.0034110937267541885;0.9510489702224731
678;0.003505137050524354;0.9510489702224731
679;0.003679029643535614;0.9300699234008789
680;0.003488952526822686;0.9300699234008789
681;0.0034057297743856907;0.9370629191398621
682;0.003283404977992177;0.9370629191398621
683;0.003319571726024151;0.9300699234008789
684;0.003027180442586541;0.9650349617004395
685;0.003681829897686839;0.9160839319229126
686;0.0034037670120596886;0.9510489702224731
687;0.0031630112789571285;0.9580419659614563
688;0.003337041474878788;0.9650349617004395
689;0.00339033012278378;0.9650349617004395
690;0.0035641693975776434;0.9440559148788452
691;0.0032013689633458853;0.9370629191398621
692;0.0032623768784105778;0.9650349617004395
693;0.0034572575241327286;0.9580419659614563
694;0.0033494504168629646;0.9160839319229126
695;0.0032170810736715794;0.9440559148788452
696;0.0032940306700766087;0.9370629191398621
697;0.0032909619621932507;0.9720279574394226
698;0.0031524745281785727;0.9650349617004395
699;0.0034209000878036022;0.9090909361839294
700;0.0033603378105908632;0.9440559148788452
701;0.0032282748725265265;0.9370629191398621
702;0.0033095472026616335;0.9650349617004395
703;0.0033350386656820774;0.9230769276618958
704;0.0031126586254686117;0.9580419659614563
705;0.0035424805246293545;0.9370629191398621
706;0.0034239611122757196;0.9160839319229126
707;0.0030872991774231195;0.9650349617004395
708;0.003137644613161683;0.9440559148788452
709;0.003470465773716569;0.9580419659614563
710;0.0032041817903518677;0.9440559148788452
711;0.00329027883708477;0.9160839319229126
712;0.00328448717482388;0.9510489702224731
713;0.0031718271784484386;0.9440559148788452
714;0.0030513019300997257;0.9580419659614563
715;0.0031058553140610456;0.9580419659614563
716;0.003120236797258258;0.9650349617004395
717;0.003196561709046364;0.9580419659614563
718;0.0031995743047446012;0.9440559148788452
719;0.003156865481287241;0.9510489702224731
720;0.003317217342555523;0.9440559148788452
721;0.003397155785933137;0.9440559148788452
722;0.0030833843629807234;0.9370629191398621
723;0.003127023810520768;0.9580419659614563
724;0.003202165709808469;0.9650349617004395
725;0.003197579411789775;0.9510489702224731
726;0.003398207714781165;0.9090909361839294
727;0.003047364763915539;0.9650349617004395
728;0.0033970759250223637;0.9370629191398621
729;0.0031696311198174953;0.9510489702224731
730;0.0033356058411300182;0.9090909361839294
731;0.003513213712722063;0.9510489702224731
732;0.003123864531517029;0.9510489702224731
733;0.002952233189716935;0.9720279574394226
734;0.003257535398006439;0.9300699234008789
735;0.0032371848355978727;0.9510489702224731
736;0.0032836494501680136;0.9370629191398621
737;0.0032181022688746452;0.9230769276618958
738;0.0031121615320444107;0.9230769276618958
739;0.003364390227943659;0.9370629191398621
740;0.003125265007838607;0.9650349617004395
741;0.003148090559989214;0.9580419659614563
742;0.0032118025701493025;0.9650349617004395
743;0.0032153152860701084;0.9510489702224731
744;0.003178604179993272;0.9510489702224731
745;0.002781591145321727;0.9720279574394226
746;0.003009428735822439;0.9370629191398621
747;0.003264687256887555;0.9370629191398621
748;0.0031381240114569664;0.9790209531784058
749;0.003020692151039839;0.9650349617004395
750;0.0033078682608902454;0.9090909361839294
751;0.0031140954233705997;0.9300699234008789
752;0.0032196277752518654;0.9510489702224731
753;0.0031873786356300116;0.9300699234008789
754;0.003076864406466484;0.9510489702224731
755;0.0031943628564476967;0.9440559148788452
756;0.0033576777204871178;0.9440559148788452
757;0.00324392132461071;0.9510489702224731
758;0.0031569660641252995;0.9510489702224731
759;0.0033288109116256237;0.9510489702224731
760;0.0033273412846028805;0.9580419659614563
761;0.002984556369483471;0.9580419659614563
762;0.003187456401064992;0.9230769276618958
763;0.0027939528226852417;0.9510489702224731
764;0.0031372839584946632;0.9510489702224731
765;0.0031868205405771732;0.9300699234008789
766;0.0031342676375061274;0.9720279574394226
767;0.003008297411724925;0.9510489702224731
768;0.002870195545256138;0.9650349617004395
769;0.0030342198442667723;0.9650349617004395
770;0.0030329443980008364;0.9510489702224731
771;0.002877559745684266;0.9650349617004395
772;0.0028701352421194315;0.9650349617004395
773;0.0031622438691556454;0.9370629191398621
774;0.0026900344528257847;0.9720279574394226
775;0.002809755736961961;0.9510489702224731
776;0.003038634080439806;0.9580419659614563
777;0.0033069425262510777;0.9370629191398621
778;0.002907987916842103;0.9650349617004395
779;0.002942403545603156;0.9720279574394226
780;0.0029794436413794756;0.9510489702224731
781;0.003013521432876587;0.9510489702224731
782;0.003280341625213623;0.9370629191398621
783;0.0029383397195488214;0.9300699234008789
784;0.0027211038395762444;0.9650349617004395
785;0.002996159717440605;0.9510489702224731
786;0.0028040714096277952;0.9650349617004395
787;0.0029517996590584517;0.9720279574394226
788;0.002954282099381089;0.9650349617004395
789;0.003064050106331706;0.9160839319229126
790;0.002931443974375725;0.9370629191398621
791;0.002944150473922491;0.9440559148788452
792;0.002918131882324815;0.9720279574394226
793;0.0028591626323759556;0.9720279574394226
794;0.0027849681209772825;0.9650349617004395
795;0.0027223413344472647;0.9650349617004395
796;0.0029700505547225475;0.9580419659614563
797;0.002886152593418956;0.9790209531784058
798;0.0030680722557008266;0.9300699234008789
799;0.0030054233502596617;0.9300699234008789
800;0.0028839667793363333;0.9580419659614563
801;0.002838128712028265;0.9510489702224731
802;0.0028568294364959;0.9580419659614563
803;0.0027444162406027317;0.9510489702224731
804;0.0027572468388825655;0.9650349617004395
805;0.002924365922808647;0.9720279574394226
806;0.0029647827614098787;0.9440559148788452
807;0.0028419482987374067;0.9790209531784058
808;0.0028945934027433395;0.9510489702224731
809;0.002983079757541418;0.9650349617004395
810;0.002692087786272168;0.9720279574394226
811;0.0029884299729019403;0.9090909361839294
812;0.0028526433743536472;0.9510489702224731
813;0.0026044612750411034;0.9580419659614563
814;0.0028816666454076767;0.9580419659614563
815;0.0027904906310141087;0.9440559148788452
816;0.0030622927006334066;0.9440559148788452
817;0.003326079808175564;0.9090909361839294
818;0.0034754439257085323;0.9580419659614563
819;0.0032400554046034813;0.9440559148788452
820;0.003145361552014947;0.9440559148788452
821;0.004347461275756359;0.8951048851013184
822;0.0030644831713289022;0.9300699234008789
823;0.004057708196341991;0.9090909361839294
824;0.004300164058804512;0.8951048851013184
825;0.003373111132532358;0.9300699234008789
826;0.0031079454347491264;0.9580419659614563
827;0.00375704700127244;0.9580419659614563
828;0.003590160980820656;0.9090909361839294
829;0.003286808030679822;0.9370629191398621
830;0.003001550445333123;0.9860140085220337
831;0.003418544540181756;0.9580419659614563
832;0.0035682085435837507;0.9510489702224731
833;0.0032051277812570333;0.9440559148788452
834;0.0030373556073755026;0.9580419659614563
835;0.003121327143162489;0.9580419659614563
836;0.0032166512683033943;0.9440559148788452
837;0.0028117152396589518;0.9650349617004395
838;0.0030695111490786076;0.9510489702224731
839;0.0029170941561460495;0.9440559148788452
840;0.0028366325423121452;0.9790209531784058
841;0.0028809448704123497;0.9650349617004395
842;0.002992111723870039;0.9510489702224731
843;0.0029686978086829185;0.9650349617004395
844;0.0030018079560250044;0.9580419659614563
845;0.0027090120129287243;0.9510489702224731
846;0.0030391686595976353;0.9370629191398621
847;0.0027697812765836716;0.9720279574394226
848;0.0026517552323639393;0.9510489702224731
849;0.002697116695344448;0.9650349617004395
850;0.002809452125802636;0.9510489702224731
851;0.002523006172850728;0.9720279574394226
852;0.0028180149383842945;0.9650349617004395
853;0.0030018857214599848;0.9720279574394226
854;0.002782749244943261;0.9580419659614563
855;0.0026135712396353483;0.9720279574394226
856;0.003002601210027933;0.9650349617004395
857;0.0027887781616300344;0.9510489702224731
858;0.0030960061121731997;0.9580419659614563
859;0.003455784870311618;0.9300699234008789
860;0.0028158831410109997;0.9650349617004395
861;0.002671540016308427;0.9580419659614563
862;0.002946915104985237;0.9300699234008789
863;0.002940831473097205;0.9720279574394226
864;0.0031491536647081375;0.9580419659614563
865;0.00274947308935225;0.9860140085220337
866;0.0029028654098510742;0.9790209531784058
867;0.0027930450160056353;0.9440559148788452
868;0.0030372014734894037;0.9440559148788452
869;0.0025925161316990852;0.9720279574394226
870;0.002584156347438693;0.9860140085220337
871;0.002606199588626623;0.9650349617004395
872;0.0026300624012947083;0.9580419659614563
873;0.0028942034114152193;0.9440559148788452
874;0.002662774408236146;0.9720279574394226
875;0.0024410441983491182;0.9720279574394226
876;0.0027414700016379356;0.9790209531784058
877;0.0027447990141808987;0.9650349617004395
878;0.002827879274263978;0.9580419659614563
879;0.002921347040683031;0.9580419659614563
880;0.003425884060561657;0.9160839319229126
881;0.0029585903976112604;0.9510489702224731
882;0.0026447696145623922;0.9580419659614563
883;0.002812541788443923;0.9650349617004395
884;0.002965648425742984;0.9790209531784058
885;0.002820620546117425;0.9510489702224731
886;0.0027402618434280157;0.9720279574394226
887;0.002751981606706977;0.9650349617004395
888;0.0028094202280044556;0.9650349617004395
889;0.0026928228326141834;0.9720279574394226
890;0.002892843447625637;0.9510489702224731
891;0.0027251841966062784;0.9790209531784058
892;0.0029862569645047188;0.9650349617004395
893;0.0027354848571121693;0.9720279574394226
894;0.0023804623633623123;0.9790209531784058
895;0.002625106368213892;0.9720279574394226
896;0.002697320654988289;0.9650349617004395
897;0.002631178591400385;0.9720279574394226
898;0.0030807489529252052;0.9650349617004395
899;0.002768960315734148;0.9510489702224731
900;0.0023241769522428513;0.9790209531784058
901;0.0026113411877304316;0.9650349617004395
902;0.0025857514701783657;0.9580419659614563
903;0.0026705407071858644;0.9650349617004395
904;0.0023525096476078033;0.9930070042610168
905;0.002534823725000024;0.9510489702224731
906;0.0025262772105634212;0.9720279574394226
907;0.0025004991330206394;0.9720279574394226
908;0.002368311630561948;1.0
909;0.0023859096691012383;0.9790209531784058
910;0.0026305182836949825;0.9930070042610168
911;0.0024545700289309025;0.9930070042610168
912;0.0027448004111647606;0.9650349617004395
913;0.002686218824237585;0.9720279574394226
914;0.0023008082062005997;0.9860140085220337
915;0.002556633437052369;0.9650349617004395
916;0.002389665460214019;0.9580419659614563
917;0.002577833831310272;0.9720279574394226
918;0.002345603657886386;0.9720279574394226
919;0.0023851811420172453;0.9860140085220337
920;0.0025791293010115623;0.9860140085220337
921;0.0024647668469697237;0.9790209531784058
922;0.0024532240349799395;0.9580419659614563
923;0.0023923784028738737;0.9720279574394226
924;0.0024447650648653507;0.9720279574394226
925;0.002534773899242282;0.9650349617004395
926;0.0022616838105022907;1.0
927;0.0023874123580753803;0.9790209531784058
928;0.0025215926580131054;0.9650349617004395
929;0.0022080319467931986;0.9860140085220337
930;0.002196535002440214;1.0
931;0.0026294824201613665;0.9860140085220337
932;0.0023131135385483503;0.9930070042610168
933;0.0026720615569502115;0.9650349617004395
934;0.002459506969898939;0.9930070042610168
935;0.0025328858755528927;0.9790209531784058
936;0.002573191188275814;0.9650349617004395
937;0.0025660789106041193;0.9720279574394226
938;0.0023511589970439672;0.9930070042610168
939;0.002455869223922491;0.9580419659614563
940;0.0023978189565241337;0.9790209531784058
941;0.0025122365914285183;0.9650349617004395
942;0.002285078400745988;0.9930070042610168
943;0.0021555335260927677;1.0
944;0.0023543245624750853;0.9720279574394226
945;0.0023243045434355736;0.9860140085220337
946;0.002520693466067314;0.9930070042610168
947;0.0026136920787394047;0.9860140085220337
948;0.0023870449513196945;0.9790209531784058
949;0.0021880893036723137;0.9790209531784058
950;0.002272962126880884;0.9930070042610168
951;0.0021747571881860495;1.0
952;0.003787198569625616;0.8951048851013184
953;0.012612564489245415;0.6153846383094788
954;0.015596888028085232;0.5104895234107971
955;0.014310632832348347;0.5244755148887634
956;0.013887652195990086;0.6503496766090393
957;0.01529350969940424;0.5524475574493408
958;0.013033428229391575;0.6013985872268677
959;0.013665977865457535;0.559440553188324
960;0.01319899596273899;0.5944055914878845
961;0.014184713363647461;0.5174825191497803
962;0.012351352721452713;0.6013985872268677
963;0.011611384339630604;0.5874125957489014
964;0.011272165924310684;0.6153846383094788
965;0.010984024032950401;0.6433566212654114
966;0.010657941922545433;0.6153846383094788
967;0.010193519294261932;0.6433566212654114
968;0.009495259262621403;0.7202796936035156
969;0.008999965153634548;0.7272727489471436
970;0.008844397962093353;0.7622377872467041
971;0.00834042951464653;0.7832167744636536
972;0.008615842089056969;0.7832167744636536
973;0.007796446792781353;0.8181818127632141
974;0.0075584049336612225;0.7972028255462646
975;0.007595430593937635;0.7692307829856873
976;0.0070899613201618195;0.8041958212852478
977;0.006948651280254126;0.8181818127632141
978;0.007436669431626797;0.7972028255462646
979;0.006673851981759071;0.8251748085021973
980;0.006450976245105267;0.867132842540741
981;0.006706154905259609;0.8391608595848083
982;0.008121657185256481;0.7972028255462646
983;0.00688527338206768;0.811188817024231
984;0.0067427996546030045;0.7972028255462646
985;0.0069254254922270775;0.8251748085021973
986;0.006263928487896919;0.8391608595848083
987;0.006437177769839764;0.8391608595848083
988;0.006851412821561098;0.8041958212852478
989;0.006343895103782415;0.7972028255462646
990;0.006117703393101692;0.8391608595848083
991;0.006169762462377548;0.8181818127632141
992;0.006163690704852343;0.8041958212852478
993;0.005828670226037502;0.8251748085021973
994;0.005923017393797636;0.8181818127632141
995;0.005837482400238514;0.8531468510627747
996;0.005647444631904364;0.8461538553237915
997;0.0067644971422851086;0.7972028255462646
998;0.00597591744735837;0.811188817024231
999;0.0057808589190244675;0.811188817024231
1000;0.005594482645392418;0.8251748085021973
1001;0.005554641596972942;0.8321678042411804
1002;0.005601750686764717;0.8601398468017578
1003;0.005582292564213276;0.8391608595848083
1004;0.0055599813349545;0.8531468510627747
1005;0.005248371511697769;0.8391608595848083
1006;0.005145258270204067;0.867132842540741
1007;0.005188545677810907;0.8741258978843689
1008;0.005207206588238478;0.881118893623352
1009;0.004694498609751463;0.8531468510627747
1010;0.005211633630096912;0.881118893623352
1011;0.005190251860767603;0.8531468510627747
1012;0.004971746820956469;0.8461538553237915
1013;0.005140331573784351;0.8391608595848083
1014;0.005072910338640213;0.8881118893623352
1015;0.005135941319167614;0.8601398468017578
1016;0.004913531709462404;0.867132842540741
1017;0.004841875750571489;0.8881118893623352
1018;0.0048262327909469604;0.9020978808403015
1019;0.004791131243109703;0.8881118893623352
1020;0.004874878097325563;0.8461538553237915
1021;0.00486367754638195;0.8881118893623352
1022;0.004957957658916712;0.8601398468017578
1023;0.0049375565722584724;0.8601398468017578
1024;0.0045579103752970695;0.9020978808403015
1025;0.004585196264088154;0.881118893623352
1026;0.004759365692734718;0.8531468510627747
1027;0.004823296796530485;0.8741258978843689
1028;0.0045654065907001495;0.8881118893623352
1029;0.004584340378642082;0.8601398468017578
1030;0.004752020351588726;0.8531468510627747
1031;0.004662234336137772;0.8741258978843689
1032;0.004440557677298784;0.8881118893623352
1033;0.0047014555893838406;0.8951048851013184
1034;0.004761240910738707;0.8741258978843689
1035;0.0044951122254133224;0.8881118893623352
1036;0.004402542021125555;0.8951048851013184
1037;0.004545283038169146;0.881118893623352
1038;0.004646647721529007;0.9020978808403015
1039;0.004815490450710058;0.881118893623352
1040;0.0045657227747142315;0.8881118893623352
1041;0.005007884930819273;0.8321678042411804
1042;0.004848976619541645;0.867132842540741
1043;0.004670409020036459;0.8601398468017578
1044;0.004873201716691256;0.8601398468017578
1045;0.004461835138499737;0.8881118893623352
1046;0.004451882094144821;0.8951048851013184
1047;0.004596315789967775;0.8601398468017578
1048;0.004489028360694647;0.881118893623352
1049;0.004709537141025066;0.8531468510627747
1050;0.00451510027050972;0.8881118893623352
1051;0.004504128824919462;0.8951048851013184
1052;0.004427214618772268;0.881118893623352
1053;0.004595033824443817;0.867132842540741
1054;0.0047083268873393536;0.8951048851013184
1055;0.004762608092278242;0.8601398468017578
1056;0.0044266884215176105;0.8881118893623352
1057;0.004567204508930445;0.8951048851013184
1058;0.004393465351313353;0.8741258978843689
1059;0.0046881986781954765;0.8741258978843689
1060;0.004604743327945471;0.8741258978843689
1061;0.004356779623776674;0.9090909361839294
1062;0.004281884524971247;0.9300699234008789
1063;0.004398787394165993;0.8881118893623352
1064;0.004418146330863237;0.9160839319229126
1065;0.004470242187380791;0.8601398468017578
1066;0.0041831908747553825;0.881118893623352
1067;0.004331596661359072;0.9230769276618958
1068;0.004292178899049759;0.8881118893623352
1069;0.004233303479850292;0.8741258978843689
1070;0.004075011238455772;0.9160839319229126
1071;0.004421154968440533;0.881118893623352
1072;0.004273068159818649;0.9160839319229126
1073;0.004213079810142517;0.8881118893623352
1074;0.0044106352142989635;0.867132842540741
1075;0.004227105528116226;0.9020978808403015
1076;0.0044540404342114925;0.8881118893623352
1077;0.004303413443267345;0.9090909361839294
1078;0.004358087200671434;0.881118893623352
1079;0.004311352502554655;0.8881118893623352
1080;0.004283898044377565;0.9160839319229126
1081;0.0043535479344427586;0.9020978808403015
1082;0.004185264930129051;0.9020978808403015
1083;0.0043285079300403595;0.9020978808403015
1084;0.00425831088796258;0.8951048851013184
1085;0.004315522033721209;0.881118893623352
1086;0.0041743996553123;0.8881118893623352
1087;0.004130999557673931;0.9160839319229126
1088;0.004625424742698669;0.8741258978843689
1089;0.004096006043255329;0.8881118893623352
1090;0.004339673090726137;0.9020978808403015
1091;0.004336911253631115;0.8741258978843689
1092;0.004008834715932608;0.9020978808403015
1093;0.003979124128818512;0.8881118893623352
1094;0.004516161046922207;0.9020978808403015
1095;0.004307782277464867;0.9090909361839294
1096;0.004098237492144108;0.8741258978843689
1097;0.004306459333747625;0.867132842540741
1098;0.00429756473749876;0.8951048851013184
1099;0.004376716446131468;0.9020978808403015
1100;0.004064526408910751;0.9160839319229126
1101;0.004313681274652481;0.8881118893623352
1102;0.003982318099588156;0.9160839319229126
1103;0.0042482055723667145;0.9020978808403015
1104;0.00402862299233675;0.9090909361839294
1105;0.003953138832002878;0.9090909361839294
1106;0.0040391432121396065;0.9230769276618958
1107;0.004087186884135008;0.9160839319229126
1108;0.004230573307722807;0.9020978808403015
1109;0.003997491206973791;0.9230769276618958
1110;0.003987037111073732;0.8951048851013184
1111;0.0043156384490430355;0.9020978808403015
1112;0.00419419351965189;0.8951048851013184
1113;0.0039269221015274525;0.9160839319229126
1114;0.004130552522838116;0.9090909361839294
1115;0.003818345721811056;0.9160839319229126
1116;0.004076994489878416;0.9090909361839294
1117;0.004112311638891697;0.9090909361839294
1118;0.004148990381509066;0.9160839319229126
1119;0.0037978244945406914;0.9160839319229126
1120;0.004005534574389458;0.9090909361839294
1121;0.004030805081129074;0.9020978808403015
1122;0.003973792772740126;0.9160839319229126
1123;0.004065662156790495;0.9090909361839294
1124;0.003998138476163149;0.9090909361839294
1125;0.003925243858247995;0.9160839319229126
1126;0.0039758337661623955;0.9230769276618958
1127;0.003926569130271673;0.9090909361839294
1128;0.0040942607447505;0.9370629191398621
1129;0.00448754895478487;0.8951048851013184
1130;0.0040858443826437;0.8881118893623352
1131;0.003939141985028982;0.9230769276618958
1132;0.004046445246785879;0.8741258978843689
1133;0.00398592185229063;0.9230769276618958
1134;0.003992636688053608;0.9090909361839294
1135;0.003989535849541426;0.9230769276618958
1136;0.003919418901205063;0.9230769276618958
1137;0.003998641390353441;0.9160839319229126
1138;0.0037366291508078575;0.9300699234008789
1139;0.003798305056989193;0.9370629191398621
1140;0.003811825765296817;0.9160839319229126
1141;0.0039027133025228977;0.9230769276618958
1142;0.0037760306149721146;0.9230769276618958
1143;0.003923557698726654;0.8951048851013184
1144;0.00393809424713254;0.9300699234008789
1145;0.003929000347852707;0.9160839319229126
1146;0.004018945619463921;0.9160839319229126
1147;0.003950961399823427;0.9160839319229126
1148;0.003908729180693626;0.9020978808403015
1149;0.0038055870682001114;0.9230769276618958
1150;0.003683770075440407;0.9370629191398621
1151;0.0038848137483000755;0.9090909361839294
1152;0.003931595012545586;0.8951048851013184
1153;0.0036824338603764772;0.9440559148788452
1154;0.003647756762802601;0.9300699234008789
1155;0.003513616044074297;0.9160839319229126
1156;0.003807873697951436;0.9090909361839294
1157;0.003705290611833334;0.9230769276618958
1158;0.003984633833169937;0.9090909361839294
1159;0.003719923784956336;0.9230769276618958
1160;0.0038381388876587152;0.9300699234008789
1161;0.003687121206894517;0.9300699234008789
1162;0.0036219891626387835;0.9300699234008789
1163;0.003610681975260377;0.9300699234008789
1164;0.003910234663635492;0.8951048851013184
1165;0.0036333107855170965;0.9440559148788452
1166;0.003931944724172354;0.9160839319229126
1167;0.003621142590418458;0.9300699234008789
1168;0.0037623753305524588;0.8951048851013184
1169;0.003653553780168295;0.9300699234008789
1170;0.003862067125737667;0.9230769276618958
1171;0.0036137234419584274;0.9020978808403015
1172;0.0037088191602379084;0.9300699234008789
1173;0.003493234748020768;0.9440559148788452
1174;0.003715971950441599;0.9300699234008789
1175;0.003465797286480665;0.9370629191398621
1176;0.003727293573319912;0.9090909361839294
1177;0.0038893872406333685;0.9090909361839294
1178;0.003858832409605384;0.9090909361839294
1179;0.003582195146009326;0.8951048851013184
1180;0.003458953695371747;0.9300699234008789
1181;0.0034920733887702227;0.9230769276618958
1182;0.0036485660821199417;0.9300699234008789
1183;0.0035229120403528214;0.9230769276618958
1184;0.003568996675312519;0.9090909361839294
1185;0.003606314305216074;0.9230769276618958
1186;0.003642392111942172;0.9300699234008789
1187;0.0038900584913790226;0.9370629191398621
1188;0.0035363626666367054;0.9300699234008789
1189;0.0034682615660130978;0.9300699234008789
1190;0.0035986481234431267;0.9300699234008789
1191;0.0037448310758918524;0.9300699234008789
1192;0.003562759142369032;0.9370629191398621
1193;0.003379910020157695;0.9370629191398621
1194;0.0034073791466653347;0.9370629191398621
1195;0.003973938524723053;0.8951048851013184
1196;0.0033820827957242727;0.9230769276618958
1197;0.0034882104955613613;0.9300699234008789
1198;0.00368879409506917;0.9160839319229126
1199;0.0035503795370459557;0.9370629191398621
1200;0.0034835373517125845;0.9090909361839294
1201;0.0032773532439023256;0.9370629191398621
1202;0.0033349874429404736;0.9300699234008789
1203;0.003455881727859378;0.9230769276618958
1204;0.003452539211139083;0.9300699234008789
1205;0.00357951782643795;0.9090909361839294
1206;0.003476316574960947;0.9230769276618958
1207;0.0036181178875267506;0.9370629191398621
1208;0.0034492623526602983;0.9300699234008789
1209;0.003516464726999402;0.9300699234008789
1210;0.0033509517088532448;0.9300699234008789
1211;0.0034551590215414762;0.9300699234008789
1212;0.0032540408428758383;0.9300699234008789
1213;0.003224559361115098;0.9300699234008789
1214;0.0035208286717534065;0.9160839319229126
1215;0.0034087523818016052;0.9370629191398621
1216;0.0033474545925855637;0.9370629191398621
1217;0.0034182104282081127;0.9300699234008789
1218;0.003152038436383009;0.9230769276618958
1219;0.0032059696968644857;0.9230769276618958
1220;0.003679943038150668;0.8951048851013184
1221;0.0033568190410733223;0.9230769276618958
1222;0.0034518952015787363;0.9370629191398621
1223;0.0033953585661947727;0.9300699234008789
1224;0.0032509418670088053;0.9370629191398621
1225;0.003468202892690897;0.9230769276618958
1226;0.0032273202668875456;0.9300699234008789
1227;0.003452381817623973;0.9020978808403015
1228;0.003472489072009921;0.9090909361839294
1229;0.003336794674396515;0.9370629191398621
1230;0.003490803297609091;0.9370629191398621
1231;0.0036370549350976944;0.9090909361839294
1232;0.003612117376178503;0.9160839319229126
1233;0.0033204469364136457;0.9370629191398621
1234;0.003050775732845068;0.9370629191398621
1235;0.0038273620884865522;0.9090909361839294
1236;0.0033876565285027027;0.9370629191398621
1237;0.0032681107986718416;0.9440559148788452
1238;0.0032734274864196777;0.9160839319229126
1239;0.003163199173286557;0.9370629191398621
1240;0.0033653758000582457;0.9300699234008789
1241;0.0033604674972593784;0.9510489702224731
1242;0.0032338460441678762;0.9370629191398621
1243;0.0032011079601943493;0.9300699234008789
1244;0.0031226554419845343;0.9370629191398621
1245;0.003743461100384593;0.8881118893623352
1246;0.003157359082251787;0.9230769276618958
1247;0.003342735581099987;0.9300699234008789
1248;0.003111147554591298;0.9230769276618958
1249;0.003219177480787039;0.9300699234008789
1250;0.003327044891193509;0.9440559148788452
1251;0.0029238152783364058;0.9440559148788452
1252;0.0031627705320715904;0.9230769276618958
1253;0.0032065114937722683;0.9160839319229126
1254;0.003388448152691126;0.9230769276618958
1255;0.0031092914287000895;0.9300699234008789
1256;0.003139807842671871;0.9300699234008789
1257;0.00330918375402689;0.9440559148788452
1258;0.0032264289911836386;0.9300699234008789
1259;0.003028067760169506;0.9300699234008789
1260;0.0032314062118530273;0.9370629191398621
1261;0.003176548518240452;0.9370629191398621
1262;0.00299492827616632;0.9300699234008789
1263;0.003205442102625966;0.9300699234008789
1264;0.0032056178897619247;0.9300699234008789
1265;0.0030269462149590254;0.9370629191398621
1266;0.0030393709894269705;0.9300699234008789
1267;0.002927734050899744;0.9510489702224731
1268;0.0030656815506517887;0.9370629191398621
1269;0.0028482896741479635;0.9370629191398621
1270;0.0030680980999022722;0.9300699234008789
1271;0.003095013555139303;0.9440559148788452
1272;0.003058797214180231;0.9230769276618958
1273;0.003178858198225498;0.9230769276618958
1274;0.00304957153275609;0.9370629191398621
1275;0.002943200757727027;0.9370629191398621
1276;0.003014137502759695;0.9370629191398621
1277;0.0029608472250401974;0.9440559148788452
1278;0.003012634813785553;0.9300699234008789
1279;0.0031617500353604555;0.9090909361839294
1280;0.003067002398893237;0.9440559148788452
1281;0.0030048114713281393;0.9440559148788452
1282;0.003380976850166917;0.9370629191398621
1283;0.0030023809522390366;0.9440559148788452
1284;0.0031603523530066013;0.9230769276618958
1285;0.003584714839234948;0.9090909361839294
1286;0.0029989504255354404;0.9230769276618958
1287;0.0031668387819081545;0.9300699234008789
1288;0.002889615250751376;0.9370629191398621
1289;0.0030777500942349434;0.9300699234008789
1290;0.003003069432452321;0.9370629191398621
1291;0.0028916914016008377;0.9370629191398621
1292;0.0032870674040168524;0.9370629191398621
1293;0.003038861555978656;0.9160839319229126
1294;0.003104609437286854;0.9370629191398621
1295;0.003120523877441883;0.9300699234008789
1296;0.003231463488191366;0.9300699234008789
1297;0.002921131905168295;0.9370629191398621
1298;0.0032932492904365063;0.9090909361839294
1299;0.0032261761371046305;0.9510489702224731
1300;0.0029943117406219244;0.9370629191398621
1301;0.003242308273911476;0.9230769276618958
1302;0.003562760539352894;0.9090909361839294
1303;0.003393774852156639;0.9230769276618958
1304;0.0029358267784118652;0.9510489702224731
1305;0.002988770604133606;0.9510489702224731
1306;0.003031462198123336;0.9370629191398621
1307;0.003144008805975318;0.9230769276618958
1308;0.003017726354300976;0.9440559148788452
1309;0.002916150726377964;0.9440559148788452
1310;0.0028441629838198423;0.9370629191398621
1311;0.0033714142628014088;0.9020978808403015
1312;0.0028633445035666227;0.9440559148788452
1313;0.002861011540517211;0.9440559148788452
1314;0.003078375244513154;0.9370629191398621
1315;0.002997961826622486;0.9650349617004395
1316;0.00291354744695127;0.9440559148788452
1317;0.002750444458797574;0.9650349617004395
1318;0.002980897668749094;0.9580419659614563
1319;0.002912957686930895;0.9510489702224731
1320;0.0032209509517997503;0.9160839319229126
1321;0.0026488176081329584;0.9580419659614563
1322;0.002896930556744337;0.9090909361839294
1323;0.002831732388585806;0.9510489702224731
1324;0.0031440244056284428;0.9580419659614563
1325;0.0027173617854714394;0.9440559148788452
1326;0.0030313562601804733;0.9510489702224731
1327;0.0028174209874123335;0.9650349617004395
1328;0.002789793536067009;0.9370629191398621
1329;0.0027817150112241507;0.9440559148788452
1330;0.0028861972969025373;0.9650349617004395
1331;0.0028136996552348137;0.9510489702224731
1332;0.0028387478087097406;0.9440559148788452
1333;0.002774052554741502;0.9510489702224731
1334;0.0027989328373223543;0.9440559148788452
1335;0.0027252747677266598;0.9440559148788452
1336;0.0026640966534614563;0.9580419659614563
1337;0.0029152974020689726;0.9510489702224731
1338;0.0026074436027556658;0.9580419659614563
1339;0.0027389666065573692;0.9580419659614563
1340;0.0025959545746445656;0.9790209531784058
1341;0.00271350285038352;0.9510489702224731
1342;0.0027402162086218596;0.9510489702224731
1343;0.0027566903736442327;0.9510489702224731
1344;0.0027935183607041836;0.9510489702224731
1345;0.002709050429984927;0.9720279574394226
1346;0.0025653133634477854;0.9510489702224731
1347;0.0027802539989352226;0.9580419659614563
1348;0.0026823568623512983;0.9650349617004395
1349;0.002803441835567355;0.9510489702224731
1350;0.0026623057201504707;0.9580419659614563
1351;0.0026747470255941153;0.9440559148788452
1352;0.0026970538310706615;0.9720279574394226
1353;0.0026919273659586906;0.9510489702224731
1354;0.0026063171681016684;0.9650349617004395
1355;0.002681065583601594;0.9510489702224731
1356;0.002683421364054084;0.9580419659614563
1357;0.002688690787181258;0.9370629191398621
1358;0.002562661189585924;0.9580419659614563
1359;0.0024406311567872763;0.9650349617004395
1360;0.0025693634524941444;0.9580419659614563
1361;0.002701867837458849;0.9510489702224731
1362;0.0025307885371148586;0.9790209531784058
1363;0.0026124324649572372;0.9580419659614563
1364;0.002692353678867221;0.9720279574394226
1365;0.002530646277591586;0.9650349617004395
1366;0.0025783595629036427;0.9370629191398621
1367;0.002394777489826083;0.9650349617004395
1368;0.0023267525248229504;0.9650349617004395
1369;0.0026451691519469023;0.9440559148788452
1370;0.0023379125632345676;0.9720279574394226
1371;0.0024639314506202936;0.9650349617004395
1372;0.0024294094182550907;0.9650349617004395
1373;0.002301114844158292;0.9720279574394226
1374;0.0026378585025668144;0.9510489702224731
1375;0.002298280829563737;0.9720279574394226
1376;0.0024555211421102285;0.9650349617004395
1377;0.0027057211846113205;0.9650349617004395
1378;0.002639705315232277;0.9580419659614563
1379;0.0026024701073765755;0.9650349617004395
1380;0.00252647721208632;0.9650349617004395
1381;0.0026122319977730513;0.9440559148788452
1382;0.00250226934440434;0.9580419659614563
1383;0.002254422754049301;0.9790209531784058
1384;0.0022338544949889183;0.9720279574394226
1385;0.0023406795226037502;0.9790209531784058
1386;0.002384108491241932;0.9580419659614563
1387;0.0025098056066781282;0.9580419659614563
1388;0.0025355536490678787;0.9650349617004395
1389;0.00227273628115654;0.9860140085220337
1390;0.0026555550284683704;0.9720279574394226
1391;0.0023983584251254797;0.9580419659614563
1392;0.0026431793812662363;0.9440559148788452
1393;0.002635200973600149;0.9510489702224731
1394;0.002250081393867731;0.9790209531784058
1395;0.002523937728255987;0.9720279574394226
1396;0.0023488143924623728;0.9860140085220337
1397;0.001968474593013525;0.9860140085220337
1398;0.0023587029427289963;0.9790209531784058
1399;0.0024935873225331306;0.9580419659614563
1400;0.002367235952988267;0.9790209531784058
1401;0.002246194751933217;0.9650349617004395
1402;0.0022540506906807423;0.9790209531784058
1403;0.002440081909298897;0.9510489702224731
1404;0.002543423557654023;0.9580419659614563
1405;0.0024864068254828453;0.9650349617004395
1406;0.0023462381213903427;0.9720279574394226
1407;0.002297252183780074;0.9720279574394226
1408;0.002141340635716915;0.9790209531784058
1409;0.0025115006137639284;0.9650349617004395
1410;0.0021315005142241716;0.9860140085220337
1411;0.0021386821754276752;0.9650349617004395
1412;0.002080055885016918;0.9860140085220337
1413;0.0020881295204162598;0.9930070042610168
1414;0.0027341130189597607;0.9650349617004395
1415;0.0022475651931017637;0.9720279574394226
1416;0.002196195302531123;0.9930070042610168
1417;0.0022786157205700874;0.9790209531784058
1418;0.0024210948031395674;0.9790209531784058
1419;0.002350178547203541;0.9650349617004395
1420;0.002163791097700596;0.9860140085220337
1421;0.0023907420691102743;0.9650349617004395
1422;0.002202315255999565;0.9860140085220337
1423;0.0023050762247294188;0.9790209531784058
1424;0.0022730939090251923;0.9720279574394226
1425;0.0019890882540494204;0.9790209531784058
1426;0.0022833163384348154;0.9720279574394226
1427;0.0021578213199973106;0.9790209531784058
1428;0.002177021000534296;0.9860140085220337
1429;0.002706759376451373;0.9790209531784058
1430;0.002117328578606248;0.9930070042610168
1431;0.003802082035690546;0.9300699234008789
1432;0.004518717527389526;0.8741258978843689
1433;0.002239007269963622;0.9580419659614563
1434;0.0026547759771347046;0.9860140085220337
1435;0.0037118098698556423;0.9440559148788452
1436;0.002356921788305044;0.9930070042610168
1437;0.0024561178870499134;0.9720279574394226
1438;0.002270192839205265;0.9930070042610168
1439;0.0031909560784697533;0.9860140085220337
1440;0.0022671062033623457;0.9930070042610168
1441;0.00249431561678648;0.9860140085220337
1442;0.002314913086593151;0.9650349617004395
1443;0.002246389165520668;0.9930070042610168
1444;0.0022656978107988834;0.9860140085220337
1445;0.0024061771109700203;0.9790209531784058
1446;0.002621278166770935;0.9580419659614563
1447;0.0021894476376473904;0.9790209531784058
1448;0.002317367820069194;0.9720279574394226
1449;0.002206183271482587;0.9790209531784058
1450;0.002309200121089816;0.9720279574394226
1451;0.00209313677623868;1.0
1452;0.0021612991113215685;0.9860140085220337
1453;0.002412373898550868;0.9860140085220337
1454;0.0025145537219941616;0.9860140085220337
1455;0.0022625161800533533;0.9930070042610168
1456;0.0018342308467254043;1.0
1457;0.002124324906617403;0.9930070042610168
1458;0.0028363170567899942;0.9580419659614563
1459;0.002608123468235135;0.9580419659614563
1460;0.0022843596525490284;0.9860140085220337
1461;0.0027382790576666594;0.9720279574394226
1462;0.004914306569844484;0.867132842540741
1463;0.002203860552981496;1.0
1464;0.002670900896191597;0.9930070042610168
1465;0.0052092610858380795;0.8741258978843689
1466;0.0031645242124795914;1.0
1467;0.003611665917560458;0.9300699234008789
1468;0.002357451245188713;1.0
1469;0.0030962785240262747;0.9300699234008789
1470;0.003039024071767926;0.9370629191398621
1471;0.004168878775089979;0.8951048851013184
1472;0.00307387113571167;0.9650349617004395
1473;0.00291659333743155;0.9650349617004395
1474;0.00251108524389565;0.9720279574394226
1475;0.00242838473059237;0.9720279574394226
1476;0.0024558180011808872;0.9790209531784058
1477;0.0028113992884755135;0.9720279574394226
1478;0.0025942358188331127;0.9860140085220337
1479;0.002031860174611211;1.0
1480;0.0026099139358848333;0.9650349617004395
1481;0.0024056315887719393;0.9650349617004395
1482;0.002483400981873274;0.9930070042610168
1483;0.0019697225652635098;0.9930070042610168
1484;0.0020307034719735384;0.9930070042610168
1485;0.0022107476834207773;0.9930070042610168
1486;0.0023975656367838383;0.9930070042610168
1487;0.0023820328060537577;0.9860140085220337
1488;0.002289456780999899;1.0
1489;0.0020853078458458185;0.9930070042610168
1490;0.0021024029701948166;0.9930070042610168
1491;0.002149525098502636;0.9860140085220337
1492;0.0025704470463097095;0.9790209531784058
1493;0.0024238652549684048;0.9720279574394226
1494;0.00209800829179585;0.9930070042610168
1495;0.00186588813085109;0.9930070042610168
1496;0.0020129901822656393;0.9930070042610168
1497;0.0020753981079906225;1.0
1498;0.0019414841663092375;1.0
1499;0.00235931109637022;0.9930070042610168
