iteration;loss;accuracy
0;0.009460150264203548;0.019305018708109856
1;0.00956906471401453;0.021235521882772446
2;0.00926501676440239;0.048262547701597214
3;0.009232164360582829;0.04633204638957977
4;0.00927338283509016;0.050193049013614655
5;0.009253262542188168;0.055984556674957275
6;0.009202657267451286;0.04633204638957977
7;0.009163339622318745;0.052123550325632095
8;0.009144917130470276;0.054054055362939835
9;0.009150740690529346;0.055984556674957275
10;0.009135694243013859;0.0810810774564743
11;0.009130606427788734;0.048262547701597214
12;0.009097591042518616;0.050193049013614655
13;0.009080533869564533;0.07335907220840454
14;0.009073245339095592;0.05984555929899216
15;0.009069999679923058;0.05984555929899216
16;0.009065277874469757;0.0617760606110096
17;0.009051140397787094;0.08494208753108978
18;0.009042283520102501;0.08880309015512466
19;0.009027663618326187;0.07335907220840454
20;0.009022279642522335;0.07722007483243942
21;0.008997633121907711;0.06563706696033478
22;0.008968494832515717;0.10617760568857193
23;0.008973795920610428;0.08880309015512466
24;0.008972952142357826;0.09845560044050217
25;0.008953326381742954;0.09845560044050217
26;0.008931920863687992;0.07915057986974716
27;0.008929155766963959;0.09845560044050217
28;0.008897732943296432;0.08687258511781693
29;0.008891517296433449;0.09459459781646729
30;0.008880497887730598;0.09266409277915955
31;0.008868997916579247;0.10617760568857193
32;0.008850673213601112;0.09266409277915955
33;0.008820302784442902;0.10424710065126419
34;0.008815022185444832;0.12548261880874634
35;0.00885414145886898;0.09845560044050217
36;0.008785400539636612;0.13513512909412384
37;0.008777025155723095;0.11196911334991455
38;0.008748941123485565;0.13899613916873932
39;0.008711406961083412;0.13706563413143158
40;0.008718151599168777;0.14478763937950134
41;0.0086586344987154;0.1525096595287323
42;0.008695345371961594;0.11196911334991455
43;0.008600089699029922;0.14092664420604706
44;0.008614396676421165;0.1756756752729416
45;0.008576370775699615;0.1525096595287323
46;0.008573781698942184;0.14478763937950134
47;0.00854150578379631;0.14671814441680908
48;0.008531163446605206;0.1525096595287323
49;0.00852806307375431;0.1621621549129486
50;0.008506644517183304;0.14864864945411682
51;0.00846206396818161;0.1853281855583191
52;0.008447152562439442;0.1756756752729416
53;0.008412196300923824;0.1756756752729416
54;0.00839497521519661;0.18339768052101135
55;0.008383062668144703;0.19691120088100433
56;0.008372425101697445;0.1853281855583191
57;0.00833999365568161;0.1814671754837036
58;0.008323978632688522;0.19305019080638885
59;0.008311881683766842;0.18918919563293457
60;0.008275005035102367;0.1949806958436966
61;0.008281342685222626;0.20077219605445862
62;0.008280610665678978;0.20656371116638184
63;0.008248059079051018;0.22200772166252136
64;0.008249733597040176;0.19111968576908112
65;0.008211711421608925;0.21621622145175934
66;0.008291307836771011;0.21235521137714386
67;0.008282721973955631;0.21235521137714386
68;0.008266293443739414;0.2239382266998291
69;0.008297113701701164;0.19691120088100433
70;0.00823774840682745;0.19884170591831207
71;0.008222421631217003;0.21621622145175934
72;0.00815453752875328;0.23552124202251434
73;0.008192476816475391;0.19884170591831207
74;0.008192106150090694;0.21042470633983612
75;0.008092815987765789;0.22007721662521362
76;0.008125397376716137;0.2239382266998291
77;0.008130990900099277;0.21042470633983612
78;0.008135809563100338;0.2471042424440384
79;0.008114652708172798;0.26061776280403137
80;0.008099177852272987;0.22586873173713684
81;0.00807051733136177;0.2432432472705841
82;0.008069595322012901;0.24903474748134613
83;0.008016628213226795;0.26447877287864685
84;0.00807673018425703;0.2335907369852066
85;0.008041094988584518;0.25868725776672363
86;0.00806322880089283;0.23166023194789886
87;0.008000834845006466;0.23552124202251434
88;0.007972503080964088;0.2915057837963104
89;0.008002880960702896;0.2567567527294159
90;0.007992220111191273;0.27413126826286316
91;0.007961378432810307;0.27413126826286316
92;0.007939491420984268;0.2953667938709259
93;0.007914883084595203;0.27413126826286316
94;0.007911951281130314;0.29343628883361816
95;0.00794342439621687;0.27413126826286316
96;0.007887745276093483;0.3011583089828491
97;0.007869191467761993;0.3243243098258972
98;0.007892124354839325;0.29343628883361816
99;0.007862773723900318;0.3243243098258972
100;0.007859431207180023;0.2992278039455414
101;0.007856318727135658;0.2895752787590027
102;0.00785593781620264;0.31274130940437317
103;0.007850712165236473;0.33976835012435913
104;0.007828574627637863;0.3571428656578064
105;0.007809116039425135;0.3320463299751282
106;0.007826420478522778;0.2953667938709259
107;0.007830042392015457;0.3474903404712677
108;0.007753716316074133;0.31274130940437317
109;0.007800792343914509;0.3436293303966522
110;0.007742949761450291;0.3378378450870514
111;0.007728722877800465;0.3764478862285614
112;0.007670524064451456;0.37837839126586914
113;0.007713716477155685;0.36872586607933044
114;0.00765414722263813;0.4054054021835327
115;0.0076270997524261475;0.38803088665008545
116;0.007659475784748793;0.3725868761539459
117;0.007669206243008375;0.38416987657546997
118;0.007619949989020824;0.3629343509674072
119;0.0075791883282363415;0.40154439210891724
120;0.007560092955827713;0.3861003816127777
121;0.007670791819691658;0.3436293303966522
122;0.007678956259042025;0.36486485600471497
123;0.007864376530051231;0.3436293303966522
124;0.00784783624112606;0.3474903404712677
125;0.007723953574895859;0.37837839126586914
126;0.007539146114140749;0.40154439210891724
127;0.0076409452594816685;0.3764478862285614
128;0.0076627046801149845;0.3629343509674072
129;0.0075324480421841145;0.36872586607933044
130;0.007592208217829466;0.41312742233276367
131;0.007599981967359781;0.3706563711166382
132;0.007498883176594973;0.39768341183662415
133;0.007487203925848007;0.40154439210891724
134;0.007466691546142101;0.37837839126586914
135;0.007429063785821199;0.43050193786621094
136;0.007405223790556192;0.37837839126586914
137;0.007386332843452692;0.43629342317581177
138;0.0073504517786204815;0.4536679685115814
139;0.007354817818850279;0.42084941267967224
140;0.007350405678153038;0.4092664122581482
141;0.007339356001466513;0.43629342317581177
142;0.007350048050284386;0.3764478862285614
143;0.007330555468797684;0.39382240176200867
144;0.0073457383550703526;0.4324324429035187
145;0.007221282925456762;0.4942084848880768
146;0.0074666952714324;0.4092664122581482
147;0.007399348542094231;0.42084941267967224
148;0.007368660066276789;0.4189189076423645
149;0.007232356816530228;0.4324324429035187
150;0.007380437105894089;0.4189189076423645
151;0.007182559464126825;0.47297295928001404
152;0.007190592121332884;0.4343629479408264
153;0.007241446990519762;0.43629342317581177
154;0.007142270915210247;0.46525096893310547
155;0.007118096575140953;0.4768339693546295
156;0.007128275465220213;0.43629342317581177
157;0.007131615653634071;0.480694979429245
158;0.007040155585855246;0.4749034643173218
159;0.0071431235410273075;0.46332046389579773
160;0.007066461257636547;0.46332046389579773
161;0.006978750694543123;0.4710424840450287
162;0.007172092795372009;0.45945945382118225
163;0.006940243300050497;0.507722020149231
164;0.007035029586404562;0.46911197900772095
165;0.006988282781094313;0.48262548446655273
166;0.0069650025106966496;0.49806949496269226
167;0.006852734833955765;0.5135135054588318
168;0.0069319880567491055;0.48841699957847595
169;0.006753132212907076;0.5482625365257263
170;0.006797534413635731;0.5270270109176636
171;0.006759954150766134;0.5193049907684326
172;0.0067591192200779915;0.5173745155334473
173;0.006749868392944336;0.5366795659065247
174;0.006675245240330696;0.5501930713653564
175;0.006667729001492262;0.5366795659065247
176;0.006680156569927931;0.5501930713653564
177;0.006742658093571663;0.5540540814399719
178;0.006584157235920429;0.5694980621337891
179;0.0066040377132594585;0.5444015264511108
180;0.0066953618079423904;0.5328185558319092
181;0.006544954609125853;0.5424710512161255
182;0.006625850219279528;0.5733590722084045
183;0.006663254462182522;0.5289575457572937
184;0.006580522749572992;0.546332061290741
185;0.00666063092648983;0.5270270109176636
186;0.006530866026878357;0.5328185558319092
187;0.006523892283439636;0.53861004114151
188;0.0064833699725568295;0.5830115675926208
189;0.00655013183131814;0.5656370520591736
190;0.006401249673217535;0.5656370520591736
191;0.006497436203062534;0.5675675868988037
192;0.006261186674237251;0.5984556078910828
193;0.006330227944999933;0.5830115675926208
194;0.006248966325074434;0.6293436288833618
195;0.006396279204636812;0.6274131536483765
196;0.00628605717793107;0.6216216087341309
197;0.006269935518503189;0.5945945978164673
198;0.006260972004383802;0.5945945978164673
199;0.00622763205319643;0.6274131536483765
200;0.006282819900661707;0.6061776280403137
201;0.006174945272505283;0.6254826188087463
202;0.006208358332514763;0.5868725776672363
203;0.006108366418629885;0.623552143573761
204;0.006135378964245319;0.6351351141929626
205;0.006162082776427269;0.6138995885848999
206;0.006066654808819294;0.6602316498756409
207;0.006069166120141745;0.65444016456604
208;0.006058426108211279;0.6389961242675781
209;0.005977496039122343;0.6428571343421936
210;0.005971833597868681;0.6833977103233337
211;0.00594680942595005;0.6293436288833618
212;0.005960441660135984;0.6486486196517944
213;0.005915341433137655;0.6525096297264099
214;0.005882664117962122;0.6756756901741028
215;0.005847034510225058;0.700772225856781
216;0.0059797330759465694;0.6370656490325928
217;0.005987799260765314;0.6274131536483765
218;0.005918022245168686;0.6254826188087463
219;0.005765826907008886;0.6911196708679199
220;0.005772531498223543;0.6872586607933044
221;0.005748456809669733;0.662162184715271
222;0.005790527909994125;0.6389961242675781
223;0.005711536854505539;0.6891891956329346
224;0.005639992188662291;0.6988416910171509
225;0.005628826562315226;0.7084941864013672
226;0.0057016052305698395;0.6833977103233337
227;0.006029455456882715;0.6042470932006836
228;0.005677936132997274;0.6969112157821655
229;0.005877339746803045;0.6583011746406555
230;0.005544319283217192;0.6872586607933044
231;0.005688285920768976;0.7084941864013672
232;0.005441282410174608;0.7142857313156128
233;0.005463608540594578;0.7277992367744446
234;0.005486552603542805;0.700772225856781
235;0.005375004839152098;0.7471042275428772
236;0.0054367040283977985;0.7123551964759827
237;0.005472688470035791;0.6776061654090881
238;0.005739043466746807;0.6795367002487183
239;0.005503837019205093;0.7220077514648438
240;0.005514372605830431;0.7027027010917664
241;0.005446119699627161;0.7181467413902283
242;0.0053197843953967094;0.7277992367744446
243;0.005356206092983484;0.7374517321586609
244;0.005325105972588062;0.7258687019348145
245;0.005308783147484064;0.7664092779159546
246;0.0052579306066036224;0.7374517321586609
247;0.0054408591240644455;0.7258687019348145
248;0.005251104943454266;0.7239382266998291
249;0.005320922937244177;0.7316602468490601
250;0.005208401475101709;0.7162162065505981
251;0.0051099075935781;0.760617733001709
252;0.0052205161191523075;0.7355212569236755
253;0.005049155559390783;0.7509652376174927
254;0.005178977735340595;0.7741312980651855
255;0.004967338405549526;0.7586872577667236
256;0.005060217343270779;0.7490347623825073
257;0.00499254185706377;0.7548262476921082
258;0.005008974578231573;0.7509652376174927
259;0.004962771665304899;0.7567567825317383
260;0.004975518677383661;0.760617733001709
261;0.004876474384218454;0.7490347623825073
262;0.0049602193757891655;0.7239382266998291
263;0.004820965696126223;0.7644787430763245
264;0.004848245065659285;0.7760617733001709
265;0.004847229924052954;0.760617733001709
266;0.005012284033000469;0.7799227833747864
267;0.005969598889350891;0.6776061654090881
268;0.005877876188606024;0.6640926599502563
269;0.005599272437393665;0.69305020570755
270;0.005353747401386499;0.7200772166252136
271;0.0052465470507740974;0.7277992367744446
272;0.00524167949333787;0.7239382266998291
273;0.0052547031082212925;0.7297297120094299
274;0.00499530928209424;0.7586872577667236
275;0.00515257753431797;0.7316602468490601
276;0.004999546334147453;0.7664092779159546
277;0.005066206678748131;0.7471042275428772
278;0.004812057130038738;0.7741312980651855
279;0.005015130154788494;0.7722007632255554
280;0.004898305982351303;0.760617733001709
281;0.004891880322247744;0.7355212569236755
282;0.004715127870440483;0.7876448035240173
283;0.0048682172782719135;0.7644787430763245
284;0.0047691743820905685;0.7818532586097717
285;0.004762370605021715;0.7644787430763245
286;0.004744746722280979;0.7509652376174927
287;0.00453755259513855;0.8050193190574646
288;0.004637834616005421;0.8011583089828491
289;0.00470902631059289;0.7722007632255554
290;0.004512750077992678;0.799227774143219
291;0.004806092008948326;0.7471042275428772
292;0.004663989879190922;0.7567567825317383
293;0.004598385188728571;0.7895752787590027
294;0.004777651280164719;0.7625482678413391
295;0.004420417360961437;0.8243243098258972
296;0.004652392119169235;0.7722007632255554
297;0.004376473370939493;0.8088803291320801
298;0.004490110091865063;0.7876448035240173
299;0.004492449574172497;0.7895752787590027
300;0.004461308009922504;0.7799227833747864
301;0.0043360390700399876;0.80694979429245
302;0.004452954977750778;0.7857142686843872
303;0.004229562357068062;0.799227774143219
304;0.0043997266329824924;0.7876448035240173
305;0.004257325083017349;0.8204632997512817
306;0.004393415059894323;0.7972972989082336
307;0.004229815676808357;0.8262548446655273
308;0.004502724856138229;0.7664092779159546
309;0.004090804141014814;0.84555983543396
310;0.004470967222005129;0.7972972989082336
311;0.004236125387251377;0.8030887842178345
312;0.004231201484799385;0.8223938345909119
313;0.004360436927527189;0.7972972989082336
314;0.004188624210655689;0.8166022896766663
315;0.004418792203068733;0.8243243098258972
316;0.004174553323537111;0.8301158547401428
317;0.004217480309307575;0.8166022896766663
318;0.004121948964893818;0.837837815284729
319;0.004071432631462812;0.8359073400497437
320;0.004030281212180853;0.8243243098258972
321;0.004145640879869461;0.8262548446655273
322;0.004199509508907795;0.8030887842178345
323;0.004078648053109646;0.837837815284729
324;0.004086955450475216;0.837837815284729
325;0.00400123605504632;0.837837815284729
326;0.003991272300481796;0.837837815284729
327;0.003981046844273806;0.8571428656578064
328;0.004005994647741318;0.8339768052101135
329;0.004075503442436457;0.8359073400497437
330;0.003899061121046543;0.84555983543396
331;0.003974650986492634;0.8166022896766663
332;0.004065714310854673;0.8243243098258972
333;0.004034542944282293;0.8301158547401428
334;0.0038932552561163902;0.8513513803482056
335;0.003878616727888584;0.8745173811912537
336;0.0039308322593569756;0.8494208455085754
337;0.003879019059240818;0.8590733408927917
338;0.00397589011117816;0.8301158547401428
339;0.003946199081838131;0.84555983543396
340;0.003905985038727522;0.8204632997512817
341;0.0043178522028028965;0.799227774143219
342;0.0040078796446323395;0.8532818555831909
343;0.004201188217848539;0.799227774143219
344;0.0038904736284166574;0.8474903702735901
345;0.003773793810978532;0.8552123308181763
346;0.003801885526627302;0.8745173811912537
347;0.0038158968091011047;0.8880308866500854
348;0.0037947262171655893;0.8513513803482056
349;0.003742014057934284;0.8610038757324219
350;0.0036621324252337217;0.8957529067993164
351;0.0037503435742110014;0.8687258958816528
352;0.003674756269901991;0.8918918967247009
353;0.0036550757940858603;0.8629343509674072
354;0.003720945445820689;0.8513513803482056
355;0.0037495268043130636;0.8339768052101135
356;0.0035313423722982407;0.8745173811912537
357;0.003745804773643613;0.8667953610420227
358;0.0037536367308348417;0.8494208455085754
359;0.003556231502443552;0.8803088665008545
360;0.0037762532010674477;0.8185328245162964
361;0.003577092196792364;0.8957529067993164
362;0.0036678826436400414;0.8629343509674072
363;0.003545840037986636;0.9034749269485474
364;0.0037262127734720707;0.8610038757324219
365;0.003898508148267865;0.8262548446655273
366;0.0036738207563757896;0.8667953610420227
367;0.0035904578398913145;0.8571428656578064
368;0.003541535697877407;0.8629343509674072
369;0.003536919364705682;0.8938223719596863
370;0.00352902477607131;0.8957529067993164
371;0.0034696878865361214;0.8976833820343018
372;0.00347698712721467;0.8880308866500854
373;0.0034764008596539497;0.8648648858070374
374;0.0033270427957177162;0.8803088665008545
375;0.003517129924148321;0.88416987657547
376;0.0033778261858969927;0.876447856426239
377;0.003413839964196086;0.8996139168739319
378;0.003355782013386488;0.8918918967247009
379;0.0032555467914789915;0.9092664122581482
380;0.0033130759838968515;0.9131274223327637
381;0.0033744527027010918;0.8803088665008545
382;0.003483609529212117;0.8725868463516235
383;0.003298356896266341;0.8996139168739319
384;0.0033986815251410007;0.8996139168739319
385;0.0034391169901937246;0.876447856426239
386;0.0035042432136833668;0.8899613618850708
387;0.0035261132288724184;0.88416987657547
388;0.003407858544960618;0.8880308866500854
389;0.00341908005066216;0.8861004114151001
390;0.0034550181590020657;0.8725868463516235
391;0.003307129256427288;0.88416987657547
392;0.003471153322607279;0.876447856426239
393;0.0033077907282859087;0.8745173811912537
394;0.003513449104502797;0.8803088665008545
395;0.003546428168192506;0.876447856426239
396;0.0033346847631037235;0.8803088665008545
397;0.0034892249386757612;0.8667953610420227
398;0.003172133583575487;0.9073359370231628
399;0.0033766375854611397;0.8687258958816528
400;0.0034633949398994446;0.8571428656578064
401;0.0034608773421496153;0.8783783912658691
402;0.00335004273802042;0.9015443921089172
403;0.0036277235485613346;0.8590733408927917
404;0.003793759038671851;0.8223938345909119
405;0.004033573903143406;0.8243243098258972
406;0.004809095989912748;0.7760617733001709
407;0.0050954450853168964;0.7316602468490601
408;0.005243522115051746;0.7200772166252136
409;0.004832675214856863;0.7953668236732483
410;0.0053896293975412846;0.7046331763267517
411;0.004398699384182692;0.8185328245162964
412;0.004623459652066231;0.7895752787590027
413;0.00441219937056303;0.8166022896766663
414;0.004111516289412975;0.8359073400497437
415;0.004073598887771368;0.8474903702735901
416;0.004193587228655815;0.84555983543396
417;0.0038651200011372566;0.8822394013404846
418;0.003944466821849346;0.8436293601989746
419;0.003807303961366415;0.8822394013404846
420;0.003803389612585306;0.8629343509674072
421;0.003881866578012705;0.8610038757324219
422;0.0034632119350135326;0.8610038757324219
423;0.0036656158044934273;0.8552123308181763
424;0.0035313658881932497;0.8957529067993164
425;0.0037615206092596054;0.8474903702735901
426;0.003447725437581539;0.9131274223327637
427;0.0035243069287389517;0.8822394013404846
428;0.0034916563890874386;0.8938223719596863
429;0.003588317660614848;0.88416987657547
430;0.0033103018067777157;0.9266409277915955
431;0.0032805383671075106;0.9131274223327637
432;0.003229838563129306;0.9054054021835327
433;0.003382644150406122;0.8861004114151001
434;0.00335191423073411;0.8957529067993164
435;0.0031523772049695253;0.9131274223327637
436;0.003127691335976124;0.915057897567749
437;0.003204826032742858;0.8976833820343018
438;0.003096651518717408;0.9131274223327637
439;0.003008612198755145;0.9247104525566101
440;0.003036000533029437;0.9092664122581482
441;0.0030071085784584284;0.9169884324073792
442;0.0030348075088113546;0.9208494424819946
443;0.0029143390711396933;0.9285714030265808
444;0.0029406293760985136;0.9247104525566101
445;0.0028701149858534336;0.9247104525566101
446;0.0028135161846876144;0.9247104525566101
447;0.0029582520946860313;0.915057897567749
448;0.0028874960262328386;0.9266409277915955
449;0.002861187094822526;0.9247104525566101
450;0.0028859537560492754;0.9247104525566101
451;0.002873999997973442;0.9266409277915955
452;0.002858540741726756;0.9208494424819946
453;0.002874925499781966;0.9169884324073792
454;0.002853574464097619;0.915057897567749
455;0.002800786169245839;0.915057897567749
456;0.002778965048491955;0.9305019378662109
457;0.0027863606810569763;0.9285714030265808
458;0.0028113170992583036;0.9343629479408264
459;0.0028308886103332043;0.915057897567749
460;0.0028120235074311495;0.9189189076423645
461;0.002838842337951064;0.9324324131011963
462;0.0026716268621385098;0.9459459185600281
463;0.002776786684989929;0.9169884324073792
464;0.0027788602747023106;0.9208494424819946
465;0.0028346104081720114;0.9034749269485474
466;0.0027093314565718174;0.9382239580154419
467;0.0027102259919047356;0.9440154433250427
468;0.0027199885807931423;0.9440154433250427
469;0.002645498141646385;0.9305019378662109
470;0.002621799474582076;0.9324324131011963
471;0.002884770045056939;0.915057897567749
472;0.0026633269153535366;0.9362934231758118
473;0.002659325022250414;0.9247104525566101
474;0.0027228500694036484;0.915057897567749
475;0.0027696446049958467;0.9324324131011963
476;0.0026570940390229225;0.9324324131011963
477;0.002695773495361209;0.9247104525566101
478;0.0027405896689742804;0.9247104525566101
479;0.00268832896836102;0.9305019378662109
480;0.0027908694464713335;0.9285714030265808
481;0.002824934432283044;0.9208494424819946
482;0.0028165080584585667;0.9247104525566101
483;0.002637123456224799;0.9382239580154419
484;0.0027877504471689463;0.9266409277915955
485;0.0027440846897661686;0.9305019378662109
486;0.0026831747964024544;0.9362934231758118
487;0.0028485062066465616;0.9285714030265808
488;0.0027561590541154146;0.9247104525566101
489;0.0025276464875787497;0.9305019378662109
490;0.0027888109907507896;0.9324324131011963
491;0.0025917398743331432;0.9401544332504272
492;0.0025521123316138983;0.9305019378662109
493;0.002831640187650919;0.9073359370231628
494;0.0027214407455176115;0.9420849680900574
495;0.0031926846131682396;0.8957529067993164
496;0.002809545025229454;0.9305019378662109
497;0.003013620153069496;0.8822394013404846
498;0.002567180199548602;0.9343629479408264
499;0.002557579195126891;0.9517374634742737
500;0.0027572300750762224;0.9498069286346436
501;0.002572733676061034;0.9382239580154419
502;0.0025885337963700294;0.9305019378662109
503;0.002647619228810072;0.9305019378662109
504;0.0025787409394979477;0.9343629479408264
505;0.002560744294896722;0.9555984735488892
506;0.0026759717147797346;0.9169884324073792
507;0.0024548799265176058;0.9478764533996582
508;0.002616406651213765;0.9285714030265808
509;0.0025032395496964455;0.9362934231758118
510;0.002394184237346053;0.9517374634742737
511;0.0026557359378784895;0.9285714030265808
512;0.0025142303202301264;0.9420849680900574
513;0.0026399591006338596;0.9169884324073792
514;0.0025729250628501177;0.9343629479408264
515;0.002463727258145809;0.9555984735488892
516;0.00245938403531909;0.9498069286346436
517;0.002472085412591696;0.9517374634742737
518;0.00239507551304996;0.9440154433250427
519;0.002465725876390934;0.92277991771698
520;0.002401519799605012;0.9247104525566101
521;0.002390603069216013;0.9420849680900574
522;0.002426811493933201;0.9362934231758118
523;0.002405306324362755;0.9420849680900574
524;0.002344446489587426;0.9420849680900574
525;0.0024723242968320847;0.9266409277915955
526;0.0024150379467755556;0.9343629479408264
527;0.0025706375017762184;0.9247104525566101
528;0.0022683502174913883;0.9517374634742737
529;0.0024048048071563244;0.9343629479408264
530;0.0023875036276876926;0.9401544332504272
531;0.002297463361173868;0.9343629479408264
532;0.0023908575531095266;0.9324324131011963
533;0.0022993104066699743;0.9285714030265808
534;0.0023176996037364006;0.9382239580154419
535;0.00243467278778553;0.9382239580154419
536;0.002313600853085518;0.9517374634742737
537;0.0023823813535273075;0.9478764533996582
538;0.0023151333443820477;0.9420849680900574
539;0.002275168662890792;0.9478764533996582
540;0.00232866033911705;0.9382239580154419
541;0.002375270240008831;0.9343629479408264
542;0.0022939962800592184;0.9555984735488892
543;0.002389106899499893;0.9517374634742737
544;0.0025177577044814825;0.9401544332504272
545;0.0024412251077592373;0.9266409277915955
546;0.002875350182875991;0.8938223719596863
547;0.0022946044337004423;0.9575289487838745
548;0.002301545348018408;0.953667938709259
549;0.0025477621238678694;0.9343629479408264
550;0.0022314346861094236;0.9324324131011963
551;0.002295747632160783;0.9459459185600281
552;0.0024247225373983383;0.9401544332504272
553;0.0023098564706742764;0.9459459185600281
554;0.0022560073994100094;0.9459459185600281
555;0.0023759922478348017;0.9478764533996582
556;0.002302472945302725;0.9420849680900574
557;0.002334214048460126;0.9343629479408264
558;0.002326974179595709;0.9498069286346436
559;0.0023291304241865873;0.9575289487838745
560;0.002483550226315856;0.9575289487838745
561;0.002303298329934478;0.9478764533996582
562;0.0022074151784181595;0.9459459185600281
563;0.002242974005639553;0.9459459185600281
564;0.002231182297691703;0.9498069286346436
565;0.0022034933790564537;0.9498069286346436
566;0.0022696517407894135;0.9420849680900574
567;0.0022664149291813374;0.953667938709259
568;0.00225620879791677;0.9459459185600281
569;0.0022227547597140074;0.9440154433250427
570;0.0022569792345166206;0.9420849680900574
571;0.002378622069954872;0.9285714030265808
572;0.0027275572065263987;0.9266409277915955
573;0.002420736476778984;0.9324324131011963
574;0.002486827550455928;0.9305019378662109
575;0.0024494952522218227;0.9382239580154419
576;0.0025462708435952663;0.9498069286346436
577;0.0027967854402959347;0.9111968874931335
578;0.005312029272317886;0.7142857313156128
579;0.0033487870823591948;0.8629343509674072
580;0.00333574740216136;0.8610038757324219
581;0.003683611983433366;0.8416988253593445
582;0.0027548703365027905;0.9440154433250427
583;0.003179132705554366;0.8938223719596863
584;0.0029503970872610807;0.8918918967247009
585;0.0027509238570928574;0.8996139168739319
586;0.002862702589482069;0.9054054021835327
587;0.0032730766106396914;0.8532818555831909
588;0.002504384145140648;0.9382239580154419
589;0.003325123805552721;0.8957529067993164
590;0.0030403456185013056;0.9247104525566101
591;0.002942110877484083;0.9305019378662109
592;0.002798196393996477;0.9343629479408264
593;0.0029049215372651815;0.9208494424819946
594;0.002773176645860076;0.9285714030265808
595;0.002741034608334303;0.9343629479408264
596;0.0024847453460097313;0.9498069286346436
597;0.0025371455121785402;0.9266409277915955
598;0.0025821998715400696;0.9459459185600281
599;0.002416422823444009;0.9555984735488892
600;0.0023506423458456993;0.9517374634742737
601;0.002432476030662656;0.9382239580154419
602;0.002364938613027334;0.9671814441680908
603;0.0023473072797060013;0.96138995885849
604;0.0022638507653027773;0.9555984735488892
605;0.002359841950237751;0.9478764533996582
606;0.0023146725725382566;0.9478764533996582
607;0.0022044884972274303;0.9401544332504272
608;0.002239164197817445;0.9382239580154419
609;0.0021580082830041647;0.9633204340934753
610;0.002177744871005416;0.9555984735488892
611;0.002170365070924163;0.9478764533996582
612;0.002071545459330082;0.9459459185600281
613;0.00212573679164052;0.9478764533996582
614;0.00217527081258595;0.953667938709259
615;0.0020680392626672983;0.9575289487838745
616;0.0020338851027190685;0.9594594836235046
617;0.002126457402482629;0.9555984735488892
618;0.002111834939569235;0.9517374634742737
619;0.0020355312153697014;0.9555984735488892
620;0.0020600890275090933;0.9478764533996582
621;0.002044471213594079;0.9594594836235046
622;0.001996520208194852;0.9575289487838745
623;0.002056997735053301;0.96138995885849
624;0.002007855102419853;0.9575289487838745
625;0.002028390998020768;0.9517374634742737
626;0.0020210659131407738;0.9555984735488892
627;0.0021523155737668276;0.9362934231758118
628;0.002046426758170128;0.9478764533996582
629;0.0020390236750245094;0.9594594836235046
630;0.0019420974422246218;0.9498069286346436
631;0.002037815982475877;0.9420849680900574
632;0.0020039116498082876;0.9555984735488892
633;0.0019910279661417007;0.9575289487838745
634;0.0019377131247892976;0.953667938709259
635;0.0020453212782740593;0.9305019378662109
636;0.0019240548135712743;0.96138995885849
637;0.0022248050663620234;0.9324324131011963
638;0.0021054630633443594;0.9478764533996582
639;0.0027204931247979403;0.9015443921089172
640;0.0024092206731438637;0.9169884324073792
641;0.002439082833006978;0.9266409277915955
642;0.0020892287138849497;0.96138995885849
643;0.0024087042547762394;0.9362934231758118
644;0.0021284245885908604;0.9633204340934753
645;0.0023104590363800526;0.953667938709259
646;0.0021276120096445084;0.953667938709259
647;0.0021539998706430197;0.9440154433250427
648;0.00224606622941792;0.9440154433250427
649;0.002288038609549403;0.9324324131011963
650;0.002015599049627781;0.96138995885849
651;0.0020964685827493668;0.9555984735488892
652;0.002071644412353635;0.9498069286346436
653;0.002083024475723505;0.9420849680900574
654;0.0020718970336019993;0.9575289487838745
655;0.0019711321219801903;0.953667938709259
656;0.0020822319202125072;0.9459459185600281
657;0.001990965101867914;0.96138995885849
658;0.002018955536186695;0.953667938709259
659;0.0020605716854333878;0.9478764533996582
660;0.001951544894836843;0.9498069286346436
661;0.0019367723725736141;0.969111979007721
662;0.00198775134049356;0.9517374634742737
663;0.0020323859062045813;0.953667938709259
664;0.001935581211000681;0.969111979007721
665;0.0019358149729669094;0.9594594836235046
666;0.0019530914723873138;0.9594594836235046
667;0.0019458241295069456;0.9555984735488892
668;0.0019402967300266027;0.9575289487838745
669;0.0018768194131553173;0.9671814441680908
670;0.0019089888082817197;0.953667938709259
671;0.0018947713542729616;0.9478764533996582
672;0.001951424521394074;0.9575289487838745
673;0.0018696258775889874;0.9594594836235046
674;0.001868837745860219;0.9401544332504272
675;0.0018641981296241283;0.9575289487838745
676;0.0018988768570125103;0.9555984735488892
677;0.0019360675942152739;0.9575289487838745
678;0.0018385057337582111;0.9498069286346436
679;0.0018642127979546785;0.9575289487838745
680;0.0018417222891002893;0.9749034643173218
681;0.0018302793614566326;0.969111979007721
682;0.001822696183808148;0.9478764533996582
683;0.0017959271790459752;0.953667938709259
684;0.001825234037823975;0.9575289487838745
685;0.0017575662350282073;0.9652509689331055
686;0.001783265033736825;0.9633204340934753
687;0.0017861522501334548;0.9478764533996582
688;0.0018078867578878999;0.9652509689331055
689;0.0018580469768494368;0.9594594836235046
690;0.0018365065334364772;0.96138995885849
691;0.0017762839561328292;0.96138995885849
692;0.0018314169719815254;0.9594594836235046
693;0.0018205383094027638;0.9555984735488892
694;0.0017718401504680514;0.9652509689331055
695;0.0018300130032002926;0.9749034643173218
696;0.001764827175065875;0.9671814441680908
697;0.0017590285278856754;0.9478764533996582
698;0.001798776793293655;0.9652509689331055
699;0.0017439806833863258;0.9768339991569519
700;0.0017891163006424904;0.9633204340934753
701;0.001730720279738307;0.96138995885849
702;0.001737729413434863;0.9633204340934753
703;0.00174289895221591;0.9594594836235046
704;0.0017582158325240016;0.96138995885849
705;0.0017213131068274379;0.9652509689331055
706;0.001708559226244688;0.9652509689331055
707;0.0016690701013430953;0.9671814441680908
708;0.0017026891000568867;0.9671814441680908
709;0.001672150450758636;0.9517374634742737
710;0.0017491045873612165;0.9594594836235046
711;0.0017588133923709393;0.969111979007721
712;0.001746341702528298;0.9710424542427063
713;0.0017184672178700566;0.9555984735488892
714;0.0016577787464484572;0.9633204340934753
715;0.001704435097053647;0.9555984735488892
716;0.0017380942590534687;0.9710424542427063
717;0.0016711711650714278;0.9710424542427063
718;0.0016748717753216624;0.96138995885849
719;0.0017312021227553487;0.9749034643173218
720;0.0016751689836382866;0.9749034643173218
721;0.0016490289708599448;0.9633204340934753
722;0.0017813275335356593;0.9594594836235046
723;0.0017679206794127822;0.953667938709259
724;0.001703937305137515;0.9517374634742737
725;0.0017521872650831938;0.9749034643173218
726;0.001693636062555015;0.9729729890823364
727;0.0016225811559706926;0.9498069286346436
728;0.0017111467896029353;0.9594594836235046
729;0.00162032141815871;0.9633204340934753
730;0.001714866142719984;0.953667938709259
731;0.0016753566451370716;0.9633204340934753
732;0.001678737811744213;0.96138995885849
733;0.0016616280190646648;0.9652509689331055
734;0.0017192285740748048;0.96138995885849
735;0.0016384368063881993;0.9749034643173218
736;0.001729908399283886;0.9478764533996582
737;0.0016695085214450955;0.969111979007721
738;0.0016352235106751323;0.9806950092315674
739;0.0016587884165346622;0.9768339991569519
740;0.0016351513331755996;0.9710424542427063
741;0.0016627369914203882;0.9710424542427063
742;0.001714042853564024;0.9594594836235046
743;0.0016858523013070226;0.9555984735488892
744;0.001678013359196484;0.9749034643173218
745;0.001746626105159521;0.9806950092315674
746;0.0016953443409875035;0.9710424542427063
747;0.001670723082497716;0.9633204340934753
748;0.0017160995630547404;0.9787644743919373
749;0.0016370187513530254;0.96138995885849
750;0.001620629569515586;0.969111979007721
751;0.0017257769359275699;0.969111979007721
752;0.0017243187176063657;0.9671814441680908
753;0.0017618900164961815;0.9555984735488892
754;0.0017756241140887141;0.9729729890823364
755;0.0018390062032267451;0.9671814441680908
756;0.0017081048572435975;0.9710424542427063
757;0.0016567636048421264;0.9633204340934753
758;0.0017343844519928098;0.9729729890823364
759;0.001726208720356226;0.9671814441680908
760;0.0016068423865363002;0.9729729890823364
761;0.0016827440122142434;0.9749034643173218
762;0.0017462664982303977;0.9671814441680908
763;0.001618865760974586;0.969111979007721
764;0.0017100611003115773;0.9787644743919373
765;0.0017277002334594727;0.9633204340934753
766;0.0017075574724003673;0.9710424542427063
767;0.0017084261635318398;0.969111979007721
768;0.0017145276069641113;0.969111979007721
769;0.0017659893492236733;0.9806950092315674
770;0.0016513083828613162;0.9749034643173218
771;0.0016171894967556;0.969111979007721
772;0.0016113908495754004;0.969111979007721
773;0.0016392114339396358;0.9749034643173218
774;0.001604477409273386;0.9671814441680908
775;0.0016816240968182683;0.96138995885849
776;0.0017447886057198048;0.9633204340934753
777;0.001572371693328023;0.9749034643173218
778;0.0015769165474921465;0.9845559597015381
779;0.0015937956050038338;0.9787644743919373
780;0.0016380235319957137;0.9671814441680908
781;0.0015946367057040334;0.969111979007721
782;0.0015915845287963748;0.9826254844665527
783;0.0016050029080361128;0.9768339991569519
784;0.0017223530448973179;0.9729729890823364
785;0.0015495499828830361;0.9787644743919373
786;0.0014865875709801912;0.9806950092315674
787;0.0015492667444050312;0.9826254844665527
788;0.0016237117815762758;0.9633204340934753
789;0.0015599331818521023;0.9749034643173218
790;0.0015016235411167145;0.9671814441680908
791;0.001560355769470334;0.9729729890823364
792;0.0015174755826592445;0.9729729890823364
793;0.0015094850677996874;0.9633204340934753
794;0.0015463728923350573;0.9749034643173218
795;0.0014879928203299642;0.9787644743919373
796;0.0015146418008953333;0.9710424542427063
797;0.0015334216877818108;0.9729729890823364
798;0.001546363579109311;0.9710424542427063
799;0.001567338826134801;0.9768339991569519
800;0.001519887475296855;0.9633204340934753
801;0.0015458229463547468;0.9729729890823364
802;0.0015466794138774276;0.9768339991569519
803;0.0015092726098373532;0.9787644743919373
804;0.001498886034823954;0.9787644743919373
805;0.0015113343251869082;0.9787644743919373
806;0.0015302938409149647;0.9749034643173218
807;0.0015160520561039448;0.9749034643173218
808;0.0015782490372657776;0.9845559597015381
809;0.001595397014170885;0.9864864945411682
810;0.0015266590053215623;0.9652509689331055
811;0.0015531332464888692;0.9806950092315674
812;0.0014938263921067119;0.9671814441680908
813;0.0015020741848275065;0.9768339991569519
814;0.0016681511187925935;0.96138995885849
815;0.0015296536730602384;0.9787644743919373
816;0.0016086387913674116;0.9768339991569519
817;0.0015443196753039956;0.9749034643173218
818;0.0015884891618043184;0.9806950092315674
819;0.0015623691724613309;0.9787644743919373
820;0.0015292264288291335;0.9768339991569519
821;0.0015931247035041451;0.953667938709259
822;0.0014717919984832406;0.9710424542427063
823;0.001592308166436851;0.9710424542427063
824;0.0015597922028973699;0.9826254844665527
825;0.0015351860783994198;0.9806950092315674
826;0.0016200110549107194;0.9478764533996582
827;0.001614360953681171;0.9633204340934753
828;0.0016871050465852022;0.9498069286346436
829;0.001536484924145043;0.9749034643173218
830;0.0014451943570747972;0.9787644743919373
831;0.0015650764107704163;0.9768339991569519
832;0.0015000987332314253;0.9826254844665527
833;0.001574306283146143;0.9671814441680908
834;0.0014996309764683247;0.9806950092315674
835;0.0014519017422571778;0.9787644743919373
836;0.0014996858080849051;0.9710424542427063
837;0.0015359221724793315;0.96138995885849
838;0.0014304721262305975;0.9768339991569519
839;0.0015044700121507049;0.9768339991569519
840;0.0015357108786702156;0.9749034643173218
841;0.001473759999498725;0.9787644743919373
842;0.0014668201329186559;0.9845559597015381
843;0.0015296739293262362;0.9787644743919373
844;0.0014310515252873302;0.9826254844665527
845;0.0014037585351616144;0.9864864945411682
846;0.0014592127408832312;0.9845559597015381
847;0.0015028875786811113;0.9729729890823364
848;0.0014643840258941054;0.9826254844665527
849;0.0014559888513758779;0.969111979007721
850;0.0016683945432305336;0.9478764533996582
851;0.0014207796193659306;0.9787644743919373
852;0.0016618913505226374;0.9826254844665527
853;0.001670141238719225;0.9671814441680908
854;0.0016119496431201696;0.9903475046157837
855;0.002064439235255122;0.9285714030265808
856;0.0018491019727662206;0.9401544332504272
857;0.00336625543422997;0.8320463299751282
858;0.0020429971627891064;0.9459459185600281
859;0.0034994620364159346;0.8301158547401428
860;0.0035119401291012764;0.8301158547401428
861;0.004908110946416855;0.6795367002487183
862;0.002674832008779049;0.9131274223327637
863;0.002745643025264144;0.876447856426239
864;0.0039823767729103565;0.7760617733001709
865;0.003407165175303817;0.8706563711166382
866;0.003621825482696295;0.8223938345909119
867;0.002894375240430236;0.9111968874931335
868;0.0034738739486783743;0.8687258958816528
869;0.002814060542732477;0.9169884324073792
870;0.0028437958098948;0.915057897567749
871;0.0031407324131578207;0.8880308866500854
872;0.0029121467377990484;0.92277991771698
873;0.0034125850070267916;0.876447856426239
874;0.0026518628001213074;0.9382239580154419
875;0.0022757297847419977;0.96138995885849
876;0.0023355004377663136;0.9517374634742737
877;0.002656754571944475;0.915057897567749
878;0.0021886194590479136;0.9594594836235046
879;0.002155667170882225;0.9633204340934753
880;0.002093486487865448;0.9420849680900574
881;0.0020112846978008747;0.9710424542427063
882;0.0020908487495034933;0.9652509689331055
883;0.0020292731933295727;0.9787644743919373
884;0.001953521277755499;0.9768339991569519
885;0.002026275033131242;0.9633204340934753
886;0.0018597820308059454;0.9787644743919373
887;0.0018751784227788448;0.9749034643173218
888;0.0018056441331282258;0.9729729890823364
889;0.0018182945204898715;0.9729729890823364
890;0.0017544473521411419;0.9768339991569519
891;0.0016863906057551503;0.9826254844665527
892;0.00173297303263098;0.9729729890823364
893;0.001739456201903522;0.9768339991569519
894;0.0017296980367973447;0.9787644743919373
895;0.001641168026253581;0.9671814441680908
896;0.0015885723987594247;0.9845559597015381
897;0.0016135917976498604;0.9710424542427063
898;0.00163381383754313;0.9826254844665527
899;0.0015460602007806301;0.9806950092315674
900;0.0015578274615108967;0.9864864945411682
901;0.0015436358517035842;0.9787644743919373
902;0.001571526052430272;0.9787644743919373
903;0.001550020882859826;0.9806950092315674
904;0.0014434175100177526;0.9845559597015381
905;0.001522116013802588;0.9768339991569519
906;0.0015120035968720913;0.9845559597015381
907;0.00150630297139287;0.9768339991569519
908;0.0015061049489304423;0.9768339991569519
909;0.0015178764006122947;0.9729729890823364
910;0.0014350233832374215;0.9806950092315674
911;0.0015140866162255406;0.9826254844665527
912;0.0014479000819846988;0.9806950092315674
913;0.0014378019841387868;0.9884169697761536
914;0.0014354877639561892;0.9787644743919373
915;0.0014643428148701787;0.9845559597015381
916;0.0014277483569458127;0.9806950092315674
917;0.0014376459876075387;0.9826254844665527
918;0.0014456285862252116;0.9806950092315674
919;0.0014181197620928288;0.9806950092315674
920;0.001411734614521265;0.9806950092315674
921;0.0014176699332892895;0.9826254844665527
922;0.001397003186866641;0.9845559597015381
923;0.0013604298001155257;0.9845559597015381
924;0.0014683702029287815;0.9806950092315674
925;0.0013583904365077615;0.9826254844665527
926;0.0013961632503196597;0.9864864945411682
927;0.0014134797966107726;0.9845559597015381
928;0.0013970419531688094;0.9864864945411682
929;0.0013829863164573908;0.992277979850769
930;0.0013878681929782033;0.9826254844665527
931;0.0013517519691959023;0.9845559597015381
932;0.0013723355950787663;0.9845559597015381
933;0.0013915011659264565;0.9768339991569519
934;0.0013491170248016715;0.9864864945411682
935;0.0013677575625479221;0.9787644743919373
936;0.001367230899631977;0.9787644743919373
937;0.0013743808958679438;0.969111979007721
938;0.0014014733023941517;0.9768339991569519
939;0.0013274523662403226;0.9884169697761536
940;0.0013983293902128935;0.9845559597015381
941;0.0013758779969066381;0.9768339991569519
942;0.0013023444917052984;0.9845559597015381
943;0.0014227121137082577;0.9768339991569519
944;0.001317594200372696;0.9845559597015381
945;0.0012996713630855083;0.9787644743919373
946;0.0012815260561183095;0.9806950092315674
947;0.0012989093083888292;0.9787644743919373
948;0.001322741387411952;0.9806950092315674
949;0.0012698377249762416;0.9903475046157837
950;0.001304179080761969;0.9864864945411682
951;0.00131365773268044;0.9787644743919373
952;0.0013068733969703317;0.9845559597015381
953;0.0012605695519596338;0.9903475046157837
954;0.001343912910670042;0.9903475046157837
955;0.0012794621288776398;0.9884169697761536
956;0.0013408027589321136;0.9826254844665527
957;0.0013225824804976583;0.9864864945411682
958;0.0013166178250685334;0.9768339991569519
959;0.0013577112695202231;0.9787644743919373
960;0.0013429378159344196;0.9710424542427063
961;0.001284637488424778;0.9826254844665527
962;0.0013640214456245303;0.9826254844665527
963;0.001278351410292089;0.9845559597015381
964;0.0012541221221908927;0.992277979850769
965;0.001313028740696609;0.9903475046157837
966;0.0013327156193554401;0.969111979007721
967;0.0013149051228538156;0.9845559597015381
968;0.0012463292805477977;0.9864864945411682
969;0.0013033461291342974;0.9903475046157837
970;0.0013003177009522915;0.9884169697761536
971;0.0013131261803209782;0.9826254844665527
972;0.001324047101661563;0.9903475046157837
973;0.001355932210572064;0.9710424542427063
974;0.0013061909703537822;0.9787644743919373
975;0.0012898632558062673;0.9845559597015381
976;0.0012902766466140747;0.9864864945411682
977;0.001305567566305399;0.9826254844665527
978;0.0013294463278725743;0.9806950092315674
979;0.0012986251385882497;0.9864864945411682
980;0.0012523700715973973;0.9826254844665527
981;0.0012871335493400693;0.9903475046157837
982;0.00128536531701684;0.9826254844665527
983;0.0012821328127756715;0.9806950092315674
984;0.0012927822535857558;0.9787644743919373
985;0.0013165830168873072;0.9710424542427063
986;0.0013288790360093117;0.9729729890823364
987;0.0013235032092779875;0.9845559597015381
988;0.0014511306071653962;0.9652509689331055
989;0.0012995878932997584;0.9826254844665527
990;0.001372958766296506;0.9787644743919373
991;0.001309134648181498;0.9749034643173218
992;0.0012651666766032577;0.9768339991569519
993;0.001349059515632689;0.9787644743919373
994;0.0013162231771275401;0.9845559597015381
995;0.0013005941873416305;0.9787644743919373
996;0.0012519432930275798;0.9806950092315674
997;0.0012887173797935247;0.9845559597015381
998;0.0012774609494954348;0.9806950092315674
999;0.0012408167822286487;0.9884169697761536
1000;0.0012291291495785117;0.9864864945411682
1001;0.0012238810304552317;0.9864864945411682
1002;0.0013090077554807067;0.9768339991569519
1003;0.0012855969835072756;0.9768339991569519
1004;0.0012718637008219957;0.9806950092315674
1005;0.0013039004988968372;0.9826254844665527
1006;0.0012254524044692516;0.9903475046157837
1007;0.0012473731767386198;0.9864864945411682
1008;0.0012406312162056565;0.9806950092315674
1009;0.0012458678102120757;0.9806950092315674
1010;0.0012546085054054856;0.9787644743919373
1011;0.0012877510162070394;0.9652509689331055
1012;0.0012396960519254208;0.9845559597015381
1013;0.0013189628953114152;0.9806950092315674
1014;0.0012872706865891814;0.9884169697761536
1015;0.001227492350153625;0.9845559597015381
1016;0.0012215831084176898;0.9845559597015381
1017;0.001183900865726173;0.9806950092315674
1018;0.0012602978385984898;0.9864864945411682
1019;0.001291340566240251;0.9826254844665527
1020;0.0011869376758113503;0.992277979850769
1021;0.001222246908582747;0.9884169697761536
1022;0.0012164043728262186;0.9884169697761536
1023;0.001217129291035235;0.9768339991569519
1024;0.0012389278272166848;0.9806950092315674
1025;0.001233318354934454;0.9884169697761536
1026;0.0012090351665392518;0.9903475046157837
1027;0.0012303648982197046;0.9864864945411682
1028;0.0012001425493508577;0.9884169697761536
1029;0.0012451359070837498;0.9903475046157837
1030;0.0011748885735869408;0.992277979850769
1031;0.0011346408864483237;0.992277979850769
1032;0.0012028581695631146;0.9845559597015381
1033;0.0011139295529574156;0.9903475046157837
1034;0.0011318606557324529;0.9884169697761536
1035;0.0011877304641529918;0.9864864945411682
1036;0.0012050302466377616;0.9806950092315674
1037;0.0011809812858700752;0.9787644743919373
1038;0.0011156774125993252;0.9826254844665527
1039;0.0011595236137509346;0.9884169697761536
1040;0.0012163480278104544;0.9884169697761536
1041;0.0011269546812400222;0.9903475046157837
1042;0.0012101074680685997;0.9864864945411682
1043;0.0011730619007721543;0.9826254844665527
1044;0.0011797449551522732;0.9903475046157837
1045;0.0011965029407292604;0.9845559597015381
1046;0.0011652481043711305;0.9903475046157837
1047;0.0011814491590484977;0.9845559597015381
1048;0.0011541580315679312;0.9903475046157837
1049;0.001156227313913405;0.9845559597015381
1050;0.00122158566955477;0.9768339991569519
1051;0.001149072078987956;0.9884169697761536
1052;0.0012157941237092018;0.9884169697761536
1053;0.0012103947810828686;0.9787644743919373
1054;0.0011092987842857838;0.9884169697761536
1055;0.0011561389546841383;0.992277979850769
1056;0.001155985170044005;0.9864864945411682
1057;0.001173593569546938;0.9903475046157837
1058;0.0011412916937842965;0.9826254844665527
1059;0.0011699903989210725;0.9845559597015381
1060;0.0011665144702419639;0.9787644743919373
1061;0.0011348648695275187;0.9884169697761536
1062;0.0011140689020976424;0.9864864945411682
1063;0.0011530068004503846;0.992277979850769
1064;0.0011001813691109419;0.992277979850769
1065;0.0011204415932297707;0.9942085146903992
1066;0.001161044929176569;0.9903475046157837
1067;0.0011174120008945465;0.9884169697761536
1068;0.0011364560341462493;0.9903475046157837
1069;0.0011234277626499534;0.9845559597015381
1070;0.001134367543272674;0.992277979850769
1071;0.0011529673356562853;0.9826254844665527
1072;0.0010790395317599177;0.9903475046157837
1073;0.0011294588912278414;0.9787644743919373
1074;0.0010835530702024698;0.9864864945411682
1075;0.001099121174775064;0.9903475046157837
1076;0.0011129933409392834;0.9845559597015381
1077;0.0010740930447354913;0.992277979850769
1078;0.001067900680936873;0.9942085146903992
1079;0.0011336258612573147;0.9884169697761536
1080;0.0010989505099132657;0.9903475046157837
1081;0.0011796015314757824;0.9826254844665527
1082;0.0011359568452462554;0.9942085146903992
1083;0.001148637500591576;0.9864864945411682
1084;0.0011096574598923326;0.992277979850769
1085;0.0011022844118997455;0.9864864945411682
1086;0.0010970982257276773;0.9884169697761536
1087;0.0011108019389212132;0.992277979850769
1088;0.0011162969749420881;0.9845559597015381
1089;0.0010641529224812984;0.9884169697761536
1090;0.0011917202500626445;0.9787644743919373
1091;0.0011626372579485178;0.9884169697761536
1092;0.00133799877949059;0.9729729890823364
1093;0.0012705109547823668;0.9884169697761536
1094;0.0014411973534151912;0.9729729890823364
1095;0.0012198751792311668;0.9903475046157837
1096;0.0014487139414995909;0.96138995885849
1097;0.003502632025629282;0.8590733408927917
1098;0.0038691917434334755;0.80694979429245
1099;0.00529883150011301;0.6756756901741028
1100;0.00523776700720191;0.7297297120094299
1101;0.004485303070396185;0.7664092779159546
1102;0.005374565254896879;0.6660231947898865
1103;0.005012576002627611;0.7586872577667236
1104;0.00417441688477993;0.8166022896766663
1105;0.004378250800073147;0.7818532586097717
1106;0.004712092690169811;0.7471042275428772
1107;0.0042389617301523685;0.7972972989082336
1108;0.0036523013841360807;0.8880308866500854
1109;0.0038829431869089603;0.8397683501243591
1110;0.00484579149633646;0.7683397531509399
1111;0.004539117682725191;0.7972972989082336
1112;0.005138063803315163;0.7181467413902283
1113;0.0039963130839169025;0.8301158547401428
1114;0.0041182381100952625;0.7972972989082336
1115;0.0037721479311585426;0.8262548446655273
1116;0.004114058334380388;0.8166022896766663
1117;0.0036571756936609745;0.8513513803482056
1118;0.003594287671148777;0.8494208455085754
1119;0.003491095034405589;0.8552123308181763
1120;0.004609864205121994;0.7625482678413391
1121;0.0047903358936309814;0.7664092779159546
1122;0.004720265977084637;0.7644787430763245
1123;0.004602794535458088;0.799227774143219
1124;0.00434027798473835;0.8108108043670654
1125;0.003751771990209818;0.8532818555831909
1126;0.003829495282843709;0.8166022896766663
1127;0.0036315619945526123;0.8359073400497437
1128;0.003926049917936325;0.8397683501243591
1129;0.0037841133307665586;0.8513513803482056
1130;0.0034974729642271996;0.8687258958816528
1131;0.003338430542498827;0.8725868463516235
1132;0.003159036859869957;0.8899613618850708
1133;0.003077666275203228;0.8996139168739319
1134;0.002990866545587778;0.8996139168739319
1135;0.0030643378850072622;0.8880308866500854
1136;0.003028883133083582;0.88416987657547
1137;0.0028214198537170887;0.9092664122581482
1138;0.002827699761837721;0.9131274223327637
1139;0.002653285628184676;0.9111968874931335
1140;0.0027801168616861105;0.9054054021835327
1141;0.002620662795379758;0.915057897567749
1142;0.002707736799493432;0.8899613618850708
1143;0.0026075157802551985;0.9054054021835327
1144;0.002535889158025384;0.8996139168739319
1145;0.0024509704671800137;0.9015443921089172
1146;0.0023854151368141174;0.9169884324073792
1147;0.00249315588735044;0.8938223719596863
1148;0.002501948270946741;0.9092664122581482
1149;0.0023287488147616386;0.9111968874931335
1150;0.002325874287635088;0.9092664122581482
1151;0.0024945565965026617;0.9073359370231628
1152;0.0022892768029123545;0.9111968874931335
1153;0.0023424429818987846;0.9073359370231628
1154;0.002324893372133374;0.9247104525566101
1155;0.002167214173823595;0.9285714030265808
1156;0.0021081625018268824;0.9362934231758118
1157;0.0020728299859911203;0.9343629479408264
1158;0.0021711983717978;0.9131274223327637
1159;0.0020894301123917103;0.9440154433250427
1160;0.0020005456171929836;0.9285714030265808
1161;0.0019571976736187935;0.9401544332504272
1162;0.0019851343240588903;0.9305019378662109
1163;0.0020549404434859753;0.9440154433250427
1164;0.001958355540409684;0.9420849680900574
1165;0.0019645304419100285;0.9382239580154419
1166;0.0018971333047375083;0.9285714030265808
1167;0.001935417647473514;0.9401544332504272
1168;0.0018595304572954774;0.9382239580154419
1169;0.0017916762735694647;0.9382239580154419
1170;0.0017922151600942016;0.9459459185600281
1171;0.0018242155201733112;0.9440154433250427
1172;0.0017678600270301104;0.9575289487838745
1173;0.0017425973201170564;0.9517374634742737
1174;0.0017425913829356432;0.9498069286346436
1175;0.0016980565851554275;0.9401544332504272
1176;0.0017796449828892946;0.9401544332504272
1177;0.0017026286805048585;0.9498069286346436
1178;0.0016614011256024241;0.9594594836235046
1179;0.001717197592370212;0.9459459185600281
1180;0.0015837416285648942;0.9498069286346436
1181;0.0016802300233393908;0.9362934231758118
1182;0.0016312547959387302;0.953667938709259
1183;0.0016160717932507396;0.9517374634742737
1184;0.0015921242302283645;0.9440154433250427
1185;0.0017544187139719725;0.9266409277915955
1186;0.001644035568460822;0.9343629479408264
1187;0.0016046393429860473;0.9459459185600281
1188;0.0015711663290858269;0.953667938709259
1189;0.0015666453400626779;0.9633204340934753
1190;0.0016532822046428919;0.9440154433250427
1191;0.0016096883919090033;0.953667938709259
1192;0.0015575246652588248;0.9517374634742737
1193;0.001633556792512536;0.953667938709259
1194;0.0015681470977142453;0.9575289487838745
1195;0.0015964083140715957;0.9440154433250427
1196;0.0015930540394037962;0.9382239580154419
1197;0.0016296181129291654;0.9420849680900574
1198;0.0015425103483721614;0.9498069286346436
1199;0.001506262575276196;0.953667938709259
1200;0.0015477052656933665;0.9440154433250427
1201;0.0015645677922293544;0.9285714030265808
1202;0.0015115285059437156;0.9594594836235046
1203;0.0015977811999619007;0.9401544332504272
1204;0.0015053674578666687;0.9440154433250427
1205;0.001546024577692151;0.9382239580154419
1206;0.0015057885320857167;0.9459459185600281
1207;0.0016087047988548875;0.9420849680900574
1208;0.0015100635355338454;0.9517374634742737
1209;0.0015585495857521892;0.9420849680900574
1210;0.001527702552266419;0.9498069286346436
1211;0.0015051525551825762;0.9498069286346436
1212;0.0014674143167212605;0.9498069286346436
1213;0.0014882091199979186;0.9440154433250427
1214;0.0014747105306014419;0.9478764533996582
1215;0.0014616356929764152;0.9594594836235046
1216;0.0014857372734695673;0.9498069286346436
1217;0.0015183142386376858;0.9382239580154419
1218;0.0014299250906333327;0.953667938709259
1219;0.001488284207880497;0.9459459185600281
1220;0.001537924399599433;0.9401544332504272
1221;0.0014827012782916427;0.9498069286346436
1222;0.0014556630048900843;0.9478764533996582
1223;0.0014308743411675096;0.9498069286346436
1224;0.0014323872746899724;0.9440154433250427
1225;0.0014483523555099964;0.9498069286346436
1226;0.0014800223289057612;0.9459459185600281
1227;0.0014795167371630669;0.9420849680900574
1228;0.0014870759332552552;0.9420849680900574
1229;0.0013867777306586504;0.9440154433250427
1230;0.0013926493702456355;0.96138995885849
1231;0.0014476082287728786;0.9555984735488892
1232;0.001402422203682363;0.953667938709259
1233;0.001394788734614849;0.9440154433250427
1234;0.0014270348474383354;0.9382239580154419
1235;0.0013972227461636066;0.9633204340934753
1236;0.0014454721240326762;0.9459459185600281
1237;0.0014019593363627791;0.9575289487838745
1238;0.001379832741804421;0.9478764533996582
1239;0.0014366322429850698;0.9555984735488892
1240;0.0013873935677111149;0.9575289487838745
1241;0.0014472163747996092;0.953667938709259
1242;0.0013740372378379107;0.96138995885849
1243;0.00144938041921705;0.9440154433250427
1244;0.0013538625789806247;0.9575289487838745
1245;0.0013746912591159344;0.9575289487838745
1246;0.0014135331148281693;0.9575289487838745
1247;0.001404790673404932;0.9633204340934753
1248;0.0014141775900498033;0.953667938709259
1249;0.0013931919820606709;0.9594594836235046
1250;0.0013724480522796512;0.9555984735488892
1251;0.001408818643540144;0.9652509689331055
1252;0.0013819782761856914;0.9671814441680908
1253;0.0015222760848701;0.9594594836235046
1254;0.001248624175786972;0.9710424542427063
1255;0.0012802977580577135;0.9806950092315674
1256;0.0013130470179021358;0.969111979007721
1257;0.0013512951554730535;0.969111979007721
1258;0.0012490159133449197;0.9806950092315674
1259;0.0012659338535740972;0.9864864945411682
1260;0.001228689681738615;0.9903475046157837
1261;0.0012331063626334071;0.992277979850769
1262;0.0011397962225601077;0.9884169697761536
1263;0.0011780791683122516;0.992277979850769
1264;0.001279311953112483;0.9884169697761536
1265;0.0011440152302384377;0.9903475046157837
1266;0.0011614632094278932;0.992277979850769
1267;0.0011271497933194041;0.9942085146903992
1268;0.00115963036660105;0.992277979850769
1269;0.001103465911000967;0.9942085146903992
1270;0.0010893044527620077;0.9884169697761536
1271;0.0011676136637106538;0.9826254844665527
1272;0.0010806149803102016;0.992277979850769
1273;0.0011029747547581792;0.9903475046157837
1274;0.0011465259594842792;0.9903475046157837
1275;0.001016266061924398;0.992277979850769
1276;0.0010764506878331304;0.9942085146903992
1277;0.0010710281785577536;0.9942085146903992
1278;0.0010385139612480998;0.9942085146903992
1279;0.0011032019974663854;0.9903475046157837
1280;0.001057148794643581;0.992277979850769
1281;0.0010420458856970072;0.9942085146903992
1282;0.001050242455676198;0.992277979850769
1283;0.0010153665207326412;0.992277979850769
1284;0.0010198763338848948;0.992277979850769
1285;0.001062353141605854;0.992277979850769
1286;0.0010419152677059174;0.992277979850769
1287;0.0010219794930890203;0.9942085146903992
1288;0.0010704274754971266;0.9864864945411682
1289;0.0010585552081465721;0.9884169697761536
1290;0.0010210248874500394;0.992277979850769
1291;0.001028179656714201;0.9884169697761536
1292;0.0010500102071091533;0.9942085146903992
1293;0.000983341014944017;0.9942085146903992
1294;0.0010423013009130955;0.9942085146903992
1295;0.0009962222538888454;0.992277979850769
1296;0.0009420598507858813;0.992277979850769
1297;0.0009724046103656292;0.992277979850769
1298;0.0010351187083870173;0.992277979850769
1299;0.0009941039606928825;0.992277979850769
1300;0.0010243698488920927;0.9942085146903992
1301;0.0009528904338367283;0.9942085146903992
1302;0.0009624450467526913;0.9961389899253845
1303;0.000978737836703658;0.9942085146903992
1304;0.0009708614670671523;0.9942085146903992
1305;0.000983990030363202;0.9942085146903992
1306;0.0009655471658334136;0.9903475046157837
1307;0.0009622047073207796;0.9942085146903992
1308;0.0009376159869134426;0.992277979850769
1309;0.0009236939367838204;0.9942085146903992
1310;0.0009606868843548;0.992277979850769
1311;0.0009162196656689048;0.992277979850769
1312;0.0009009756031446159;0.992277979850769
1313;0.0009585639927536249;0.992277979850769
1314;0.0010068066185340285;0.9942085146903992
1315;0.0009290325688198209;0.992277979850769
1316;0.0010935681639239192;0.9942085146903992
1317;0.0009270501905120909;0.992277979850769
1318;0.0009543183259665966;0.9942085146903992
1319;0.0010367098730057478;0.9942085146903992
1320;0.0009388999897055328;0.992277979850769
1321;0.0009755967766977847;0.9942085146903992
1322;0.0009707451681606472;0.9942085146903992
1323;0.0009617915493436158;0.992277979850769
1324;0.0011665088823065162;0.9864864945411682
1325;0.0009622848592698574;0.992277979850769
1326;0.001839417265728116;0.9305019378662109
1327;0.0011862540850415826;0.9884169697761536
1328;0.001053849351592362;0.9942085146903992
1329;0.0014399243518710136;0.9517374634742737
1330;0.0010462698992341757;0.9942085146903992
1331;0.0016882995842024684;0.96138995885849
1332;0.001062753377482295;0.9845559597015381
1333;0.0016121718799695373;0.9575289487838745
1334;0.0014065987197682261;0.9749034643173218
1335;0.0013185744173824787;0.9729729890823364
1336;0.0011636955896392465;0.9903475046157837
1337;0.001633318024687469;0.9729729890823364
1338;0.0012574727879837155;0.9903475046157837
1339;0.0016059133922681212;0.9671814441680908
1340;0.001427210750989616;0.9884169697761536
1341;0.001585799502208829;0.9768339991569519
1342;0.0018130757380276918;0.9459459185600281
1343;0.0017837885534390807;0.9285714030265808
1344;0.0019649318419396877;0.9440154433250427
1345;0.0014378826599568129;0.9768339991569519
1346;0.0012645222013816237;0.9942085146903992
1347;0.0016587743302807212;0.9749034643173218
1348;0.0015286526177078485;0.9806950092315674
1349;0.001675336854532361;0.96138995885849
1350;0.0012882122537121177;0.9864864945411682
1351;0.0014717704616487026;0.9710424542427063
1352;0.0015871188370510936;0.9633204340934753
1353;0.0017627871129661798;0.9652509689331055
1354;0.0017498362576588988;0.9633204340934753
1355;0.00310319266282022;0.8822394013404846
1356;0.002157837152481079;0.9382239580154419
1357;0.0017188320634886622;0.9594594836235046
1358;0.0018503933679312468;0.9498069286346436
1359;0.002053974661976099;0.9382239580154419
1360;0.0016629442106932402;0.9787644743919373
1361;0.0014889448648318648;0.9845559597015381
1362;0.0016079709166660905;0.969111979007721
1363;0.0015568035887554288;0.9903475046157837
1364;0.0016074937302619219;0.9806950092315674
1365;0.0014264624333009124;0.992277979850769
1366;0.0013697391841560602;0.9942085146903992
1367;0.001343494514003396;0.9961389899253845
1368;0.0015868613263592124;0.9729729890823364
1369;0.0012330192839726806;0.9903475046157837
1370;0.0012167964596301317;0.992277979850769
1371;0.0012526309583336115;0.992277979850769
1372;0.0012325327843427658;0.9903475046157837
1373;0.001232556183822453;0.992277979850769
1374;0.0011459008092060685;0.9961389899253845
1375;0.0011229654774069786;0.9961389899253845
1376;0.001134716090746224;0.992277979850769
1377;0.0010595951462164521;0.9942085146903992
1378;0.001077714841812849;0.9942085146903992
1379;0.00104850297793746;0.9942085146903992
1380;0.0010477725882083178;0.992277979850769
1381;0.001114872982725501;0.9942085146903992
1382;0.0010253823129460216;0.9942085146903992
1383;0.000982571509666741;0.9942085146903992
1384;0.0010060101049020886;0.9942085146903992
1385;0.0009743036353029311;0.9942085146903992
1386;0.0010199331445619464;0.992277979850769
1387;0.0009910068474709988;0.9942085146903992
1388;0.0009519411833025515;0.9942085146903992
1389;0.0010027698008343577;0.992277979850769
1390;0.0009588164975866675;0.9942085146903992
1391;0.0009021663572639227;0.9942085146903992
1392;0.0009376864763908088;0.9942085146903992
1393;0.0009084087796509266;0.9942085146903992
1394;0.000952205213252455;0.9942085146903992
1395;0.0009040292934514582;0.9942085146903992
1396;0.0008887524018064141;0.9942085146903992
1397;0.0008599620196036994;0.9942085146903992
1398;0.0008894495549611747;0.9980695247650146
1399;0.000910605420358479;0.9942085146903992
1400;0.0008539041155017912;0.9961389899253845
1401;0.0008452159818261862;0.9942085146903992
1402;0.0008873912156559527;0.9942085146903992
1403;0.0008701044134795666;0.9942085146903992
1404;0.0008800662471912801;0.9961389899253845
1405;0.0008839567890390754;0.992277979850769
1406;0.0008855198975652456;0.9961389899253845
1407;0.000903533713426441;0.9942085146903992
1408;0.0008649718947708607;0.9942085146903992
1409;0.0008752740104682744;0.992277979850769
1410;0.0008495774236507714;0.9942085146903992
1411;0.0008594582905061543;0.9942085146903992
1412;0.0008623364847153425;0.9942085146903992
1413;0.0008274506544694304;0.9942085146903992
1414;0.0008732342976145446;0.9942085146903992
1415;0.0008182202000170946;0.9961389899253845
1416;0.0008361238287761807;0.9942085146903992
1417;0.0008106910390779376;0.9942085146903992
1418;0.0008333381847478449;0.9942085146903992
1419;0.0008284080540761352;0.9942085146903992
1420;0.000863390218000859;0.9942085146903992
1421;0.0008281839545816183;0.9942085146903992
1422;0.0008261440088972449;0.9942085146903992
1423;0.0008253041887655854;0.9942085146903992
1424;0.0007697900873608887;0.9942085146903992
1425;0.0008030695607885718;0.9942085146903992
1426;0.0008723690989427269;0.9942085146903992
1427;0.0008167768828570843;0.9942085146903992
1428;0.0008218320435844362;0.9942085146903992
1429;0.0008369478746317327;0.9942085146903992
1430;0.0008114682859741151;0.9942085146903992
1431;0.0008553212974220514;0.9942085146903992
1432;0.0008062502020038664;0.9961389899253845
1433;0.0008146550972014666;0.9961389899253845
1434;0.0007780883461236954;0.9961389899253845
1435;0.000819484586827457;0.992277979850769
1436;0.0008372918237000704;0.9942085146903992
1437;0.000782769697252661;0.9942085146903992
1438;0.0008118959376588464;0.9942085146903992
1439;0.0007524309912696481;0.9942085146903992
1440;0.0008233141852542758;0.9942085146903992
1441;0.0007989172590896487;0.9942085146903992
1442;0.0009111295803450048;0.9884169697761536
1443;0.0008529085898771882;0.9961389899253845
1444;0.0009388469043187797;0.9826254844665527
1445;0.0008171416120603681;0.9942085146903992
1446;0.000831169483717531;0.9942085146903992
1447;0.0008741426281630993;0.9903475046157837
1448;0.0010599857196211815;0.9768339991569519
1449;0.0008287766831927001;0.9942085146903992
1450;0.0010377485305070877;0.9806950092315674
1451;0.0010047205723822117;0.9864864945411682
1452;0.0008290524710901082;0.9942085146903992
1453;0.0012472468661144376;0.9671814441680908
1454;0.0012388158356770873;0.9768339991569519
1455;0.0008550629136152565;0.9961389899253845
1456;0.0008568827179260552;0.9980695247650146
1457;0.0009357148665003479;0.9864864945411682
1458;0.0009032370871864259;0.9942085146903992
1459;0.0008339908672496676;0.9942085146903992
1460;0.0008275166619569063;0.9942085146903992
1461;0.0008211323875002563;0.9942085146903992
1462;0.0008415790507569909;0.9942085146903992
1463;0.0008066592272371054;0.9942085146903992
1464;0.0008481568656861782;0.9903475046157837
1465;0.000819078297354281;0.9942085146903992
1466;0.0008170462679117918;0.9961389899253845
1467;0.0008083573775365949;0.9942085146903992
1468;0.0008333937148563564;0.9942085146903992
1469;0.0007998757646419108;0.9942085146903992
1470;0.0008535505621694028;0.9942085146903992
1471;0.0007749011856503785;0.9942085146903992
1472;0.0008523486321792006;0.9942085146903992
1473;0.0008578523993492126;0.9942085146903992
1474;0.0007987180142663419;0.9942085146903992
1475;0.0007607677835039794;0.9980695247650146
1476;0.0008149818168021739;0.9961389899253845
1477;0.0007728934870101511;0.9942085146903992
1478;0.0008735759765841067;0.992277979850769
1479;0.0007888121181167662;0.9942085146903992
1480;0.0007917318725958467;0.9942085146903992
1481;0.0008326183306053281;0.9942085146903992
1482;0.0008142842561937869;0.9942085146903992
1483;0.0007873177528381348;0.9942085146903992
1484;0.0008013098849914968;0.992277979850769
1485;0.0007948388229124248;0.9942085146903992
1486;0.0007702092989347875;0.9942085146903992
1487;0.0007538212230429053;0.9942085146903992
1488;0.0007938279304653406;0.9942085146903992
1489;0.0008189462241716683;0.9961389899253845
1490;0.0008122229482978582;0.9942085146903992
1491;0.0007673774380236864;0.9942085146903992
1492;0.0007393074920400977;0.9961389899253845
1493;0.0007813109550625086;0.9942085146903992
1494;0.0007857815944589674;0.9961389899253845
1495;0.0007359361625276506;0.9942085146903992
1496;0.0007548747234977782;0.9942085146903992
1497;0.0007972222520038486;0.9942085146903992
1498;0.0007993046310730278;0.9942085146903992
1499;0.0007202289998531342;0.9942085146903992
