iteration;loss;accuracy
0;0.01765432208776474;0.0699300691485405
1;0.016657903790473938;0.02097902074456215
2;0.01670708879828453;0.09090909361839294
3;0.016909919679164886;0.0839160829782486
4;0.016795117408037186;0.07692307978868484
5;0.016580646857619286;0.0839160829782486
6;0.016449393704533577;0.11888112127780914
7;0.016454044729471207;0.1118881106376648
8;0.016467023640871048;0.139860138297081
9;0.016466718167066574;0.10489510744810104
10;0.016410719603300095;0.1538461595773697
11;0.0163151565939188;0.1258741319179535
12;0.0162202101200819;0.17482517659664154
13;0.016215480864048004;0.10489510744810104
14;0.016054188832640648;0.0979020968079567
15;0.016179198399186134;0.0839160829782486
16;0.01607607863843441;0.13286712765693665
17;0.016045399010181427;0.11888112127780914
18;0.015961386263370514;0.1118881106376648
19;0.01589331217110157;0.13286712765693665
20;0.015859536826610565;0.139860138297081
21;0.01582515612244606;0.13286712765693665
22;0.015767384320497513;0.14685314893722534
23;0.015739664435386658;0.18881118297576904
24;0.01562701165676117;0.1958041936159134
25;0.01564110442996025;0.139860138297081
26;0.015654182061553;0.16083915531635284
27;0.015535800717771053;0.20279720425605774
28;0.015624502673745155;0.16083915531635284
29;0.015637541189789772;0.1678321659564972
30;0.015542068518698215;0.16083915531635284
31;0.015582487918436527;0.21678321063518524
32;0.015588835813105106;0.139860138297081
33;0.015517381019890308;0.17482517659664154
34;0.015498187392950058;0.1818181872367859
35;0.01544838584959507;0.2097902148962021
36;0.015447907149791718;0.17482517659664154
37;0.015373069792985916;0.20279720425605774
38;0.015425259247422218;0.1538461595773697
39;0.015258945524692535;0.1958041936159134
40;0.01543630100786686;0.16083915531635284
41;0.015428139828145504;0.13286712765693665
42;0.015128419734537601;0.2377622425556183
43;0.015139929950237274;0.21678321063518524
44;0.01516756135970354;0.2237762212753296
45;0.0151688726618886;0.1958041936159134
46;0.015142839401960373;0.1818181872367859
47;0.015086348168551922;0.23076923191547394
48;0.015034887939691544;0.18881118297576904
49;0.01493628416210413;0.20279720425605774
50;0.014864283613860607;0.279720276594162
51;0.014955702237784863;0.24475523829460144
52;0.014969510957598686;0.23076923191547394
53;0.014749403111636639;0.28671327233314514
54;0.014953944832086563;0.279720276594162
55;0.014835823327302933;0.3076923191547394
56;0.014709973707795143;0.2657342553138733
57;0.014739726670086384;0.27272728085517883
58;0.01480147149413824;0.24475523829460144
59;0.014588190242648125;0.279720276594162
60;0.014711551368236542;0.2657342553138733
61;0.014602520503103733;0.24475523829460144
62;0.014695500023663044;0.20279720425605774
63;0.014748611487448215;0.2377622425556183
64;0.014650183729827404;0.2657342553138733
65;0.014487032778561115;0.25874125957489014
66;0.014664542861282825;0.3216783106327057
67;0.014460917562246323;0.25874125957489014
68;0.014570815488696098;0.2377622425556183
69;0.014522263780236244;0.251748263835907
70;0.01436450332403183;0.37062937021255493
71;0.014503875747323036;0.279720276594162
72;0.014221251010894775;0.3496503531932831
73;0.01432731468230486;0.24475523829460144
74;0.014406387694180012;0.2937062978744507
75;0.014428733848035336;0.21678321063518524
76;0.01440939400345087;0.279720276594162
77;0.014443118125200272;0.279720276594162
78;0.014497042633593082;0.31468531489372253
79;0.014300298877060413;0.3076923191547394
80;0.014361156150698662;0.27272728085517883
81;0.014430616982281208;0.24475523829460144
82;0.01414529886096716;0.32867133617401123
83;0.01434239186346531;0.30069929361343384
84;0.01452106237411499;0.2237762212753296
85;0.014217188581824303;0.2657342553138733
86;0.014087705872952938;0.3496503531932831
87;0.01408523041754961;0.32867133617401123
88;0.01428922638297081;0.2377622425556183
89;0.01412611361593008;0.3496503531932831
90;0.014039521105587482;0.3426573574542999
91;0.014179801568388939;0.3076923191547394
92;0.014067278243601322;0.37062937021255493
93;0.013991075567901134;0.32867133617401123
94;0.014021147042512894;0.35664334893226624
95;0.01403889525681734;0.37062937021255493
96;0.014004247263073921;0.3426573574542999
97;0.013856721110641956;0.37062937021255493
98;0.013957168906927109;0.4055944085121155
99;0.013927247375249863;0.38461539149284363
100;0.013783576898276806;0.38461539149284363
101;0.013897809199988842;0.3356643319129944
102;0.013890027068555355;0.3496503531932831
103;0.01360904611647129;0.42657342553138733
104;0.013675658963620663;0.4055944085121155
105;0.01369056198745966;0.4195804297924042
106;0.013803299516439438;0.32867133617401123
107;0.013699518516659737;0.3776223659515381
108;0.013767991214990616;0.4335664212703705
109;0.013635659590363503;0.3776223659515381
110;0.013418350368738174;0.4755244851112366
111;0.01350180059671402;0.42657342553138733
112;0.013447931036353111;0.4755244851112366
113;0.01327058207243681;0.4895104765892029
114;0.01328183151781559;0.4545454680919647
115;0.013596995733678341;0.4195804297924042
116;0.013300810009241104;0.4545454680919647
117;0.013206745497882366;0.4755244851112366
118;0.013134542852640152;0.4895104765892029
119;0.013087982311844826;0.4965035021305084
120;0.012914115563035011;0.5104895234107971
121;0.013013736344873905;0.4335664212703705
122;0.012956037186086178;0.5174825191497803
123;0.013034245930612087;0.46853145956993103
124;0.012891864404082298;0.4895104765892029
125;0.01280080433934927;0.5384615659713745
126;0.012821194715797901;0.46853145956993103
127;0.01309747714549303;0.4545454680919647
128;0.012514165602624416;0.503496527671814
129;0.012851121835410595;0.4545454680919647
130;0.012775762937963009;0.503496527671814
131;0.012473667971789837;0.4825174808502197
132;0.012436429038643837;0.5244755148887634
133;0.012503504753112793;0.5174825191497803
134;0.012425252236425877;0.503496527671814
135;0.012184171937406063;0.5314685106277466
136;0.012349567376077175;0.5104895234107971
137;0.012220362201333046;0.559440553188324
138;0.012397205457091331;0.5524475574493408
139;0.011740061454474926;0.5804196000099182
140;0.01236340869218111;0.5524475574493408
141;0.012417251244187355;0.5244755148887634
142;0.012350013479590416;0.5314685106277466
143;0.012124819681048393;0.5664335489273071
144;0.01162027195096016;0.6223776340484619
145;0.011952834203839302;0.5664335489273071
146;0.011781432665884495;0.5454545617103577
147;0.011849621310830116;0.6363636255264282
148;0.011613517999649048;0.6153846383094788
149;0.011537717655301094;0.5874125957489014
150;0.011727625504136086;0.5874125957489014
151;0.011381038464605808;0.5874125957489014
152;0.011826890520751476;0.5454545617103577
153;0.011799364350736141;0.5384615659713745
154;0.011636490933597088;0.5664335489273071
155;0.01190605666488409;0.5174825191497803
156;0.011814342811703682;0.5874125957489014
157;0.011383194476366043;0.6363636255264282
158;0.011386150494217873;0.559440553188324
159;0.011346155777573586;0.6153846383094788
160;0.011036131531000137;0.6293706297874451
161;0.011101598851382732;0.6083915829658508
162;0.01137649454176426;0.6083915829658508
163;0.011224656365811825;0.5944055914878845
164;0.01134589035063982;0.5664335489273071
165;0.011410891078412533;0.5874125957489014
166;0.010843570344150066;0.7062937021255493
167;0.01127240527421236;0.5664335489273071
168;0.011126527562737465;0.6363636255264282
169;0.011136489920318127;0.6643356680870056
170;0.011074288748204708;0.6993007063865662
171;0.010891640558838844;0.6293706297874451
172;0.010886183939874172;0.6153846383094788
173;0.011040102690458298;0.6083915829658508
174;0.010787279345095158;0.6293706297874451
175;0.010730530135333538;0.692307710647583
176;0.010661537759006023;0.6573426723480225
177;0.01027295459061861;0.7132866978645325
178;0.010675954632461071;0.6433566212654114
179;0.010484793223440647;0.6433566212654114
180;0.010477154515683651;0.6643356680870056
181;0.010423034429550171;0.6363636255264282
182;0.010605994611978531;0.6573426723480225
183;0.010033616796135902;0.7062937021255493
184;0.010360795073211193;0.6503496766090393
185;0.01078598853200674;0.6433566212654114
186;0.010481703095138073;0.692307710647583
187;0.010076992213726044;0.7132866978645325
188;0.010893067345023155;0.5734265446662903
189;0.010041351430118084;0.7202796936035156
190;0.010116483084857464;0.7132866978645325
191;0.01032906025648117;0.6503496766090393
192;0.010260398499667645;0.6363636255264282
193;0.009956367313861847;0.6853147149085999
194;0.01006352435797453;0.6293706297874451
195;0.009983917698264122;0.7062937021255493
196;0.009757092222571373;0.7342657446861267
197;0.009989338926970959;0.692307710647583
198;0.009789052419364452;0.6993007063865662
199;0.009930454194545746;0.6503496766090393
200;0.009804635308682919;0.6503496766090393
201;0.00976557657122612;0.7132866978645325
202;0.009612273424863815;0.7062937021255493
203;0.010012349113821983;0.6433566212654114
204;0.009736841544508934;0.7132866978645325
205;0.010039868764579296;0.6993007063865662
206;0.00968293845653534;0.6993007063865662
207;0.009417584165930748;0.7272727489471436
208;0.009649336338043213;0.692307710647583
209;0.009777963161468506;0.6433566212654114
210;0.00958322361111641;0.7132866978645325
211;0.009158371947705746;0.7692307829856873
212;0.00962061807513237;0.6993007063865662
213;0.00918860174715519;0.748251736164093
214;0.009347732178866863;0.7692307829856873
215;0.00922570750117302;0.7062937021255493
216;0.009525625966489315;0.7412587404251099
217;0.009637727402150631;0.7062937021255493
218;0.009479929693043232;0.7132866978645325
219;0.009905986487865448;0.692307710647583
220;0.009042790159583092;0.7342657446861267
221;0.00936472974717617;0.7552447319030762
222;0.009369614534080029;0.7412587404251099
223;0.009292769245803356;0.7272727489471436
224;0.009602305479347706;0.692307710647583
225;0.009241735562682152;0.748251736164093
226;0.009856528602540493;0.6993007063865662
227;0.009449097327888012;0.748251736164093
228;0.009247727692127228;0.7342657446861267
229;0.010018858127295971;0.692307710647583
230;0.00952300988137722;0.7062937021255493
231;0.009401077404618263;0.7062937021255493
232;0.00887929368764162;0.7762237787246704
233;0.009499811567366123;0.7342657446861267
234;0.00928414799273014;0.7412587404251099
235;0.00937572680413723;0.7272727489471436
236;0.009170162491500378;0.7202796936035156
237;0.009022153913974762;0.7972028255462646
238;0.009192838333547115;0.7342657446861267
239;0.00930342823266983;0.7412587404251099
240;0.008622082881629467;0.7972028255462646
241;0.009015217423439026;0.7202796936035156
242;0.009211104363203049;0.7552447319030762
243;0.0087833097204566;0.7412587404251099
244;0.008843710646033287;0.7342657446861267
245;0.008803598582744598;0.8041958212852478
246;0.008941659703850746;0.7902097702026367
247;0.00864205602556467;0.7832167744636536
248;0.008716062642633915;0.7692307829856873
249;0.008617270737886429;0.7622377872467041
250;0.009011291898787022;0.7342657446861267
251;0.008909362368285656;0.748251736164093
252;0.008871054276823997;0.7622377872467041
253;0.008907322771847248;0.7622377872467041
254;0.008379398845136166;0.7832167744636536
255;0.008774998597800732;0.7972028255462646
256;0.008852193132042885;0.7202796936035156
257;0.00829697772860527;0.7692307829856873
258;0.008666628040373325;0.7412587404251099
259;0.00878563616424799;0.7692307829856873
260;0.008651966229081154;0.811188817024231
261;0.009019741788506508;0.7692307829856873
262;0.0083546694368124;0.7762237787246704
263;0.009048878215253353;0.6783216595649719
264;0.008449602872133255;0.7552447319030762
265;0.00861224252730608;0.7832167744636536
266;0.008988222107291222;0.748251736164093
267;0.008306018076837063;0.7972028255462646
268;0.008137306198477745;0.7972028255462646
269;0.008297862485051155;0.811188817024231
270;0.008631296455860138;0.7762237787246704
271;0.008045411668717861;0.7902097702026367
272;0.008136758580803871;0.8041958212852478
273;0.008318912237882614;0.8321678042411804
274;0.008480580523610115;0.7692307829856873
275;0.008722013793885708;0.7202796936035156
276;0.00824586022645235;0.7902097702026367
277;0.008473921567201614;0.7762237787246704
278;0.008170601911842823;0.7762237787246704
279;0.008052336983382702;0.7902097702026367
280;0.008052177727222443;0.7692307829856873
281;0.008205396123230457;0.7762237787246704
282;0.007995465770363808;0.811188817024231
283;0.008112629875540733;0.7692307829856873
284;0.007763042580336332;0.8461538553237915
285;0.008084726519882679;0.7972028255462646
286;0.00850559864193201;0.7622377872467041
287;0.00803554430603981;0.7972028255462646
288;0.008570580743253231;0.7622377872467041
289;0.007782116997987032;0.8041958212852478
290;0.00848648976534605;0.7972028255462646
291;0.007856297306716442;0.8181818127632141
292;0.009081365540623665;0.7412587404251099
293;0.00773052591830492;0.8321678042411804
294;0.00825554970651865;0.748251736164093
295;0.007790050469338894;0.8181818127632141
296;0.007686614990234375;0.8461538553237915
297;0.007544944994151592;0.7902097702026367
298;0.00796579197049141;0.7552447319030762
299;0.007795991841703653;0.8251748085021973
300;0.007753000129014254;0.7902097702026367
301;0.00759230088442564;0.8461538553237915
302;0.007711376063525677;0.7972028255462646
303;0.007508934009820223;0.811188817024231
304;0.007743897847831249;0.811188817024231
305;0.007576020434498787;0.8251748085021973
306;0.007513709831982851;0.8251748085021973
307;0.007660469505935907;0.7902097702026367
308;0.007295004557818174;0.8601398468017578
309;0.007687353994697332;0.811188817024231
310;0.007469525560736656;0.7972028255462646
311;0.007526075933128595;0.8041958212852478
312;0.007237021811306477;0.8741258978843689
313;0.007478056009858847;0.8461538553237915
314;0.007267632521688938;0.8321678042411804
315;0.0077445064671337605;0.8251748085021973
316;0.007231530733406544;0.8321678042411804
317;0.007408702280372381;0.8321678042411804
318;0.007134533487260342;0.8321678042411804
319;0.007263184990733862;0.867132842540741
320;0.007537030149251223;0.7832167744636536
321;0.006902195978909731;0.8321678042411804
322;0.007112632505595684;0.8741258978843689
323;0.00725190294906497;0.881118893623352
324;0.00701583968475461;0.8531468510627747
325;0.007411682512611151;0.8391608595848083
326;0.007150511723011732;0.8321678042411804
327;0.007124585099518299;0.8321678042411804
328;0.007324200123548508;0.8461538553237915
329;0.007059624884277582;0.8461538553237915
330;0.007570432964712381;0.8321678042411804
331;0.007028124760836363;0.8531468510627747
332;0.006780073046684265;0.8881118893623352
333;0.007145820185542107;0.8531468510627747
334;0.006981416139751673;0.8321678042411804
335;0.007075923029333353;0.8461538553237915
336;0.007013610098510981;0.881118893623352
337;0.006960345432162285;0.8741258978843689
338;0.006991413421928883;0.8321678042411804
339;0.006932264659553766;0.8251748085021973
340;0.006951835006475449;0.8461538553237915
341;0.007192358374595642;0.8461538553237915
342;0.006628860719501972;0.8881118893623352
343;0.006763058248907328;0.8391608595848083
344;0.006512321066111326;0.8881118893623352
345;0.006543268449604511;0.8951048851013184
346;0.00669901305809617;0.8461538553237915
347;0.0064842961728572845;0.8741258978843689
348;0.006582256406545639;0.8461538553237915
349;0.006602370645850897;0.8741258978843689
350;0.006455820053815842;0.8531468510627747
351;0.006447280757129192;0.881118893623352
352;0.006341774016618729;0.8881118893623352
353;0.006742522586137056;0.867132842540741
354;0.006712004076689482;0.881118893623352
355;0.006315991748124361;0.867132842540741
356;0.006120612844824791;0.867132842540741
357;0.006596853025257587;0.8321678042411804
358;0.006168961059302092;0.867132842540741
359;0.006118695251643658;0.9160839319229126
360;0.00674213282763958;0.8881118893623352
361;0.0067677367478609085;0.8321678042411804
362;0.006351743824779987;0.9020978808403015
363;0.006466678809374571;0.8741258978843689
364;0.006568929646164179;0.8601398468017578
365;0.006200149655342102;0.881118893623352
366;0.006350332405418158;0.8601398468017578
367;0.0062875752337276936;0.8741258978843689
368;0.006706282962113619;0.8531468510627747
369;0.007181027438491583;0.8391608595848083
370;0.006624334957450628;0.881118893623352
371;0.006738968659192324;0.8601398468017578
372;0.006602672394365072;0.8881118893623352
373;0.006782465614378452;0.881118893623352
374;0.006649038754403591;0.8951048851013184
375;0.006492978427559137;0.881118893623352
376;0.0066099162213504314;0.867132842540741
377;0.006147761829197407;0.9020978808403015
378;0.0064821005798876286;0.867132842540741
379;0.006670467089861631;0.8741258978843689
380;0.006276077125221491;0.8741258978843689
381;0.006064970511943102;0.9090909361839294
382;0.006210311781615019;0.8881118893623352
383;0.006177103612571955;0.881118893623352
384;0.00592044647783041;0.8881118893623352
385;0.006138807162642479;0.8951048851013184
386;0.006093928124755621;0.9090909361839294
387;0.005899100098758936;0.9090909361839294
388;0.006068121176213026;0.8741258978843689
389;0.006143003236502409;0.8881118893623352
390;0.005898548290133476;0.9020978808403015
391;0.006112347356975079;0.9020978808403015
392;0.005792528856545687;0.9020978808403015
393;0.006009640637785196;0.8951048851013184
394;0.005687679164111614;0.9020978808403015
395;0.006079511251300573;0.8881118893623352
396;0.005914949346333742;0.9020978808403015
397;0.0061845798045396805;0.881118893623352
398;0.0059126559644937515;0.9090909361839294
399;0.006053147371858358;0.881118893623352
400;0.005652611143887043;0.9160839319229126
401;0.005649136379361153;0.9370629191398621
402;0.005716775078326464;0.8741258978843689
403;0.005559245124459267;0.8881118893623352
404;0.005789931397885084;0.8881118893623352
405;0.0056336610578000546;0.9090909361839294
406;0.005392176099121571;0.9020978808403015
407;0.005599819589406252;0.8951048851013184
408;0.0057588298805058;0.9090909361839294
409;0.005663631018251181;0.8881118893623352
410;0.005442389752715826;0.9090909361839294
411;0.005410611163824797;0.9370629191398621
412;0.005917148664593697;0.9230769276618958
413;0.005624504294246435;0.8951048851013184
414;0.005624434445053339;0.9300699234008789
415;0.005690224003046751;0.9160839319229126
416;0.005346566438674927;0.9160839319229126
417;0.0054159569554030895;0.867132842540741
418;0.005480865016579628;0.9090909361839294
419;0.0053770886734128;0.8951048851013184
420;0.005505957640707493;0.8951048851013184
421;0.005548626650124788;0.9020978808403015
422;0.005444619804620743;0.881118893623352
423;0.005176653154194355;0.9020978808403015
424;0.005571465007960796;0.9020978808403015
425;0.005471378564834595;0.9160839319229126
426;0.005216081161051989;0.9230769276618958
427;0.005265520419925451;0.9020978808403015
428;0.005465145222842693;0.9090909361839294
429;0.005418151151388884;0.8951048851013184
430;0.005594702437520027;0.881118893623352
431;0.005309001076966524;0.9300699234008789
432;0.00531013123691082;0.9160839319229126
433;0.005484985653311014;0.8951048851013184
434;0.006217803340405226;0.881118893623352
435;0.00535181537270546;0.8951048851013184
436;0.005034657195210457;0.9300699234008789
437;0.005302138160914183;0.9020978808403015
438;0.006271936930716038;0.867132842540741
439;0.006511740852147341;0.8741258978843689
440;0.006742183119058609;0.8741258978843689
441;0.0071391272358596325;0.867132842540741
442;0.007379200309514999;0.7342657446861267
443;0.00645848223939538;0.8461538553237915
444;0.006262609269469976;0.867132842540741
445;0.006210086867213249;0.8321678042411804
446;0.00640190439298749;0.8531468510627747
447;0.006298295687884092;0.8741258978843689
448;0.006213327869772911;0.8881118893623352
449;0.00543533219024539;0.9160839319229126
450;0.0059387232176959515;0.881118893623352
451;0.005914277397096157;0.9160839319229126
452;0.005644096527248621;0.881118893623352
453;0.005478920415043831;0.9230769276618958
454;0.005708904936909676;0.9020978808403015
455;0.005470414645969868;0.8881118893623352
456;0.0053160726092755795;0.8951048851013184
457;0.0053122383542358875;0.8951048851013184
458;0.005701515823602676;0.8881118893623352
459;0.00534052075818181;0.9020978808403015
460;0.005061515606939793;0.9230769276618958
461;0.005295613314956427;0.881118893623352
462;0.004992374684661627;0.9230769276618958
463;0.005192754324525595;0.9160839319229126
464;0.005087090190500021;0.9580419659614563
465;0.0049286517314612865;0.9300699234008789
466;0.004808252677321434;0.9230769276618958
467;0.004963998682796955;0.9020978808403015
468;0.004843312781304121;0.8951048851013184
469;0.0052086482755839825;0.9020978808403015
470;0.0050460342317819595;0.9300699234008789
471;0.004981453530490398;0.9090909361839294
472;0.005052909255027771;0.9020978808403015
473;0.004722369834780693;0.9230769276618958
474;0.004942131228744984;0.9300699234008789
475;0.004642434883862734;0.9510489702224731
476;0.004377646837383509;0.9160839319229126
477;0.0046898117288947105;0.9300699234008789
478;0.004678952507674694;0.9300699234008789
479;0.004993523471057415;0.9090909361839294
480;0.004508159123361111;0.9300699234008789
481;0.004912744741886854;0.9160839319229126
482;0.004744026809930801;0.9020978808403015
483;0.004761597141623497;0.9230769276618958
484;0.004420606419444084;0.9510489702224731
485;0.004942629486322403;0.8741258978843689
486;0.004367198329418898;0.9510489702224731
487;0.0046064406633377075;0.9300699234008789
488;0.00459299935027957;0.9230769276618958
489;0.0045016855001449585;0.9300699234008789
490;0.00476677855476737;0.8881118893623352
491;0.004402401857078075;0.9510489702224731
492;0.004696403164416552;0.9230769276618958
493;0.004689702298492193;0.9160839319229126
494;0.004442218691110611;0.9370629191398621
495;0.004491237923502922;0.9300699234008789
496;0.004807701800018549;0.9160839319229126
497;0.004527364857494831;0.9510489702224731
498;0.004667343106120825;0.9160839319229126
499;0.004220689181238413;0.9510489702224731
500;0.0043193320743739605;0.9300699234008789
501;0.004421611782163382;0.9370629191398621
502;0.004569600336253643;0.8881118893623352
503;0.004466246347874403;0.8951048851013184
504;0.004268683027476072;0.9370629191398621
505;0.004760093055665493;0.9090909361839294
506;0.004412692040205002;0.9300699234008789
507;0.0041927797719836235;0.9440559148788452
508;0.00466162757948041;0.9300699234008789
509;0.004620735067874193;0.9300699234008789
510;0.004445967730134726;0.9440559148788452
511;0.004740180913358927;0.9160839319229126
512;0.00446343095973134;0.9020978808403015
513;0.004428362939506769;0.9090909361839294
514;0.004294542130082846;0.9440559148788452
515;0.00438534514978528;0.9580419659614563
516;0.004367103334516287;0.9300699234008789
517;0.004310854244977236;0.9440559148788452
518;0.004202872049063444;0.9440559148788452
519;0.004295367747545242;0.9370629191398621
520;0.004305385518819094;0.9510489702224731
521;0.0042125154286623;0.9230769276618958
522;0.004287201911211014;0.9440559148788452
523;0.003942674491554499;0.9440559148788452
524;0.004182363394647837;0.9370629191398621
525;0.0042537786066532135;0.9160839319229126
526;0.004212465602904558;0.9230769276618958
527;0.004130636341869831;0.8881118893623352
528;0.004462370183318853;0.9370629191398621
529;0.004263014066964388;0.9230769276618958
530;0.004080841317772865;0.9300699234008789
531;0.00415063789114356;0.9440559148788452
532;0.0045506302267313;0.9020978808403015
533;0.0043779523111879826;0.9300699234008789
534;0.004144140984863043;0.9440559148788452
535;0.004201637115329504;0.9370629191398621
536;0.004204647149890661;0.9020978808403015
537;0.004052271135151386;0.9370629191398621
538;0.004407527856528759;0.8951048851013184
539;0.0042658583261072636;0.9370629191398621
540;0.004498526453971863;0.9090909361839294
541;0.004072720650583506;0.9580419659614563
542;0.004170524422079325;0.9160839319229126
543;0.004406449384987354;0.9370629191398621
544;0.004082311876118183;0.9370629191398621
545;0.004228747915476561;0.9300699234008789
546;0.004202303476631641;0.9300699234008789
547;0.004001394379884005;0.9370629191398621
548;0.004126964136958122;0.9160839319229126
549;0.00409369682893157;0.9300699234008789
550;0.003830942790955305;0.9440559148788452
551;0.0038099235389381647;0.9510489702224731
552;0.0039590029045939445;0.9510489702224731
553;0.003900803392753005;0.9580419659614563
554;0.004019939340651035;0.9160839319229126
555;0.005468401126563549;0.881118893623352
556;0.005795768462121487;0.881118893623352
557;0.005147373769432306;0.9020978808403015
558;0.004477366339415312;0.9020978808403015
559;0.004573028534650803;0.9370629191398621
560;0.005910672713071108;0.867132842540741
561;0.004810935817658901;0.9020978808403015
562;0.004390605725347996;0.9230769276618958
563;0.004440766293555498;0.9020978808403015
564;0.004927463363856077;0.9020978808403015
565;0.004526603035628796;0.9300699234008789
566;0.004046687390655279;0.9300699234008789
567;0.004288374446332455;0.9370629191398621
568;0.004338723141700029;0.9300699234008789
569;0.004517476074397564;0.9300699234008789
570;0.004054475575685501;0.9300699234008789
571;0.004056571051478386;0.9230769276618958
572;0.004156311973929405;0.9510489702224731
573;0.00448619294911623;0.9230769276618958
574;0.0037954149302095175;0.9230769276618958
575;0.003960009198635817;0.9370629191398621
576;0.0042340997606515884;0.9020978808403015
577;0.003975469619035721;0.9090909361839294
578;0.003971308935433626;0.9370629191398621
579;0.004173223860561848;0.9160839319229126
580;0.003907332196831703;0.9580419659614563
581;0.003907501231878996;0.9440559148788452
582;0.004020720720291138;0.9440559148788452
583;0.0038180737756192684;0.9160839319229126
584;0.0038355549331754446;0.9160839319229126
585;0.003676256164908409;0.9370629191398621
586;0.003905510064214468;0.9230769276618958
587;0.0038428932894021273;0.9440559148788452
588;0.00379459117539227;0.9300699234008789
589;0.0037549841217696667;0.9370629191398621
590;0.003504802007228136;0.9510489702224731
591;0.0038734558038413525;0.9440559148788452
592;0.0035713419783860445;0.9370629191398621
593;0.0037538998294621706;0.9160839319229126
594;0.003674163483083248;0.9370629191398621
595;0.0037778327241539955;0.9440559148788452
596;0.0037543089129030704;0.9160839319229126
597;0.0035377247259020805;0.9440559148788452
598;0.003626316785812378;0.9370629191398621
599;0.0037102792412042618;0.9440559148788452
600;0.0036325601395219564;0.9440559148788452
601;0.0035788435488939285;0.9510489702224731
602;0.0035018199123442173;0.9370629191398621
603;0.0037162452936172485;0.9440559148788452
604;0.00352968811057508;0.9370629191398621
605;0.003448661183938384;0.9370629191398621
606;0.0035609116312116385;0.9370629191398621
607;0.0037144727539271116;0.9230769276618958
608;0.003636679844930768;0.9160839319229126
609;0.003754948964342475;0.9090909361839294
610;0.0034726476296782494;0.9370629191398621
611;0.0035773315466940403;0.9370629191398621
612;0.0034810190554708242;0.9440559148788452
613;0.0036689816042780876;0.9160839319229126
614;0.003620496951043606;0.9300699234008789
615;0.004150601103901863;0.9020978808403015
616;0.0034628978464752436;0.9650349617004395
617;0.0035710721276700497;0.9510489702224731
618;0.003841778263449669;0.9090909361839294
619;0.0038559979293495417;0.9440559148788452
620;0.003540764097124338;0.9300699234008789
621;0.003795572556555271;0.9370629191398621
622;0.0036575361154973507;0.9370629191398621
623;0.003538672812283039;0.9300699234008789
624;0.0037147870752960443;0.9300699234008789
625;0.0036552133969962597;0.9510489702224731
626;0.0035274389665573835;0.9440559148788452
627;0.0034603369422256947;0.9160839319229126
628;0.003498328849673271;0.9230769276618958
629;0.0035306254867464304;0.9300699234008789
630;0.003415058832615614;0.9370629191398621
631;0.0035752749536186457;0.9090909361839294
632;0.0034802407026290894;0.9440559148788452
633;0.003366875695064664;0.9230769276618958
634;0.0036034854128956795;0.9230769276618958
635;0.0035564834251999855;0.9230769276618958
636;0.0033413313794881105;0.9370629191398621
637;0.0034184432588517666;0.9510489702224731
638;0.003698918269947171;0.9230769276618958
639;0.0033894265070557594;0.9020978808403015
640;0.003337356960400939;0.9510489702224731
641;0.003478442318737507;0.9370629191398621
642;0.0034735731314867735;0.9440559148788452
643;0.003501100931316614;0.9440559148788452
644;0.003546522231772542;0.9440559148788452
645;0.0034934396389871836;0.9440559148788452
646;0.0037023264449089766;0.9300699234008789
647;0.003568188054487109;0.9230769276618958
648;0.003766579320654273;0.9230769276618958
649;0.003470323048532009;0.9230769276618958
650;0.003490184200927615;0.9510489702224731
651;0.0033946121111512184;0.9510489702224731
652;0.003656909801065922;0.9300699234008789
653;0.00379635626450181;0.9020978808403015
654;0.0035848927218466997;0.9370629191398621
655;0.003806164488196373;0.9090909361839294
656;0.003389853285625577;0.9370629191398621
657;0.0035489005967974663;0.9020978808403015
658;0.003547895234078169;0.9160839319229126
659;0.00358418095856905;0.9300699234008789
660;0.0035149413160979748;0.9230769276618958
661;0.003365657990798354;0.9370629191398621
662;0.003581414930522442;0.9300699234008789
663;0.0035225162282586098;0.9370629191398621
664;0.003301654476672411;0.9440559148788452
665;0.003496816847473383;0.9160839319229126
666;0.0032459190115332603;0.9510489702224731
667;0.0033572856336832047;0.9300699234008789
668;0.003355189459398389;0.9300699234008789
669;0.003422388108447194;0.9300699234008789
670;0.0033525126054883003;0.9580419659614563
671;0.003357655368745327;0.9300699234008789
672;0.0034114194568246603;0.9300699234008789
673;0.0035111329052597284;0.9580419659614563
674;0.0034346214961260557;0.9370629191398621
675;0.00329430284909904;0.9510489702224731
676;0.003291170345619321;0.9580419659614563
677;0.0035003761295229197;0.9510489702224731
678;0.0032258674036711454;0.9230769276618958
679;0.0036604043561965227;0.9440559148788452
680;0.003442801535129547;0.9440559148788452
681;0.00330920796841383;0.9300699234008789
682;0.0033683283254504204;0.9370629191398621
683;0.0035140623804181814;0.9160839319229126
684;0.0033310570288449526;0.9510489702224731
685;0.00344340899027884;0.9300699234008789
686;0.003405359573662281;0.9370629191398621
687;0.0034619232174009085;0.9300699234008789
688;0.0035129529424011707;0.9370629191398621
689;0.003219889709725976;0.9300699234008789
690;0.00319324410520494;0.9230769276618958
691;0.0034888468217104673;0.9370629191398621
692;0.003671682672575116;0.9230769276618958
693;0.0031497071031481028;0.9440559148788452
694;0.0031671496108174324;0.9160839319229126
695;0.0032153481151908636;0.9370629191398621
696;0.0034205603878945112;0.9370629191398621
697;0.0034132557921111584;0.8881118893623352
698;0.003332378575578332;0.9370629191398621
699;0.0031671463511884212;0.9370629191398621
700;0.003306347643956542;0.9230769276618958
701;0.003193215699866414;0.9230769276618958
702;0.003301511984318495;0.9230769276618958
703;0.003225871594622731;0.9440559148788452
704;0.0031053447164595127;0.9300699234008789
705;0.003285561688244343;0.9440559148788452
706;0.0029898786451667547;0.9580419659614563
707;0.0030589932575821877;0.9510489702224731
708;0.003070577047765255;0.9510489702224731
709;0.003254647832363844;0.9370629191398621
710;0.003204182954505086;0.9160839319229126
711;0.0031319884583353996;0.9300699234008789
712;0.00337280984967947;0.9300699234008789
713;0.003233177587389946;0.9160839319229126
714;0.0031483459752053022;0.9580419659614563
715;0.0030913352966308594;0.9440559148788452
716;0.0034926419612020254;0.9580419659614563
717;0.003378427354618907;0.9300699234008789
718;0.0031086376402527094;0.9510489702224731
719;0.0034217997454106808;0.9370629191398621
720;0.0032000013161450624;0.9510489702224731
721;0.0029936323408037424;0.9510489702224731
722;0.0031040948815643787;0.9300699234008789
723;0.00329251354560256;0.9440559148788452
724;0.0031960359774529934;0.9300699234008789
725;0.0031952792778611183;0.9370629191398621
726;0.0034763109870254993;0.9370629191398621
727;0.00321007426828146;0.9370629191398621
728;0.0030704899691045284;0.9300699234008789
729;0.0030699530616402626;0.9720279574394226
730;0.0033202513586729765;0.9230769276618958
731;0.003171343822032213;0.9440559148788452
732;0.003166683716699481;0.9230769276618958
733;0.003257601521909237;0.9440559148788452
734;0.0030445787124335766;0.9370629191398621
735;0.003036273643374443;0.9370629191398621
736;0.0031238615047186613;0.9510489702224731
737;0.003215792588889599;0.9230769276618958
738;0.002901023020967841;0.9510489702224731
739;0.003054001834243536;0.9230769276618958
740;0.003132091835141182;0.9090909361839294
741;0.002983278827741742;0.9370629191398621
742;0.003127570264041424;0.9510489702224731
743;0.003175517311319709;0.9370629191398621
744;0.0030082326848059893;0.9650349617004395
745;0.0030250882264226675;0.9370629191398621
746;0.0031948303803801537;0.9230769276618958
747;0.0030091945081949234;0.9440559148788452
748;0.002998635172843933;0.9230769276618958
749;0.0029078731313347816;0.9650349617004395
750;0.003172870958223939;0.9370629191398621
751;0.003140188055112958;0.9300699234008789
752;0.0030719798523932695;0.9370629191398621
753;0.0030786129646003246;0.9440559148788452
754;0.0028909570537507534;0.9650349617004395
755;0.00320017640478909;0.9440559148788452
756;0.002919609658420086;0.9510489702224731
757;0.0029859801288694143;0.9440559148788452
758;0.0031175571493804455;0.9580419659614563
759;0.002980798250064254;0.9440559148788452
760;0.0031451613176614046;0.9160839319229126
761;0.0030948668718338013;0.9370629191398621
762;0.0029787286184728146;0.9370629191398621
763;0.002883884124457836;0.9510489702224731
764;0.00298897922039032;0.9300699234008789
765;0.0031398588325828314;0.9160839319229126
766;0.0031782547011971474;0.9300699234008789
767;0.0029898351058363914;0.9440559148788452
768;0.002825183793902397;0.9580419659614563
769;0.002875578124076128;0.9440559148788452
770;0.0032801723573356867;0.9090909361839294
771;0.0029114263597875834;0.9440559148788452
772;0.003138628788292408;0.9510489702224731
773;0.002904922468587756;0.9440559148788452
774;0.0029632658697664738;0.9230769276618958
775;0.0030215082224458456;0.9440559148788452
776;0.002836767816916108;0.9510489702224731
777;0.003135749138891697;0.9160839319229126
778;0.002916838740929961;0.9510489702224731
779;0.003138017375022173;0.9300699234008789
780;0.0029647836927324533;0.9230769276618958
781;0.0031746283639222383;0.9090909361839294
782;0.0030726459808647633;0.9370629191398621
783;0.002976960502564907;0.9510489702224731
784;0.002964240964502096;0.9300699234008789
785;0.0037107556127011776;0.9440559148788452
786;0.0029869189020246267;0.9370629191398621
787;0.0031322315335273743;0.9230769276618958
788;0.003774927230551839;0.881118893623352
789;0.003289630636572838;0.9230769276618958
790;0.00477462075650692;0.8881118893623352
791;0.0033296782057732344;0.9300699234008789
792;0.003600597381591797;0.9160839319229126
793;0.0035480684600770473;0.9370629191398621
794;0.004448417574167252;0.8601398468017578
795;0.003420059336349368;0.9230769276618958
796;0.0032725229393690825;0.9580419659614563
797;0.0035797827877104282;0.9370629191398621
798;0.0038756662979722023;0.9370629191398621
799;0.003791135735809803;0.9440559148788452
800;0.0036171283572912216;0.9370629191398621
801;0.0036072914954274893;0.9370629191398621
802;0.0032648826017975807;0.9300699234008789
803;0.003371451748535037;0.9300699234008789
804;0.0033290376886725426;0.9300699234008789
805;0.003267991356551647;0.9300699234008789
806;0.003314394038170576;0.9300699234008789
807;0.003376167034730315;0.9440559148788452
808;0.003490241477265954;0.9440559148788452
809;0.003260395722463727;0.9300699234008789
810;0.002980943536385894;0.9370629191398621
811;0.003106622491031885;0.9230769276618958
812;0.0030747840646654367;0.9160839319229126
813;0.0031733782961964607;0.9440559148788452
814;0.0031137701589614153;0.9370629191398621
815;0.003234297037124634;0.9230769276618958
816;0.0030738618224859238;0.9440559148788452
817;0.0033255317248404026;0.9300699234008789
818;0.0035394635051488876;0.9090909361839294
819;0.0031275185756385326;0.9440559148788452
820;0.0029479190707206726;0.9230769276618958
821;0.003372889244928956;0.9090909361839294
822;0.002979060634970665;0.9440559148788452
823;0.003126078052446246;0.9370629191398621
824;0.0031148905400186777;0.9370629191398621
825;0.003261707490310073;0.9160839319229126
826;0.0028508808463811874;0.9230769276618958
827;0.002948943292722106;0.9370629191398621
828;0.0030662931967526674;0.9370629191398621
829;0.002930988557636738;0.9440559148788452
830;0.00283973035402596;0.9510489702224731
831;0.0028625130653381348;0.9440559148788452
832;0.002889215014874935;0.9370629191398621
833;0.002773101907223463;0.9440559148788452
834;0.002972598187625408;0.9230769276618958
835;0.00295304786413908;0.9160839319229126
836;0.0027765766717493534;0.9370629191398621
837;0.0028908085078001022;0.9370629191398621
838;0.002881686668843031;0.9300699234008789
839;0.002914188429713249;0.9300699234008789
840;0.0028994742315262556;0.9300699234008789
841;0.0028184745460748672;0.9300699234008789
842;0.0027852721977978945;0.9370629191398621
843;0.002928040223196149;0.9300699234008789
844;0.002796352608129382;0.9370629191398621
845;0.0029661008156836033;0.9300699234008789
846;0.0026390173006802797;0.9580419659614563
847;0.002829889301210642;0.9090909361839294
848;0.0028466293588280678;0.9440559148788452
849;0.0029504946433007717;0.9300699234008789
850;0.0028989287093281746;0.9300699234008789
851;0.0026739705353975296;0.9440559148788452
852;0.0026564314030110836;0.9580419659614563
853;0.002840048633515835;0.9300699234008789
854;0.0027069682255387306;0.9580419659614563
855;0.0027392557822167873;0.9300699234008789
856;0.002762132789939642;0.9370629191398621
857;0.0028088600374758244;0.9370629191398621
858;0.0027952713426202536;0.9370629191398621
859;0.002702559344470501;0.9300699234008789
860;0.002795611275359988;0.9370629191398621
861;0.002819860354065895;0.9510489702224731
862;0.002790618920698762;0.9370629191398621
863;0.0028343787416815758;0.9300699234008789
864;0.0029484867118299007;0.9370629191398621
865;0.0027068250346928835;0.9230769276618958
866;0.002762725343927741;0.9440559148788452
867;0.0025643364060670137;0.9510489702224731
868;0.0029513451736420393;0.9370629191398621
869;0.0026857363991439342;0.9300699234008789
870;0.0027923041488975286;0.9370629191398621
871;0.002589019015431404;0.9580419659614563
872;0.002874133875593543;0.9440559148788452
873;0.0027716001495718956;0.9510489702224731
874;0.002700353506952524;0.9230769276618958
875;0.002776219742372632;0.9230769276618958
876;0.0027672932483255863;0.9160839319229126
877;0.00282856822013855;0.9440559148788452
878;0.0027372122276574373;0.9650349617004395
879;0.0027571276295930147;0.9300699234008789
880;0.0026799782644957304;0.9510489702224731
881;0.0029489160515367985;0.9230769276618958
882;0.0028321119025349617;0.9440559148788452
883;0.002756865695118904;0.9300699234008789
884;0.0028454489074647427;0.9650349617004395
885;0.0028511937707662582;0.9160839319229126
886;0.0026799202896654606;0.9370629191398621
887;0.002659536898136139;0.9580419659614563
888;0.002675477182492614;0.9510489702224731
889;0.0027171685360372066;0.9510489702224731
890;0.0026970221661031246;0.9580419659614563
891;0.002757604466751218;0.9370629191398621
892;0.0024567616637796164;0.9720279574394226
893;0.002761327661573887;0.9300699234008789
894;0.002862815512344241;0.9440559148788452
895;0.0026140573900192976;0.9370629191398621
896;0.002867718692868948;0.9370629191398621
897;0.0027343127876520157;0.9300699234008789
898;0.002711353823542595;0.9650349617004395
899;0.002851796103641391;0.9300699234008789
900;0.0030266528483480215;0.9160839319229126
901;0.0028935701120644808;0.9230769276618958
902;0.0027305656112730503;0.9440559148788452
903;0.0026310726534575224;0.9370629191398621
904;0.002703812438994646;0.9510489702224731
905;0.0026622030418366194;0.9580419659614563
906;0.002803964074701071;0.9370629191398621
907;0.00272479560226202;0.9440559148788452
908;0.002816020045429468;0.9440559148788452
909;0.002894375706091523;0.9370629191398621
910;0.002690968569368124;0.9370629191398621
911;0.0027340755332261324;0.9230769276618958
912;0.002602196531370282;0.9440559148788452
913;0.0025210201274603605;0.9440559148788452
914;0.002830764977261424;0.9160839319229126
915;0.0025868252851068974;0.9510489702224731
916;0.0027598123997449875;0.9230769276618958
917;0.0027852219063788652;0.9510489702224731
918;0.0026920929085463285;0.9440559148788452
919;0.00294215464964509;0.9230769276618958
920;0.0028463630005717278;0.9440559148788452
921;0.002685300074517727;0.9440559148788452
922;0.002584310481324792;0.9440559148788452
923;0.002773148939013481;0.9090909361839294
924;0.002706072526052594;0.9790209531784058
925;0.0025578406639397144;0.9720279574394226
926;0.002457625698298216;0.9650349617004395
927;0.0027719500940293074;0.9300699234008789
928;0.002801558468490839;0.9580419659614563
929;0.002558574778959155;0.9440559148788452
930;0.0027648902032524347;0.9440559148788452
931;0.00264417240396142;0.9720279574394226
932;0.0037911615800112486;0.9230769276618958
933;0.002989271655678749;0.9370629191398621
934;0.00306064635515213;0.9790209531784058
935;0.0049040112644433975;0.8531468510627747
936;0.0029842457734048367;0.9370629191398621
937;0.0031841506715863943;0.9440559148788452
938;0.003410913050174713;0.9300699234008789
939;0.0036572469398379326;0.9160839319229126
940;0.003007063176482916;0.9300699234008789
941;0.0036236292216926813;0.9440559148788452
942;0.003661876544356346;0.9230769276618958
943;0.0029858965426683426;0.9440559148788452
944;0.0037209289148449898;0.9160839319229126
945;0.007097405381500721;0.8531468510627747
946;0.006320639979094267;0.881118893623352
947;0.00492917699739337;0.8881118893623352
948;0.003994994331151247;0.9160839319229126
949;0.005535349249839783;0.881118893623352
950;0.005042829550802708;0.8741258978843689
951;0.004450456239283085;0.9300699234008789
952;0.003962235525250435;0.9230769276618958
953;0.003940093796700239;0.9370629191398621
954;0.0041181351989507675;0.8951048851013184
955;0.0041014826856553555;0.9440559148788452
956;0.004604439251124859;0.9160839319229126
957;0.003518452402204275;0.9510489702224731
958;0.003707615425810218;0.9090909361839294
959;0.00376068614423275;0.9230769276618958
960;0.0038290098309516907;0.9160839319229126
961;0.003650280646979809;0.9370629191398621
962;0.0036445693112909794;0.9230769276618958
963;0.0042557441629469395;0.9440559148788452
964;0.0038066536653786898;0.9650349617004395
965;0.0036150640808045864;0.9370629191398621
966;0.0035713876131922007;0.9300699234008789
967;0.003659114008769393;0.9510489702224731
968;0.003412397811189294;0.9230769276618958
969;0.0032557982485741377;0.9580419659614563
970;0.003682061331346631;0.9510489702224731
971;0.0033707120455801487;0.9440559148788452
972;0.0034152406733483076;0.9230769276618958
973;0.003282938851043582;0.9230769276618958
974;0.0032861235085874796;0.9440559148788452
975;0.0031551613938063383;0.9300699234008789
976;0.0031629514414817095;0.9300699234008789
977;0.0030457344837486744;0.9370629191398621
978;0.002819142071530223;0.9440559148788452
979;0.0033360051456838846;0.9090909361839294
980;0.0029543607961386442;0.9580419659614563
981;0.002935325726866722;0.9230769276618958
982;0.0030070787761360407;0.9300699234008789
983;0.0029258483555167913;0.9300699234008789
984;0.002875699196010828;0.9230769276618958
985;0.002821624279022217;0.9440559148788452
986;0.002728549763560295;0.9580419659614563
987;0.002777308924123645;0.9650349617004395
988;0.002705266233533621;0.9650349617004395
989;0.0027780025266110897;0.9440559148788452
990;0.002599838888272643;0.9440559148788452
991;0.0026316912844777107;0.9370629191398621
992;0.0026836104225367308;0.9580419659614563
993;0.0025249868631362915;0.9580419659614563
994;0.0026610218919813633;0.9580419659614563
995;0.0026130853220820427;0.9650349617004395
996;0.002769760088995099;0.9370629191398621
997;0.002619897946715355;0.9300699234008789
998;0.0026283671613782644;0.9300699234008789
999;0.0025037347804754972;0.9370629191398621
1000;0.002634782809764147;0.9510489702224731
1001;0.00253296853043139;0.9300699234008789
1002;0.002466586884111166;0.9650349617004395
1003;0.00251205125823617;0.9580419659614563
1004;0.002600733656436205;0.9090909361839294
1005;0.002647240413352847;0.9300699234008789
1006;0.0026981509290635586;0.9090909361839294
1007;0.0026857471093535423;0.9300699234008789
1008;0.0027239006012678146;0.9440559148788452
1009;0.0026386112440377474;0.9510489702224731
1010;0.0025022155605256557;0.9370629191398621
1011;0.0027658159378916025;0.9370629191398621
1012;0.002444390906020999;0.9440559148788452
1013;0.0027178823947906494;0.9230769276618958
1014;0.0027915420942008495;0.9370629191398621
1015;0.0024833031930029392;0.9650349617004395
1016;0.002617663936689496;0.9510489702224731
1017;0.002393879694864154;0.9510489702224731
1018;0.0027548775542527437;0.9300699234008789
1019;0.002655520336702466;0.9580419659614563
1020;0.002632380463182926;0.9370629191398621
1021;0.0026363858487457037;0.9720279574394226
1022;0.00253637065179646;0.9510489702224731
1023;0.0027773117180913687;0.9300699234008789
1024;0.0024537586141377687;0.9720279574394226
1025;0.0025139236822724342;0.9580419659614563
1026;0.002412185538560152;0.9650349617004395
1027;0.0027561422903090715;0.8951048851013184
1028;0.002659301972016692;0.9370629191398621
1029;0.0023823536466807127;0.9650349617004395
1030;0.002521091140806675;0.9580419659614563
1031;0.002514427527785301;0.9510489702224731
1032;0.002672995673492551;0.9510489702224731
1033;0.0025334095116704702;0.9440559148788452
1034;0.0023699835874140263;0.9650349617004395
1035;0.0023675409611314535;0.9580419659614563
1036;0.002501307986676693;0.9370629191398621
1037;0.002567609306424856;0.9370629191398621
1038;0.0024631978012621403;0.9370629191398621
1039;0.0025265628937631845;0.9440559148788452
1040;0.002341323299333453;0.9580419659614563
1041;0.0023942147381603718;0.9650349617004395
1042;0.0025735003873705864;0.9300699234008789
1043;0.002510701771825552;0.9440559148788452
1044;0.002405100502073765;0.9370629191398621
1045;0.0024431198835372925;0.9510489702224731
1046;0.00242787878960371;0.9580419659614563
1047;0.0025200077798217535;0.9440559148788452
1048;0.0023980082478374243;0.9510489702224731
1049;0.0023750467225909233;0.9650349617004395
1050;0.002388138324022293;0.9510489702224731
1051;0.0025566197000443935;0.9510489702224731
1052;0.0024431892670691013;0.9790209531784058
1053;0.002594051882624626;0.9370629191398621
1054;0.002354962285608053;0.9720279574394226
1055;0.0025415949057787657;0.9370629191398621
1056;0.002621674444526434;0.9440559148788452
1057;0.002500984352082014;0.9720279574394226
1058;0.0024160936009138823;0.9510489702224731
1059;0.0023888307623565197;0.9580419659614563
1060;0.0024591824039816856;0.9370629191398621
1061;0.002406920539215207;0.9650349617004395
1062;0.0024549241643399;0.9580419659614563
1063;0.0024222873616963625;0.9580419659614563
1064;0.0026333353016525507;0.9370629191398621
1065;0.0024402374401688576;0.9230769276618958
1066;0.002431842964142561;0.9650349617004395
1067;0.002556967781856656;0.9440559148788452
1068;0.0024393650237470865;0.9580419659614563
1069;0.002704475773498416;0.9440559148788452
1070;0.002224064664915204;0.9650349617004395
1071;0.002381152706220746;0.9510489702224731
1072;0.002413842361420393;0.9650349617004395
1073;0.0023950766772031784;0.9650349617004395
1074;0.0023903674446046352;0.9650349617004395
1075;0.0023370685521513224;0.9510489702224731
1076;0.0024168717209249735;0.9440559148788452
1077;0.0022090873681008816;0.9720279574394226
1078;0.0023795480374246836;0.9370629191398621
1079;0.0023275658022612333;0.9650349617004395
1080;0.0023546686861664057;0.9720279574394226
1081;0.002359428210183978;0.9510489702224731
1082;0.002227460965514183;0.9720279574394226
1083;0.0024384798016399145;0.9580419659614563
1084;0.0023207450285553932;0.9650349617004395
1085;0.002242953982204199;0.9720279574394226
1086;0.002257469343021512;0.9650349617004395
1087;0.0023562710266560316;0.9510489702224731
1088;0.002455148845911026;0.9510489702224731
1089;0.0024174554273486137;0.9860140085220337
1090;0.002301848493516445;0.9930070042610168
1091;0.00234741298481822;0.9720279574394226
1092;0.00240705325268209;0.9440559148788452
1093;0.0024056597612798214;0.9720279574394226
1094;0.00240158149972558;0.9790209531784058
1095;0.002352421171963215;0.9510489702224731
1096;0.002480729017406702;0.9650349617004395
1097;0.0023023805115371943;0.9720279574394226
1098;0.0024562873877584934;0.9580419659614563
1099;0.002263915492221713;0.9720279574394226
1100;0.002541127149015665;0.9510489702224731
1101;0.0021782058756798506;0.9790209531784058
1102;0.002488289959728718;0.9720279574394226
1103;0.0025166345294564962;0.9510489702224731
1104;0.0023561168927699327;0.9790209531784058
1105;0.00222970568574965;0.9930070042610168
1106;0.0024771359749138355;0.9580419659614563
1107;0.0022844078484922647;0.9720279574394226
1108;0.0023871345911175013;0.9720279574394226
1109;0.002392145339399576;0.9790209531784058
1110;0.0022111793514341116;0.9720279574394226
1111;0.0023174250964075327;0.9720279574394226
1112;0.0022282153367996216;0.9790209531784058
1113;0.002182571217417717;0.9790209531784058
1114;0.002295978367328644;0.9650349617004395
1115;0.002317213686183095;0.9860140085220337
1116;0.0022964023519307375;0.9720279574394226
1117;0.002360893413424492;0.9650349617004395
1118;0.002290524775162339;0.9510489702224731
1119;0.0021384721621870995;0.9860140085220337
1120;0.0021470568608492613;0.9860140085220337
1121;0.002498854883015156;0.9650349617004395
1122;0.0022480632178485394;0.9790209531784058
1123;0.0021552795078605413;1.0
1124;0.0020387861877679825;0.9860140085220337
1125;0.002137582516297698;0.9720279574394226
1126;0.002025606343522668;0.9860140085220337
1127;0.002210636856034398;0.9720279574394226
1128;0.0021915091201663017;0.9860140085220337
1129;0.00234643230214715;0.9720279574394226
1130;0.0023283350747078657;0.9930070042610168
1131;0.002164064906537533;0.9860140085220337
1132;0.002193508204072714;0.9650349617004395
1133;0.0021478100679814816;0.9720279574394226
1134;0.002390756970271468;0.9510489702224731
1135;0.0022151931189000607;0.9930070042610168
1136;0.002105455379933119;0.9930070042610168
1137;0.0022459912579506636;0.9790209531784058
1138;0.002186819212511182;0.9860140085220337
1139;0.0022852960973978043;0.9790209531784058
1140;0.002047086600214243;0.9930070042610168
1141;0.002180414507165551;0.9650349617004395
1142;0.002487901132553816;0.9720279574394226
1143;0.002303954679518938;0.9650349617004395
1144;0.0027102530002593994;0.9790209531784058
1145;0.0024221602361649275;0.9930070042610168
1146;0.0024351635947823524;0.9860140085220337
1147;0.0022178562358021736;0.9930070042610168
1148;0.0024917363189160824;0.9930070042610168
1149;0.002254070248454809;0.9930070042610168
1150;0.0024485059548169374;0.9860140085220337
1151;0.0023721782490611076;0.9790209531784058
1152;0.002208809833973646;1.0
1153;0.0023307553492486477;1.0
1154;0.002308544935658574;1.0
1155;0.002247418509796262;0.9930070042610168
1156;0.0024321407545357943;1.0
1157;0.002170211635529995;0.9930070042610168
1158;0.002221535425633192;0.9930070042610168
1159;0.002332171192392707;0.9930070042610168
1160;0.0021521097514778376;0.9790209531784058
1161;0.0022217559162527323;0.9860140085220337
1162;0.0020400057546794415;0.9930070042610168
1163;0.0021097175776958466;1.0
1164;0.002139247255399823;0.9860140085220337
1165;0.002141206059604883;0.9930070042610168
1166;0.0019502326613292098;0.9930070042610168
1167;0.002213746542111039;0.9930070042610168
1168;0.002107633277773857;0.9860140085220337
1169;0.002106047235429287;0.9860140085220337
1170;0.002026824513450265;0.9860140085220337
1171;0.0019174335757270455;1.0
1172;0.002108967863023281;0.9860140085220337
1173;0.002108224667608738;0.9720279574394226
1174;0.002033733297139406;0.9930070042610168
1175;0.002060838509351015;0.9930070042610168
1176;0.0019229399040341377;1.0
1177;0.0019154208712279797;0.9930070042610168
1178;0.002041551750153303;0.9930070042610168
1179;0.002016738522797823;0.9790209531784058
1180;0.0021631396375596523;0.9860140085220337
1181;0.0017558905528858304;1.0
1182;0.0022276120726019144;0.9790209531784058
1183;0.0020708153024315834;0.9930070042610168
1184;0.001889578066766262;0.9860140085220337
1185;0.002124805236235261;0.9930070042610168
1186;0.002458772622048855;0.9370629191398621
1187;0.0018824610160663724;0.9930070042610168
1188;0.0020344173535704613;0.9930070042610168
1189;0.0019787822384387255;0.9930070042610168
1190;0.002012112643569708;0.9860140085220337
1191;0.00193169922567904;1.0
1192;0.002061049919575453;1.0
1193;0.0019351845839992166;0.9930070042610168
1194;0.001963583752512932;0.9930070042610168
1195;0.0020306736696511507;0.9860140085220337
1196;0.0019304013112559915;0.9860140085220337
1197;0.0019201126415282488;0.9860140085220337
1198;0.0021320136729627848;0.9720279574394226
1199;0.0019268618198111653;1.0
1200;0.001933808671310544;1.0
1201;0.001888349768705666;0.9930070042610168
1202;0.002236915985122323;0.9790209531784058
1203;0.0019380594603717327;1.0
1204;0.001815084950067103;1.0
1205;0.0021865328308194876;0.9930070042610168
1206;0.0020753685384988785;0.9860140085220337
1207;0.0018368482124060392;0.9930070042610168
1208;0.0019321016734465957;1.0
1209;0.002135511953383684;0.9860140085220337
1210;0.001859563635662198;0.9930070042610168
1211;0.0019529851851984859;0.9930070042610168
1212;0.0019112603040412068;0.9790209531784058
1213;0.0018459182465448976;1.0
1214;0.0019316687248647213;1.0
1215;0.0019965902902185917;0.9930070042610168
1216;0.0018070354126393795;1.0
1217;0.002083970233798027;0.9860140085220337
1218;0.0017486251890659332;1.0
1219;0.0017687048530206084;0.9930070042610168
1220;0.00178056163713336;1.0
1221;0.001979490742087364;0.9860140085220337
1222;0.0019234817009419203;1.0
1223;0.0018093405524268746;0.9930070042610168
1224;0.0017693622503429651;0.9930070042610168
1225;0.0019268804462626576;1.0
1226;0.0017779766349121928;1.0
1227;0.0018542333273217082;0.9930070042610168
1228;0.0017836339538916945;1.0
1229;0.0016867099329829216;1.0
1230;0.002068882342427969;0.9790209531784058
1231;0.0016678629908710718;1.0
1232;0.0016775588737800717;1.0
1233;0.0016709740739315748;0.9930070042610168
1234;0.001870820764452219;0.9860140085220337
1235;0.001772332820110023;1.0
1236;0.001826211460866034;1.0
1237;0.0019139157375320792;1.0
1238;0.001942489412613213;1.0
1239;0.0018512160750105977;1.0
1240;0.0017848521238192916;0.9930070042610168
1241;0.0019864889327436686;0.9930070042610168
1242;0.001996152801439166;0.9790209531784058
1243;0.0018696890911087394;0.9930070042610168
1244;0.001852790592238307;1.0
1245;0.001717199687846005;1.0
1246;0.0017432169988751411;0.9930070042610168
1247;0.0016690574120730162;1.0
1248;0.001844358746893704;1.0
1249;0.001614409382455051;1.0
1250;0.001738387392833829;1.0
1251;0.0016239009564742446;1.0
1252;0.0016941152280196548;0.9930070042610168
1253;0.0018561140168458223;0.9930070042610168
1254;0.0018483306048437953;0.9930070042610168
1255;0.0015888968482613564;1.0
1256;0.0017530726036056876;1.0
1257;0.0018566432408988476;1.0
1258;0.0018547086510807276;0.9860140085220337
1259;0.001608130056411028;0.9930070042610168
1260;0.0018606828525662422;0.9930070042610168
1261;0.001953406725078821;0.9790209531784058
1262;0.0017502845730632544;1.0
1263;0.001636252854950726;1.0
1264;0.0017425061669200659;1.0
1265;0.001649218495003879;1.0
1266;0.0015680602518841624;1.0
1267;0.0017151134088635445;1.0
1268;0.0016280217096209526;1.0
1269;0.00211099605076015;1.0
1270;0.0014925668947398663;0.9930070042610168
1271;0.0016904919175431132;1.0
1272;0.001926917233504355;0.9790209531784058
1273;0.001767284469678998;1.0
1274;0.0017514063511043787;0.9930070042610168
1275;0.001907680300064385;0.9790209531784058
1276;0.0019739940762519836;0.9300699234008789
1277;0.0015885108150541782;1.0
1278;0.0016457178862765431;0.9930070042610168
1279;0.002251065568998456;0.9510489702224731
1280;0.0017012391472235322;1.0
1281;0.0016237222589552402;1.0
1282;0.0016550712753087282;1.0
1283;0.0015782266855239868;1.0
1284;0.0017708477098494768;1.0
1285;0.001613634405657649;1.0
1286;0.0016738645499572158;1.0
1287;0.0016878198366612196;0.9930070042610168
1288;0.001588402665220201;1.0
1289;0.0017023405525833368;1.0
1290;0.0017357602482661605;0.9860140085220337
1291;0.0016094782622531056;1.0
1292;0.0014778648037463427;1.0
1293;0.0015518496511504054;1.0
1294;0.001786429900676012;0.9860140085220337
1295;0.0016403835033997893;1.0
1296;0.001582438824698329;1.0
1297;0.001617380534298718;1.0
1298;0.0015292359748855233;1.0
1299;0.001482372172176838;1.0
1300;0.0016790368827059865;0.9930070042610168
1301;0.001617102068848908;1.0
1302;0.0015587768284603953;1.0
1303;0.0015915349358692765;1.0
1304;0.001518688746728003;1.0
1305;0.0014877042267471552;0.9930070042610168
1306;0.0015944890910759568;1.0
1307;0.0017069989116862416;0.9860140085220337
1308;0.0016067044343799353;1.0
1309;0.0015368458116427064;1.0
1310;0.0014901545364409685;1.0
1311;0.0016838700976222754;1.0
1312;0.0014759888872504234;0.9930070042610168
1313;0.0014662803150713444;1.0
1314;0.001486717606894672;0.9930070042610168
1315;0.0017352825962007046;1.0
1316;0.0015681120567023754;1.0
1317;0.001615710905753076;1.0
1318;0.0015771613689139485;1.0
1319;0.001497299992479384;1.0
1320;0.001727246679365635;0.9930070042610168
1321;0.0016982657834887505;1.0
1322;0.0014294860884547234;1.0
1323;0.001432730001397431;1.0
1324;0.0016194726340472698;0.9930070042610168
1325;0.0016740821301937103;0.9860140085220337
1326;0.0014897495275363326;1.0
1327;0.0016654640203341842;0.9860140085220337
1328;0.0014382455265149474;1.0
1329;0.0019025250803679228;0.9720279574394226
1330;0.0014863020041957498;1.0
1331;0.0015804502181708813;1.0
1332;0.0015869027702137828;1.0
1333;0.0017340125050395727;1.0
1334;0.0014698926825076342;0.9930070042610168
1335;0.001568851643241942;1.0
1336;0.0017659026198089123;0.9930070042610168
1337;0.0017263760091736913;1.0
1338;0.0016051963903009892;1.0
1339;0.0016358335269615054;1.0
1340;0.001537417876534164;1.0
1341;0.0015683008823543787;1.0
1342;0.0015350569738075137;0.9860140085220337
1343;0.0017184450989589095;1.0
1344;0.0016217732336372137;0.9790209531784058
1345;0.001592924352735281;1.0
1346;0.0015924725448712707;1.0
1347;0.0015540954191237688;1.0
1348;0.001610920880921185;1.0
1349;0.0014625107869505882;1.0
1350;0.001538585522212088;1.0
1351;0.0014560127165168524;0.9930070042610168
1352;0.0015345552237704396;1.0
1353;0.0016609772574156523;0.9860140085220337
1354;0.0015839481493458152;1.0
1355;0.0015073014656081796;1.0
1356;0.0017686417559161782;0.9860140085220337
1357;0.0014011873863637447;1.0
1358;0.0014638581778854132;1.0
1359;0.001409537740983069;1.0
1360;0.0014745427761226892;1.0
1361;0.0013586240820586681;1.0
1362;0.0014430477749556303;1.0
1363;0.0016291135689243674;1.0
1364;0.0015279891667887568;1.0
1365;0.0015575644792988896;1.0
1366;0.0015020102728158236;1.0
1367;0.0015316365752369165;1.0
1368;0.0014881119132041931;1.0
1369;0.0015709237195551395;1.0
1370;0.0013972334563732147;1.0
1371;0.0015314180636778474;1.0
1372;0.001415545935742557;1.0
1373;0.0013518348569050431;1.0
1374;0.0014173919335007668;1.0
1375;0.0014530729968100786;1.0
1376;0.0014594491804018617;0.9930070042610168
1377;0.0016706341411918402;1.0
1378;0.0014493647031486034;1.0
1379;0.0014663615729659796;1.0
1380;0.001571968081407249;1.0
1381;0.0016232698690146208;1.0
1382;0.0012392648495733738;1.0
1383;0.0014320070622488856;0.9930070042610168
1384;0.0013019830221310258;1.0
1385;0.00138086115475744;1.0
1386;0.0015219126362353563;0.9930070042610168
1387;0.0013435684377327561;1.0
1388;0.0014440041268244386;1.0
1389;0.0014374348102137446;1.0
1390;0.0014048698358237743;1.0
1391;0.001405986724421382;1.0
1392;0.0013939521741122007;1.0
1393;0.0014954799553379416;0.9860140085220337
1394;0.0013494986342266202;1.0
1395;0.0014222987229004502;1.0
1396;0.0013177840737625957;1.0
1397;0.0014032870531082153;1.0
1398;0.001514934003353119;1.0
1399;0.0013448309618979692;1.0
1400;0.0014893769985064864;1.0
1401;0.001349031925201416;1.0
1402;0.0013918434269726276;1.0
1403;0.001359382295049727;1.0
1404;0.0012910362565889955;1.0
1405;0.0015876410761848092;1.0
1406;0.0015998297603800893;1.0
1407;0.0013684600125998259;1.0
1408;0.0015967142535373569;1.0
1409;0.0015765379648655653;1.0
1410;0.0013752548256888986;1.0
1411;0.0014258623123168945;1.0
1412;0.0015962455654516816;0.9860140085220337
1413;0.0013360866578295827;1.0
1414;0.0013805569615215063;1.0
1415;0.0012568645179271698;1.0
1416;0.001278841169551015;1.0
1417;0.0014690966345369816;1.0
1418;0.0015384883154183626;0.9790209531784058
1419;0.0013057058677077293;1.0
1420;0.001555376104079187;0.9790209531784058
1421;0.0013441650662571192;1.0
1422;0.00144720240496099;1.0
1423;0.001638617366552353;1.0
1424;0.0014637846034020185;1.0
1425;0.0014481574762612581;1.0
1426;0.001364151481539011;1.0
1427;0.0015116080176085234;1.0
1428;0.0015121629694476724;1.0
1429;0.001378713408485055;1.0
1430;0.0014744431246072054;1.0
1431;0.0015049597714096308;1.0
1432;0.0014679224696010351;1.0
1433;0.001352414139546454;1.0
1434;0.001342355739325285;1.0
1435;0.0014103875728324056;1.0
1436;0.0012312063481658697;1.0
1437;0.00131149438675493;1.0
1438;0.0014606904005631804;1.0
1439;0.0013555180048570037;1.0
1440;0.0012977485312148929;1.0
1441;0.001354044652543962;1.0
1442;0.0014934064820408821;1.0
1443;0.001307546510361135;1.0
1444;0.0013202019035816193;1.0
1445;0.0012871379731222987;1.0
1446;0.0013476446038112044;1.0
1447;0.0014491523616015911;1.0
1448;0.0011920135002583265;1.0
1449;0.0013943477533757687;1.0
1450;0.0012905442854389548;1.0
1451;0.0013779145665466785;1.0
1452;0.0012946316273882985;1.0
1453;0.001236668205820024;1.0
1454;0.00139074947219342;1.0
1455;0.0013521829387173057;1.0
1456;0.0012454832904040813;1.0
1457;0.0011984094744548202;1.0
1458;0.0012817427050322294;0.9930070042610168
1459;0.001303428434766829;1.0
1460;0.001267718616873026;1.0
1461;0.0012150020338594913;1.0
1462;0.0012885346077382565;1.0
1463;0.0013620310928672552;1.0
1464;0.0014580725692212582;1.0
1465;0.001326912664808333;1.0
1466;0.0012118745362386107;1.0
1467;0.0014896419597789645;1.0
1468;0.0013624869752675295;1.0
1469;0.0013253262732177973;0.9860140085220337
1470;0.0013761351583525538;1.0
1471;0.0013715262757614255;1.0
1472;0.0014415174955502152;1.0
1473;0.0014320724876597524;1.0
1474;0.001381647540256381;1.0
1475;0.0014855817425996065;1.0
1476;0.001430524862371385;1.0
1477;0.001257253112271428;1.0
1478;0.0013816570863127708;1.0
1479;0.0012972672702744603;1.0
1480;0.0012989745009690523;0.9930070042610168
1481;0.001253803027793765;1.0
1482;0.0014688479714095592;0.9930070042610168
1483;0.001380175701342523;1.0
1484;0.0011895786738023162;1.0
1485;0.00123354303650558;1.0
1486;0.0012900503352284431;1.0
1487;0.0012352518970146775;1.0
1488;0.0013198474189266562;1.0
1489;0.0012607474345713854;1.0
1490;0.0011895624920725822;1.0
1491;0.0013847158988937736;1.0
1492;0.0013525921385735273;1.0
1493;0.0014460806269198656;1.0
1494;0.0011562778381630778;1.0
1495;0.0012510957894846797;1.0
1496;0.0012326284777373075;1.0
1497;0.0012852826621383429;1.0
1498;0.0013057474279776216;1.0
1499;0.0013191283214837313;1.0
