iteration;loss;accuracy
0;0.009460150264203548;0.019305018708109856
1;0.009292188100516796;0.028957528993487358
2;0.009252987802028656;0.04633204638957977
3;0.009252297692000866;0.04054053872823715
4;0.009239335544407368;0.048262547701597214
5;0.009197710081934929;0.04440154507756233
6;0.009162884205579758;0.04440154507756233
7;0.009166988544166088;0.03667953610420227
8;0.009170743636786938;0.06370656192302704
9;0.009177801199257374;0.06949806958436966
10;0.00915761012583971;0.03861003741621971
11;0.009127008728682995;0.057915057986974716
12;0.009115814231336117;0.06756756454706192
13;0.009120143949985504;0.04440154507756233
14;0.009120266884565353;0.0617760606110096
15;0.009115786291658878;0.04054053872823715
16;0.009095363318920135;0.057915057986974716
17;0.009084096178412437;0.0617760606110096
18;0.009066551923751831;0.050193049013614655
19;0.009060200303792953;0.05984555929899216
20;0.009043445810675621;0.08301158249378204
21;0.009046971797943115;0.06949806958436966
22;0.00904371403157711;0.07335907220840454
23;0.009033925831317902;0.06949806958436966
24;0.009008842520415783;0.08301158249378204
25;0.009010307490825653;0.07722007483243942
26;0.008990922942757607;0.07722007483243942
27;0.008990194648504257;0.08880309015512466
28;0.008988205343484879;0.09459459781646729
29;0.008976480923593044;0.0907335877418518
30;0.008967986330389977;0.08301158249378204
31;0.008943341672420502;0.11196911334991455
32;0.00893460400402546;0.08880309015512466
33;0.008927300572395325;0.08301158249378204
34;0.00890644546598196;0.0907335877418518
35;0.00890181865543127;0.11583011597394943
36;0.0088859423995018;0.09845560044050217
37;0.008860559202730656;0.10810811072587967
38;0.008859863504767418;0.10810811072587967
39;0.008847346529364586;0.11583011597394943
40;0.00885506346821785;0.09266409277915955
41;0.008838677778840065;0.11969111859798431
42;0.008803894743323326;0.11196911334991455
43;0.008825263008475304;0.10617760568857193
44;0.008796094916760921;0.14478763937950134
45;0.008769284002482891;0.15057915449142456
46;0.008784080855548382;0.10231660306453705
47;0.00874047726392746;0.12548261880874634
48;0.008746322244405746;0.14671814441680908
49;0.008725425228476524;0.13706563413143158
50;0.008747898042201996;0.10810811072587967
51;0.008715804666280746;0.13127413392066956
52;0.008673219941556454;0.17953668534755707
53;0.008677043952047825;0.14478763937950134
54;0.008658688515424728;0.15637065470218658
55;0.008621442131698132;0.15637065470218658
56;0.008622024208307266;0.12741312384605408
57;0.00862534623593092;0.14478763937950134
58;0.00859474204480648;0.1621621549129486
59;0.008585682138800621;0.13899613916873932
60;0.008570634759962559;0.14864864945411682
61;0.008552205748856068;0.16409265995025635
62;0.008535902947187424;0.17374517023563385
63;0.008517574518918991;0.1525096595287323
64;0.008501975797116756;0.16409265995025635
65;0.008504543453454971;0.1621621549129486
66;0.008489388972520828;0.1756756752729416
67;0.008467779494822025;0.14092664420604706
68;0.008495081216096878;0.14092664420604706
69;0.008476235903799534;0.16409265995025635
70;0.008439216762781143;0.17953668534755707
71;0.008439880795776844;0.1814671754837036
72;0.008434483781456947;0.1660231649875641
73;0.008465556427836418;0.15637065470218658
74;0.008392924442887306;0.1756756752729416
75;0.008432678878307343;0.16023166477680206
76;0.008414254523813725;0.1621621549129486
77;0.008394291624426842;0.18918919563293457
78;0.008374882861971855;0.16988417506217957
79;0.008401338942348957;0.17760618031024933
80;0.008355652913451195;0.18725869059562683
81;0.00842650979757309;0.16409265995025635
82;0.00834894459694624;0.17953668534755707
83;0.008361571468412876;0.15444014966487885
84;0.008368921466171741;0.19305019080638885
85;0.008353207260370255;0.16795367002487183
86;0.008327271789312363;0.19691120088100433
87;0.008327811025083065;0.1718146651983261
88;0.008317339234054089;0.17760618031024933
89;0.008305095136165619;0.17953668534755707
90;0.008281821385025978;0.17760618031024933
91;0.008306724019348621;0.19691120088100433
92;0.008267959579825401;0.1949806958436966
93;0.008272355422377586;0.19305019080638885
94;0.008270039223134518;0.20849420130252838
95;0.008254323154687881;0.19691120088100433
96;0.008240272291004658;0.22007721662521362
97;0.008238214068114758;0.1949806958436966
98;0.008232309482991695;0.19884170591831207
99;0.00822482444345951;0.20656371116638184
100;0.008226528763771057;0.1949806958436966
101;0.008206481114029884;0.2046332061290741
102;0.00817554909735918;0.22972972691059113
103;0.008196789771318436;0.21621622145175934
104;0.008201753720641136;0.1853281855583191
105;0.008210662752389908;0.20077219605445862
106;0.008141016587615013;0.20849420130252838
107;0.00818092841655016;0.2432432472705841
108;0.008166548795998096;0.21042470633983612
109;0.00815382320433855;0.2374517321586609
110;0.00819452665746212;0.20077219605445862
111;0.008210535161197186;0.22972972691059113
112;0.008175214752554893;0.19884170591831207
113;0.008145274594426155;0.2239382266998291
114;0.008158842101693153;0.21621622145175934
115;0.008131894282996655;0.21235521137714386
116;0.008193121291697025;0.21814671158790588
117;0.008231126703321934;0.20849420130252838
118;0.008220271207392216;0.1949806958436966
119;0.008148333057761192;0.23552124202251434
120;0.008196728304028511;0.19691120088100433
121;0.00813900027424097;0.21042470633983612
122;0.00810993928462267;0.2509652376174927
123;0.008095769211649895;0.2471042424440384
124;0.008125917054712772;0.21814671158790588
125;0.008114475756883621;0.22586873173713684
126;0.008083795197308064;0.26061776280403137
127;0.008089111186563969;0.24131274223327637
128;0.008069396950304508;0.23552124202251434
129;0.00804778654128313;0.26833978295326233
130;0.008102437481284142;0.2277992218732834
131;0.008064168505370617;0.21621622145175934
132;0.008057489059865475;0.26061776280403137
133;0.008023180067539215;0.2335907369852066
134;0.008078101091086864;0.22586873173713684
135;0.008036633022129536;0.2509652376174927
136;0.008002644404768944;0.23938223719596863
137;0.00799053069204092;0.2528957426548004
138;0.008003896102309227;0.22972972691059113
139;0.008025161921977997;0.24517375230789185
140;0.008005596697330475;0.2471042424440384
141;0.007994430139660835;0.26061776280403137
142;0.00802637729793787;0.24131274223327637
143;0.007987366057932377;0.2567567527294159
144;0.008012874983251095;0.2567567527294159
145;0.00798137579113245;0.27413126826286316
146;0.007970677688717842;0.26447877287864685
147;0.007977720350027084;0.23552124202251434
148;0.007974129170179367;0.25868725776672363
149;0.007961949333548546;0.26061776280403137
150;0.007943816483020782;0.2664092779159546
151;0.007982060313224792;0.2374517321586609
152;0.007976535707712173;0.2471042424440384
153;0.007964332588016987;0.23552124202251434
154;0.007941634394228458;0.26833978295326233
155;0.007938319817185402;0.2567567527294159
156;0.007935839705169201;0.2567567527294159
157;0.00789794884622097;0.2915057837963104
158;0.007884101010859013;0.2702702581882477
159;0.007914898917078972;0.27413126826286316
160;0.007925733923912048;0.26447877287864685
161;0.007934470660984516;0.2509652376174927
162;0.007930023595690727;0.26447877287864685
163;0.007893574424088001;0.29729729890823364
164;0.00796313863247633;0.23552124202251434
165;0.007850381545722485;0.31274130940437317
166;0.007862345315515995;0.2760617733001709
167;0.007860567420721054;0.2915057837963104
168;0.007891534827649593;0.28378379344940186
169;0.007824582979083061;0.27413126826286316
170;0.00784544087946415;0.30308881402015686
171;0.007846470922231674;0.2722007632255554
172;0.007813863456249237;0.2702702581882477
173;0.007837698794901371;0.2799227833747864
174;0.007869427092373371;0.2528957426548004
175;0.007818721234798431;0.3011583089828491
176;0.007808965630829334;0.2857142984867096
177;0.007830752991139889;0.2857142984867096
178;0.007787051144987345;0.2818532884120941
179;0.00782634038478136;0.2625482678413391
180;0.00785562489181757;0.28378379344940186
181;0.007842316292226315;0.2625482678413391
182;0.007791212759912014;0.2857142984867096
183;0.007809004280716181;0.31274130940437317
184;0.007848475128412247;0.26447877287864685
185;0.007890640757977962;0.2567567527294159
186;0.007750463671982288;0.2799227833747864
187;0.007806120906025171;0.2953667938709259
188;0.007827939465641975;0.26833978295326233
189;0.007800503168255091;0.2895752787590027
190;0.00786777213215828;0.2702702581882477
191;0.0077452207915484905;0.3146718144416809
192;0.007804454769939184;0.26447877287864685
193;0.007802530657500029;0.29343628883361816
194;0.007833389565348625;0.26061776280403137
195;0.0077367257326841354;0.2895752787590027
196;0.0077552651055157185;0.2702702581882477
197;0.007727278862148523;0.2702702581882477
198;0.007736986503005028;0.2915057837963104
199;0.007672831416130066;0.2992278039455414
200;0.007736099883913994;0.3011583089828491
201;0.007670792751014233;0.2992278039455414
202;0.007743225898593664;0.2664092779159546
203;0.0076957810670137405;0.31660231947898865
204;0.007743318099528551;0.31081080436706543
205;0.007661024108529091;0.2895752787590027
206;0.0077768415212631226;0.2760617733001709
207;0.00763581832870841;0.32625481486320496
208;0.0076844156719744205;0.2895752787590027
209;0.0076752472668886185;0.29343628883361816
210;0.007668048609048128;0.3339768350124359
211;0.007679583504796028;0.3088802993297577
212;0.0076474291272461414;0.29729729890823364
213;0.007674716878682375;0.3050193190574646
214;0.007676312234252691;0.29343628883361816
215;0.007720286026597023;0.28764477372169495
216;0.007599169388413429;0.31660231947898865
217;0.007661598268896341;0.2915057837963104
218;0.007619480602443218;0.32625481486320496
219;0.007652052212506533;0.3281853199005127
220;0.007637472357600927;0.3050193190574646
221;0.007608735468238592;0.30694979429244995
222;0.007588590495288372;0.3204633295536041
223;0.007629530970007181;0.3088802993297577
224;0.007575375027954578;0.3088802993297577
225;0.0075767068192362785;0.3532818555831909
226;0.007560892030596733;0.33011582493782043
227;0.007617950439453125;0.3050193190574646
228;0.007544255815446377;0.3204633295536041
229;0.007605675607919693;0.30308881402015686
230;0.007593112997710705;0.31274130940437317
231;0.007576329633593559;0.32625481486320496
232;0.007556764408946037;0.3146718144416809
233;0.0076187229715287685;0.31274130940437317
234;0.0075604175217449665;0.28378379344940186
235;0.0075983828864991665;0.2799227833747864
236;0.007540339138358831;0.30694979429244995
237;0.00758118974044919;0.31274130940437317
238;0.007610813248902559;0.3320463299751282
239;0.007503668777644634;0.3474903404712677
240;0.007582006044685841;0.31081080436706543
241;0.007567263208329678;0.34169885516166687
242;0.007554064504802227;0.30694979429244995
243;0.00748866144567728;0.3436293303966522
244;0.007495216093957424;0.33011582493782043
245;0.0074609736911952496;0.35907337069511414
246;0.007527337875217199;0.3339768350124359
247;0.0074436478316783905;0.37451738119125366
248;0.0074732922948896885;0.34942084550857544
249;0.007536832243204117;0.34555983543395996
250;0.007468897849321365;0.34555983543395996
251;0.007505836430937052;0.34169885516166687
252;0.007499639876186848;0.3378378450870514
253;0.0075345588847994804;0.3204633295536041
254;0.007570892106741667;0.3378378450870514
255;0.007701433263719082;0.30308881402015686
256;0.00841355137526989;0.22972972691059113
257;0.008265453390777111;0.21235521137714386
258;0.007830223068594933;0.31660231947898865
259;0.008103245869278908;0.25482624769210815
260;0.007752729579806328;0.31660231947898865
261;0.007882327772676945;0.28764477372169495
262;0.007888250052928925;0.2702702581882477
263;0.007849800400435925;0.2799227833747864
264;0.00772461760789156;0.2953667938709259
265;0.007710624951869249;0.31274130940437317
266;0.007788150105625391;0.2702702581882477
267;0.007688956800848246;0.31081080436706543
268;0.007708785589784384;0.2915057837963104
269;0.007608356419950724;0.3146718144416809
270;0.007634665351361036;0.30308881402015686
271;0.00763769680634141;0.35907337069511414
272;0.0075622303411364555;0.3281853199005127
273;0.007602248806506395;0.33011582493782043
274;0.007582193706184626;0.29729729890823364
275;0.007522850763052702;0.3185328245162964
276;0.0075681512244045734;0.33011582493782043
277;0.007534997537732124;0.32239383459091187
278;0.007524519693106413;0.33976835012435913
279;0.007504465524107218;0.3474903404712677
280;0.007518589962273836;0.3339768350124359
281;0.007478693034499884;0.3513513505458832
282;0.007462651934474707;0.33590734004974365
283;0.007485331501811743;0.36486485600471497
284;0.007499030325561762;0.3050193190574646
285;0.007452148944139481;0.33590734004974365
286;0.0074599371291697025;0.3436293303966522
287;0.007415133528411388;0.33976835012435913
288;0.00742690684273839;0.34555983543395996
289;0.007465268950909376;0.3378378450870514
290;0.007367314770817757;0.36872586607933044
291;0.007376221939921379;0.3474903404712677
292;0.007494628429412842;0.31660231947898865
293;0.007402132265269756;0.34942084550857544
294;0.007392961997538805;0.3378378450870514
295;0.007408448029309511;0.35521236062049866
296;0.00743236904963851;0.34169885516166687
297;0.007385792210698128;0.34942084550857544
298;0.007422002498060465;0.3281853199005127
299;0.00732598640024662;0.34942084550857544
300;0.00739854434505105;0.33590734004974365
301;0.007389006204903126;0.33976835012435913
302;0.007368722930550575;0.3339768350124359
303;0.007342414930462837;0.33976835012435913
304;0.007445907685905695;0.31660231947898865
305;0.007379456888884306;0.3610038757324219
306;0.007361320313066244;0.33590734004974365
307;0.007370254024863243;0.35907337069511414
308;0.007419690024107695;0.31081080436706543
309;0.007377892732620239;0.36486485600471497
310;0.007396687287837267;0.3610038757324219
311;0.007376747205853462;0.3706563711166382
312;0.007353251799941063;0.34942084550857544
313;0.007356406655162573;0.34942084550857544
314;0.007391644176095724;0.34942084550857544
315;0.007332297973334789;0.35521236062049866
316;0.0073365927673876286;0.3571428656578064
317;0.007324851118028164;0.3474903404712677
318;0.007349100895226002;0.3532818555831909
319;0.007448544725775719;0.35521236062049866
320;0.007420677691698074;0.3474903404712677
321;0.007350710686296225;0.35521236062049866
322;0.007344522979110479;0.32625481486320496
323;0.00739053962752223;0.3243243098258972
324;0.007277437951415777;0.38416987657546997
325;0.007419051136821508;0.34169885516166687
326;0.0073527200147509575;0.3571428656578064
327;0.007333183661103249;0.3610038757324219
328;0.007316583767533302;0.35521236062049866
329;0.007293643895536661;0.35907337069511414
330;0.0073340111412107944;0.36486485600471497
331;0.007275402545928955;0.37837839126586914
332;0.0073906914331018925;0.3436293303966522
333;0.00731124822050333;0.3803088665008545
334;0.00726873055100441;0.37451738119125366
335;0.007302790880203247;0.36486485600471497
336;0.007326759863644838;0.3532818555831909
337;0.007279549725353718;0.37837839126586914
338;0.007293854374438524;0.35907337069511414
339;0.007266052532941103;0.3610038757324219
340;0.007284698076546192;0.3803088665008545
341;0.007324235048145056;0.3378378450870514
342;0.007282744627445936;0.39382240176200867
343;0.0073070586659014225;0.3667953610420227
344;0.0073182773776352406;0.3571428656578064
345;0.007284222636371851;0.3667953610420227
346;0.007316193543374538;0.3436293303966522
347;0.007259230595082045;0.3706563711166382
348;0.007238354533910751;0.36486485600471497
349;0.007249091751873493;0.3803088665008545
350;0.007288643624633551;0.3474903404712677
351;0.007260535843670368;0.3629343509674072
352;0.00723562017083168;0.38223937153816223
353;0.007220704108476639;0.3706563711166382
354;0.007270987145602703;0.3918918967247009
355;0.007257167249917984;0.38223937153816223
356;0.007302748970687389;0.3436293303966522
357;0.007243937347084284;0.3474903404712677
358;0.007281092926859856;0.37451738119125366
359;0.007231548894196749;0.37451738119125366
360;0.007205188740044832;0.38223937153816223
361;0.007240727543830872;0.403474897146225
362;0.007246155757457018;0.3764478862285614
363;0.007190457545220852;0.3706563711166382
364;0.007139559835195541;0.3957529067993164
365;0.007215484511107206;0.35907337069511414
366;0.0072283209301531315;0.37837839126586914
367;0.007202242501080036;0.3861003816127777
368;0.007235660683363676;0.3725868761539459
369;0.007212132681161165;0.3803088665008545
370;0.007178138941526413;0.3803088665008545
371;0.007205973844975233;0.40733590722084045
372;0.007145333103835583;0.3899613916873932
373;0.007176807150244713;0.3725868761539459
374;0.007178995758295059;0.39768341183662415
375;0.007121069356799126;0.41698840260505676
376;0.007134632673114538;0.3918918967247009
377;0.007170434575527906;0.403474897146225
378;0.007155631668865681;0.3996138870716095
379;0.007324244827032089;0.3610038757324219
380;0.007195993792265654;0.41119691729545593
381;0.0072461520321667194;0.3610038757324219
382;0.00720283342525363;0.3706563711166382
383;0.007186917122453451;0.3918918967247009
384;0.007235444150865078;0.3861003816127777
385;0.007182474713772535;0.38416987657546997
386;0.0072090160101652145;0.34942084550857544
387;0.00717738876119256;0.3764478862285614
388;0.0071403211914002895;0.3996138870716095
389;0.0071468837559223175;0.41698840260505676
390;0.007182620000094175;0.3957529067993164
391;0.007172718178480864;0.3803088665008545
392;0.00712178461253643;0.42277991771698
393;0.007165527902543545;0.3667953610420227
394;0.007182656321674585;0.39382240176200867
395;0.007139066234230995;0.3957529067993164
396;0.007147336378693581;0.38223937153816223
397;0.007126855663955212;0.3861003816127777
398;0.00712590990588069;0.4247104227542877
399;0.0071977414190769196;0.39768341183662415
400;0.007105001714080572;0.3996138870716095
401;0.007175803184509277;0.35907337069511414
402;0.007127261720597744;0.41698840260505676
403;0.007167982403188944;0.41119691729545593
404;0.007123272400349379;0.4054054021835327
405;0.007092180661857128;0.4382239282131195
406;0.007062961347401142;0.43629342317581177
407;0.007132953032851219;0.4054054021835327
408;0.0071065290831029415;0.4189189076423645
409;0.0069928779266774654;0.4478764533996582
410;0.007060451898723841;0.37837839126586914
411;0.0070449309423565865;0.4324324429035187
412;0.007107035722583532;0.40733590722084045
413;0.007128411438316107;0.3996138870716095
414;0.00710098072886467;0.42664092779159546
415;0.0071289450861513615;0.3861003816127777
416;0.007123764604330063;0.39382240176200867
417;0.0071984161622822285;0.36486485600471497
418;0.007085515186190605;0.40733590722084045
419;0.007160435430705547;0.4054054021835327
420;0.007178581785410643;0.41312742233276367
421;0.007432251702994108;0.38416987657546997
422;0.007325830869376659;0.37451738119125366
423;0.007370235398411751;0.3629343509674072
424;0.0072262221947312355;0.38803088665008545
425;0.007091617211699486;0.41698840260505676
426;0.007288535125553608;0.41698840260505676
427;0.007077360060065985;0.42084941267967224
428;0.0071283308789134026;0.4189189076423645
429;0.007197714410722256;0.40733590722084045
430;0.006943922024220228;0.4382239282131195
431;0.007041933014988899;0.42664092779159546
432;0.007059458643198013;0.40733590722084045
433;0.007038291543722153;0.43050193786621094
434;0.007033094763755798;0.3996138870716095
435;0.007062006741762161;0.4092664122581482
436;0.007010248489677906;0.43050193786621094
437;0.007047110237181187;0.41119691729545593
438;0.00708041712641716;0.40154439210891724
439;0.007012584246695042;0.4092664122581482
440;0.006992338690906763;0.42277991771698
441;0.006984058767557144;0.4092664122581482
442;0.006977952551096678;0.4343629479408264
443;0.006980183534324169;0.4382239282131195
444;0.006954273208975792;0.403474897146225
445;0.0069297910667955875;0.442084938287735
446;0.006920731160789728;0.42084941267967224
447;0.0069310530088841915;0.4536679685115814
448;0.006987988483160734;0.3918918967247009
449;0.006976461503654718;0.4054054021835327
450;0.006992696318775415;0.4382239282131195
451;0.00692588509991765;0.41698840260505676
452;0.006979142315685749;0.4343629479408264
453;0.006860681809484959;0.4440154433250427
454;0.006933207623660564;0.42084941267967224
455;0.0068572647869586945;0.46911197900772095
456;0.00698436563834548;0.41698840260505676
457;0.006952084135264158;0.41312742233276367
458;0.006885267328470945;0.44594594836235046
459;0.006876690313220024;0.4536679685115814
460;0.006863144692033529;0.4324324429035187
461;0.006840548478066921;0.4478764533996582
462;0.0068445997312664986;0.42664092779159546
463;0.006876862607896328;0.41119691729545593
464;0.006945775356143713;0.41119691729545593
465;0.006942748557776213;0.4247104227542877
466;0.006806796882301569;0.4382239282131195
467;0.00690078129991889;0.41312742233276367
468;0.006881383713334799;0.4382239282131195
469;0.0068477243185043335;0.44015443325042725
470;0.006803033873438835;0.4382239282131195
471;0.006867812480777502;0.4343629479408264
472;0.006813631858676672;0.4440154433250427
473;0.006814699620008469;0.4324324429035187
474;0.006812050938606262;0.42277991771698
475;0.006837456952780485;0.4440154433250427
476;0.006824822630733252;0.41698840260505676
477;0.006807032041251659;0.44015443325042725
478;0.006823524367064238;0.42664092779159546
479;0.006828512530773878;0.41119691729545593
480;0.006800072733312845;0.4382239282131195
481;0.006769309751689434;0.4478764533996582
482;0.006714959163218737;0.4536679685115814
483;0.006808691192418337;0.41312742233276367
484;0.006713629234582186;0.44980695843696594
485;0.006754773668944836;0.4150579273700714
486;0.0068435086868703365;0.4189189076423645
487;0.00680912472307682;0.41698840260505676
488;0.006807525176554918;0.4189189076423645
489;0.006722003687173128;0.42084941267967224
490;0.006908433977514505;0.41698840260505676
491;0.00699858320876956;0.40154439210891724
492;0.007292262744158506;0.3571428656578064
493;0.0068742320872843266;0.43629342317581177
494;0.007179541047662497;0.3899613916873932
495;0.006850307807326317;0.4285714328289032
496;0.007121485657989979;0.3725868761539459
497;0.007000125478953123;0.41119691729545593
498;0.006844875868409872;0.4189189076423645
499;0.006834041327238083;0.46332046389579773
500;0.006918823812156916;0.442084938287735
501;0.00681071262806654;0.4343629479408264
502;0.006742788944393396;0.46525096893310547
503;0.006761348340660334;0.44980695843696594
504;0.006830445025116205;0.4150579273700714
505;0.00680686766281724;0.4382239282131195
506;0.006715663708746433;0.43050193786621094
507;0.006811059545725584;0.40154439210891724
508;0.006700559984892607;0.4440154433250427
509;0.006729239132255316;0.4555984437465668
510;0.006713747978210449;0.44980695843696594
511;0.006722752936184406;0.44015443325042725
512;0.006680540274828672;0.46525096893310547
513;0.006756209302693605;0.42664092779159546
514;0.006676943507045507;0.4343629479408264
515;0.006697248201817274;0.44594594836235046
516;0.006599691696465015;0.4536679685115814
517;0.006668449845165014;0.44015443325042725
518;0.006712570320814848;0.42664092779159546
519;0.0066606043837964535;0.4382239282131195
520;0.0066611249931156635;0.42084941267967224
521;0.0066458857618272305;0.44980695843696594
522;0.006662613712251186;0.4285714328289032
523;0.006603713613003492;0.44594594836235046
524;0.0066904593259096146;0.42277991771698
525;0.006590045522898436;0.4440154433250427
526;0.006601306144148111;0.4555984437465668
527;0.006596898660063744;0.4536679685115814
528;0.006594873033463955;0.4285714328289032
529;0.006573365535587072;0.4092664122581482
530;0.006576021201908588;0.41119691729545593
531;0.006596001330763102;0.44594594836235046
532;0.006534642074257135;0.4710424840450287
533;0.006584775634109974;0.47297295928001404
534;0.006633548066020012;0.42084941267967224
535;0.006652402225881815;0.43629342317581177
536;0.006534736603498459;0.4517374634742737
537;0.006531498394906521;0.4285714328289032
538;0.006548585835844278;0.42277991771698
539;0.006566190626472235;0.4555984437465668
540;0.006535200867801905;0.4440154433250427
541;0.006510106381028891;0.4555984437465668
542;0.006527681369334459;0.43629342317581177
543;0.006517237517982721;0.44015443325042725
544;0.006543570198118687;0.4555984437465668
545;0.006508457008749247;0.4671814739704132
546;0.006473178043961525;0.4555984437465668
547;0.00643936637789011;0.46525096893310547
548;0.006560539826750755;0.4478764533996582
549;0.006490770727396011;0.4536679685115814
550;0.00659027136862278;0.4440154433250427
551;0.006524967961013317;0.43050193786621094
552;0.006588171236217022;0.480694979429245
553;0.006601390894502401;0.4517374634742737
554;0.0068190693855285645;0.4247104227542877
555;0.006994303315877914;0.39768341183662415
556;0.006630572024732828;0.43629342317581177
557;0.006771176587790251;0.4382239282131195
558;0.006766791921108961;0.42277991771698
559;0.006744278594851494;0.46332046389579773
560;0.006668034940958023;0.40733590722084045
561;0.006783436518162489;0.39768341183662415
562;0.00684601254761219;0.4440154433250427
563;0.0065974085591733456;0.4768339693546295
564;0.006608097348362207;0.4285714328289032
565;0.006663194391876459;0.44015443325042725
566;0.006684711202979088;0.4285714328289032
567;0.006567248608916998;0.46911197900772095
568;0.00648199487477541;0.4864864945411682
569;0.006548832170665264;0.4671814739704132
570;0.006529787089675665;0.4285714328289032
571;0.006531883031129837;0.46138995885849
572;0.006568314041942358;0.44980695843696594
573;0.006459343247115612;0.47297295928001404
574;0.006478824187070131;0.44015443325042725
575;0.00651048356667161;0.4575289487838745
576;0.006443907506763935;0.46911197900772095
577;0.006436518393456936;0.48262548446655273
578;0.006432150024920702;0.48262548446655273
579;0.006414411123842001;0.4864864945411682
580;0.006458773743361235;0.44015443325042725
581;0.006444251164793968;0.46525096893310547
582;0.006516684778034687;0.46138995885849
583;0.00640879524871707;0.46138995885849
584;0.006386278662830591;0.46138995885849
585;0.0064834533259272575;0.4150579273700714
586;0.0064483750611543655;0.46332046389579773
587;0.006394333206117153;0.47297295928001404
588;0.006436045281589031;0.45945945382118225
589;0.0063762725330889225;0.46138995885849
590;0.0063500311225652695;0.4710424840450287
591;0.0063986568711698055;0.4575289487838745
592;0.006400715094059706;0.44594594836235046
593;0.006379319820553064;0.46138995885849
594;0.006369972135871649;0.4575289487838745
595;0.006345317233353853;0.46525096893310547
596;0.006407957524061203;0.4555984437465668
597;0.006318333093076944;0.4845559895038605
598;0.00635000504553318;0.4517374634742737
599;0.0063033197075128555;0.4575289487838745
600;0.006287570111453533;0.4749034643173218
601;0.006336099002510309;0.46911197900772095
602;0.006379397120326757;0.45945945382118225
603;0.006344849243760109;0.4555984437465668
604;0.00636827340349555;0.442084938287735
605;0.006368714384734631;0.4478764533996582
606;0.006417362485080957;0.46332046389579773
607;0.006460817065089941;0.44594594836235046
608;0.006334245670586824;0.46332046389579773
609;0.006378074176609516;0.4517374634742737
610;0.0063164206221699715;0.49227797985076904
611;0.006390526425093412;0.46138995885849
612;0.0063282097689807415;0.47876447439193726
613;0.006301985587924719;0.480694979429245
614;0.006379078608006239;0.4555984437465668
615;0.006288455333560705;0.4517374634742737
616;0.006300538312643766;0.49227797985076904
617;0.006321941502392292;0.4710424840450287
618;0.006383541971445084;0.4478764533996582
619;0.006270352751016617;0.46911197900772095
620;0.006260784342885017;0.4903475046157837
621;0.006273393519222736;0.4536679685115814
622;0.0062765819020569324;0.4671814739704132
623;0.006304359529167414;0.4575289487838745
624;0.006328644696623087;0.46911197900772095
625;0.006312455981969833;0.4555984437465668
626;0.006318117491900921;0.45945945382118225
627;0.006348596885800362;0.46911197900772095
628;0.0062949820421636105;0.4478764533996582
629;0.006602725945413113;0.44594594836235046
630;0.006293574348092079;0.46138995885849
631;0.007071859668940306;0.3281853199005127
632;0.006893394514918327;0.4324324429035187
633;0.008007444441318512;0.31081080436706543
634;0.007014325354248285;0.42084941267967224
635;0.007873465307056904;0.3436293303966522
636;0.007687265053391457;0.34169885516166687
637;0.007660985458642244;0.3513513505458832
638;0.00755345169454813;0.3571428656578064
639;0.007418626453727484;0.34555983543395996
640;0.007205797825008631;0.4150579273700714
641;0.007232661824673414;0.3861003816127777
642;0.007303998339921236;0.3957529067993164
643;0.007159005384892225;0.3957529067993164
644;0.007083411794155836;0.3996138870716095
645;0.007009793538600206;0.41698840260505676
646;0.0069932169280946255;0.3918918967247009
647;0.006787550635635853;0.442084938287735
648;0.0067950403317809105;0.4343629479408264
649;0.0068407910875976086;0.40733590722084045
650;0.00669097900390625;0.442084938287735
651;0.006690095644444227;0.42664092779159546
652;0.006572139449417591;0.442084938287735
653;0.006708692293614149;0.4343629479408264
654;0.006541950162500143;0.48262548446655273
655;0.0064909690991044044;0.46525096893310547
656;0.006577179301530123;0.4517374634742737
657;0.006503381300717592;0.4575289487838745
658;0.006443271413445473;0.44015443325042725
659;0.006467912346124649;0.4942084848880768
660;0.006515383254736662;0.4536679685115814
661;0.006473202258348465;0.4575289487838745
662;0.00640052929520607;0.46911197900772095
663;0.006368531379848719;0.4517374634742737
664;0.006313856691122055;0.48262548446655273
665;0.006373004522174597;0.46525096893310547
666;0.006360222119837999;0.44015443325042725
667;0.006289390381425619;0.49806949496269226
668;0.006311423610895872;0.46911197900772095
669;0.006297406740486622;0.4671814739704132
670;0.006307275965809822;0.46332046389579773
671;0.006300289183855057;0.4903475046157837
672;0.006266655400395393;0.4768339693546295
673;0.006228834856301546;0.4536679685115814
674;0.006331463344395161;0.45945945382118225
675;0.006188572850078344;0.5
676;0.006273533217608929;0.47297295928001404
677;0.0062540252692997456;0.46911197900772095
678;0.006237400230020285;0.46525096893310547
679;0.006223434116691351;0.4768339693546295
680;0.0062954239547252655;0.4382239282131195
681;0.006239045411348343;0.4555984437465668
682;0.006250217091292143;0.46525096893310547
683;0.006161908619105816;0.4942084848880768
684;0.006221864838153124;0.4343629479408264
685;0.00626993365585804;0.4536679685115814
686;0.0062328786589205265;0.4864864945411682
687;0.00629426259547472;0.4478764533996582
688;0.006198395509272814;0.4768339693546295
689;0.006281863432377577;0.47297295928001404
690;0.006277577951550484;0.4536679685115814
691;0.006186258047819138;0.46525096893310547
692;0.006275391671806574;0.4536679685115814
693;0.0062940120697021484;0.42664092779159546
694;0.006174418143928051;0.46332046389579773
695;0.006179977208375931;0.48262548446655273
696;0.006231734063476324;0.47297295928001404
697;0.006201884709298611;0.49806949496269226
698;0.006240202113986015;0.46911197900772095
699;0.00616923114284873;0.4864864945411682
700;0.0061966292560100555;0.4536679685115814
701;0.006134058814495802;0.4864864945411682
702;0.006220274139195681;0.47876447439193726
703;0.006137824151664972;0.5057914853096008
704;0.006152416579425335;0.4864864945411682
705;0.006178087554872036;0.46911197900772095
706;0.006208182778209448;0.46911197900772095
707;0.006153894122689962;0.49227797985076904
708;0.006222118157893419;0.46525096893310547
709;0.006151145789772272;0.4845559895038605
710;0.006160332355648279;0.4555984437465668
711;0.006154798436909914;0.45945945382118225
712;0.006111504975706339;0.4903475046157837
713;0.006081155966967344;0.5057914853096008
714;0.006110073532909155;0.4845559895038605
715;0.0060862391255795956;0.4942084848880768
716;0.006141258869320154;0.4845559895038605
717;0.006027665920555592;0.5115830302238464
718;0.006117471493780613;0.49806949496269226
719;0.0061278920620679855;0.48262548446655273
720;0.006128479260951281;0.4710424840450287
721;0.006180053576827049;0.4440154433250427
722;0.006068353541195393;0.4536679685115814
723;0.0061422656290233135;0.48262548446655273
724;0.006094376556575298;0.4864864945411682
725;0.0060517434030771255;0.4749034643173218
726;0.006067110691219568;0.46332046389579773
727;0.006116533186286688;0.47876447439193726
728;0.0061385007575154305;0.45945945382118225
729;0.0060507082380354404;0.4864864945411682
730;0.00609798077493906;0.4864864945411682
731;0.006096684839576483;0.47297295928001404
732;0.006109686568379402;0.46138995885849
733;0.006074782460927963;0.48262548446655273
734;0.006146707572042942;0.4903475046157837
735;0.006078866310417652;0.480694979429245
736;0.006050132680684328;0.4864864945411682
737;0.006078828126192093;0.49806949496269226
738;0.006149541586637497;0.4671814739704132
739;0.006163483485579491;0.4749034643173218
740;0.0061850231140851974;0.49806949496269226
741;0.006180575583130121;0.4845559895038605
742;0.0063495575450360775;0.46138995885849
743;0.006188346538692713;0.4575289487838745
744;0.006204468198120594;0.4864864945411682
745;0.006363169755786657;0.4555984437465668
746;0.006214916706085205;0.46525096893310547
747;0.006137538701295853;0.46138995885849
748;0.006354216486215591;0.4575289487838745
749;0.006263224873691797;0.4768339693546295
750;0.006043221335858107;0.530888020992279
751;0.006272164173424244;0.4961389899253845
752;0.0061834631487727165;0.4555984437465668
753;0.00616889912635088;0.46911197900772095
754;0.00613166019320488;0.5231660008430481
755;0.006142835598438978;0.507722020149231
756;0.006101906765252352;0.49227797985076904
757;0.006122100166976452;0.48262548446655273
758;0.006050766911357641;0.5115830302238464
759;0.006182895507663488;0.4517374634742737
760;0.006123567931354046;0.45945945382118225
761;0.00599453691393137;0.5038610100746155
762;0.006145193707197905;0.4671814739704132
763;0.0060862042009830475;0.49227797985076904
764;0.006143981125205755;0.4749034643173218
765;0.006042201537638903;0.4942084848880768
766;0.006055504083633423;0.49227797985076904
767;0.006091931834816933;0.4845559895038605
768;0.006076832301914692;0.4942084848880768
769;0.006050636060535908;0.49806949496269226
770;0.00607379199936986;0.4942084848880768
771;0.0060244351625442505;0.48262548446655273
772;0.006096237804740667;0.4517374634742737
773;0.00607343390583992;0.4671814739704132
774;0.005942312069237232;0.5135135054588318
775;0.005962269846349955;0.5019304752349854
776;0.006014945451170206;0.5212355256080627
777;0.006018625572323799;0.4942084848880768
778;0.006032869685441256;0.4903475046157837
779;0.005978401750326157;0.5154440402984619
780;0.005960430018603802;0.4749034643173218
781;0.006015464663505554;0.47876447439193726
782;0.005987057462334633;0.4749034643173218
783;0.005985288415104151;0.47297295928001404
784;0.005942021030932665;0.49227797985076904
785;0.006045995280146599;0.4749034643173218
786;0.005990284029394388;0.5038610100746155
787;0.0060075209476053715;0.480694979429245
788;0.006056266371160746;0.4864864945411682
789;0.005971041973680258;0.4845559895038605
790;0.005982984788715839;0.49227797985076904
791;0.005911141633987427;0.5135135054588318
792;0.005881289020180702;0.5193049907684326
793;0.006005644798278809;0.49806949496269226
794;0.006008801981806755;0.49806949496269226
795;0.0060104308649897575;0.4768339693546295
796;0.005909089930355549;0.5019304752349854
797;0.0059575606137514114;0.4961389899253845
798;0.006012660916894674;0.49806949496269226
799;0.0059270840138196945;0.5173745155334473
800;0.005963402334600687;0.47297295928001404
801;0.0059351809322834015;0.5019304752349854
802;0.006028159987181425;0.47876447439193726
803;0.00599606754258275;0.4864864945411682
804;0.0059717390686273575;0.4903475046157837
805;0.005864153616130352;0.5212355256080627
806;0.005938440095633268;0.5057914853096008
807;0.005926656536757946;0.49806949496269226
808;0.005948028992861509;0.4864864945411682
809;0.005960400681942701;0.4903475046157837
810;0.006013297941535711;0.46911197900772095
811;0.005975816864520311;0.480694979429245
812;0.006023429799824953;0.48841699957847595
813;0.005951934959739447;0.4961389899253845
814;0.005937982350587845;0.5193049907684326
815;0.00592143414542079;0.5096524953842163
816;0.006021140143275261;0.4749034643173218
817;0.005976672284305096;0.5096524953842163
818;0.005915516521781683;0.5115830302238464
819;0.0059134466573596;0.49227797985076904
820;0.006011022720485926;0.4575289487838745
821;0.005892309360206127;0.5057914853096008
822;0.006014956161379814;0.4575289487838745
823;0.0059521556831896305;0.4903475046157837
824;0.005949893034994602;0.507722020149231
825;0.005930187646299601;0.4942084848880768
826;0.005948537029325962;0.4942084848880768
827;0.005898405332118273;0.5038610100746155
828;0.005955234635621309;0.4903475046157837
829;0.005944311618804932;0.4845559895038605
830;0.005995157174766064;0.4864864945411682
831;0.005874340422451496;0.53861004114151
832;0.005924512632191181;0.4845559895038605
833;0.005984310992062092;0.47876447439193726
834;0.005918596405535936;0.48841699957847595
835;0.005981240421533585;0.4536679685115814
836;0.005942758172750473;0.480694979429245
837;0.005892528686672449;0.480694979429245
838;0.005903503391891718;0.5212355256080627
839;0.0058500212617218494;0.530888020992279
840;0.005892470013350248;0.5057914853096008
841;0.005907444749027491;0.5173745155334473
842;0.005819067358970642;0.5057914853096008
843;0.005925424862653017;0.4749034643173218
844;0.005936396773904562;0.48841699957847595
845;0.005874481983482838;0.5231660008430481
846;0.005835027899593115;0.5096524953842163
847;0.005870105233043432;0.5115830302238464
848;0.00595762487500906;0.4942084848880768
849;0.005877387709915638;0.5135135054588318
850;0.005883480422198772;0.5115830302238464
851;0.005820817314088345;0.530888020992279
852;0.005912832450121641;0.49227797985076904
853;0.005945984274148941;0.5019304752349854
854;0.005970113445073366;0.5096524953842163
855;0.005795315373688936;0.530888020992279
856;0.00595140689983964;0.48262548446655273
857;0.0058802273124456406;0.4903475046157837
858;0.005881661083549261;0.4710424840450287
859;0.005840896163135767;0.5289575457572937
860;0.005890309810638428;0.5193049907684326
861;0.005783777218312025;0.5096524953842163
862;0.0058470494113862514;0.4749034643173218
863;0.0057865409180521965;0.5154440402984619
864;0.005916639696806669;0.4710424840450287
865;0.005835637915879488;0.5444015264511108
866;0.005729634780436754;0.5405405163764954
867;0.0057639870792627335;0.5405405163764954
868;0.0058264173567295074;0.5135135054588318
869;0.005836653057485819;0.5289575457572937
870;0.005743549671024084;0.5366795659065247
871;0.005759339313954115;0.5193049907684326
872;0.005820350255817175;0.530888020992279
873;0.005760216154158115;0.5231660008430481
874;0.0057747019454836845;0.5231660008430481
875;0.005871159490197897;0.5
876;0.005778749007731676;0.5289575457572937
877;0.005857212468981743;0.5193049907684326
878;0.00582909444347024;0.5154440402984619
879;0.0058469511568546295;0.49806949496269226
880;0.005832497030496597;0.5173745155334473
881;0.005782979540526867;0.5193049907684326
882;0.005817229859530926;0.48841699957847595
883;0.005806264467537403;0.5366795659065247
884;0.005772674456238747;0.530888020992279
885;0.005956453736871481;0.47876447439193726
886;0.005954808089882135;0.48841699957847595
887;0.006096941884607077;0.4768339693546295
888;0.005980845540761948;0.4555984437465668
889;0.006232829764485359;0.42664092779159546
890;0.005942176096141338;0.5038610100746155
891;0.006266667041927576;0.4768339693546295
892;0.006045306101441383;0.5154440402984619
893;0.007432466372847557;0.3996138870716095
894;0.006217533722519875;0.4671814739704132
895;0.006511069368571043;0.4247104227542877
896;0.006845654919743538;0.403474897146225
897;0.006543429102748632;0.4092664122581482
898;0.0064765047281980515;0.46525096893310547
899;0.0064589474350214005;0.47876447439193726
900;0.006528735626488924;0.46525096893310547
901;0.006271639373153448;0.48841699957847595
902;0.006500006187707186;0.49806949496269226
903;0.006459967698901892;0.4710424840450287
904;0.0066327061504125595;0.46138995885849
905;0.006274073850363493;0.5
906;0.0065613375045359135;0.46911197900772095
907;0.006182165816426277;0.5038610100746155
908;0.006711906753480434;0.43629342317581177
909;0.0062572769820690155;0.48841699957847595
910;0.006394187919795513;0.46525096893310547
911;0.0064054145477712154;0.442084938287735
912;0.00618585804477334;0.4768339693546295
913;0.006453460082411766;0.4382239282131195
914;0.006215071305632591;0.4749034643173218
915;0.006185520440340042;0.47297295928001404
916;0.006208545062690973;0.48262548446655273
917;0.006235427223145962;0.45945945382118225
918;0.006030048709362745;0.5173745155334473
919;0.005953805986791849;0.49806949496269226
920;0.006144857499748468;0.4536679685115814
921;0.00604975875467062;0.5
922;0.005983315873891115;0.5
923;0.006128076929599047;0.47297295928001404
924;0.005998368375003338;0.49806949496269226
925;0.005896504502743483;0.5135135054588318
926;0.005985009018331766;0.5057914853096008
927;0.0059398142620921135;0.49227797985076904
928;0.005974704399704933;0.4961389899253845
929;0.005856879986822605;0.530888020992279
930;0.005957433953881264;0.5154440402984619
931;0.005885913502424955;0.5173745155334473
932;0.005816342309117317;0.5270270109176636
933;0.005788883659988642;0.5347490310668945
934;0.0058891428634524345;0.5057914853096008
935;0.005845364183187485;0.5057914853096008
936;0.005784243810921907;0.5173745155334473
937;0.005827698856592178;0.5366795659065247
938;0.0058357869274914265;0.5212355256080627
939;0.005864794831722975;0.5019304752349854
940;0.005883397068828344;0.4768339693546295
941;0.005844752304255962;0.4961389899253845
942;0.00588913494721055;0.4942084848880768
943;0.00574780348688364;0.546332061290741
944;0.005809309892356396;0.4942084848880768
945;0.0058035897091031075;0.49806949496269226
946;0.005774670746177435;0.5115830302238464
947;0.005703569855540991;0.5617760419845581
948;0.005782708525657654;0.53861004114151
949;0.005723821930587292;0.5347490310668945
950;0.005777162499725819;0.5328185558319092
951;0.00577488262206316;0.5212355256080627
952;0.005761623848229647;0.5289575457572937
953;0.005613760557025671;0.546332061290741
954;0.005743629299104214;0.5270270109176636
955;0.00575436232611537;0.5212355256080627
956;0.005733815021812916;0.5038610100746155
957;0.005756547674536705;0.5193049907684326
958;0.005760474130511284;0.5173745155334473
959;0.005751416087150574;0.5347490310668945
960;0.0057335044257342815;0.5057914853096008
961;0.005749952048063278;0.5173745155334473
962;0.0056489985436201096;0.5656370520591736
963;0.005794457159936428;0.49806949496269226
964;0.005651866085827351;0.5521235466003418
965;0.0056340559385716915;0.5559845566749573
966;0.005665923468768597;0.5212355256080627
967;0.005746619310230017;0.507722020149231
968;0.005605185404419899;0.5617760419845581
969;0.005672657862305641;0.5231660008430481
970;0.005683965049684048;0.5366795659065247
971;0.005680340342223644;0.507722020149231
972;0.005656440742313862;0.5559845566749573
973;0.005711236968636513;0.5193049907684326
974;0.005705556366592646;0.5154440402984619
975;0.005570721812546253;0.5733590722084045
976;0.005639815237373114;0.5328185558319092
977;0.005631908308714628;0.53861004114151
978;0.0056433542631566525;0.530888020992279
979;0.0057005505077540874;0.5212355256080627
980;0.00560344522818923;0.5328185558319092
981;0.005665841046720743;0.5270270109176636
982;0.005667771212756634;0.5096524953842163
983;0.00564291188493371;0.5328185558319092
984;0.005580069497227669;0.5540540814399719
985;0.005734861362725496;0.5154440402984619
986;0.005696551408618689;0.5328185558319092
987;0.005633770953863859;0.5250965356826782
988;0.005701709538698196;0.5289575457572937
989;0.005726456642150879;0.5270270109176636
990;0.005642340052872896;0.5405405163764954
991;0.005559195298701525;0.5482625365257263
992;0.00564423156902194;0.5328185558319092
993;0.005725253839045763;0.5212355256080627
994;0.005654620472341776;0.5250965356826782
995;0.0057028536684811115;0.5250965356826782
996;0.005617790389806032;0.5289575457572937
997;0.005638632923364639;0.5270270109176636
998;0.005670183338224888;0.530888020992279
999;0.005612124223262072;0.5675675868988037
1000;0.0056829871609807014;0.5250965356826782
1001;0.005658312235027552;0.5328185558319092
1002;0.005557679105550051;0.546332061290741
1003;0.005678970366716385;0.5154440402984619
1004;0.005718403495848179;0.5366795659065247
1005;0.005510683637112379;0.5250965356826782
1006;0.00564106460660696;0.5328185558319092
1007;0.00557284988462925;0.5328185558319092
1008;0.005610973108559847;0.53861004114151
1009;0.005568400491029024;0.5444015264511108
1010;0.005593595560640097;0.5444015264511108
1011;0.005579120945185423;0.5347490310668945
1012;0.005646121688187122;0.5328185558319092
1013;0.005532578099519014;0.5521235466003418
1014;0.005608571693301201;0.5328185558319092
1015;0.005627000238746405;0.5270270109176636
1016;0.005705082789063454;0.5328185558319092
1017;0.005552302114665508;0.5733590722084045
1018;0.005654382519423962;0.5231660008430481
1019;0.005623319186270237;0.5482625365257263
1020;0.00557516235858202;0.5501930713653564
1021;0.005631747655570507;0.5559845566749573
1022;0.005619850009679794;0.5559845566749573
1023;0.005692328326404095;0.5
1024;0.005601521115750074;0.5250965356826782
1025;0.005688108969479799;0.5115830302238464
1026;0.00557011179625988;0.5250965356826782
1027;0.005649051163345575;0.5154440402984619
1028;0.005621503572911024;0.5405405163764954
1029;0.005553994793444872;0.5405405163764954
1030;0.005599889904260635;0.5424710512161255
1031;0.0055665867403149605;0.5501930713653564
1032;0.005610161926597357;0.5328185558319092
1033;0.0056130290031433105;0.5347490310668945
1034;0.0055802748538553715;0.5212355256080627
1035;0.00558630982413888;0.5115830302238464
1036;0.005655571818351746;0.5289575457572937
1037;0.005710860714316368;0.5154440402984619
1038;0.005560171790421009;0.5231660008430481
1039;0.00563079584389925;0.5328185558319092
1040;0.005557071417570114;0.5559845566749573
1041;0.00559229077771306;0.530888020992279
1042;0.005534715484827757;0.5405405163764954
1043;0.005580552853643894;0.5424710512161255
1044;0.005624546203762293;0.5135135054588318
1045;0.00555019685998559;0.5482625365257263
1046;0.005580199882388115;0.5424710512161255
1047;0.005590933375060558;0.5482625365257263
1048;0.005730720702558756;0.4961389899253845
1049;0.00562876183539629;0.5328185558319092
1050;0.005586445331573486;0.5135135054588318
1051;0.005532675888389349;0.5231660008430481
1052;0.005593559239059687;0.5501930713653564
1053;0.005567279644310474;0.5212355256080627
1054;0.005573440343141556;0.5231660008430481
1055;0.0055722580291330814;0.53861004114151
1056;0.005548992194235325;0.5482625365257263
1057;0.005531906615942717;0.5694980621337891
1058;0.005573628470301628;0.5057914853096008
1059;0.005562441889196634;0.5250965356826782
1060;0.005515758879482746;0.5482625365257263
1061;0.0054948218166828156;0.5540540814399719
1062;0.005527022294700146;0.5444015264511108
1063;0.0055615706369280815;0.5347490310668945
1064;0.005490591749548912;0.5444015264511108
1065;0.00557153532281518;0.530888020992279
1066;0.005461972206830978;0.5424710512161255
1067;0.0055895037949085236;0.5366795659065247
1068;0.005500370170921087;0.5424710512161255
1069;0.005492751486599445;0.5637065768241882
1070;0.005536770913749933;0.5270270109176636
1071;0.005544159561395645;0.5424710512161255
1072;0.005509944632649422;0.5231660008430481
1073;0.0056265355087816715;0.53861004114151
1074;0.005584580358117819;0.5231660008430481
1075;0.005504650995135307;0.53861004114151
1076;0.005571491084992886;0.5405405163764954
1077;0.0055399732664227486;0.5521235466003418
1078;0.00555273937061429;0.5405405163764954
1079;0.005630262661725283;0.53861004114151
1080;0.0055795456282794476;0.5347490310668945
1081;0.005468809977173805;0.5637065768241882
1082;0.005524204578250647;0.53861004114151
1083;0.005454052705317736;0.5521235466003418
1084;0.005440141074359417;0.5521235466003418
1085;0.005521135404706001;0.5366795659065247
1086;0.005440467037260532;0.5637065768241882
1087;0.005521091166883707;0.5559845566749573
1088;0.005508869886398315;0.5714285969734192
1089;0.005499139428138733;0.5424710512161255
1090;0.005484765861183405;0.5193049907684326
1091;0.005529801826924086;0.5250965356826782
1092;0.005461811553686857;0.5830115675926208
1093;0.005469537805765867;0.5289575457572937
1094;0.005465667229145765;0.5694980621337891
1095;0.005429283250123262;0.546332061290741
1096;0.005367881152778864;0.5675675868988037
1097;0.005442448426038027;0.53861004114151
1098;0.005395614542067051;0.5521235466003418
1099;0.005471042823046446;0.5424710512161255
1100;0.005403326824307442;0.5482625365257263
1101;0.005437461659312248;0.5424710512161255
1102;0.005447484087198973;0.5212355256080627
1103;0.005354238674044609;0.5617760419845581
1104;0.0054282392375171185;0.5424710512161255
1105;0.005414439365267754;0.5675675868988037
1106;0.005448364187031984;0.5791505575180054
1107;0.005383890122175217;0.5540540814399719
1108;0.005415142979472876;0.5694980621337891
1109;0.005454316269606352;0.5405405163764954
1110;0.005385922733694315;0.5907335877418518
1111;0.005440211854875088;0.584942102432251
1112;0.0054681370966136456;0.53861004114151
1113;0.005477404221892357;0.5193049907684326
1114;0.005434972699731588;0.5945945978164673
1115;0.005511479917913675;0.5328185558319092
1116;0.005424110684543848;0.5501930713653564
1117;0.005559984594583511;0.5270270109176636
1118;0.005506602115929127;0.5559845566749573
1119;0.005455378443002701;0.5617760419845581
1120;0.005541964899748564;0.5405405163764954
1121;0.005559687037020922;0.5366795659065247
1122;0.005497610196471214;0.5501930713653564
1123;0.005570228677242994;0.5501930713653564
1124;0.005515563301742077;0.5405405163764954
1125;0.005510000977665186;0.5366795659065247
1126;0.005677185021340847;0.5231660008430481
1127;0.005557083059102297;0.5559845566749573
1128;0.005526916589587927;0.5694980621337891
1129;0.005581994540989399;0.53861004114151
1130;0.005524991545826197;0.5540540814399719
1131;0.005476574879139662;0.53861004114151
1132;0.005527737084776163;0.5347490310668945
1133;0.005489402450621128;0.5289575457572937
1134;0.005534646566957235;0.5328185558319092
1135;0.005490378011018038;0.5637065768241882
1136;0.005505609326064587;0.5154440402984619
1137;0.0055099548771977425;0.5444015264511108
1138;0.005739560816437006;0.5135135054588318
1139;0.005490200128406286;0.5135135054588318
1140;0.005458420608192682;0.546332061290741
1141;0.005560347810387611;0.530888020992279
1142;0.005433259531855583;0.5559845566749573
1143;0.005380094051361084;0.5366795659065247
1144;0.005507924128323793;0.5444015264511108
1145;0.005551872309297323;0.53861004114151
1146;0.005521501414477825;0.5231660008430481
1147;0.005471718497574329;0.5868725776672363
1148;0.0057450830936431885;0.507722020149231
1149;0.005565981846302748;0.5810810923576355
1150;0.005808640271425247;0.5173745155334473
1151;0.005545822437852621;0.5501930713653564
1152;0.005615720059722662;0.5540540814399719
1153;0.005561752710491419;0.5366795659065247
1154;0.0054636686109006405;0.53861004114151
1155;0.005467410199344158;0.5444015264511108
1156;0.005484555382281542;0.5675675868988037
1157;0.005595653783529997;0.546332061290741
1158;0.005561173427850008;0.5154440402984619
1159;0.006370360031723976;0.48262548446655273
1160;0.0058366102166473866;0.4942084848880768
1161;0.00631229393184185;0.4671814739704132
1162;0.006200177129358053;0.5
1163;0.005753567907959223;0.5598455667495728
1164;0.006146353669464588;0.5231660008430481
1165;0.006402822211384773;0.4768339693546295
1166;0.009344215504825115;0.2567567527294159
1167;0.01025142427533865;0.14092664420604706
1168;0.0103919031098485;0.11776062101125717
1169;0.010285916738212109;0.1235521212220192
1170;0.010003454983234406;0.1332046389579773
1171;0.009795505553483963;0.1235521212220192
1172;0.009665054269134998;0.10617760568857193
1173;0.009362597949802876;0.1235521212220192
1174;0.009101303294301033;0.1428571492433548
1175;0.008952461183071136;0.12934362888336182
1176;0.008878430351614952;0.12548261880874634
1177;0.008831498213112354;0.1428571492433548
1178;0.008751196786761284;0.1428571492433548
1179;0.00872123148292303;0.1718146651983261
1180;0.008637367747724056;0.19691120088100433
1181;0.008561823517084122;0.2142857164144516
1182;0.008511393330991268;0.2046332061290741
1183;0.008444330655038357;0.21814671158790588
1184;0.008363671600818634;0.21235521137714386
1185;0.008363352157175541;0.21621622145175934
1186;0.008306116797029972;0.2277992218732834
1187;0.008262833580374718;0.23938223719596863
1188;0.00826715212315321;0.23552124202251434
1189;0.008108573965728283;0.2722007632255554
1190;0.007978259585797787;0.2818532884120941
1191;0.007984675467014313;0.2857142984867096
1192;0.007933015003800392;0.2760617733001709
1193;0.007832436822354794;0.2895752787590027
1194;0.007736688479781151;0.3088802993297577
1195;0.007778193335980177;0.29343628883361816
1196;0.007673596031963825;0.30308881402015686
1197;0.007632278371602297;0.3320463299751282
1198;0.007550023030489683;0.3610038757324219
1199;0.007427460514008999;0.38416987657546997
1200;0.007417522836476564;0.37451738119125366
1201;0.007348690181970596;0.36872586607933044
1202;0.007360273972153664;0.38416987657546997
1203;0.007309502921998501;0.38223937153816223
1204;0.007273813709616661;0.4054054021835327
1205;0.007202689070254564;0.3899613916873932
1206;0.007077982649207115;0.42277991771698
1207;0.007116835098713636;0.41312742233276367
1208;0.0071506500244140625;0.3899613916873932
1209;0.007065943442285061;0.42277991771698
1210;0.007048511411994696;0.41119691729545593
1211;0.006909707095474005;0.4247104227542877
1212;0.006955043878406286;0.4054054021835327
1213;0.006852109916508198;0.46911197900772095
1214;0.006835117936134338;0.4749034643173218
1215;0.00675585912540555;0.4517374634742737
1216;0.006687799468636513;0.4440154433250427
1217;0.0066732317209243774;0.4324324429035187
1218;0.006651816423982382;0.4845559895038605
1219;0.006624767556786537;0.46911197900772095
1220;0.006543682888150215;0.480694979429245
1221;0.0065127830021083355;0.480694979429245
1222;0.006504808086901903;0.4845559895038605
1223;0.0065222871489822865;0.4942084848880768
1224;0.006477224174886942;0.4749034643173218
1225;0.006401197984814644;0.48841699957847595
1226;0.006413837894797325;0.480694979429245
1227;0.006368229165673256;0.49806949496269226
1228;0.006380843929946423;0.480694979429245
1229;0.0062391506507992744;0.5347490310668945
1230;0.00620557926595211;0.5347490310668945
1231;0.006289212498813868;0.4942084848880768
1232;0.006168942432850599;0.5270270109176636
1233;0.00628224853426218;0.5270270109176636
1234;0.006198749411851168;0.5019304752349854
1235;0.006180807948112488;0.5115830302238464
1236;0.006036738865077496;0.5559845566749573
1237;0.006037680432200432;0.5250965356826782
1238;0.006044660694897175;0.5135135054588318
1239;0.006011711433529854;0.53861004114151
1240;0.005922583397477865;0.5424710512161255
1241;0.005927399266511202;0.530888020992279
1242;0.005872986279428005;0.5598455667495728
1243;0.00590398907661438;0.546332061290741
1244;0.005785823334008455;0.5231660008430481
1245;0.005753694102168083;0.5617760419845581
1246;0.0057322741486132145;0.5444015264511108
1247;0.005732682999223471;0.546332061290741
1248;0.005704313050955534;0.5521235466003418
1249;0.005660385359078646;0.5521235466003418
1250;0.0056237997487187386;0.5675675868988037
1251;0.005661487113684416;0.5501930713653564
1252;0.0055971043184399605;0.5501930713653564
1253;0.005650333594530821;0.5598455667495728
1254;0.005612978711724281;0.5540540814399719
1255;0.00563322938978672;0.53861004114151
1256;0.005561643745750189;0.5733590722084045
1257;0.005690231919288635;0.5250965356826782
1258;0.0056429337710142136;0.5424710512161255
1259;0.00551181985065341;0.5810810923576355
1260;0.005713874474167824;0.5579150319099426
1261;0.005626891274005175;0.5096524953842163
1262;0.005630235653370619;0.5501930713653564
1263;0.005595750641077757;0.546332061290741
1264;0.005507790949195623;0.5617760419845581
1265;0.005828102119266987;0.507722020149231
1266;0.005574858281761408;0.5521235466003418
1267;0.005568353924900293;0.5559845566749573
1268;0.005683667492121458;0.5482625365257263
1269;0.005480770021677017;0.5675675868988037
1270;0.005683581344783306;0.5366795659065247
1271;0.0056467484682798386;0.5212355256080627
1272;0.005488499999046326;0.5559845566749573
1273;0.005595305003225803;0.5366795659065247
1274;0.005678500980138779;0.507722020149231
1275;0.005470925942063332;0.5444015264511108
1276;0.005498195998370647;0.5521235466003418
1277;0.005566244013607502;0.5347490310668945
1278;0.005445671267807484;0.5675675868988037
1279;0.005468111485242844;0.5482625365257263
1280;0.005486094858497381;0.5424710512161255
1281;0.005508995149284601;0.507722020149231
1282;0.005454214755445719;0.5733590722084045
1283;0.005474995821714401;0.546332061290741
1284;0.005493311211466789;0.530888020992279
1285;0.005477266386151314;0.5501930713653564
1286;0.005462844390422106;0.5482625365257263
1287;0.005461251363158226;0.5501930713653564
1288;0.005379363428801298;0.5810810923576355
1289;0.005432859528809786;0.5521235466003418
1290;0.00537641579285264;0.5675675868988037
1291;0.005427858326584101;0.5424710512161255
1292;0.005442211404442787;0.5733590722084045
1293;0.005366061348468065;0.5868725776672363
1294;0.005362207069993019;0.5714285969734192
1295;0.005449194461107254;0.5579150319099426
1296;0.005422341171652079;0.5752895474433899
1297;0.005952652543783188;0.507722020149231
1298;0.005345189478248358;0.5617760419845581
1299;0.005508435890078545;0.5540540814399719
1300;0.005532441660761833;0.5328185558319092
1301;0.005532957147806883;0.5115830302238464
1302;0.005494350101798773;0.5540540814399719
1303;0.005489292088896036;0.5289575457572937
1304;0.005437087267637253;0.5656370520591736
1305;0.005464979913085699;0.546332061290741
1306;0.005402754060924053;0.5501930713653564
1307;0.00544755021110177;0.5559845566749573
1308;0.005483038257807493;0.5521235466003418
1309;0.005408660043030977;0.5559845566749573
1310;0.005422625690698624;0.5617760419845581
1311;0.005351020023226738;0.5656370520591736
1312;0.0052975802682340145;0.5888031125068665
1313;0.005357223097234964;0.5694980621337891
1314;0.005320222582668066;0.5752895474433899
1315;0.00539169367402792;0.5540540814399719
1316;0.005308878608047962;0.5598455667495728
1317;0.005284654907882214;0.5791505575180054
1318;0.005296419374644756;0.5733590722084045
1319;0.005306635517627001;0.584942102432251
1320;0.005316898226737976;0.5714285969734192
1321;0.005281403660774231;0.5888031125068665
1322;0.005390627775341272;0.5501930713653564
1323;0.005268890876322985;0.5714285969734192
1324;0.005300472490489483;0.5598455667495728
1325;0.005288774147629738;0.5791505575180054
1326;0.00527738593518734;0.5482625365257263
1327;0.005325928796082735;0.5424710512161255
1328;0.005341568496078253;0.5791505575180054
1329;0.005306140054017305;0.5501930713653564
1330;0.005339817609637976;0.5540540814399719
1331;0.0053679849952459335;0.5289575457572937
1332;0.00533661711961031;0.5675675868988037
1333;0.00531176570802927;0.5714285969734192
1334;0.005345378071069717;0.5559845566749573
1335;0.005257138516753912;0.5945945978164673
1336;0.005259724333882332;0.5617760419845581
1337;0.0052945781499147415;0.584942102432251
1338;0.005324090830981731;0.5521235466003418
1339;0.005291161127388477;0.5791505575180054
1340;0.005246109329164028;0.5637065768241882
1341;0.005315838847309351;0.5540540814399719
1342;0.005233702249825001;0.5637065768241882
1343;0.005302806384861469;0.5733590722084045
1344;0.005221277475357056;0.6023166179656982
1345;0.005279035773128271;0.5694980621337891
1346;0.005234013311564922;0.584942102432251
1347;0.0052163563668727875;0.5752895474433899
1348;0.005173123441636562;0.6119691133499146
1349;0.005291400942951441;0.5579150319099426
1350;0.005252373870462179;0.5656370520591736
1351;0.0052620647475123405;0.5598455667495728
1352;0.005183030851185322;0.584942102432251
1353;0.005244291387498379;0.584942102432251
1354;0.0052903443574905396;0.5617760419845581
1355;0.005266372114419937;0.5482625365257263
1356;0.0053034150041639805;0.5559845566749573
1357;0.005201177671551704;0.5907335877418518
1358;0.0053357649594545364;0.5444015264511108
1359;0.0052696396596729755;0.5656370520591736
1360;0.00520052807405591;0.6023166179656982
1361;0.005251811817288399;0.5830115675926208
1362;0.005289184860885143;0.5733590722084045
1363;0.005335288122296333;0.5521235466003418
1364;0.005212395917624235;0.5637065768241882
1365;0.00532949436455965;0.5424710512161255
1366;0.005332875065505505;0.5752895474433899
1367;0.006158177275210619;0.480694979429245
1368;0.006803304422646761;0.44015443325042725
1369;0.007134309038519859;0.4054054021835327
1370;0.006934795994311571;0.43629342317581177
1371;0.006723541766405106;0.45945945382118225
1372;0.006892561446875334;0.4324324429035187
1373;0.00681701535359025;0.4575289487838745
1374;0.006634895224124193;0.4517374634742737
1375;0.006445031613111496;0.4536679685115814
1376;0.006211312022060156;0.5135135054588318
1377;0.006474377121776342;0.45945945382118225
1378;0.00635927077382803;0.4903475046157837
1379;0.006109453272074461;0.5057914853096008
1380;0.006136356387287378;0.5115830302238464
1381;0.006155220326036215;0.4864864945411682
1382;0.006260694935917854;0.4710424840450287
1383;0.0061678458005189896;0.4768339693546295
1384;0.006166125647723675;0.5
1385;0.006006008479744196;0.5135135054588318
1386;0.005985105410218239;0.49227797985076904
1387;0.006183898076415062;0.46911197900772095
1388;0.0059239910915493965;0.5193049907684326
1389;0.005746988579630852;0.5347490310668945
1390;0.005807742942124605;0.5482625365257263
1391;0.005748680792748928;0.5270270109176636
1392;0.005933167412877083;0.4903475046157837
1393;0.005833183415234089;0.5019304752349854
1394;0.00601694593206048;0.4961389899253845
1395;0.005858921445906162;0.507722020149231
1396;0.005792347248643637;0.5173745155334473
1397;0.005567113868892193;0.5733590722084045
1398;0.005642368923872709;0.5366795659065247
1399;0.0056618875823915005;0.5289575457572937
1400;0.0055778431706130505;0.530888020992279
1401;0.00553898885846138;0.5521235466003418
1402;0.005385955795645714;0.5675675868988037
1403;0.005453463643789291;0.5656370520591736
1404;0.005446853116154671;0.5501930713653564
1405;0.005484786815941334;0.5733590722084045
1406;0.005448929034173489;0.5559845566749573
1407;0.005427688360214233;0.546332061290741
1408;0.005354038905352354;0.5810810923576355
1409;0.005298655480146408;0.5656370520591736
1410;0.005431199446320534;0.5424710512161255
1411;0.005413370206952095;0.5366795659065247
1412;0.005376223474740982;0.5830115675926208
1413;0.005317279603332281;0.5868725776672363
1414;0.005270675290375948;0.5791505575180054
1415;0.005361833609640598;0.5521235466003418
1416;0.005278077907860279;0.5888031125068665
1417;0.005204083863645792;0.5752895474433899
1418;0.005262204445898533;0.5907335877418518
1419;0.005235784687101841;0.5694980621337891
1420;0.0053009772673249245;0.5501930713653564
1421;0.0053430902771651745;0.546332061290741
1422;0.005185242742300034;0.57722008228302
1423;0.005185210146009922;0.5888031125068665
1424;0.005202768836170435;0.5598455667495728
1425;0.005267786793410778;0.5521235466003418
1426;0.005214777775108814;0.5675675868988037
1427;0.005210636183619499;0.5733590722084045
1428;0.005158649757504463;0.5945945978164673
1429;0.00520784268155694;0.6061776280403137
1430;0.005192083306610584;0.5733590722084045
1431;0.005194027442485094;0.57722008228302
1432;0.005134174134582281;0.57722008228302
1433;0.005162786692380905;0.5521235466003418
1434;0.005204224493354559;0.5617760419845581
1435;0.0051789963617920876;0.5540540814399719
1436;0.0051944018341600895;0.5752895474433899
1437;0.005226166918873787;0.5637065768241882
1438;0.005230084527283907;0.5656370520591736
1439;0.005152389407157898;0.5540540814399719
1440;0.005132363643497229;0.6003860831260681
1441;0.00512461643666029;0.5888031125068665
1442;0.005086428951472044;0.5965250730514526
1443;0.005113534163683653;0.5926640629768372
1444;0.0051771895959973335;0.5598455667495728
1445;0.005194580182433128;0.5752895474433899
1446;0.005067307967692614;0.5926640629768372
1447;0.005154973827302456;0.5752895474433899
1448;0.005125415977090597;0.5714285969734192
1449;0.005101524759083986;0.5830115675926208
1450;0.005154775455594063;0.5791505575180054
1451;0.005123813636600971;0.5714285969734192
1452;0.005083310417830944;0.5733590722084045
1453;0.005135342013090849;0.5810810923576355
1454;0.005104869604110718;0.5810810923576355
1455;0.005237213801592588;0.5868725776672363
1456;0.005128190387040377;0.5559845566749573
1457;0.005054684355854988;0.5810810923576355
1458;0.005121471360325813;0.5907335877418518
1459;0.005176324862986803;0.5868725776672363
1460;0.005139962304383516;0.57722008228302
1461;0.0051436638459563255;0.5752895474433899
1462;0.0051156277768313885;0.6042470932006836
1463;0.005098819732666016;0.5868725776672363
1464;0.005196759011596441;0.5579150319099426
1465;0.005116362124681473;0.5675675868988037
1466;0.005126975942403078;0.5617760419845581
1467;0.005183754954487085;0.5714285969734192
1468;0.005071478430181742;0.5637065768241882
1469;0.005188753828406334;0.57722008228302
1470;0.005082597956061363;0.5733590722084045
1471;0.005058444570749998;0.5752895474433899
1472;0.005168876610696316;0.5888031125068665
1473;0.005040618125349283;0.6003860831260681
1474;0.0051633273251354694;0.5559845566749573
1475;0.005109226331114769;0.57722008228302
1476;0.005072007887065411;0.5733590722084045
1477;0.005059739574790001;0.5752895474433899
1478;0.0050340439192950726;0.5637065768241882
1479;0.005022766534239054;0.5926640629768372
1480;0.0050398968160152435;0.5868725776672363
1481;0.005079652648419142;0.5868725776672363
1482;0.005038378294557333;0.5984556078910828
1483;0.00503210723400116;0.584942102432251
1484;0.0049883704632520676;0.5888031125068665
1485;0.005012746434658766;0.5752895474433899
1486;0.005084373988211155;0.5444015264511108
1487;0.005077467765659094;0.5830115675926208
1488;0.005090631078928709;0.5907335877418518
1489;0.0051093194633722305;0.5637065768241882
1490;0.004980706609785557;0.5984556078910828
1491;0.005082758609205484;0.5656370520591736
1492;0.004939415957778692;0.584942102432251
1493;0.005150873214006424;0.53861004114151
1494;0.0050682686269283295;0.5888031125068665
1495;0.004985828883945942;0.6061776280403137
1496;0.005076573695987463;0.5733590722084045
1497;0.004996075294911861;0.5945945978164673
1498;0.005018316674977541;0.5965250730514526
1499;0.005062913987785578;0.5694980621337891
