iteration;loss;accuracy
0;0.009460150264203548;0.019305018708109856
1;0.009475568309426308;0.03667953610420227
2;0.009256166405975819;0.055984556674957275
3;0.009211545810103416;0.06756756454706192
4;0.00922819972038269;0.048262547701597214
5;0.009209796786308289;0.048262547701597214
6;0.009167633019387722;0.057915057986974716
7;0.009147174656391144;0.055984556674957275
8;0.009148583747446537;0.04633204638957977
9;0.00913286954164505;0.054054055362939835
10;0.009099314920604229;0.06949806958436966
11;0.009075680747628212;0.07915057986974716
12;0.009072926826775074;0.052123550325632095
13;0.009068802930414677;0.05984555929899216
14;0.009054063819348812;0.06563706696033478
15;0.009036329574882984;0.07915057986974716
16;0.009029232896864414;0.09266409277915955
17;0.009014517068862915;0.0810810774564743
18;0.009011676535010338;0.0714285746216774
19;0.009003098122775555;0.06370656192302704
20;0.008991199545562267;0.07335907220840454
21;0.008958670310676098;0.10038609802722931
22;0.008945089764893055;0.09652509540319443
23;0.00893227569758892;0.06949806958436966
24;0.008921705186367035;0.06949806958436966
25;0.00891239196062088;0.09266409277915955
26;0.00889482069760561;0.09652509540319443
27;0.008887250907719135;0.09459459781646729
28;0.008856474421918392;0.10038609802722931
29;0.008835000917315483;0.11969111859798431
30;0.008830150589346886;0.1235521212220192
31;0.008810695260763168;0.12934362888336182
32;0.008769936859607697;0.10424710065126419
33;0.008751623332500458;0.14092664420604706
34;0.008729235269129276;0.1428571492433548
35;0.008775904774665833;0.13127413392066956
36;0.008853052742779255;0.12162162363529205
37;0.008693616837263107;0.1428571492433548
38;0.008775318041443825;0.10038609802722931
39;0.008654849603772163;0.12741312384605408
40;0.008707042783498764;0.1525096595287323
41;0.008645490743219852;0.1525096595287323
42;0.008609176613390446;0.15444014966487885
43;0.008634179830551147;0.12162162363529205
44;0.008568961173295975;0.1428571492433548
45;0.00857456959784031;0.15057915449142456
46;0.00854216143488884;0.18918919563293457
47;0.00849243439733982;0.15057915449142456
48;0.00849204882979393;0.16023166477680206
49;0.008475872687995434;0.1756756752729416
50;0.008435621857643127;0.19691120088100433
51;0.008452280424535275;0.1756756752729416
52;0.008417988196015358;0.1621621549129486
53;0.008401826955378056;0.17374517023563385
54;0.008359404280781746;0.1814671754837036
55;0.008360474370419979;0.17760618031024933
56;0.008340892381966114;0.18725869059562683
57;0.008338578045368195;0.20077219605445862
58;0.008308337070047855;0.19305019080638885
59;0.008284051902592182;0.21235521137714386
60;0.008281099610030651;0.20270270109176636
61;0.008324134163558483;0.19305019080638885
62;0.008244838565587997;0.20077219605445862
63;0.008270520716905594;0.22200772166252136
64;0.008272863924503326;0.21042470633983612
65;0.008274181745946407;0.2239382266998291
66;0.008255898021161556;0.19111968576908112
67;0.008149215020239353;0.24131274223327637
68;0.008220439776778221;0.20849420130252838
69;0.008163470774888992;0.23938223719596863
70;0.008169885724782944;0.2509652376174927
71;0.008160687051713467;0.2142857164144516
72;0.00812583789229393;0.21621622145175934
73;0.008105038665235043;0.22586873173713684
74;0.00812582578510046;0.22972972691059113
75;0.008094069547951221;0.2277992218732834
76;0.008059590123593807;0.22972972691059113
77;0.008064295165240765;0.24131274223327637
78;0.008055833168327808;0.24903474748134613
79;0.008092173375189304;0.2509652376174927
80;0.0080649983137846;0.2432432472705841
81;0.008013095706701279;0.2702702581882477
82;0.00802222453057766;0.25868725776672363
83;0.008049475029110909;0.21814671158790588
84;0.008004366420209408;0.24903474748134613
85;0.007977995090186596;0.2818532884120941
86;0.008000161498785019;0.27413126826286316
87;0.007970212027430534;0.29729729890823364
88;0.007943492382764816;0.31081080436706543
89;0.007949811406433582;0.2722007632255554
90;0.007940270006656647;0.2799227833747864
91;0.00793482456356287;0.2722007632255554
92;0.007925234735012054;0.2799227833747864
93;0.007916937582194805;0.2953667938709259
94;0.00790404248982668;0.2953667938709259
95;0.007843508385121822;0.3436293303966522
96;0.007879679091274738;0.2992278039455414
97;0.007868185639381409;0.31660231947898865
98;0.007818488404154778;0.3474903404712677
99;0.007841235026717186;0.29729729890823364
100;0.007805346045643091;0.3204633295536041
101;0.007768658455461264;0.3185328245162964
102;0.007787679322063923;0.33011582493782043
103;0.007931748405098915;0.2992278039455414
104;0.008022937923669815;0.2799227833747864
105;0.0078079914674162865;0.3339768350124359
106;0.007878425531089306;0.33590734004974365
107;0.007775531616061926;0.3513513505458832
108;0.007854900322854519;0.32239383459091187
109;0.007776472717523575;0.36872586607933044
110;0.007756832055747509;0.3436293303966522
111;0.007765220943838358;0.3861003816127777
112;0.0077195363119244576;0.3706563711166382
113;0.007655445486307144;0.41119691729545593
114;0.00772384088486433;0.35521236062049866
115;0.007718984503298998;0.3629343509674072
116;0.0076320581138134;0.39382240176200867
117;0.0076406956650316715;0.3764478862285614
118;0.007606407627463341;0.3899613916873932
119;0.007624636869877577;0.3957529067993164
120;0.007637317292392254;0.35907337069511414
121;0.007541969884186983;0.3861003816127777
122;0.007529652211815119;0.3957529067993164
123;0.007571517955511808;0.39768341183662415
124;0.007554200477898121;0.4150579273700714
125;0.007594363298267126;0.3706563711166382
126;0.007432790007442236;0.4440154433250427
127;0.007540814112871885;0.3861003816127777
128;0.007638929877430201;0.39382240176200867
129;0.0076294708997011185;0.3629343509674072
130;0.007462174165993929;0.42664092779159546
131;0.007523173466324806;0.36872586607933044
132;0.007511194795370102;0.39768341183662415
133;0.007461086381226778;0.3899613916873932
134;0.007449912838637829;0.44015443325042725
135;0.007372003979980946;0.4247104227542877
136;0.007353148423135281;0.4324324429035187
137;0.007332222070544958;0.4671814739704132
138;0.00734307523816824;0.41698840260505676
139;0.007385268807411194;0.43629342317581177
140;0.007280813995748758;0.480694979429245
141;0.007293620612472296;0.4671814739704132
142;0.007205595262348652;0.46332046389579773
143;0.007211881689727306;0.4845559895038605
144;0.007195404730737209;0.47876447439193726
145;0.007234145887196064;0.46138995885849
146;0.007405085023492575;0.40733590722084045
147;0.007226523943245411;0.480694979429245
148;0.0072650425136089325;0.43629342317581177
149;0.0072496612556278706;0.4768339693546295
150;0.007175595965236425;0.49227797985076904
151;0.007098351139575243;0.49227797985076904
152;0.007276551797986031;0.45945945382118225
153;0.007184671238064766;0.44015443325042725
154;0.007392702158540487;0.4054054021835327
155;0.007051365915685892;0.4749034643173218
156;0.007117568049579859;0.4864864945411682
157;0.007126716896891594;0.4749034643173218
158;0.006946531590074301;0.5057914853096008
159;0.006903296802192926;0.5405405163764954
160;0.006879616528749466;0.5521235466003418
161;0.006923270877450705;0.5173745155334473
162;0.0068955617025494576;0.5366795659065247
163;0.006939285900443792;0.5019304752349854
164;0.007065768353641033;0.49806949496269226
165;0.006985513027757406;0.5231660008430481
166;0.00697092292830348;0.5135135054588318
167;0.00694336136803031;0.4710424840450287
168;0.0068866838701069355;0.5231660008430481
169;0.006810545455664396;0.49227797985076904
170;0.006742645055055618;0.5250965356826782
171;0.006781332660466433;0.5231660008430481
172;0.006686724256724119;0.546332061290741
173;0.00667067663744092;0.546332061290741
174;0.006701135542243719;0.5328185558319092
175;0.006713775917887688;0.5694980621337891
176;0.006624121218919754;0.5579150319099426
177;0.006818511988967657;0.48841699957847595
178;0.0068441955372691154;0.5366795659065247
179;0.0065753646194934845;0.5733590722084045
180;0.006750968284904957;0.5173745155334473
181;0.006546418648213148;0.5791505575180054
182;0.006629214156419039;0.5405405163764954
183;0.0064643677324056625;0.5945945978164673
184;0.006484346464276314;0.546332061290741
185;0.006424801889806986;0.5945945978164673
186;0.006395281758159399;0.5945945978164673
187;0.006391730159521103;0.5714285969734192
188;0.006318407133221626;0.5810810923576355
189;0.006343616638332605;0.5965250730514526
190;0.006703289691358805;0.530888020992279
191;0.006323250941932201;0.6216216087341309
192;0.006426951847970486;0.6061776280403137
193;0.006476101465523243;0.5482625365257263
194;0.006211072206497192;0.6119691133499146
195;0.006419654935598373;0.5675675868988037
196;0.006191509775817394;0.57722008228302
197;0.006265631411224604;0.5714285969734192
198;0.0062925731763243675;0.6119691133499146
199;0.006202830467373133;0.6081081032752991
200;0.00623069703578949;0.6061776280403137
201;0.006440804805606604;0.5598455667495728
202;0.006242656614631414;0.6003860831260681
203;0.006200612057000399;0.6177605986595154
204;0.006329087074846029;0.5424710512161255
205;0.0060884831473231316;0.6293436288833618
206;0.0063323285430669785;0.5926640629768372
207;0.006044003181159496;0.6042470932006836
208;0.006112531293183565;0.5888031125068665
209;0.0060298447497189045;0.61583012342453
210;0.0059167430736124516;0.6332046389579773
211;0.005927002057433128;0.6274131536483765
212;0.00593394273892045;0.6274131536483765
213;0.005851132329553366;0.6254826188087463
214;0.005877323914319277;0.6332046389579773
215;0.005875755101442337;0.6196911334991455
216;0.005789560731500387;0.6640926599502563
217;0.005813844967633486;0.65444016456604
218;0.0058413781225681305;0.6216216087341309
219;0.005787036847323179;0.6351351141929626
220;0.005779721308499575;0.6640926599502563
221;0.006060384679585695;0.5675675868988037
222;0.005914241541177034;0.6583011746406555
223;0.005952215753495693;0.6428571343421936
224;0.005875485483556986;0.6023166179656982
225;0.00596851808950305;0.6042470932006836
226;0.006005008239299059;0.6081081032752991
227;0.005880700424313545;0.6274131536483765
228;0.0060275522992014885;0.6100386381149292
229;0.005968598183244467;0.5984556078910828
230;0.005895733833312988;0.6100386381149292
231;0.0058623552322387695;0.6447876691818237
232;0.00572966830804944;0.6196911334991455
233;0.005823471117764711;0.6196911334991455
234;0.005679246969521046;0.6679536700248718
235;0.005657274276018143;0.6795367002487183
236;0.005620843265205622;0.6467181444168091
237;0.00566319702193141;0.6293436288833618
238;0.00564621202647686;0.6370656490325928
239;0.005481032654643059;0.6718146800994873
240;0.005464308895170689;0.7046331763267517
241;0.005503229331225157;0.6737451553344727
242;0.005497769918292761;0.6660231947898865
243;0.005513161886483431;0.6389961242675781
244;0.005420496687293053;0.6872586607933044
245;0.005495734978467226;0.6718146800994873
246;0.00539385387673974;0.6949806809425354
247;0.005340234842151403;0.7065637111663818
248;0.005371080245822668;0.6911196708679199
249;0.00528574688360095;0.7123551964759827
250;0.005422499030828476;0.6679536700248718
251;0.005325349047780037;0.6911196708679199
252;0.0053257630206644535;0.7181467413902283
253;0.005418567452579737;0.6505791544914246
254;0.005347229074686766;0.69305020570755
255;0.00537021504715085;0.662162184715271
256;0.005350793711841106;0.700772225856781
257;0.005249273031949997;0.7084941864013672
258;0.005315663293004036;0.6795367002487183
259;0.005187002941966057;0.700772225856781
260;0.005185823421925306;0.700772225856781
261;0.005256580654531717;0.6949806809425354
262;0.005258259363472462;0.6988416910171509
263;0.005016631446778774;0.7316602468490601
264;0.005163735710084438;0.7123551964759827
265;0.005150533746927977;0.700772225856781
266;0.005155363120138645;0.7258687019348145
267;0.005094176158308983;0.7084941864013672
268;0.005016117822378874;0.7181467413902283
269;0.005128007382154465;0.7239382266998291
270;0.005084429867565632;0.7065637111663818
271;0.005021500401198864;0.7123551964759827
272;0.005073193926364183;0.7162162065505981
273;0.004998632241040468;0.7277992367744446
274;0.004983380436897278;0.739382266998291
275;0.005046214908361435;0.7065637111663818
276;0.004863969516009092;0.739382266998291
277;0.004943409468978643;0.7162162065505981
278;0.005055874120444059;0.7335907220840454
279;0.004914173856377602;0.7490347623825073
280;0.005197359714657068;0.6795367002487183
281;0.005148517433553934;0.7471042275428772
282;0.004841412417590618;0.739382266998291
283;0.004905853886157274;0.7316602468490601
284;0.004922162741422653;0.7451737523078918
285;0.005019085016101599;0.760617733001709
286;0.004859135951846838;0.7123551964759827
287;0.004886483307927847;0.760617733001709
288;0.004907356109470129;0.7432432174682617
289;0.004895538557320833;0.7451737523078918
290;0.004745879676192999;0.7702702879905701
291;0.004895113408565521;0.7355212569236755
292;0.004910559859126806;0.7374517321586609
293;0.0047438135370612144;0.7586872577667236
294;0.004947081673890352;0.7528957724571228
295;0.0046518403105437756;0.7799227833747864
296;0.00469726137816906;0.7895752787590027
297;0.004610318690538406;0.7722007632255554
298;0.00461298692971468;0.8030887842178345
299;0.004766474477946758;0.7471042275428772
300;0.00462165055796504;0.7818532586097717
301;0.00455270754173398;0.760617733001709
302;0.004701036494225264;0.7683397531509399
303;0.004554721061140299;0.7876448035240173
304;0.004636419005692005;0.7857142686843872
305;0.004539875313639641;0.7722007632255554
306;0.004706034902483225;0.7490347623825073
307;0.004739728756248951;0.7644787430763245
308;0.004674756899476051;0.7760617733001709
309;0.004618130158632994;0.7741312980651855
310;0.0046464623883366585;0.7490347623825073
311;0.004565874580293894;0.7857142686843872
312;0.004505709279328585;0.7722007632255554
313;0.004494891036301851;0.7818532586097717
314;0.004448842257261276;0.8088803291320801
315;0.004628701135516167;0.7722007632255554
316;0.004527488257735968;0.7837837934494019
317;0.004459596239030361;0.7857142686843872
318;0.004453203175216913;0.7818532586097717
319;0.0044518341310322285;0.7876448035240173
320;0.004580332897603512;0.7490347623825073
321;0.004340295679867268;0.7915058135986328
322;0.004561060573905706;0.8262548446655273
323;0.004329607356339693;0.8146718144416809
324;0.004746930208057165;0.7857142686843872
325;0.004593022167682648;0.7818532586097717
326;0.004505598917603493;0.7934362888336182
327;0.004414197988808155;0.8127413392066956
328;0.004214385990053415;0.80694979429245
329;0.004399983212351799;0.8011583089828491
330;0.004268442280590534;0.8262548446655273
331;0.0043256948702037334;0.8166022896766663
332;0.004159469623118639;0.80694979429245
333;0.0042872438207268715;0.8146718144416809
334;0.004175918642431498;0.7818532586097717
335;0.004353886470198631;0.7779922485351562
336;0.004050713963806629;0.8629343509674072
337;0.0040673245675861835;0.8359073400497437
338;0.00417333235964179;0.8416988253593445
339;0.004046765621751547;0.8513513803482056
340;0.004109518136829138;0.7934362888336182
341;0.0040682461112737656;0.8185328245162964
342;0.00409298948943615;0.8204632997512817
343;0.004035299643874168;0.8397683501243591
344;0.004018997773528099;0.8262548446655273
345;0.0039513688534498215;0.8262548446655273
346;0.0039684586226940155;0.80694979429245
347;0.003968880977481604;0.8281853199005127
348;0.00400013942271471;0.8359073400497437
349;0.003995653707534075;0.837837815284729
350;0.003946367651224136;0.8204632997512817
351;0.0038929148577153683;0.8648648858070374
352;0.003937297035008669;0.8127413392066956
353;0.003907929174602032;0.8552123308181763
354;0.0039028022438287735;0.8513513803482056
355;0.003814168507233262;0.8416988253593445
356;0.003848746418952942;0.8436293601989746
357;0.003912684042006731;0.8127413392066956
358;0.004012580029666424;0.8281853199005127
359;0.004011268727481365;0.8262548446655273
360;0.003826065920293331;0.8590733408927917
361;0.00395779125392437;0.8571428656578064
362;0.0038624468725174665;0.84555983543396
363;0.00379318674094975;0.8474903702735901
364;0.0040130470879375935;0.8146718144416809
365;0.003908001352101564;0.8513513803482056
366;0.0038412672001868486;0.8590733408927917
367;0.003809820394963026;0.8667953610420227
368;0.004240742418915033;0.8088803291320801
369;0.0037346549797803164;0.8590733408927917
370;0.0037787538021802902;0.8494208455085754
371;0.0037631294690072536;0.8822394013404846
372;0.00382196344435215;0.8571428656578064
373;0.003708780976012349;0.8474903702735901
374;0.0038936405908316374;0.8339768052101135
375;0.003752300050109625;0.8494208455085754
376;0.003746630158275366;0.84555983543396
377;0.003614592831581831;0.8687258958816528
378;0.003918164875358343;0.8262548446655273
379;0.0038521650712937117;0.8474903702735901
380;0.004091461189091206;0.8108108043670654
381;0.004202260635793209;0.8494208455085754
382;0.003800306934863329;0.8532818555831909
383;0.00401152390986681;0.8397683501243591
384;0.003559872740879655;0.8880308866500854
385;0.0037032898981124163;0.8725868463516235
386;0.003763944609090686;0.8687258958816528
387;0.003623347030952573;0.8687258958816528
388;0.0037751933559775352;0.8146718144416809
389;0.003586841281503439;0.8610038757324219
390;0.0035557637456804514;0.8687258958816528
391;0.0035569595638662577;0.8783783912658691
392;0.0036177136935293674;0.8552123308181763
393;0.0035872310400009155;0.876447856426239
394;0.0036584960762411356;0.8803088665008545
395;0.0035051777958869934;0.8783783912658691
396;0.0038202598225325346;0.8416988253593445
397;0.003578439587727189;0.8436293601989746
398;0.0035603418946266174;0.8725868463516235
399;0.0034499310422688723;0.8706563711166382
400;0.0034946927335113287;0.8725868463516235
401;0.0034779319539666176;0.8783783912658691
402;0.0034444243647158146;0.8899613618850708
403;0.003495128359645605;0.8822394013404846
404;0.0034697747323662043;0.8899613618850708
405;0.0034601083025336266;0.8552123308181763
406;0.0034910289105027914;0.8687258958816528
407;0.003356154542416334;0.876447856426239
408;0.003589441068470478;0.84555983543396
409;0.0034814435057342052;0.8803088665008545
410;0.0033027082681655884;0.9015443921089172
411;0.0035670348443090916;0.8822394013404846
412;0.003359792288392782;0.8976833820343018
413;0.0033545554615557194;0.9073359370231628
414;0.003167564980685711;0.9054054021835327
415;0.0033767514396458864;0.8706563711166382
416;0.0031669132877141237;0.9034749269485474
417;0.003291403641924262;0.88416987657547
418;0.003213756950572133;0.9054054021835327
419;0.003101237816736102;0.8976833820343018
420;0.0031493916176259518;0.88416987657547
421;0.003188608679920435;0.8957529067993164
422;0.0031712951604276896;0.8957529067993164
423;0.0032147294841706753;0.8590733408927917
424;0.0031755822710692883;0.8957529067993164
425;0.003253594972193241;0.8861004114151001
426;0.003247511573135853;0.88416987657547
427;0.0032112610060721636;0.8706563711166382
428;0.0032763974741101265;0.8880308866500854
429;0.00313518475741148;0.9131274223327637
430;0.0032269663643091917;0.8822394013404846
431;0.003273125272244215;0.8822394013404846
432;0.0032216235995292664;0.8803088665008545
433;0.003050496568903327;0.8918918967247009
434;0.003287684405222535;0.8957529067993164
435;0.0031240535899996758;0.88416987657547
436;0.0030266388785094023;0.8976833820343018
437;0.0030280703213065863;0.8861004114151001
438;0.0031425561755895615;0.8918918967247009
439;0.003160203108564019;0.8899613618850708
440;0.0030315634794533253;0.9208494424819946
441;0.0030772124882787466;0.8976833820343018
442;0.0030166252981871367;0.9092664122581482
443;0.003202890744432807;0.8667953610420227
444;0.002949833171442151;0.9189189076423645
445;0.0029754319693893194;0.9034749269485474
446;0.0029868821147829294;0.9131274223327637
447;0.002958108438178897;0.9092664122581482
448;0.0030171936377882957;0.8861004114151001
449;0.0030460369307547808;0.8976833820343018
450;0.0028815963305532932;0.9111968874931335
451;0.0029714417178183794;0.8996139168739319
452;0.0029566907323896885;0.8880308866500854
453;0.002814752049744129;0.9111968874931335
454;0.002859082305803895;0.9189189076423645
455;0.0029681960586458445;0.9054054021835327
456;0.002917602425441146;0.9131274223327637
457;0.002845182316377759;0.915057897567749
458;0.002847486175596714;0.9092664122581482
459;0.0027943586464971304;0.9208494424819946
460;0.0028198256622999907;0.8976833820343018
461;0.002853980055078864;0.9189189076423645
462;0.0028189197182655334;0.9169884324073792
463;0.002772717736661434;0.9131274223327637
464;0.002795582637190819;0.9054054021835327
465;0.0027091288939118385;0.92277991771698
466;0.0027995905838906765;0.9208494424819946
467;0.002720359480008483;0.9305019378662109
468;0.002802451141178608;0.9305019378662109
469;0.002703320700675249;0.9189189076423645
470;0.002691620960831642;0.9285714030265808
471;0.0026060978416353464;0.9440154433250427
472;0.0027508691418915987;0.9208494424819946
473;0.002697496674954891;0.9092664122581482
474;0.0027208763640373945;0.9247104525566101
475;0.0027947130147367716;0.9266409277915955
476;0.0026619266718626022;0.9247104525566101
477;0.002618888858705759;0.9305019378662109
478;0.002635219134390354;0.92277991771698
479;0.0027405431028455496;0.9343629479408264
480;0.002774425083771348;0.9324324131011963
481;0.0028818794526159763;0.88416987657547
482;0.0027489576023072004;0.9073359370231628
483;0.002814166946336627;0.8976833820343018
484;0.0026669218204915524;0.9111968874931335
485;0.0026543140411376953;0.9343629479408264
486;0.0026004870887845755;0.9362934231758118
487;0.002764536999166012;0.9015443921089172
488;0.0026102818083018064;0.9285714030265808
489;0.0028032211121171713;0.9189189076423645
490;0.002869337797164917;0.88416987657547
491;0.0027808654122054577;0.9169884324073792
492;0.00309292646124959;0.8745173811912537
493;0.00261609791778028;0.9362934231758118
494;0.0032752936240285635;0.8803088665008545
495;0.002647689078003168;0.915057897567749
496;0.003128350479528308;0.8918918967247009
497;0.002871778095141053;0.9247104525566101
498;0.0029769488610327244;0.915057897567749
499;0.0027206263039261103;0.9362934231758118
500;0.003213724819943309;0.8938223719596863
501;0.0029143488500267267;0.9131274223327637
502;0.0031024941708892584;0.8783783912658691
503;0.002812898950651288;0.9343629479408264
504;0.0033546825870871544;0.8996139168739319
505;0.0034749465994536877;0.8803088665008545
506;0.00319728278554976;0.8745173811912537
507;0.0033284977544099092;0.8803088665008545
508;0.003195947501808405;0.8725868463516235
509;0.0031999023631215096;0.8706563711166382
510;0.003006889019161463;0.9073359370231628
511;0.0030079693533480167;0.915057897567749
512;0.0031228852458298206;0.9092664122581482
513;0.0028631165623664856;0.9247104525566101
514;0.002824166091158986;0.9247104525566101
515;0.002983046229928732;0.9111968874931335
516;0.0027784747071564198;0.9382239580154419
517;0.0026228504721075296;0.9440154433250427
518;0.002814230276271701;0.9189189076423645
519;0.0027040853165090084;0.9305019378662109
520;0.0026520078536123037;0.9401544332504272
521;0.0026494434569031;0.9382239580154419
522;0.0025858378503471613;0.9305019378662109
523;0.002600844018161297;0.9189189076423645
524;0.0026800325140357018;0.9189189076423645
525;0.0025954078882932663;0.915057897567749
526;0.0024942243471741676;0.9324324131011963
527;0.002511153928935528;0.9266409277915955
528;0.002435236470773816;0.9382239580154419
529;0.0026686550118029118;0.9285714030265808
530;0.0024490756914019585;0.9362934231758118
531;0.002439351985231042;0.953667938709259
532;0.0024557923898100853;0.9343629479408264
533;0.0024668232072144747;0.9478764533996582
534;0.0024601141922175884;0.9324324131011963
535;0.0023695097770541906;0.9517374634742737
536;0.0023957891389727592;0.9459459185600281
537;0.002319726860150695;0.9420849680900574
538;0.0024017589166760445;0.9401544332504272
539;0.002311613177880645;0.9382239580154419
540;0.002336830133572221;0.9362934231758118
541;0.0022838772274553776;0.9517374634742737
542;0.0022460236214101315;0.9440154433250427
543;0.0022559715434908867;0.9285714030265808
544;0.0023683151230216026;0.92277991771698
545;0.002387461718171835;0.9324324131011963
546;0.002249346347525716;0.9420849680900574
547;0.0021727310959249735;0.9420849680900574
548;0.0022496641613543034;0.9401544332504272
549;0.002246957505121827;0.9382239580154419
550;0.0022203484550118446;0.9478764533996582
551;0.0022914886940270662;0.9382239580154419
552;0.0022307538893073797;0.9420849680900574
553;0.0022534485906362534;0.9401544332504272
554;0.0022629001177847385;0.9305019378662109
555;0.0022463295608758926;0.9266409277915955
556;0.0023097132798284292;0.9324324131011963
557;0.0023187792394310236;0.9382239580154419
558;0.0022983597591519356;0.9285714030265808
559;0.0024413287173956633;0.9169884324073792
560;0.002512365346774459;0.9247104525566101
561;0.00256378878839314;0.9092664122581482
562;0.0023399319034069777;0.9382239580154419
563;0.002693123184144497;0.9169884324073792
564;0.0023675302509218454;0.9266409277915955
565;0.0026134548243135214;0.9266409277915955
566;0.0025608669966459274;0.9034749269485474
567;0.0022948982659727335;0.9324324131011963
568;0.0024282794911414385;0.9285714030265808
569;0.002566942945122719;0.9266409277915955
570;0.0023375225719064474;0.9362934231758118
571;0.002472479594871402;0.9169884324073792
572;0.002346754539757967;0.9420849680900574
573;0.002506987191736698;0.9478764533996582
574;0.002431923057883978;0.9362934231758118
575;0.0023583457805216312;0.9440154433250427
576;0.0023733600974082947;0.9324324131011963
577;0.0022891624830663204;0.9382239580154419
578;0.0023289527744054794;0.9362934231758118
579;0.0022563121747225523;0.9478764533996582
580;0.0023030503652989864;0.9459459185600281
581;0.002198251662775874;0.9382239580154419
582;0.002284306101500988;0.9343629479408264
583;0.00221380521543324;0.92277991771698
584;0.0022240146063268185;0.953667938709259
585;0.0022602935787290335;0.9478764533996582
586;0.002080172300338745;0.9440154433250427
587;0.002166219288483262;0.9459459185600281
588;0.002240236382931471;0.9305019378662109
589;0.0020640732254832983;0.9362934231758118
590;0.002184260869398713;0.9440154433250427
591;0.0022004800848662853;0.9285714030265808
592;0.002076915232464671;0.9555984735488892
593;0.002131648361682892;0.9343629479408264
594;0.0021127022337168455;0.9362934231758118
595;0.002138423267751932;0.9459459185600281
596;0.002059409860521555;0.9575289487838745
597;0.0020367810502648354;0.9459459185600281
598;0.0021174899302423;0.9266409277915955
599;0.001995268976315856;0.9498069286346436
600;0.0020385903771966696;0.9440154433250427
601;0.0020942771807312965;0.9401544332504272
602;0.0020611793734133244;0.9555984735488892
603;0.00200516264885664;0.9459459185600281
604;0.0021088048815727234;0.9362934231758118
605;0.0020998737309128046;0.9459459185600281
606;0.002131669782102108;0.9420849680900574
607;0.002026556059718132;0.96138995885849
608;0.0021250552963465452;0.9343629479408264
609;0.002003435278311372;0.9440154433250427
610;0.002157611073926091;0.9362934231758118
611;0.002002836437895894;0.9420849680900574
612;0.001978381769731641;0.9401544332504272
613;0.00217352993786335;0.9285714030265808
614;0.002154052257537842;0.92277991771698
615;0.002053681993857026;0.9382239580154419
616;0.0021318690851330757;0.9440154433250427
617;0.002167254453524947;0.92277991771698
618;0.0020266533829271793;0.9575289487838745
619;0.002205432625487447;0.9247104525566101
620;0.0020903386175632477;0.9247104525566101
621;0.0021608485840260983;0.9440154433250427
622;0.0021926304325461388;0.9498069286346436
623;0.0021440591663122177;0.9517374634742737
624;0.002146348124369979;0.9382239580154419
625;0.002043117769062519;0.9575289487838745
626;0.002184235258027911;0.9266409277915955
627;0.0019495378946885467;0.9517374634742737
628;0.0021849770564585924;0.9247104525566101
629;0.0021213041618466377;0.9305019378662109
630;0.0019239165121689439;0.9440154433250427
631;0.002062919782474637;0.9420849680900574
632;0.0020278487354516983;0.9440154433250427
633;0.0019023066852241755;0.9459459185600281
634;0.0019433145644143224;0.9478764533996582
635;0.001847198000177741;0.9575289487838745
636;0.0019016005098819733;0.9594594836235046
637;0.002047006506472826;0.9324324131011963
638;0.001867083366960287;0.9459459185600281
639;0.0018998224986717105;0.9420849680900574
640;0.0019971602596342564;0.9517374634742737
641;0.0019045481458306313;0.9517374634742737
642;0.0019233456114307046;0.9343629479408264
643;0.0019787652418017387;0.9362934231758118
644;0.001991494093090296;0.9498069286346436
645;0.0018850879278033972;0.9420849680900574
646;0.001975273247808218;0.9420849680900574
647;0.0018555783899500966;0.9440154433250427
648;0.001843236037530005;0.9459459185600281
649;0.0018913703970611095;0.9594594836235046
650;0.0018227362306788564;0.9575289487838745
651;0.001874397275969386;0.9420849680900574
652;0.001939135487191379;0.9401544332504272
653;0.001826174557209015;0.9517374634742737
654;0.0018999805906787515;0.9420849680900574
655;0.0018464154563844204;0.9440154433250427
656;0.0018730505835264921;0.9362934231758118
657;0.0018065294716507196;0.9555984735488892
658;0.001801714301109314;0.9498069286346436
659;0.001984225818887353;0.9478764533996582
660;0.0018301652744412422;0.9498069286346436
661;0.0019104322418570518;0.9517374634742737
662;0.0018927580676972866;0.9382239580154419
663;0.0018026077887043357;0.9459459185600281
664;0.0018902529263868928;0.9401544332504272
665;0.0018097222782671452;0.9478764533996582
666;0.0018580736359581351;0.9285714030265808
667;0.0018347325967624784;0.9440154433250427
668;0.001999389845877886;0.9343629479408264
669;0.001897062174975872;0.9478764533996582
670;0.00213057454675436;0.92277991771698
671;0.002067066030576825;0.9401544332504272
672;0.002484580036252737;0.9208494424819946
673;0.0020058066584169865;0.9362934231758118
674;0.0023635942488908768;0.9131274223327637
675;0.002483042888343334;0.8938223719596863
676;0.0020389240235090256;0.9555984735488892
677;0.0023712674155831337;0.9324324131011963
678;0.0019917963072657585;0.9401544332504272
679;0.002266334369778633;0.9420849680900574
680;0.002304141176864505;0.9208494424819946
681;0.0020919330418109894;0.9420849680900574
682;0.002021954394876957;0.9478764533996582
683;0.0023318910971283913;0.9401544332504272
684;0.0020659691654145718;0.9343629479408264
685;0.002234193729236722;0.9420849680900574
686;0.002322364831343293;0.9382239580154419
687;0.001995966536924243;0.9459459185600281
688;0.002011149888858199;0.9459459185600281
689;0.002195664681494236;0.9478764533996582
690;0.002054386306554079;0.9459459185600281
691;0.00261486042290926;0.9034749269485474
692;0.002355806063860655;0.9208494424819946
693;0.0023346191737800837;0.9208494424819946
694;0.002405924489721656;0.92277991771698
695;0.0022644230630248785;0.9324324131011963
696;0.0019327269401401281;0.9498069286346436
697;0.002323465421795845;0.9208494424819946
698;0.002230824436992407;0.9324324131011963
699;0.00214667827822268;0.9324324131011963
700;0.001958345528692007;0.9362934231758118
701;0.0019845860078930855;0.9498069286346436
702;0.0021919868886470795;0.9440154433250427
703;0.002193697029724717;0.9382239580154419
704;0.0020388993434607983;0.9343629479408264
705;0.001939525012858212;0.9594594836235046
706;0.0020129515323787928;0.953667938709259
707;0.0021217442117631435;0.9362934231758118
708;0.001941430731676519;0.9498069286346436
709;0.0019001036416739225;0.9440154433250427
710;0.001944551127962768;0.9382239580154419
711;0.001789278700016439;0.96138995885849
712;0.0018701674416661263;0.9440154433250427
713;0.001940855523571372;0.9555984735488892
714;0.0017978864489123225;0.953667938709259
715;0.0019329210044816136;0.9324324131011963
716;0.0018007883336395025;0.9401544332504272
717;0.0018967242212966084;0.9420849680900574
718;0.0018148144008591771;0.9575289487838745
719;0.0018707839772105217;0.9343629479408264
720;0.0018111014505848289;0.9440154433250427
721;0.001806312007829547;0.9362934231758118
722;0.0017954817740246654;0.9459459185600281
723;0.0017786022508516908;0.9652509689331055
724;0.001953783445060253;0.9401544332504272
725;0.0017978883115574718;0.9440154433250427
726;0.0017304845387116075;0.9575289487838745
727;0.001792596885934472;0.9575289487838745
728;0.0017482046969234943;0.9459459185600281
729;0.001791975344531238;0.96138995885849
730;0.0017828673589974642;0.9498069286346436
731;0.0018306098645552993;0.9459459185600281
732;0.0017916284268721938;0.9498069286346436
733;0.001886904938146472;0.9440154433250427
734;0.0017271939432248473;0.9575289487838745
735;0.0019423182820901275;0.9362934231758118
736;0.0029113823547959328;0.8899613618850708
737;0.003135070903226733;0.8725868463516235
738;0.0026492553297430277;0.8996139168739319
739;0.0028470896650105715;0.8629343509674072
740;0.0025249444879591465;0.8938223719596863
741;0.002959621138870716;0.8918918967247009
742;0.0024773571640253067;0.9131274223327637
743;0.0033816141076385975;0.8610038757324219
744;0.0024388269521296024;0.9266409277915955
745;0.0025112107396125793;0.9131274223327637
746;0.002739671152085066;0.8861004114151001
747;0.0022890439722687006;0.9266409277915955
748;0.002435413422062993;0.92277991771698
749;0.002273213816806674;0.9459459185600281
750;0.002444360638037324;0.9343629479408264
751;0.0024741634260863066;0.9362934231758118
752;0.002038222039118409;0.9478764533996582
753;0.0021509237121790648;0.9305019378662109
754;0.002069287234917283;0.9498069286346436
755;0.002192239509895444;0.9440154433250427
756;0.002145955106243491;0.9343629479408264
757;0.0019572630990296602;0.9440154433250427
758;0.0020409978460520506;0.9401544332504272
759;0.0019753030501306057;0.9459459185600281
760;0.0018079511355608702;0.9555984735488892
761;0.001957430737093091;0.9517374634742737
762;0.002012317767366767;0.9382239580154419
763;0.0018634606385603547;0.9498069286346436
764;0.0020462514366954565;0.9362934231758118
765;0.0020787043031305075;0.9208494424819946
766;0.0018840441480278969;0.9420849680900574
767;0.0018066406482830644;0.953667938709259
768;0.001957389060407877;0.9420849680900574
769;0.0019088350236415863;0.9575289487838745
770;0.0018834681250154972;0.9478764533996582
771;0.00171951437368989;0.953667938709259
772;0.001717476057820022;0.9555984735488892
773;0.001800364232622087;0.9343629479408264
774;0.0017175045795738697;0.9633204340934753
775;0.0019059478072449565;0.9459459185600281
776;0.0017684081103652716;0.9498069286346436
777;0.0018314085900783539;0.9440154433250427
778;0.0018051123479381204;0.9498069286346436
779;0.0017184977186843753;0.9555984735488892
780;0.001712595229037106;0.9498069286346436
781;0.0018356047803536057;0.9362934231758118
782;0.0016631392063573003;0.9459459185600281
783;0.001690394594334066;0.9633204340934753
784;0.0016610141610726714;0.9594594836235046
785;0.0016669644974172115;0.9575289487838745
786;0.0016219626413658261;0.9671814441680908
787;0.001653954852372408;0.9459459185600281
788;0.0016553205205127597;0.9594594836235046
789;0.0016429685056209564;0.9555984735488892
790;0.0015750033780932426;0.96138995885849
791;0.0015904364408925176;0.9517374634742737
792;0.0016072401776909828;0.9517374634742737
793;0.0016476585296913981;0.9575289487838745
794;0.001574687659740448;0.9440154433250427
795;0.0015183758223429322;0.9652509689331055
796;0.0016076377360150218;0.953667938709259
797;0.0015852120704948902;0.9517374634742737
798;0.0015158888418227434;0.953667938709259
799;0.0015504348557442427;0.953667938709259
800;0.0015542322071269155;0.953667938709259
801;0.0015811286866664886;0.9633204340934753
802;0.0015159478643909097;0.9498069286346436
803;0.0015165203949436545;0.9575289487838745
804;0.0014808456180617213;0.9633204340934753
805;0.0015203319489955902;0.96138995885849
806;0.0015048934146761894;0.953667938709259
807;0.0014763150829821825;0.9575289487838745
808;0.0015026699984446168;0.9555984735488892
809;0.0014782032230868936;0.96138995885849
810;0.0015002248110249639;0.9517374634742737
811;0.001505413674749434;0.9594594836235046
812;0.0015188849065452814;0.9555984735488892
813;0.0015436970861628652;0.9555984735488892
814;0.001457312610000372;0.953667938709259
815;0.0015573586570098996;0.9498069286346436
816;0.0015207581454887986;0.9498069286346436
817;0.001505678752437234;0.9555984735488892
818;0.0014296026201918721;0.9575289487838745
819;0.0015849594492465258;0.9305019378662109
820;0.0014656893908977509;0.9671814441680908
821;0.0016062032664194703;0.9478764533996582
822;0.0016085149254649878;0.9362934231758118
823;0.0015392983332276344;0.953667938709259
824;0.0016175288474187255;0.9594594836235046
825;0.0015741827664896846;0.953667938709259
826;0.0014964775182306767;0.9633204340934753
827;0.0015812083147466183;0.9478764533996582
828;0.0014880724484100938;0.953667938709259
829;0.0014917212538421154;0.9575289487838745
830;0.0015077512944117188;0.9517374634742737
831;0.0014646768104285002;0.9633204340934753
832;0.001431859564036131;0.9633204340934753
833;0.0014263414777815342;0.9652509689331055
834;0.0014747583772987127;0.953667938709259
835;0.001413326128385961;0.9671814441680908
836;0.0015011103823781013;0.9498069286346436
837;0.0014827088452875614;0.9594594836235046
838;0.001412870711646974;0.9498069286346436
839;0.0014003947144374251;0.9594594836235046
840;0.001432651188224554;0.9555984735488892
841;0.0014771131100133061;0.953667938709259
842;0.0014789854176342487;0.9555984735488892
843;0.0014378993073478341;0.9594594836235046
844;0.0014249932719394565;0.9517374634742737
845;0.0014046606374904513;0.9671814441680908
846;0.0014307084493339062;0.9517374634742737
847;0.0014448660658672452;0.9594594836235046
848;0.0014017662033438683;0.9652509689331055
849;0.0014943702844902873;0.9478764533996582
850;0.0014409779105335474;0.9652509689331055
851;0.0015215863240882754;0.9555984735488892
852;0.0014194869436323643;0.96138995885849
853;0.0014477834338322282;0.953667938709259
854;0.0014849229482933879;0.9575289487838745
855;0.0014447277644649148;0.9594594836235046
856;0.0014418975915759802;0.9652509689331055
857;0.001450653770007193;0.969111979007721
858;0.00149892910849303;0.9594594836235046
859;0.0014796560863032937;0.9440154433250427
860;0.0014093667268753052;0.9652509689331055
861;0.0014830419095233083;0.953667938709259
862;0.0014419711660593748;0.9555984735488892
863;0.001552720321342349;0.9575289487838745
864;0.00148434576112777;0.9420849680900574
865;0.0014818500494584441;0.9382239580154419
866;0.001457896432839334;0.9633204340934753
867;0.001457163947634399;0.9555984735488892
868;0.0014595697866752744;0.9498069286346436
869;0.0013923532096669078;0.9594594836235046
870;0.0013805259950459003;0.9652509689331055
871;0.0013513496378436685;0.969111979007721
872;0.0014558510156348348;0.953667938709259
873;0.001434873789548874;0.9498069286346436
874;0.0014670694945380092;0.9575289487838745
875;0.0013798652216792107;0.9575289487838745
876;0.0015041641891002655;0.9555984735488892
877;0.0013674707151949406;0.9594594836235046
878;0.0013783915201202035;0.9575289487838745
879;0.001405098708346486;0.9671814441680908
880;0.0014707293594256043;0.9555984735488892
881;0.0014951765770092607;0.9652509689331055
882;0.0017539843684062362;0.9343629479408264
883;0.001370320445857942;0.9652509689331055
884;0.0016199727542698383;0.9459459185600281
885;0.0016279316041618586;0.9517374634742737
886;0.0014064278220757842;0.969111979007721
887;0.0016868930542841554;0.9382239580154419
888;0.0014250410022214055;0.9594594836235046
889;0.0013973622117191553;0.9671814441680908
890;0.0015569626120850444;0.9459459185600281
891;0.0015701879747211933;0.9382239580154419
892;0.001433179248124361;0.9575289487838745
893;0.001503370818682015;0.9517374634742737
894;0.0013657999224960804;0.9729729890823364
895;0.0014511898625642061;0.9652509689331055
896;0.0014159823767840862;0.9594594836235046
897;0.0013533757301047444;0.9633204340934753
898;0.0013988479040563107;0.9633204340934753
899;0.0015317769721150398;0.9671814441680908
900;0.0014298658352345228;0.9710424542427063
901;0.0013725344324484468;0.9652509689331055
902;0.0014231954701244831;0.9787644743919373
903;0.00150850520003587;0.9652509689331055
904;0.0013786538038402796;0.96138995885849
905;0.0013554177712649107;0.969111979007721
906;0.0014786429237574339;0.953667938709259
907;0.0015737697249278426;0.9575289487838745
908;0.0013793453108519316;0.9671814441680908
909;0.0015235149767249823;0.9633204340934753
910;0.0014019651571288705;0.9575289487838745
911;0.0013303410960361362;0.96138995885849
912;0.0014186444459483027;0.9633204340934753
913;0.0014849011786282063;0.9555984735488892
914;0.0013756219996139407;0.9633204340934753
915;0.0012962110340595245;0.969111979007721
916;0.0014590370701625943;0.9671814441680908
917;0.0014363940572366118;0.9517374634742737
918;0.0013586224522441626;0.9671814441680908
919;0.0013545335968956351;0.953667938709259
920;0.0013367485953494906;0.9671814441680908
921;0.001290592597797513;0.969111979007721
922;0.0013532559387385845;0.96138995885849
923;0.0013892798451706767;0.9517374634742737
924;0.0013616344658657908;0.9652509689331055
925;0.0013100731885060668;0.9710424542427063
926;0.0013722962466999888;0.9594594836235046
927;0.0013295263051986694;0.9594594836235046
928;0.0013796159764751792;0.9671814441680908
929;0.0013692033244296908;0.9594594836235046
930;0.0012795317452400923;0.9671814441680908
931;0.0012986331712454557;0.9652509689331055
932;0.0013636322692036629;0.9749034643173218
933;0.0012966010253876448;0.96138995885849
934;0.0013777035055682063;0.9652509689331055
935;0.0013078802730888128;0.9710424542427063
936;0.001317520858719945;0.9671814441680908
937;0.0013682952849194407;0.9633204340934753
938;0.0013125643599778414;0.9710424542427063
939;0.0013590407324954867;0.9729729890823364
940;0.0013203573180362582;0.9633204340934753
941;0.0013106970582157373;0.9652509689331055
942;0.0013206517323851585;0.953667938709259
943;0.0013408100930973887;0.9652509689331055
944;0.0012467365013435483;0.9749034643173218
945;0.001317008282057941;0.96138995885849
946;0.001268561463803053;0.9787644743919373
947;0.0013052693102508783;0.9710424542427063
948;0.0012798176612704992;0.9633204340934753
949;0.0012476163683459163;0.9729729890823364
950;0.0012610520934686065;0.9787644743919373
951;0.0012444838648661971;0.969111979007721
952;0.0012691993033513427;0.9710424542427063
953;0.0012976076686754823;0.9594594836235046
954;0.0012854508822783828;0.9749034643173218
955;0.0012461338192224503;0.9729729890823364
956;0.0012141140177845955;0.9864864945411682
957;0.0013039022451266646;0.9575289487838745
958;0.0012811077758669853;0.9710424542427063
959;0.001226040767505765;0.9729729890823364
960;0.001235606032423675;0.9749034643173218
961;0.0011566102039068937;0.9845559597015381
962;0.0012866629986092448;0.9498069286346436
963;0.001237811055034399;0.9652509689331055
964;0.0012879231944680214;0.9749034643173218
965;0.001249508815817535;0.9749034643173218
966;0.0012455458054319024;0.9633204340934753
967;0.0012610325356945395;0.9633204340934753
968;0.001272638444788754;0.9749034643173218
969;0.0011969133047387004;0.9787644743919373
970;0.0013050216948613524;0.9749034643173218
971;0.001225768937729299;0.9768339991569519
972;0.001332919462583959;0.9729729890823364
973;0.0012042875168845057;0.9806950092315674
974;0.0012804424623027444;0.9729729890823364
975;0.0012482887832447886;0.9710424542427063
976;0.0012573488056659698;0.9652509689331055
977;0.0013015030417591333;0.9710424542427063
978;0.0012670480646193027;0.9749034643173218
979;0.001444057677872479;0.9517374634742737
980;0.0013258846011012793;0.9594594836235046
981;0.0017725762445479631;0.9305019378662109
982;0.001568730571307242;0.9517374634742737
983;0.0017209041398018599;0.953667938709259
984;0.0019644368439912796;0.9382239580154419
985;0.0019323633750900626;0.9401544332504272
986;0.0025408961810171604;0.8629343509674072
987;0.0020248093642294407;0.9305019378662109
988;0.003396837040781975;0.8301158547401428
989;0.007459777407348156;0.5521235466003418
990;0.0038925546687096357;0.7972972989082336
991;0.004918137565255165;0.7374517321586609
992;0.003999623935669661;0.8050193190574646
993;0.00463667931035161;0.799227774143219
994;0.003721145913004875;0.8687258958816528
995;0.0032331706024706364;0.8803088665008545
996;0.003972229547798634;0.7934362888336182
997;0.0032577814999967813;0.8648648858070374
998;0.003429254051297903;0.876447856426239
999;0.0033516616094857454;0.8590733408927917
1000;0.0029668747447431087;0.8938223719596863
1001;0.002980409888550639;0.876447856426239
1002;0.002804693765938282;0.9015443921089172
1003;0.002956919139251113;0.8996139168739319
1004;0.0030096382834017277;0.8976833820343018
1005;0.002431225497275591;0.9266409277915955
1006;0.002592806238681078;0.9111968874931335
1007;0.002537104766815901;0.9208494424819946
1008;0.0023748755920678377;0.915057897567749
1009;0.002409377135336399;0.92277991771698
1010;0.0024802167899906635;0.9169884324073792
1011;0.0021648756228387356;0.9305019378662109
1012;0.0023335732985287905;0.9324324131011963
1013;0.0020808675326406956;0.9594594836235046
1014;0.0020407536067068577;0.9652509689331055
1015;0.0021769488230347633;0.9401544332504272
1016;0.00200453819707036;0.9710424542427063
1017;0.001978488638997078;0.969111979007721
1018;0.0019155899062752724;0.9594594836235046
1019;0.0018445050809532404;0.9594594836235046
1020;0.0016919171903282404;0.9749034643173218
1021;0.0017929351888597012;0.969111979007721
1022;0.001683262293227017;0.9787644743919373
1023;0.0017396473558619618;0.96138995885849
1024;0.0016300231218338013;0.9768339991569519
1025;0.001642788527533412;0.9768339991569519
1026;0.0016667218878865242;0.969111979007721
1027;0.0015364899300038815;0.9768339991569519
1028;0.0015694296453148127;0.9710424542427063
1029;0.0015266623813658953;0.9652509689331055
1030;0.0014330148696899414;0.9671814441680908
1031;0.0014556044479832053;0.9749034643173218
1032;0.00143075967207551;0.9729729890823364
1033;0.001491000410169363;0.9768339991569519
1034;0.0014089448377490044;0.9768339991569519
1035;0.0013509050477296114;0.9826254844665527
1036;0.0014282341580837965;0.9749034643173218
1037;0.001415772014297545;0.969111979007721
1038;0.0013596839271485806;0.9806950092315674
1039;0.0012719499645754695;0.9806950092315674
1040;0.0013779945438727736;0.9729729890823364
1041;0.0012728655710816383;0.9826254844665527
1042;0.0012950104428455234;0.9729729890823364
1043;0.0012832785723730922;0.9806950092315674
1044;0.0012722605606541038;0.9729729890823364
1045;0.0012985399225726724;0.9749034643173218
1046;0.001198448590002954;0.9864864945411682
1047;0.0012911739759147167;0.9768339991569519
1048;0.0012321191607043147;0.9768339991569519
1049;0.0012769149616360664;0.969111979007721
1050;0.0012578829191625118;0.9729729890823364
1051;0.001301662647165358;0.969111979007721
1052;0.001225528889335692;0.9671814441680908
1053;0.0012469490757212043;0.9787644743919373
1054;0.0012505837948992848;0.9768339991569519
1055;0.0013024319196119905;0.9749034643173218
1056;0.0012300305534154177;0.9806950092315674
1057;0.001162141328677535;0.9787644743919373
1058;0.0012054926482960582;0.9787644743919373
1059;0.001186853856779635;0.9826254844665527
1060;0.0012386362068355083;0.9710424542427063
1061;0.0012141355546191335;0.9787644743919373
1062;0.0012008107732981443;0.9806950092315674
1063;0.0011868546716868877;0.9845559597015381
1064;0.0012174829607829452;0.9806950092315674
1065;0.0011482049012556672;0.9806950092315674
1066;0.0012256030458956957;0.9826254844665527
1067;0.0012110808165743947;0.9826254844665527
1068;0.0012320172972977161;0.969111979007721
1069;0.0011597260599955916;0.9787644743919373
1070;0.0012081192107871175;0.9845559597015381
1071;0.0011702380143105984;0.9806950092315674
1072;0.0011046549770981073;0.9806950092315674
1073;0.0011639798758551478;0.9826254844665527
1074;0.0011682565091177821;0.9787644743919373
1075;0.0011956418165937066;0.9749034643173218
1076;0.0011685641948133707;0.9749034643173218
1077;0.0010917310137301683;0.9768339991569519
1078;0.0011738450266420841;0.9787644743919373
1079;0.0011643099132925272;0.9768339991569519
1080;0.0011749244295060635;0.9826254844665527
1081;0.0012150241527706385;0.9806950092315674
1082;0.001147667528130114;0.9787644743919373
1083;0.0011395877227187157;0.9845559597015381
1084;0.0011012211907655;0.9826254844665527
1085;0.0012101740576326847;0.9826254844665527
1086;0.001212147530168295;0.9710424542427063
1087;0.001102192560210824;0.9826254844665527
1088;0.0011130416532978415;0.9806950092315674
1089;0.0011367398547008634;0.9787644743919373
1090;0.0011047929292544723;0.9768339991569519
1091;0.0011272672563791275;0.9768339991569519
1092;0.001100527704693377;0.9845559597015381
1093;0.0010985283879563212;0.9845559597015381
1094;0.001130304648540914;0.9845559597015381
1095;0.0011166322510689497;0.9768339991569519
1096;0.0011515207588672638;0.9806950092315674
1097;0.0010791857494041324;0.9826254844665527
1098;0.00116971624083817;0.9749034643173218
1099;0.001109776203520596;0.9768339991569519
1100;0.0011066958541050553;0.9787644743919373
1101;0.0011170749785378575;0.9806950092315674
1102;0.0010883857030421495;0.9787644743919373
1103;0.0011208750074729323;0.969111979007721
1104;0.0010668319882825017;0.9864864945411682
1105;0.0010592092294245958;0.9864864945411682
1106;0.0010900705819949508;0.9845559597015381
1107;0.0012334361672401428;0.9729729890823364
1108;0.0010686013847589493;0.9806950092315674
1109;0.0010605454444885254;0.9806950092315674
1110;0.001197698526084423;0.9710424542427063
1111;0.0011083218269050121;0.9787644743919373
1112;0.0011051150504499674;0.9806950092315674
1113;0.001206898596137762;0.9671814441680908
1114;0.0010882135247811675;0.9845559597015381
1115;0.001114116283133626;0.9671814441680908
1116;0.0011822229716926813;0.9633204340934753
1117;0.0011324710212647915;0.9845559597015381
1118;0.0011281829793006182;0.9806950092315674
1119;0.00109146349132061;0.9768339991569519
1120;0.0010173108894377947;0.9826254844665527
1121;0.0010532147716730833;0.9806950092315674
1122;0.0011289588874205947;0.9787644743919373
1123;0.0011174180544912815;0.9729729890823364
1124;0.0010694933589547873;0.9787644743919373
1125;0.0010890350677073002;0.9826254844665527
1126;0.001113780657760799;0.9826254844665527
1127;0.0010725867468863726;0.9806950092315674
1128;0.0010810592211782932;0.9845559597015381
1129;0.0012059403816238046;0.9710424542427063
1130;0.0010718104895204306;0.9864864945411682
1131;0.0010551587911322713;0.9845559597015381
1132;0.0013207057490944862;0.9671814441680908
1133;0.0010754052782431245;0.9768339991569519
1134;0.001206023502163589;0.9671814441680908
1135;0.0011694772401824594;0.9671814441680908
1136;0.0011705182259902358;0.9903475046157837
1137;0.0011193095706403255;0.9826254844665527
1138;0.0011982466094195843;0.9652509689331055
1139;0.0011424252297729254;0.9768339991569519
1140;0.0011037127114832401;0.9845559597015381
1141;0.001137630781158805;0.9652509689331055
1142;0.001162391621619463;0.9671814441680908
1143;0.001100538414902985;0.9768339991569519
1144;0.0010127328569069505;0.9826254844665527
1145;0.0010586217977106571;0.9749034643173218
1146;0.0010348933283239603;0.9845559597015381
1147;0.001054347725585103;0.9768339991569519
1148;0.0010431826813146472;0.9845559597015381
1149;0.0010387784568592906;0.9826254844665527
1150;0.0009874936658889055;0.9845559597015381
1151;0.0010653369827196002;0.9806950092315674
1152;0.001098006614483893;0.9729729890823364
1153;0.0010333098471164703;0.9845559597015381
1154;0.001049401587806642;0.9826254844665527
1155;0.0010113217867910862;0.9826254844665527
1156;0.0010066530667245388;0.9806950092315674
1157;0.0009933392284438014;0.9845559597015381
1158;0.00103053729981184;0.9826254844665527
1159;0.0010149003937840462;0.9806950092315674
1160;0.0010496480390429497;0.9806950092315674
1161;0.0010763687314465642;0.9652509689331055
1162;0.001012315507978201;0.9864864945411682
1163;0.0010060940403491259;0.9845559597015381
1164;0.0009963783668354154;0.9826254844665527
1165;0.000990548636764288;0.9806950092315674
1166;0.0009577083401381969;0.9845559597015381
1167;0.0010002037743106484;0.9806950092315674
1168;0.0009678349015302956;0.9787644743919373
1169;0.0009617196628823876;0.9884169697761536
1170;0.0009858465055003762;0.9845559597015381
1171;0.0009919453877955675;0.9806950092315674
1172;0.0009693771717138588;0.9845559597015381
1173;0.0010161715326830745;0.9845559597015381
1174;0.0009629528503865004;0.9864864945411682
1175;0.0009761433466337621;0.9826254844665527
1176;0.0009714636253193021;0.9806950092315674
1177;0.0009603090584278107;0.9884169697761536
1178;0.0009643309749662876;0.9826254844665527
1179;0.0009439621935598552;0.9864864945411682
1180;0.000959225813858211;0.9806950092315674
1181;0.0010124592809006572;0.9806950092315674
1182;0.000981191755272448;0.9845559597015381
1183;0.0009803608991205692;0.9826254844665527
1184;0.000996128423139453;0.9903475046157837
1185;0.0009838955011218786;0.9826254844665527
1186;0.000948391854763031;0.9845559597015381
1187;0.0009808901231735945;0.9826254844665527
1188;0.0011120089329779148;0.9671814441680908
1189;0.0015822283457964659;0.9459459185600281
1190;0.0017686932114884257;0.9440154433250427
1191;0.001375694409944117;0.9594594836235046
1192;0.0013363424222916365;0.969111979007721
1193;0.001749992254190147;0.9420849680900574
1194;0.001300388714298606;0.9787644743919373
1195;0.0016501961508765817;0.9575289487838745
1196;0.0014291652478277683;0.9768339991569519
1197;0.0013202470727264881;0.969111979007721
1198;0.0013212434714660048;0.9768339991569519
1199;0.0012539185117930174;0.9806950092315674
1200;0.0016648969613015652;0.9478764533996582
1201;0.001194498036056757;0.9845559597015381
1202;0.0016462573548778892;0.9729729890823364
1203;0.0012610572157427669;0.9768339991569519
1204;0.0016751311486586928;0.9652509689331055
1205;0.0019305768655613065;0.9266409277915955
1206;0.0014951950870454311;0.9710424542427063
1207;0.0019046766683459282;0.9440154433250427
1208;0.0020027088467031717;0.92277991771698
1209;0.0018169395625591278;0.9555984735488892
1210;0.0015731144230812788;0.969111979007721
1211;0.0018038974376395345;0.9498069286346436
1212;0.001659500296227634;0.9555984735488892
1213;0.00156494602560997;0.9555984735488892
1214;0.0015595614677295089;0.9517374634742737
1215;0.001577970222570002;0.9575289487838745
1216;0.0020089903846383095;0.9266409277915955
1217;0.0014354921877384186;0.9787644743919373
1218;0.0017087054438889027;0.9787644743919373
1219;0.002295046579092741;0.9343629479408264
1220;0.0014180674916133285;0.9768339991569519
1221;0.0017775382148101926;0.9498069286346436
1222;0.0015759826637804508;0.969111979007721
1223;0.0015619478654116392;0.9787644743919373
1224;0.0015992596745491028;0.9768339991569519
1225;0.0013949971180409193;0.9768339991569519
1226;0.0012661031214520335;0.9864864945411682
1227;0.001344593707472086;0.969111979007721
1228;0.001414273283444345;0.969111979007721
1229;0.0012463025050237775;0.9864864945411682
1230;0.0015001879073679447;0.9517374634742737
1231;0.0012746619759127498;0.9787644743919373
1232;0.0012304228730499744;0.9787644743919373
1233;0.0012843197910115123;0.969111979007721
1234;0.0011881047394126654;0.9729729890823364
1235;0.0011905127903446555;0.9845559597015381
1236;0.001163895707577467;0.9845559597015381
1237;0.001275279326364398;0.9555984735488892
1238;0.0011859622318297625;0.969111979007721
1239;0.0011159871937707067;0.9806950092315674
1240;0.001077660359442234;0.9864864945411682
1241;0.0011541261337697506;0.9710424542427063
1242;0.001118528307415545;0.9729729890823364
1243;0.0010126316919922829;0.9806950092315674
1244;0.001074841944500804;0.9787644743919373
1245;0.001086197909899056;0.9884169697761536
1246;0.0010033153230324388;0.9806950092315674
1247;0.0010620905086398125;0.9826254844665527
1248;0.0009907414205372334;0.9768339991569519
1249;0.0009974652202799916;0.9826254844665527
1250;0.0009597419411875308;0.9864864945411682
1251;0.0009625996463000774;0.9806950092315674
1252;0.0009758539381437004;0.9806950092315674
1253;0.0009979517199099064;0.9787644743919373
1254;0.000961492711212486;0.9884169697761536
1255;0.0009285802370868623;0.9845559597015381
1256;0.0009343780111521482;0.9864864945411682
1257;0.0009102770709432662;0.9864864945411682
1258;0.0009273035684600472;0.9845559597015381
1259;0.0009446769254282117;0.9768339991569519
1260;0.0009162478963844478;0.9845559597015381
1261;0.0008890219032764435;0.9806950092315674
1262;0.0009017989505082369;0.9806950092315674
1263;0.0008985209278762341;0.9787644743919373
1264;0.0009440002613700926;0.9826254844665527
1265;0.0009014874813146889;0.9787644743919373
1266;0.0008580650319345295;0.9826254844665527
1267;0.0008760548662394285;0.9884169697761536
1268;0.000854765996336937;0.9884169697761536
1269;0.0008755188900977373;0.9845559597015381
1270;0.0009070872329175472;0.9826254844665527
1271;0.000859718827996403;0.9826254844665527
1272;0.0008583173039369285;0.9845559597015381
1273;0.0008991792565211654;0.9845559597015381
1274;0.0008801583899185061;0.9864864945411682
1275;0.0009068516665138304;0.9864864945411682
1276;0.0008936048834584653;0.9864864945411682
1277;0.0008840864174999297;0.9768339991569519
1278;0.0008863233961164951;0.9864864945411682
1279;0.0008519096882082522;0.9826254844665527
1280;0.0008523022406734526;0.9845559597015381
1281;0.0008131436770781875;0.9864864945411682
1282;0.0008798226481303573;0.9787644743919373
1283;0.0009147865930572152;0.9787644743919373
1284;0.0008667418151162565;0.9787644743919373
1285;0.0008606360061094165;0.9787644743919373
1286;0.0008756239549256861;0.9806950092315674
1287;0.0008517077076248825;0.9768339991569519
1288;0.0008595074759796262;0.9826254844665527
1289;0.0008673702832311392;0.9884169697761536
1290;0.0008823777898214757;0.9845559597015381
1291;0.0008545214077457786;0.9884169697761536
1292;0.0008506191661581397;0.9845559597015381
1293;0.0008307342068292201;0.9826254844665527
1294;0.0008433667826466262;0.9845559597015381
1295;0.0008614254184067249;0.9845559597015381
1296;0.0008737915195524693;0.9768339991569519
1297;0.0008748742984607816;0.9729729890823364
1298;0.0008276606095023453;0.9845559597015381
1299;0.0008228654623962939;0.9845559597015381
1300;0.0008288710378110409;0.9845559597015381
1301;0.0008457296062260866;0.9787644743919373
1302;0.0009107689838856459;0.9826254844665527
1303;0.0008615784463472664;0.9864864945411682
1304;0.0008520878036506474;0.9806950092315674
1305;0.0008154880488291383;0.9826254844665527
1306;0.0008649008814245462;0.9826254844665527
1307;0.0008664253982715309;0.9845559597015381
1308;0.0008051937911659479;0.9806950092315674
1309;0.0008269406389445066;0.9845559597015381
1310;0.00082268106052652;0.9826254844665527
1311;0.0008174810791388154;0.9806950092315674
1312;0.0008453960181213915;0.9806950092315674
1313;0.0008259625174105167;0.9826254844665527
1314;0.0008334019221365452;0.9826254844665527
1315;0.0008286602678708732;0.9864864945411682
1316;0.0008085088920779526;0.9864864945411682
1317;0.0008642057073302567;0.9845559597015381
1318;0.0008003812399692833;0.9845559597015381
1319;0.0008333601290360093;0.9806950092315674
1320;0.0008382949163205922;0.9845559597015381
1321;0.0008711189148016274;0.9787644743919373
1322;0.0008152733789756894;0.9787644743919373
1323;0.0008005966083146632;0.9826254844665527
1324;0.0008474454516544938;0.9845559597015381
1325;0.0008085732697509229;0.9826254844665527
1326;0.0008077188394963741;0.9826254844665527
1327;0.0008424858096987009;0.9826254844665527
1328;0.000780599017161876;0.9845559597015381
1329;0.0008209334337152541;0.9826254844665527
1330;0.0008446455467492342;0.9806950092315674
1331;0.0007778465515002608;0.9806950092315674
1332;0.0008418954676017165;0.9845559597015381
1333;0.0008213522960431874;0.9864864945411682
1334;0.0008357421029359102;0.9806950092315674
1335;0.0008410838199779391;0.9787644743919373
1336;0.0008068472379818559;0.9806950092315674
1337;0.000862721586599946;0.9806950092315674
1338;0.0008146385080181062;0.9826254844665527
1339;0.0008270000689662993;0.9826254844665527
1340;0.0007861560443416238;0.9826254844665527
1341;0.0008336162427440286;0.9845559597015381
1342;0.0007691826904192567;0.9826254844665527
1343;0.0008434471674263477;0.9826254844665527
1344;0.0008620661683380604;0.9633204340934753
1345;0.0008250423707067966;0.9806950092315674
1346;0.0008518312242813408;0.9787644743919373
1347;0.0008245899807661772;0.9806950092315674
1348;0.0008564479649066925;0.9787644743919373
1349;0.0008313454454764724;0.9864864945411682
1350;0.000810984696727246;0.9845559597015381
1351;0.0009500916348770261;0.9806950092315674
1352;0.000875547993928194;0.9826254844665527
1353;0.0008396212942898273;0.9826254844665527
1354;0.0008711452828720212;0.9806950092315674
1355;0.0009307931177318096;0.9787644743919373
1356;0.0008653309196233749;0.9864864945411682
1357;0.0008592188823968172;0.9864864945411682
1358;0.0009266994311474264;0.9826254844665527
1359;0.0008509856415912509;0.9864864945411682
1360;0.0008797605405561626;0.9826254844665527
1361;0.0008498647948727012;0.9864864945411682
1362;0.0008478006930090487;0.992277979850769
1363;0.0008421687525697052;0.9826254844665527
1364;0.0008065279107540846;0.9806950092315674
1365;0.0008265802171081305;0.9768339991569519
1366;0.0008857980137690902;0.9806950092315674
1367;0.000844937632791698;0.9826254844665527
1368;0.0008107242174446583;0.9826254844665527
1369;0.0008438004297204316;0.9845559597015381
1370;0.0008772932924330235;0.9710424542427063
1371;0.0008030853350646794;0.9864864945411682
1372;0.0008587590418756008;0.9826254844665527
1373;0.0008499380783177912;0.9826254844665527
1374;0.0008071503834798932;0.9806950092315674
1375;0.0008461675606667995;0.9806950092315674
1376;0.0008267494267784059;0.9845559597015381
1377;0.0007734527462162077;0.9864864945411682
1378;0.0008364961249753833;0.9787644743919373
1379;0.0008210958330892026;0.9826254844665527
1380;0.0008325199014507234;0.9826254844665527
1381;0.0008331022690981627;0.9826254844665527
1382;0.0007987894350662827;0.9826254844665527
1383;0.0008427808643318713;0.9806950092315674
1384;0.0007441414636559784;0.9884169697761536
1385;0.0008102729334495962;0.9826254844665527
1386;0.0008083915454335511;0.9787644743919373
1387;0.0007796339923515916;0.9826254844665527
1388;0.0007914733723737299;0.9826254844665527
1389;0.0008068294846452773;0.9845559597015381
1390;0.0007818080484867096;0.9826254844665527
1391;0.0007631704793311656;0.9845559597015381
1392;0.000779922993388027;0.9845559597015381
1393;0.0007689279154874384;0.9845559597015381
1394;0.0007950334111228585;0.9864864945411682
1395;0.0007518140482716262;0.9845559597015381
1396;0.0007928690174594522;0.9826254844665527
1397;0.0008194958209060133;0.9787644743919373
1398;0.0007816290599294007;0.9845559597015381
1399;0.0007706154137849808;0.9864864945411682
1400;0.0007758743595331907;0.9864864945411682
1401;0.0007629427127540112;0.9806950092315674
1402;0.0007591530447825789;0.9884169697761536
1403;0.0007729232311248779;0.9806950092315674
1404;0.000724667392205447;0.9826254844665527
1405;0.0007813162519596517;0.9864864945411682
1406;0.000756578694563359;0.9845559597015381
1407;0.0007559729856438935;0.9806950092315674
1408;0.0007991138263605535;0.9806950092315674
1409;0.000801164482254535;0.9845559597015381
1410;0.0007708065095357597;0.9845559597015381
1411;0.0007464640075340867;0.9884169697761536
1412;0.0007802320760674775;0.9806950092315674
1413;0.0008039991371333599;0.9845559597015381
1414;0.0007689023623242974;0.9806950092315674
1415;0.0007474485319107771;0.9826254844665527
1416;0.0007574568735435605;0.9787644743919373
1417;0.0007753798854537308;0.9845559597015381
1418;0.0007801856263540685;0.9826254844665527
1419;0.0007524251122958958;0.9845559597015381
1420;0.0008071016636677086;0.9806950092315674
1421;0.0009608402033336461;0.9555984735488892
1422;0.0007627391023561358;0.9864864945411682
1423;0.0010649992618709803;0.96138995885849
1424;0.0007976718479767442;0.9845559597015381
1425;0.0007697955006733537;0.9845559597015381
1426;0.0008136079995892942;0.9826254844665527
1427;0.0009349962347187102;0.9768339991569519
1428;0.0009443174349144101;0.9633204340934753
1429;0.0010405760258436203;0.9729729890823364
1430;0.001180220628157258;0.9440154433250427
1431;0.0008937463280744851;0.9768339991569519
1432;0.0012333467602729797;0.9555984735488892
1433;0.0008135901880450547;0.9864864945411682
1434;0.00110897165723145;0.9594594836235046
1435;0.001041088835336268;0.9671814441680908
1436;0.00103354814928025;0.9768339991569519
1437;0.0009440428693778813;0.9826254844665527
1438;0.0017051787581294775;0.9324324131011963
1439;0.0014738020254299045;0.9420849680900574
1440;0.0009521067840978503;0.9864864945411682
1441;0.0012833205983042717;0.969111979007721
1442;0.0013000504113733768;0.9652509689331055
1443;0.0010417855810374022;0.9826254844665527
1444;0.0009906538762152195;0.9806950092315674
1445;0.0012590645346790552;0.9633204340934753
1446;0.0010384363122284412;0.9845559597015381
1447;0.0010412493720650673;0.9864864945411682
1448;0.001067728502675891;0.9806950092315674
1449;0.00113034644164145;0.9845559597015381
1450;0.001029268023557961;0.9806950092315674
1451;0.0009751711040735245;0.9826254844665527
1452;0.0009691013256087899;0.9749034643173218
1453;0.0009664930403232574;0.9826254844665527
1454;0.0010091112926602364;0.9845559597015381
1455;0.0010413198033347726;0.9845559597015381
1456;0.0010785540798678994;0.9710424542427063
1457;0.0008986422326415777;0.9826254844665527
1458;0.0008180098957382143;0.9845559597015381
1459;0.0008867435972206295;0.9787644743919373
1460;0.0009028135100379586;0.9884169697761536
1461;0.0010722195729613304;0.9633204340934753
1462;0.0008415858610533178;0.9864864945411682
1463;0.00086256890790537;0.9806950092315674
1464;0.0008617503917776048;0.9806950092315674
1465;0.0008355944883078337;0.9806950092315674
1466;0.000836845429148525;0.9806950092315674
1467;0.0008605922921560705;0.9806950092315674
1468;0.0008847902645356953;0.9845559597015381
1469;0.0008178781135939062;0.9845559597015381
1470;0.0007917809998616576;0.9826254844665527
1471;0.0008102426072582603;0.9826254844665527
1472;0.0007917845505289733;0.9845559597015381
1473;0.0008172922534868121;0.9826254844665527
1474;0.0007924310048110783;0.9884169697761536
1475;0.0007674028165638447;0.9845559597015381
1476;0.0007561197853647172;0.9845559597015381
1477;0.0007393094128929079;0.9826254844665527
1478;0.0008263449417427182;0.9845559597015381
1479;0.0007493137381970882;0.9864864945411682
1480;0.000767298333812505;0.9826254844665527
1481;0.0007347572827711701;0.9826254844665527
1482;0.000771906808950007;0.9787644743919373
1483;0.0008272716659121215;0.9826254844665527
1484;0.0007648795726709068;0.9864864945411682
1485;0.0007470888667739928;0.9806950092315674
1486;0.0007649075123481452;0.9884169697761536
1487;0.0008008317672647536;0.9864864945411682
1488;0.0007212282507680357;0.9845559597015381
1489;0.0007735157269053161;0.9845559597015381
1490;0.0007737502455711365;0.9826254844665527
1491;0.0007415360887534916;0.9864864945411682
1492;0.0007215584628283978;0.9864864945411682
1493;0.000728356244508177;0.9845559597015381
1494;0.0007704157615080476;0.9787644743919373
1495;0.0007581730023957789;0.9864864945411682
1496;0.001019858755171299;0.9633204340934753
1497;0.0007400744361802936;0.9884169697761536
1498;0.0008555315434932709;0.9768339991569519
1499;0.0008814845932647586;0.9806950092315674
