iteration;loss;accuracy
0;0.01765432022511959;0.0699300691485405
1;0.017073024064302444;0.09090909361839294
2;0.01714346557855606;0.04895104840397835
3;0.016732456162571907;0.06293706595897675
4;0.016831349581480026;0.0839160829782486
5;0.01722334325313568;0.09090909361839294
6;0.016683850437402725;0.1118881106376648
7;0.016669485718011856;0.09090909361839294
8;0.016585106030106544;0.0559440553188324
9;0.01671309769153595;0.0699300691485405
10;0.017078367993235588;0.0559440553188324
11;0.016778700053691864;0.06293706595897675
12;0.016741393133997917;0.1118881106376648
13;0.016628138720989227;0.0979020968079567
14;0.016501780599355698;0.0839160829782486
15;0.016697974875569344;0.0839160829782486
16;0.01639995165169239;0.09090909361839294
17;0.01700364425778389;0.11888112127780914
18;0.01670895144343376;0.0839160829782486
19;0.016588225960731506;0.11888112127780914
20;0.01640382409095764;0.11888112127780914
21;0.016963500529527664;0.0839160829782486
22;0.016659444198012352;0.0839160829782486
23;0.01651945151388645;0.0979020968079567
24;0.016433147713541985;0.0559440553188324
25;0.01661098748445511;0.0979020968079567
26;0.016883689910173416;0.0839160829782486
27;0.016362549737095833;0.06293706595897675
28;0.016406208276748657;0.11888112127780914
29;0.01639137975871563;0.0699300691485405
30;0.01652154140174389;0.1258741319179535
31;0.016550099477171898;0.0839160829782486
32;0.016353653743863106;0.1118881106376648
33;0.01624482311308384;0.139860138297081
34;0.016203759238123894;0.17482517659664154
35;0.016124196350574493;0.139860138297081
36;0.0163834597915411;0.10489510744810104
37;0.01646765135228634;0.0979020968079567
38;0.01601566933095455;0.1118881106376648
39;0.016193097457289696;0.0839160829782486
40;0.01620069146156311;0.1538461595773697
41;0.016360130161046982;0.1118881106376648
42;0.01627703383564949;0.1118881106376648
43;0.015868186950683594;0.11888112127780914
44;0.016012897714972496;0.139860138297081
45;0.016095483675599098;0.1678321659564972
46;0.016096206381917;0.0979020968079567
47;0.01576882414519787;0.139860138297081
48;0.015803663060069084;0.139860138297081
49;0.015747418627142906;0.1118881106376648
50;0.015875764191150665;0.1818181872367859
51;0.016234053298830986;0.1538461595773697
52;0.01583389937877655;0.14685314893722534
53;0.017283139750361443;0.13286712765693665
54;0.015613128431141376;0.1118881106376648
55;0.016569096595048904;0.13286712765693665
56;0.01667410135269165;0.14685314893722534
57;0.016714518889784813;0.07692307978868484
58;0.017125437036156654;0.0979020968079567
59;0.016463151201605797;0.0979020968079567
60;0.01628454588353634;0.07692307978868484
61;0.015927907079458237;0.14685314893722534
62;0.01578812301158905;0.16083915531635284
63;0.015659209340810776;0.1538461595773697
64;0.01593383029103279;0.11888112127780914
65;0.015840154141187668;0.14685314893722534
66;0.015883145853877068;0.16083915531635284
67;0.01599140092730522;0.11888112127780914
68;0.016003018245100975;0.0979020968079567
69;0.01600468158721924;0.1818181872367859
70;0.015817224979400635;0.10489510744810104
71;0.015988750383257866;0.18881118297576904
72;0.016180789098143578;0.1538461595773697
73;0.01561334915459156;0.139860138297081
74;0.015586619265377522;0.17482517659664154
75;0.015561549924314022;0.2097902148962021
76;0.015782659873366356;0.13286712765693665
77;0.015683025121688843;0.1118881106376648
78;0.0156581848859787;0.139860138297081
79;0.016113528981804848;0.139860138297081
80;0.015647856518626213;0.17482517659664154
81;0.015634601935744286;0.14685314893722534
82;0.015555933117866516;0.16083915531635284
83;0.01612924411892891;0.139860138297081
84;0.01608644425868988;0.1678321659564972
85;0.015640882775187492;0.11888112127780914
86;0.015810716897249222;0.1958041936159134
87;0.015673961490392685;0.1258741319179535
88;0.015969041734933853;0.17482517659664154
89;0.015957385301589966;0.1538461595773697
90;0.01579677313566208;0.1958041936159134
91;0.016198638826608658;0.13286712765693665
92;0.01579723320901394;0.13286712765693665
93;0.016013476997613907;0.20279720425605774
94;0.015393956564366817;0.1678321659564972
95;0.015876442193984985;0.1538461595773697
96;0.01704406924545765;0.24475523829460144
97;0.016041334718465805;0.09090909361839294
98;0.016076277941465378;0.0979020968079567
99;0.01602712646126747;0.1258741319179535
100;0.01567220501601696;0.1678321659564972
101;0.015700053423643112;0.1818181872367859
102;0.01569257490336895;0.139860138297081
103;0.016059445217251778;0.18881118297576904
104;0.015494143590331078;0.1678321659564972
105;0.015277481637895107;0.23076923191547394
106;0.015465286560356617;0.1538461595773697
107;0.015442297793924809;0.2237762212753296
108;0.015313062816858292;0.2097902148962021
109;0.01611638441681862;0.1678321659564972
110;0.01538923755288124;0.17482517659664154
111;0.016035420820116997;0.1818181872367859
112;0.016285108402371407;0.13286712765693665
113;0.015372813679277897;0.139860138297081
114;0.01535568293184042;0.1678321659564972
115;0.015421419404447079;0.11888112127780914
116;0.015691107138991356;0.139860138297081
117;0.015309779904782772;0.1958041936159134
118;0.01545346062630415;0.1818181872367859
119;0.015046708285808563;0.2237762212753296
120;0.015198693610727787;0.1958041936159134
121;0.015914399176836014;0.2097902148962021
122;0.015268473885953426;0.17482517659664154
123;0.016215689480304718;0.16083915531635284
124;0.015180326998233795;0.17482517659664154
125;0.015632599592208862;0.1958041936159134
126;0.015269434079527855;0.1538461595773697
127;0.015115737915039062;0.2097902148962021
128;0.016013722866773605;0.16083915531635284
129;0.015084327198565006;0.1958041936159134
130;0.015521119348704815;0.16083915531635284
131;0.01502042356878519;0.20279720425605774
132;0.015073892660439014;0.20279720425605774
133;0.014965096488595009;0.18881118297576904
134;0.015255853533744812;0.21678321063518524
135;0.015188091434538364;0.1958041936159134
136;0.015596779063344002;0.139860138297081
137;0.01485846471041441;0.2377622425556183
138;0.015687212347984314;0.1258741319179535
139;0.01496078073978424;0.21678321063518524
140;0.015526678413152695;0.20279720425605774
141;0.014967321418225765;0.21678321063518524
142;0.015983622521162033;0.11888112127780914
143;0.01606823317706585;0.14685314893722534
144;0.015372785739600658;0.16083915531635284
145;0.014676334336400032;0.27272728085517883
146;0.01507131103426218;0.2237762212753296
147;0.014915792271494865;0.24475523829460144
148;0.014994733966886997;0.2377622425556183
149;0.014783150516450405;0.27272728085517883
150;0.014776251278817654;0.279720276594162
151;0.015099354088306427;0.2377622425556183
152;0.014633859507739544;0.2937062978744507
153;0.015977006405591965;0.1538461595773697
154;0.014779907651245594;0.2237762212753296
155;0.015058684162795544;0.2377622425556183
156;0.014658947475254536;0.2377622425556183
157;0.014711528085172176;0.279720276594162
158;0.015703042969107628;0.1818181872367859
159;0.015591299161314964;0.18881118297576904
160;0.015165681950747967;0.2097902148962021
161;0.014567765407264233;0.27272728085517883
162;0.014810632914304733;0.2237762212753296
163;0.014446367509663105;0.25874125957489014
164;0.015318816527724266;0.2237762212753296
165;0.015083749778568745;0.251748263835907
166;0.01545972004532814;0.21678321063518524
167;0.01447681337594986;0.2937062978744507
168;0.014351177029311657;0.279720276594162
169;0.014335249550640583;0.279720276594162
170;0.014223530888557434;0.3426573574542999
171;0.015148286707699299;0.24475523829460144
172;0.01450913492590189;0.2657342553138733
173;0.01485986914485693;0.2377622425556183
174;0.014681807719171047;0.24475523829460144
175;0.014222205616533756;0.32867133617401123
176;0.014871355146169662;0.2377622425556183
177;0.014652341604232788;0.18881118297576904
178;0.014439062215387821;0.2377622425556183
179;0.015220282599329948;0.18881118297576904
180;0.015079635195434093;0.1958041936159134
181;0.014897631481289864;0.27272728085517883
182;0.014142877422273159;0.3216783106327057
183;0.015217408537864685;0.279720276594162
184;0.014738301746547222;0.27272728085517883
185;0.015093684196472168;0.20279720425605774
186;0.015249880962073803;0.251748263835907
187;0.014982650987803936;0.2237762212753296
188;0.01569116674363613;0.1958041936159134
189;0.014938081614673138;0.30069929361343384
190;0.014470507390797138;0.3076923191547394
191;0.014652359299361706;0.24475523829460144
192;0.014673978090286255;0.23076923191547394
193;0.014097154140472412;0.3216783106327057
194;0.014054771512746811;0.28671327233314514
195;0.0138311255723238;0.37062937021255493
196;0.015275265090167522;0.2097902148962021
197;0.014552092179656029;0.25874125957489014
198;0.014473138377070427;0.25874125957489014
199;0.013692800886929035;0.4055944085121155
200;0.014337152242660522;0.279720276594162
201;0.01470636110752821;0.2097902148962021
202;0.0142148332670331;0.24475523829460144
203;0.013850766234099865;0.3356643319129944
204;0.013762777671217918;0.3216783106327057
205;0.013756785541772842;0.32867133617401123
206;0.014166601933538914;0.2937062978744507
207;0.015507441014051437;0.1678321659564972
208;0.014746115542948246;0.3426573574542999
209;0.014909283258020878;0.27272728085517883
210;0.013822421431541443;0.32867133617401123
211;0.014370300807058811;0.279720276594162
212;0.014415663667023182;0.25874125957489014
213;0.01384728029370308;0.27272728085517883
214;0.013543684035539627;0.35664334893226624
215;0.01541596557945013;0.2657342553138733
216;0.013690781779587269;0.31468531489372253
217;0.014693728648126125;0.2657342553138733
218;0.01452304795384407;0.279720276594162
219;0.013520287349820137;0.35664334893226624
220;0.015513421036303043;0.20279720425605774
221;0.013754882849752903;0.35664334893226624
222;0.01323446910828352;0.37062937021255493
223;0.013667570427060127;0.3216783106327057
224;0.013991746120154858;0.37062937021255493
225;0.014587217941880226;0.279720276594162
226;0.013903090730309486;0.4195804297924042
227;0.014127708040177822;0.31468531489372253
228;0.013722867704927921;0.3426573574542999
229;0.013949081301689148;0.2657342553138733
230;0.013448838144540787;0.3776223659515381
231;0.013693589717149734;0.3356643319129944
232;0.01507278811186552;0.25874125957489014
233;0.014623546972870827;0.251748263835907
234;0.01338889915496111;0.3916083872318268
235;0.014627187512814999;0.31468531489372253
236;0.014873799867928028;0.23076923191547394
237;0.013479876331984997;0.3356643319129944
238;0.013381841592490673;0.3636363744735718
239;0.013546771369874477;0.3496503531932831
240;0.013558461330831051;0.3916083872318268
241;0.013015149161219597;0.42657342553138733
242;0.013821893371641636;0.3076923191547394
243;0.013969327323138714;0.3216783106327057
244;0.01547648198902607;0.21678321063518524
245;0.013646670617163181;0.4475524425506592
246;0.012721951119601727;0.41258740425109863
247;0.012877310626208782;0.4335664212703705
248;0.012958143837749958;0.41258740425109863
249;0.012647902593016624;0.4475524425506592
250;0.01259814016520977;0.42657342553138733
251;0.01434209942817688;0.31468531489372253
252;0.012785295955836773;0.4755244851112366
253;0.01513855904340744;0.28671327233314514
254;0.013103318400681019;0.4615384638309479
255;0.01310423668473959;0.37062937021255493
256;0.013143112882971764;0.3496503531932831
257;0.013089670799672604;0.4825174808502197
258;0.01355972420424223;0.30069929361343384
259;0.013573596253991127;0.42657342553138733
260;0.013824695721268654;0.3216783106327057
261;0.014027518220245838;0.3356643319129944
262;0.013796495273709297;0.3216783106327057
263;0.013056393712759018;0.3776223659515381
264;0.012819008901715279;0.503496527671814
265;0.013716856017708778;0.3916083872318268
266;0.013729136437177658;0.3986014127731323
267;0.014442799612879753;0.28671327233314514
268;0.014297867193818092;0.3426573574542999
269;0.013553489930927753;0.3496503531932831
270;0.014146564528346062;0.35664334893226624
271;0.013529086485505104;0.3636363744735718
272;0.012858017347753048;0.503496527671814
273;0.013258706778287888;0.4335664212703705
274;0.013242796063423157;0.3636363744735718
275;0.01236225850880146;0.4965035021305084
276;0.01389523409307003;0.2937062978744507
277;0.013047290965914726;0.4615384638309479
278;0.015337635762989521;0.25874125957489014
279;0.01302384864538908;0.41258740425109863
280;0.015026278793811798;0.27272728085517883
281;0.01538005843758583;0.2937062978744507
282;0.01362774707376957;0.4825174808502197
283;0.01295862253755331;0.41258740425109863
284;0.013783453963696957;0.35664334893226624
285;0.013321015052497387;0.4195804297924042
286;0.012597206979990005;0.4895104765892029
287;0.013448361307382584;0.4475524425506592
288;0.01359348464757204;0.35664334893226624
289;0.012154963798820972;0.5174825191497803
290;0.015217630192637444;0.25874125957489014
291;0.013117523863911629;0.3986014127731323
292;0.013798624277114868;0.3356643319129944
293;0.013018041849136353;0.3986014127731323
294;0.014339381828904152;0.3636363744735718
295;0.014047154225409031;0.38461539149284363
296;0.014851214364171028;0.3076923191547394
297;0.011881851591169834;0.559440553188324
298;0.013829292729496956;0.3496503531932831
299;0.013248130679130554;0.3636363744735718
300;0.012502224184572697;0.42657342553138733
301;0.012114719487726688;0.4825174808502197
302;0.012352244928479195;0.4895104765892029
303;0.012300987727940083;0.46853145956993103
304;0.011641334742307663;0.5524475574493408
305;0.011880207806825638;0.4895104765892029
306;0.011595696210861206;0.5174825191497803
307;0.014499775134027004;0.32867133617401123
308;0.011552667245268822;0.5524475574493408
309;0.01359738502651453;0.4055944085121155
310;0.012200422585010529;0.5454545617103577
311;0.013196159154176712;0.3916083872318268
312;0.014897885732352734;0.31468531489372253
313;0.013816061429679394;0.35664334893226624
314;0.012256891466677189;0.5244755148887634
315;0.013205288909375668;0.41258740425109863
316;0.011472098529338837;0.6153846383094788
317;0.012333711609244347;0.4475524425506592
318;0.014692557975649834;0.32867133617401123
319;0.01254743430763483;0.4335664212703705
320;0.012518834322690964;0.4825174808502197
321;0.01245262660086155;0.4755244851112366
322;0.011685972101986408;0.559440553188324
323;0.013125923462212086;0.3986014127731323
324;0.012267446145415306;0.4895104765892029
325;0.014530851505696774;0.31468531489372253
326;0.015064902603626251;0.28671327233314514
327;0.01196325197815895;0.4965035021305084
328;0.01182395126670599;0.5314685106277466
329;0.014304473996162415;0.3636363744735718
330;0.012202037498354912;0.4755244851112366
331;0.011265466921031475;0.5944055914878845
332;0.015234243124723434;0.24475523829460144
333;0.011584227904677391;0.5384615659713745
334;0.013525639660656452;0.3986014127731323
335;0.011411451734602451;0.5734265446662903
336;0.01345050148665905;0.440559446811676
337;0.011191143654286861;0.5524475574493408
338;0.011902938596904278;0.5454545617103577
339;0.01280876062810421;0.4475524425506592
340;0.012996112927794456;0.42657342553138733
341;0.013006476685404778;0.4545454680919647
342;0.015337862074375153;0.25874125957489014
343;0.014189121313393116;0.38461539149284363
344;0.014797021634876728;0.32867133617401123
345;0.014412817545235157;0.3356643319129944
346;0.013642210513353348;0.3426573574542999
347;0.010891290381550789;0.5804196000099182
348;0.012669635936617851;0.37062937021255493
349;0.011274534277617931;0.5314685106277466
350;0.013954432681202888;0.37062937021255493
351;0.013154074549674988;0.3986014127731323
352;0.014476480893790722;0.3426573574542999
353;0.01247019600123167;0.559440553188324
354;0.011524614877998829;0.5244755148887634
355;0.01086400169879198;0.6363636255264282
356;0.014421714469790459;0.3496503531932831
357;0.011280735954642296;0.5314685106277466
358;0.011410659179091454;0.5944055914878845
359;0.014582873322069645;0.35664334893226624
360;0.011359993368387222;0.559440553188324
361;0.013509140349924564;0.38461539149284363
362;0.01422150805592537;0.42657342553138733
363;0.013636825606226921;0.3986014127731323
364;0.010832232423126698;0.6223776340484619
365;0.014139089733362198;0.3636363744735718
366;0.01255534403026104;0.4965035021305084
367;0.011241547763347626;0.5804196000099182
368;0.013184753246605396;0.440559446811676
369;0.010589599609375;0.6223776340484619
370;0.01453409157693386;0.3496503531932831
371;0.014306921511888504;0.3216783106327057
372;0.012882256880402565;0.4965035021305084
373;0.012188890017569065;0.5104895234107971
374;0.011096361093223095;0.6293706297874451
375;0.010885953903198242;0.559440553188324
376;0.01077070739120245;0.6783216595649719
377;0.01080654002726078;0.6153846383094788
378;0.01157282292842865;0.6573426723480225
379;0.010584297589957714;0.5734265446662903
380;0.010604018345475197;0.6503496766090393
381;0.010360666550695896;0.6503496766090393
382;0.014260681346058846;0.38461539149284363
383;0.010514860041439533;0.6433566212654114
384;0.01109076477587223;0.5664335489273071
385;0.013027437031269073;0.4475524425506592
386;0.014686874113976955;0.32867133617401123
387;0.010880240239202976;0.5524475574493408
388;0.01494294311851263;0.279720276594162
389;0.010212688706815243;0.6083915829658508
390;0.01048488263040781;0.6153846383094788
391;0.010178682394325733;0.6153846383094788
392;0.010255908593535423;0.6223776340484619
393;0.010149236768484116;0.6503496766090393
394;0.011033342219889164;0.5524475574493408
395;0.013270302675664425;0.4755244851112366
396;0.012409808114171028;0.4755244851112366
397;0.013450250029563904;0.4545454680919647
398;0.010179145261645317;0.6713286638259888
399;0.00967597309499979;0.7272727489471436
400;0.012373737059533596;0.4965035021305084
401;0.011884014122188091;0.5244755148887634
402;0.010153567418456078;0.6153846383094788
403;0.010094600729644299;0.6293706297874451
404;0.014043739065527916;0.4055944085121155
405;0.012374785728752613;0.6153846383094788
406;0.00996531080454588;0.6573426723480225
407;0.013367561623454094;0.3916083872318268
408;0.01299526821821928;0.4895104765892029
409;0.013805795460939407;0.37062937021255493
410;0.013460912741720676;0.41258740425109863
411;0.021674513816833496;0.4475524425506592
412;0.011693148873746395;0.5244755148887634
413;0.011815028265118599;0.5244755148887634
414;0.012827579863369465;0.4475524425506592
415;0.012593724764883518;0.5664335489273071
416;0.012581098824739456;0.4965035021305084
417;0.011956065893173218;0.559440553188324
418;0.012056302279233932;0.5244755148887634
419;0.011490312404930592;0.6223776340484619
420;0.011200649663805962;0.6083915829658508
421;0.01218813844025135;0.5734265446662903
422;0.012261991389095783;0.559440553188324
423;0.014781338162720203;0.32867133617401123
424;0.014841449446976185;0.31468531489372253
425;0.013099981471896172;0.440559446811676
426;0.01261958759278059;0.5174825191497803
427;0.012427174486219883;0.4545454680919647
428;0.011889796704053879;0.5384615659713745
429;0.012374192476272583;0.4895104765892029
430;0.011690107174217701;0.5384615659713745
431;0.012595465406775475;0.503496527671814
432;0.014984285458922386;0.31468531489372253
433;0.01472416426986456;0.2937062978744507
434;0.01038434263318777;0.6643356680870056
435;0.010466447100043297;0.6153846383094788
436;0.013616001233458519;0.4335664212703705
437;0.014915036037564278;0.279720276594162
438;0.009986109100282192;0.6853147149085999
439;0.011434867046773434;0.5454545617103577
440;0.010298000648617744;0.5804196000099182
441;0.011594947427511215;0.5454545617103577
442;0.009948203340172768;0.6713286638259888
443;0.011767307296395302;0.5454545617103577
444;0.013687299564480782;0.4055944085121155
445;0.010425289161503315;0.5664335489273071
446;0.013825289905071259;0.32867133617401123
447;0.01245035044848919;0.5104895234107971
448;0.010011446662247181;0.5944055914878845
449;0.01348815020173788;0.4615384638309479
450;0.01041350606828928;0.6643356680870056
451;0.010075661353766918;0.6503496766090393
452;0.012262643314898014;0.503496527671814
453;0.009872612543404102;0.6223776340484619
454;0.009570730850100517;0.6783216595649719
455;0.009463934227824211;0.6853147149085999
456;0.013719901442527771;0.4335664212703705
457;0.011635681614279747;0.5944055914878845
458;0.010169440880417824;0.6503496766090393
459;0.014512477442622185;0.251748263835907
460;0.01102222315967083;0.559440553188324
461;0.010909250937402248;0.5244755148887634
462;0.010696503333747387;0.5944055914878845
463;0.013527334667742252;0.4475524425506592
464;0.012704633176326752;0.4615384638309479
465;0.009636675007641315;0.6993007063865662
466;0.011825541034340858;0.559440553188324
467;0.013857421465218067;0.3986014127731323
468;0.009537102654576302;0.6993007063865662
469;0.009887401945888996;0.6853147149085999
470;0.013659119606018066;0.41258740425109863
471;0.009306726977229118;0.7132866978645325
472;0.009397591464221478;0.6993007063865662
473;0.013767445459961891;0.42657342553138733
474;0.013319172896444798;0.46853145956993103
475;0.011222549714148045;0.5944055914878845
476;0.014036965556442738;0.3986014127731323
477;0.013515896163880825;0.3916083872318268
478;0.009604519233107567;0.7062937021255493
479;0.00980957131832838;0.6013985872268677
480;0.009805315174162388;0.6853147149085999
481;0.013015980832278728;0.41258740425109863
482;0.01076857652515173;0.6223776340484619
483;0.00976464431732893;0.6573426723480225
484;0.009856133721768856;0.6713286638259888
485;0.010492651723325253;0.7062937021255493
486;0.009340044111013412;0.6783216595649719
487;0.009503640234470367;0.6783216595649719
488;0.009471900761127472;0.7132866978645325
489;0.009704307653009892;0.6643356680870056
490;0.009571337141096592;0.6783216595649719
491;0.014179996214807034;0.3916083872318268
492;0.013930624350905418;0.440559446811676
493;0.009371031075716019;0.7202796936035156
494;0.01180100254714489;0.5104895234107971
495;0.011808488517999649;0.5244755148887634
496;0.01398651022464037;0.4545454680919647
497;0.009838944301009178;0.6573426723480225
498;0.009648734703660011;0.6853147149085999
499;0.01205166894942522;0.5734265446662903
500;0.009762004017829895;0.6433566212654114
501;0.009752270765602589;0.7272727489471436
502;0.011834563687443733;0.5664335489273071
503;0.009063453413546085;0.6783216595649719
504;0.010620561428368092;0.6083915829658508
505;0.011409558355808258;0.5804196000099182
506;0.00951041467487812;0.7412587404251099
507;0.009796923957765102;0.6713286638259888
508;0.009076558984816074;0.7342657446861267
509;0.01125635951757431;0.6083915829658508
510;0.009343191049993038;0.692307710647583
511;0.011899719014763832;0.503496527671814
512;0.008923185057938099;0.7762237787246704
513;0.009869213216006756;0.6853147149085999
514;0.008939150720834732;0.6713286638259888
515;0.014134115539491177;0.42657342553138733
516;0.009492943063378334;0.6853147149085999
517;0.01003879215568304;0.748251736164093
518;0.010308907367289066;0.6643356680870056
519;0.010552927851676941;0.6293706297874451
520;0.013649290427565575;0.4195804297924042
521;0.00897764228284359;0.7272727489471436
522;0.010233724489808083;0.6783216595649719
523;0.011377191171050072;0.5384615659713745
524;0.010245252400636673;0.6293706297874451
525;0.010745230130851269;0.6293706297874451
526;0.009289995767176151;0.7132866978645325
527;0.009180493652820587;0.7342657446861267
528;0.01026461087167263;0.6363636255264282
529;0.012584167532622814;0.5314685106277466
530;0.008786811493337154;0.7972028255462646
531;0.01151303481310606;0.5524475574493408
532;0.009039167314767838;0.7132866978645325
533;0.014012230560183525;0.41258740425109863
534;0.010690403170883656;0.5944055914878845
535;0.009883226826786995;0.7202796936035156
536;0.013903695158660412;0.42657342553138733
537;0.00853238720446825;0.748251736164093
538;0.009639144875109196;0.6783216595649719
539;0.008696000091731548;0.7412587404251099
540;0.008954983204603195;0.6853147149085999
541;0.008502507582306862;0.7622377872467041
542;0.00897703692317009;0.7622377872467041
543;0.008901683613657951;0.7342657446861267
544;0.013644411228597164;0.4545454680919647
545;0.009249345399439335;0.7832167744636536
546;0.008787968195974827;0.7132866978645325
547;0.008555741980671883;0.6853147149085999
548;0.009709415957331657;0.6853147149085999
549;0.013034752570092678;0.5104895234107971
550;0.010589039884507656;0.6643356680870056
551;0.00920088030397892;0.7062937021255493
552;0.011306221596896648;0.6223776340484619
553;0.008650537580251694;0.7622377872467041
554;0.008183171972632408;0.7972028255462646
555;0.008641082793474197;0.7202796936035156
556;0.009898677468299866;0.6573426723480225
557;0.010686319321393967;0.5804196000099182
558;0.009669125080108643;0.7132866978645325
559;0.00891344714909792;0.748251736164093
560;0.011900450102984905;0.5874125957489014
561;0.008958972059190273;0.7832167744636536
562;0.009361947886645794;0.6993007063865662
563;0.009213121607899666;0.7832167744636536
564;0.00910108257085085;0.7692307829856873
565;0.008707105182111263;0.6993007063865662
566;0.010396372526884079;0.6503496766090393
567;0.008868024684488773;0.692307710647583
568;0.012503034435212612;0.4755244851112366
569;0.012506017461419106;0.5104895234107971
570;0.00850836280733347;0.7622377872467041
571;0.009750206023454666;0.7272727489471436
572;0.008618263527750969;0.7902097702026367
573;0.008753820322453976;0.6643356680870056
574;0.00867164134979248;0.7342657446861267
575;0.00881560891866684;0.7902097702026367
576;0.01085146889090538;0.6503496766090393
577;0.008964444510638714;0.7762237787246704
578;0.008382837288081646;0.7762237787246704
579;0.011033622547984123;0.5944055914878845
580;0.012651310302317142;0.4965035021305084
581;0.00924508273601532;0.7412587404251099
582;0.009085146710276604;0.811188817024231
583;0.009105987846851349;0.7202796936035156
584;0.011940284632146358;0.5524475574493408
585;0.008388285525143147;0.7412587404251099
586;0.009113676846027374;0.692307710647583
587;0.012701587751507759;0.4895104765892029
588;0.007887070998549461;0.7412587404251099
589;0.011174759827554226;0.6013985872268677
590;0.008064322173595428;0.7832167744636536
591;0.0097621725872159;0.6503496766090393
592;0.010319692082703114;0.6573426723480225
593;0.011020385660231113;0.5944055914878845
594;0.009725427255034447;0.7062937021255493
595;0.008708049543201923;0.7552447319030762
596;0.007972709834575653;0.7832167744636536
597;0.011381258256733418;0.5734265446662903
598;0.008393053896725178;0.7412587404251099
599;0.008860234171152115;0.7762237787246704
600;0.009383667260408401;0.811188817024231
601;0.00797748938202858;0.811188817024231
602;0.010526008903980255;0.6433566212654114
603;0.008379882201552391;0.811188817024231
604;0.008925291709601879;0.7342657446861267
605;0.008243048563599586;0.7832167744636536
606;0.010831564664840698;0.6643356680870056
607;0.01257262472063303;0.4895104765892029
608;0.008419865742325783;0.7902097702026367
609;0.008206777274608612;0.7552447319030762
610;0.007790215779095888;0.8041958212852478
611;0.008613391779363155;0.7272727489471436
612;0.007799751590937376;0.7692307829856873
613;0.00800598505884409;0.7832167744636536
614;0.007388046011328697;0.8531468510627747
615;0.007652260363101959;0.811188817024231
616;0.008843443356454372;0.7132866978645325
617;0.007736810948699713;0.811188817024231
618;0.009583094157278538;0.6783216595649719
619;0.008387763984501362;0.7622377872467041
620;0.00911240465939045;0.7692307829856873
621;0.007557936478406191;0.7902097702026367
622;0.012946526519954205;0.5454545617103577
623;0.008463713340461254;0.8181818127632141
624;0.007749493699520826;0.8251748085021973
625;0.008984490297734737;0.7552447319030762
626;0.013462485745549202;0.4545454680919647
627;0.01079078670591116;0.6363636255264282
628;0.008237190544605255;0.7832167744636536
629;0.008054704405367374;0.7622377872467041
630;0.008195578120648861;0.7832167744636536
631;0.013673173263669014;0.5244755148887634
632;0.010568257421255112;0.692307710647583
633;0.007550178095698357;0.7972028255462646
634;0.007463429588824511;0.8181818127632141
635;0.007671904284507036;0.7622377872467041
636;0.007452181540429592;0.8321678042411804
637;0.01190465223044157;0.6433566212654114
638;0.007671645376831293;0.7832167744636536
639;0.009476385079324245;0.748251736164093
640;0.007971015758812428;0.8181818127632141
641;0.009188230149447918;0.7202796936035156
642;0.008850027807056904;0.7132866978645325
643;0.007706269156187773;0.7832167744636536
644;0.009843883104622364;0.6993007063865662
645;0.007664935197681189;0.8041958212852478
646;0.008022535592317581;0.7972028255462646
647;0.013341904617846012;0.4335664212703705
648;0.010879648849368095;0.6503496766090393
649;0.008002283982932568;0.8181818127632141
650;0.007879726588726044;0.7972028255462646
651;0.008671239949762821;0.7692307829856873
652;0.008697336539626122;0.692307710647583
653;0.009067504666745663;0.6993007063865662
654;0.01015415508300066;0.6853147149085999
655;0.010706517845392227;0.6293706297874451
656;0.008729475550353527;0.8181818127632141
657;0.008153203874826431;0.7972028255462646
658;0.009346315637230873;0.7202796936035156
659;0.007572387810796499;0.8251748085021973
660;0.01093034353107214;0.6433566212654114
661;0.0078063481487333775;0.8391608595848083
662;0.008312343619763851;0.7692307829856873
663;0.007440919056534767;0.8391608595848083
664;0.013495881110429764;0.4615384638309479
665;0.0074708471074700356;0.8181818127632141
666;0.007155336439609528;0.8531468510627747
667;0.007386339362710714;0.7832167744636536
668;0.007398898247629404;0.8041958212852478
669;0.011413495056331158;0.6433566212654114
670;0.009542413987219334;0.7202796936035156
671;0.011992871761322021;0.6083915829658508
672;0.008787003345787525;0.7622377872467041
673;0.008379350416362286;0.7902097702026367
674;0.007369081489741802;0.8531468510627747
675;0.007284696213901043;0.9020978808403015
676;0.008326833136379719;0.8391608595848083
677;0.007409804034978151;0.8181818127632141
678;0.012348510324954987;0.5524475574493408
679;0.007258386351168156;0.867132842540741
680;0.00964338332414627;0.7272727489471436
681;0.011406604200601578;0.6363636255264282
682;0.007349028717726469;0.8531468510627747
683;0.0071275378577411175;0.8041958212852478
684;0.008739035576581955;0.748251736164093
685;0.007422407623380423;0.8041958212852478
686;0.009727736003696918;0.7342657446861267
687;0.006695163901895285;0.8601398468017578
688;0.006955358199775219;0.8391608595848083
689;0.007140001282095909;0.8251748085021973
690;0.010548212565481663;0.6853147149085999
691;0.0070809535682201385;0.8391608595848083
692;0.010159160010516644;0.6993007063865662
693;0.007681661751121283;0.7972028255462646
694;0.006730841938406229;0.8951048851013184
695;0.006514077074825764;0.8881118893623352
696;0.0065065775997936726;0.8881118893623352
697;0.008654523640871048;0.7552447319030762
698;0.012823444791138172;0.5664335489273071
699;0.006937013007700443;0.8321678042411804
700;0.00642355578020215;0.9020978808403015
701;0.006324273534119129;0.881118893623352
702;0.011994438245892525;0.5524475574493408
703;0.007146495394408703;0.8321678042411804
704;0.007701002527028322;0.7762237787246704
705;0.0063022710382938385;0.9020978808403015
706;0.006765095051378012;0.8321678042411804
707;0.006424983963370323;0.881118893623352
708;0.00936733465641737;0.7202796936035156
709;0.01069455873221159;0.692307710647583
710;0.006602057721465826;0.8461538553237915
711;0.012873915955424309;0.5734265446662903
712;0.012565831653773785;0.5174825191497803
713;0.007636990863829851;0.811188817024231
714;0.011703762225806713;0.6153846383094788
715;0.010791095905005932;0.6503496766090393
716;0.011414345353841782;0.6293706297874451
717;0.006928772199898958;0.867132842540741
718;0.009359250776469707;0.692307710647583
719;0.006338963285088539;0.8951048851013184
720;0.008940484374761581;0.8951048851013184
721;0.008881507441401482;0.7272727489471436
722;0.009464604780077934;0.7762237787246704
723;0.009686372242867947;0.7272727489471436
724;0.006844125688076019;0.881118893623352
725;0.006847955286502838;0.867132842540741
726;0.0074422936886549;0.8321678042411804
727;0.0068227737210690975;0.9020978808403015
728;0.006626049056649208;0.8741258978843689
729;0.0067938948050141335;0.867132842540741
730;0.0063440860249102116;0.9020978808403015
731;0.008251551538705826;0.8041958212852478
732;0.01224389486014843;0.6363636255264282
733;0.006956089287996292;0.8741258978843689
734;0.009580244310200214;0.7762237787246704
735;0.010370335541665554;0.7272727489471436
736;0.0065964097157120705;0.8321678042411804
737;0.006679858081042767;0.8881118893623352
738;0.007827227003872395;0.8251748085021973
739;0.007580168079584837;0.7972028255462646
740;0.00663714250549674;0.881118893623352
741;0.010868660174310207;0.6503496766090393
742;0.010084634646773338;0.6783216595649719
743;0.007227699272334576;0.811188817024231
744;0.006876528728753328;0.9300699234008789
745;0.008604109287261963;0.7622377872467041
746;0.007867583073675632;0.7972028255462646
747;0.008799535222351551;0.7762237787246704
748;0.008139454759657383;0.7412587404251099
749;0.0072022853419184685;0.811188817024231
750;0.007935444824397564;0.8531468510627747
751;0.012379372492432594;0.5174825191497803
752;0.0065975789912045;0.8321678042411804
753;0.007050176151096821;0.8461538553237915
754;0.006502826698124409;0.8391608595848083
755;0.006305390503257513;0.9160839319229126
756;0.0067523387260735035;0.8601398468017578
757;0.010062736459076405;0.7202796936035156
758;0.010335676372051239;0.6783216595649719
759;0.006576841231435537;0.881118893623352
760;0.0066466121934354305;0.8531468510627747
761;0.009906398132443428;0.7342657446861267
762;0.006464757956564426;0.8601398468017578
763;0.00636362936347723;0.9370629191398621
764;0.009486740455031395;0.7762237787246704
765;0.006800640374422073;0.8041958212852478
766;0.013058063574135303;0.5244755148887634
767;0.008899909444153309;0.7692307829856873
768;0.006199758965522051;0.8601398468017578
769;0.007787075825035572;0.8531468510627747
770;0.010570553131401539;0.7202796936035156
771;0.0064811548218131065;0.8881118893623352
772;0.010284326039254665;0.748251736164093
773;0.006402178667485714;0.881118893623352
774;0.013033682480454445;0.4475524425506592
775;0.006647048052400351;0.881118893623352
776;0.006569796707481146;0.881118893623352
777;0.006104059983044863;0.8881118893623352
778;0.006665855646133423;0.8391608595848083
779;0.0070053511299192905;0.8951048851013184
780;0.0056548030115664005;0.9370629191398621
781;0.006797085050493479;0.8251748085021973
782;0.007316794712096453;0.8181818127632141
783;0.006436295807361603;0.881118893623352
784;0.011288201436400414;0.6783216595649719
785;0.006056467071175575;0.8741258978843689
786;0.005474872421473265;0.9020978808403015
787;0.0064071970991790295;0.9300699234008789
788;0.0071430085226893425;0.8461538553237915
789;0.007779559586197138;0.8251748085021973
790;0.0068670352920889854;0.8741258978843689
791;0.01092375535517931;0.6433566212654114
792;0.005947145167738199;0.8461538553237915
793;0.01125280186533928;0.5874125957489014
794;0.00953040923923254;0.7762237787246704
795;0.005868100095540285;0.9160839319229126
796;0.008859096094965935;0.7622377872467041
797;0.009357213042676449;0.748251736164093
798;0.007552750408649445;0.8041958212852478
799;0.006116246338933706;0.8881118893623352
800;0.005649043712764978;0.9090909361839294
801;0.0066929473541677;0.8321678042411804
802;0.00609959289431572;0.8951048851013184
803;0.005594294983893633;0.8951048851013184
804;0.00537007674574852;0.9020978808403015
805;0.0055162012577056885;0.9370629191398621
806;0.005665145814418793;0.8951048851013184
807;0.005891258362680674;0.9160839319229126
808;0.009697933681309223;0.7902097702026367
809;0.005893093533813953;0.8881118893623352
810;0.005306135397404432;0.8951048851013184
811;0.005593040492385626;0.9020978808403015
812;0.006030928809195757;0.8881118893623352
813;0.006163633428514004;0.8881118893623352
814;0.005471694283187389;0.9370629191398621
815;0.010997124016284943;0.6713286638259888
816;0.005807386711239815;0.881118893623352
817;0.005359258968383074;0.8881118893623352
818;0.005050651263445616;0.9370629191398621
819;0.005218204110860825;0.9230769276618958
820;0.00718503026291728;0.8601398468017578
821;0.00529592065140605;0.9300699234008789
822;0.011371069587767124;0.6643356680870056
823;0.006161081604659557;0.867132842540741
824;0.005134831182658672;0.9300699234008789
825;0.0053606824949383736;0.9300699234008789
826;0.012213671579957008;0.5524475574493408
827;0.005511516239494085;0.9090909361839294
828;0.006507330574095249;0.9370629191398621
829;0.008313477970659733;0.7972028255462646
830;0.005796302575618029;0.8951048851013184
831;0.011350144632160664;0.6153846383094788
832;0.0060263704508543015;0.8741258978843689
833;0.0060854689218103886;0.9300699234008789
834;0.011353815905749798;0.6643356680870056
835;0.005300808232277632;0.8741258978843689
836;0.010524513199925423;0.6993007063865662
837;0.009130808524787426;0.7832167744636536
838;0.010465582832694054;0.7062937021255493
839;0.005764400120824575;0.9230769276618958
840;0.005201950669288635;0.9300699234008789
841;0.008664128370583057;0.7902097702026367
842;0.010280128568410873;0.6993007063865662
843;0.005673388484865427;0.8951048851013184
844;0.005823260638862848;0.9020978808403015
845;0.006053380202502012;0.9090909361839294
846;0.009039478376507759;0.7762237787246704
847;0.007330599706619978;0.8461538553237915
848;0.008244839496910572;0.8041958212852478
849;0.006272714119404554;0.9300699234008789
850;0.005365527700632811;0.9160839319229126
851;0.009603169746696949;0.7692307829856873
852;0.012171953916549683;0.5874125957489014
853;0.0061465902253985405;0.9160839319229126
854;0.009350191801786423;0.7272727489471436
855;0.011647909879684448;0.6223776340484619
856;0.006349325180053711;0.8181818127632141
857;0.005244928877800703;0.9090909361839294
858;0.01161646656692028;0.6433566212654114
859;0.007385788951069117;0.8321678042411804
860;0.007361094933003187;0.8041958212852478
861;0.0062535409815609455;0.8951048851013184
862;0.010291007347404957;0.6713286638259888
863;0.010230448096990585;0.6713286638259888
864;0.008635380305349827;0.7062937021255493
865;0.007220943458378315;0.8181818127632141
866;0.006255005951970816;0.881118893623352
867;0.005836010444909334;0.8951048851013184
868;0.011998604983091354;0.5874125957489014
869;0.007480715401470661;0.7762237787246704
870;0.0071959951892495155;0.811188817024231
871;0.0054877744987607;0.9440559148788452
872;0.010716114193201065;0.6293706297874451
873;0.01271960698068142;0.5174825191497803
874;0.007991849444806576;0.7622377872467041
875;0.0070900144055485725;0.8391608595848083
876;0.005328433122485876;0.9300699234008789
877;0.008274267427623272;0.7552447319030762
878;0.008444996550679207;0.692307710647583
879;0.0071535962633788586;0.8181818127632141
880;0.008213254623115063;0.8531468510627747
881;0.005197948310524225;0.9020978808403015
882;0.006508040241897106;0.8601398468017578
883;0.007681981660425663;0.7692307829856873
884;0.007310966495424509;0.8601398468017578
885;0.007678329478949308;0.7832167744636536
886;0.00553911691531539;0.8951048851013184
887;0.010217863135039806;0.6783216595649719
888;0.006324571557343006;0.867132842540741
889;0.0067575895227491856;0.881118893623352
890;0.010312629863619804;0.7692307829856873
891;0.0068590096198022366;0.881118893623352
892;0.0060649653896689415;0.9230769276618958
893;0.0070580109022557735;0.8321678042411804
894;0.006740778684616089;0.8601398468017578
895;0.007385188713669777;0.8531468510627747
896;0.006865382194519043;0.8531468510627747
897;0.010416695848107338;0.7202796936035156
898;0.0069342320784926414;0.8181818127632141
899;0.005376251880079508;0.9020978808403015
900;0.0116077596321702;0.6433566212654114
901;0.007224119268357754;0.8181818127632141
902;0.006528870202600956;0.867132842540741
903;0.012717850506305695;0.4825174808502197
904;0.009056505747139454;0.7202796936035156
905;0.006051190197467804;0.9020978808403015
906;0.005570238921791315;0.9300699234008789
907;0.006968593690544367;0.9440559148788452
908;0.005504675209522247;0.9440559148788452
909;0.008003605529665947;0.811188817024231
910;0.004776630084961653;0.9090909361839294
911;0.01034258957952261;0.7412587404251099
912;0.00502046151086688;0.9440559148788452
913;0.006056291051208973;0.867132842540741
914;0.005188832059502602;0.9090909361839294
915;0.00533136073499918;0.9090909361839294
916;0.0059282430447638035;0.9020978808403015
917;0.005027277395129204;0.9300699234008789
918;0.004617609083652496;0.9230769276618958
919;0.011125890538096428;0.6993007063865662
920;0.005189886316657066;0.9370629191398621
921;0.012320599518716335;0.5664335489273071
922;0.005988454911857843;0.867132842540741
923;0.005066007375717163;0.9160839319229126
924;0.005685724783688784;0.8951048851013184
925;0.005759674124419689;0.8741258978843689
926;0.005397628992795944;0.9440559148788452
927;0.0052591348066926;0.9160839319229126
928;0.005232121795415878;0.9300699234008789
929;0.009513176046311855;0.7832167744636536
930;0.004983683116734028;0.9160839319229126
931;0.01235019601881504;0.6083915829658508
932;0.004514384549111128;0.9370629191398621
933;0.008771725930273533;0.7762237787246704
934;0.0072998832911252975;0.8321678042411804
935;0.00507482560351491;0.9020978808403015
936;0.005919589661061764;0.9440559148788452
937;0.004818872548639774;0.9370629191398621
938;0.012243526056408882;0.6013985872268677
939;0.004775568842887878;0.9090909361839294
940;0.004843537230044603;0.9090909361839294
941;0.00411607138812542;0.9300699234008789
942;0.004912674892693758;0.9300699234008789
943;0.0047204261645674706;0.9230769276618958
944;0.004778516478836536;0.9230769276618958
945;0.0069769397377967834;0.8951048851013184
946;0.0056812576949596405;0.8881118893623352
947;0.006466690916568041;0.8951048851013184
948;0.005324703641235828;0.9510489702224731
949;0.0048398226499557495;0.9370629191398621
950;0.00465121865272522;0.9440559148788452
951;0.004148256499320269;0.9510489702224731
952;0.004986820742487907;0.8951048851013184
953;0.005259726196527481;0.9440559148788452
954;0.004052448086440563;0.9440559148788452
955;0.0120230158790946;0.6153846383094788
956;0.01231382880359888;0.6013985872268677
957;0.00982697308063507;0.7622377872467041
958;0.0049260701052844524;0.9090909361839294
959;0.004975516349077225;0.9300699234008789
960;0.01159881055355072;0.6083915829658508
961;0.004881331697106361;0.9160839319229126
962;0.0047419252805411816;0.9160839319229126
963;0.0047711883671581745;0.9090909361839294
964;0.004038024693727493;0.9370629191398621
965;0.004235398955643177;0.9230769276618958
966;0.008724553510546684;0.7902097702026367
967;0.004783361218869686;0.9160839319229126
968;0.004895525518804789;0.9300699234008789
969;0.008784059435129166;0.7762237787246704
970;0.004399823024868965;0.9160839319229126
971;0.009405067190527916;0.748251736164093
972;0.00608925661072135;0.8741258978843689
973;0.00930666085332632;0.7832167744636536
974;0.004868138115853071;0.9370629191398621
975;0.004627186339348555;0.9300699234008789
976;0.004668232519179583;0.9020978808403015
977;0.011952497996389866;0.6503496766090393
978;0.009650645777583122;0.7412587404251099
979;0.004580881912261248;0.9440559148788452
980;0.004366567358374596;0.9370629191398621
981;0.004382702987641096;0.9370629191398621
982;0.011076434515416622;0.6503496766090393
983;0.0044799004681408405;0.9510489702224731
984;0.004142602439969778;0.9510489702224731
985;0.010135364718735218;0.7552447319030762
986;0.007032710127532482;0.8881118893623352
987;0.004992179572582245;0.9020978808403015
988;0.008535527624189854;0.7972028255462646
989;0.006783794611692429;0.8741258978843689
990;0.004338930826634169;0.9160839319229126
991;0.006826432887464762;0.8531468510627747
992;0.005664704833179712;0.8881118893623352
993;0.007232172414660454;0.881118893623352
994;0.01076082605868578;0.7062937021255493
995;0.004086783155798912;0.9720279574394226
996;0.004123608581721783;0.9370629191398621
997;0.00956678856164217;0.811188817024231
998;0.00838344357907772;0.8251748085021973
999;0.0050815497525036335;0.9230769276618958
1000;0.00681103952229023;0.8321678042411804
1001;0.011791990138590336;0.6783216595649719
1002;0.0071493578143417835;0.8531468510627747
1003;0.005270715337246656;0.9440559148788452
1004;0.004884299356490374;0.9510489702224731
1005;0.0041465843096375465;0.9370629191398621
1006;0.00400504982098937;0.9440559148788452
1007;0.009924644604325294;0.748251736164093
1008;0.006233964115381241;0.8741258978843689
1009;0.005092073697596788;0.9090909361839294
1010;0.004375452175736427;0.9230769276618958
1011;0.005717488005757332;0.9020978808403015
1012;0.009142125956714153;0.7552447319030762
1013;0.005478068254888058;0.9090909361839294
1014;0.006293664686381817;0.8531468510627747
1015;0.004776874091476202;0.9370629191398621
1016;0.011303666047751904;0.6643356680870056
1017;0.004155486356467009;0.9440559148788452
1018;0.004044010769575834;0.9510489702224731
1019;0.005776410922408104;0.9440559148788452
1020;0.009513013064861298;0.7552447319030762
1021;0.005787726491689682;0.8881118893623352
1022;0.004153634887188673;0.9510489702224731
1023;0.004938064608722925;0.9440559148788452
1024;0.004284043330699205;0.9020978808403015
1025;0.004738900810480118;0.9160839319229126
1026;0.00957770086824894;0.7762237787246704
1027;0.005635370500385761;0.9090909361839294
1028;0.004011726006865501;0.9510489702224731
1029;0.005118590779602528;0.9160839319229126
1030;0.008670994080603123;0.8041958212852478
1031;0.004675755742937326;0.9440559148788452
1032;0.004553201608359814;0.9370629191398621
1033;0.004129699897021055;0.9300699234008789
1034;0.005328433588147163;0.8881118893623352
1035;0.0037735041696578264;0.9510489702224731
1036;0.004525013267993927;0.9300699234008789
1037;0.00520124938338995;0.9580419659614563
1038;0.008303438313305378;0.8181818127632141
1039;0.0065144384279847145;0.881118893623352
1040;0.0042906710878014565;0.9440559148788452
1041;0.005119842942804098;0.9370629191398621
1042;0.005034010391682386;0.9300699234008789
1043;0.005900269839912653;0.9090909361839294
1044;0.0048389132134616375;0.9230769276618958
1045;0.0075318156741559505;0.867132842540741
1046;0.010156230069696903;0.7202796936035156
1047;0.011481087654829025;0.6713286638259888
1048;0.0052358596585690975;0.9230769276618958
1049;0.005681631620973349;0.9300699234008789
1050;0.005302659701555967;0.9580419659614563
1051;0.005068319384008646;0.9090909361839294
1052;0.009092558175325394;0.8181818127632141
1053;0.0049621048383414745;0.9370629191398621
1054;0.004769990686327219;0.9230769276618958
1055;0.008368571288883686;0.8391608595848083
1056;0.004386304412037134;0.9440559148788452
1057;0.00857157725840807;0.8041958212852478
1058;0.005150021985173225;0.9160839319229126
1059;0.010936399921774864;0.7062937021255493
1060;0.008198392577469349;0.8251748085021973
1061;0.005153651814907789;0.9230769276618958
1062;0.00870697945356369;0.811188817024231
1063;0.00517730787396431;0.9230769276618958
1064;0.005191405303776264;0.9440559148788452
1065;0.005671534687280655;0.9090909361839294
1066;0.0048971292562782764;0.9440559148788452
1067;0.005107996519654989;0.8881118893623352
1068;0.004715155344456434;0.9650349617004395
1069;0.004060034640133381;0.9440559148788452
1070;0.00398141099140048;0.9510489702224731
1071;0.011205325834453106;0.6993007063865662
1072;0.004090034402906895;0.9510489702224731
1073;0.006759796757251024;0.867132842540741
1074;0.007645272184163332;0.867132842540741
1075;0.003685407806187868;0.9370629191398621
1076;0.008324094116687775;0.811188817024231
1077;0.0040200380608439445;0.9440559148788452
1078;0.004970756825059652;0.9510489702224731
1079;0.004510397091507912;0.9510489702224731
1080;0.005267940927296877;0.9090909361839294
1081;0.004507782869040966;0.9650349617004395
1082;0.004336513113230467;0.9510489702224731
1083;0.004079638049006462;0.9300699234008789
1084;0.004514854401350021;0.9300699234008789
1085;0.006311370525509119;0.8741258978843689
1086;0.0038650466594845057;0.9860140085220337
1087;0.003851468674838543;0.9440559148788452
1088;0.004505817778408527;0.9580419659614563
1089;0.006886741612106562;0.8391608595848083
1090;0.0037716503720730543;0.9370629191398621
1091;0.008728970773518085;0.8251748085021973
1092;0.007239888422191143;0.881118893623352
1093;0.0039927163161337376;0.9230769276618958
1094;0.00426118541508913;0.9230769276618958
1095;0.005337513517588377;0.9440559148788452
1096;0.004732703790068626;0.9090909361839294
1097;0.005372919607907534;0.9160839319229126
1098;0.006096417549997568;0.9160839319229126
1099;0.004824154544621706;0.9370629191398621
1100;0.009366221725940704;0.7832167744636536
1101;0.004710276145488024;0.9370629191398621
1102;0.006641198880970478;0.8881118893623352
1103;0.004008166491985321;0.9510489702224731
1104;0.004449221771210432;0.9370629191398621
1105;0.004011040553450584;0.9510489702224731
1106;0.0043333848007023335;0.9020978808403015
1107;0.0050851767882704735;0.9510489702224731
1108;0.011533367447555065;0.6223776340484619
1109;0.003922319505363703;0.9230769276618958
1110;0.01117029134184122;0.6223776340484619
1111;0.006269410252571106;0.867132842540741
1112;0.004028900992125273;0.9580419659614563
1113;0.003910732921212912;0.9300699234008789
1114;0.008822707459330559;0.8181818127632141
1115;0.006323053035885096;0.8951048851013184
1116;0.004341192543506622;0.9300699234008789
1117;0.005183996167033911;0.9370629191398621
1118;0.003765413537621498;0.9510489702224731
1119;0.0035251800436526537;0.9790209531784058
1120;0.00643136678263545;0.867132842540741
1121;0.004537532571703196;0.9300699234008789
1122;0.0037855547852814198;0.9720279574394226
1123;0.009837818332016468;0.7832167744636536
1124;0.004014419857412577;0.9650349617004395
1125;0.005744974594563246;0.9160839319229126
1126;0.0036669180262833834;0.9650349617004395
1127;0.0038735545240342617;0.9300699234008789
1128;0.007902919314801693;0.8181818127632141
1129;0.004060060251504183;0.9650349617004395
1130;0.003649700665846467;0.9370629191398621
1131;0.0043486738577485085;0.9510489702224731
1132;0.009176108054816723;0.811188817024231
1133;0.010760881938040257;0.6993007063865662
1134;0.004411224741488695;0.9510489702224731
1135;0.003859433112666011;0.9300699234008789
1136;0.010334459133446217;0.7202796936035156
1137;0.011358407326042652;0.6503496766090393
1138;0.004530868958681822;0.8951048851013184
1139;0.0072778663598001;0.881118893623352
1140;0.004903493914753199;0.9440559148788452
1141;0.007315031718462706;0.8741258978843689
1142;0.003745649941265583;0.9300699234008789
1143;0.0048090796917676926;0.9440559148788452
1144;0.004539996385574341;0.9300699234008789
1145;0.005002003628760576;0.9510489702224731
1146;0.0036383061669766903;0.9650349617004395
1147;0.0037562802899628878;0.9440559148788452
1148;0.0045172069221735;0.9580419659614563
1149;0.003712605917826295;0.9440559148788452
1150;0.0047975261695683;0.9510489702224731
1151;0.00359512260183692;0.9370629191398621
1152;0.007045178674161434;0.8881118893623352
1153;0.0037558353506028652;0.9370629191398621
1154;0.005330264568328857;0.9020978808403015
1155;0.0040045976638793945;0.9230769276618958
1156;0.0059571219608187675;0.9090909361839294
1157;0.008597430773079395;0.7902097702026367
1158;0.009805632755160332;0.7342657446861267
1159;0.005081166047602892;0.9160839319229126
1160;0.004495678469538689;0.9300699234008789
1161;0.007564587984234095;0.8601398468017578
1162;0.004162736237049103;0.9440559148788452
1163;0.0037891543470323086;0.9440559148788452
1164;0.005888966843485832;0.9020978808403015
1165;0.008955181576311588;0.7132866978645325
1166;0.004826871212571859;0.9300699234008789
1167;0.004921743646264076;0.9440559148788452
1168;0.004804555792361498;0.9510489702224731
1169;0.00502615375444293;0.9300699234008789
1170;0.003638502676039934;0.9510489702224731
1171;0.005090736318379641;0.9160839319229126
1172;0.004514231346547604;0.9440559148788452
1173;0.005414608865976334;0.8951048851013184
1174;0.00406208960339427;0.9510489702224731
1175;0.004155545961111784;0.9510489702224731
1176;0.004911069292575121;0.9230769276618958
1177;0.004652585834264755;0.9720279574394226
1178;0.0036010320764034986;0.9790209531784058
1179;0.004643249325454235;0.9440559148788452
1180;0.011083003133535385;0.6993007063865662
1181;0.0042189680971205235;0.9300699234008789
1182;0.0037546572275459766;0.9580419659614563
1183;0.006137832999229431;0.8461538553237915
1184;0.004081662744283676;0.9370629191398621
1185;0.005575473885983229;0.9160839319229126
1186;0.010638363659381866;0.7272727489471436
1187;0.004733030218631029;0.9720279574394226
1188;0.004669249523431063;0.9370629191398621
1189;0.0037871042732149363;0.9510489702224731
1190;0.004605818539857864;0.9790209531784058
1191;0.008799418807029724;0.7552447319030762
1192;0.0037895231507718563;0.9440559148788452
1193;0.004045217297971249;0.9370629191398621
1194;0.003708575153723359;0.9580419659614563
1195;0.011402590200304985;0.6503496766090393
1196;0.004021423868834972;0.9300699234008789
1197;0.006530047859996557;0.9020978808403015
1198;0.0037195554468780756;0.9650349617004395
1199;0.009321419522166252;0.7552447319030762
1200;0.005268503446131945;0.9300699234008789
1201;0.0046123624779284;0.9370629191398621
1202;0.0037639508955180645;0.9370629191398621
1203;0.003906872123479843;0.9370629191398621
1204;0.0038693808019161224;0.9720279574394226
1205;0.004554216284304857;0.9440559148788452
1206;0.007391864433884621;0.8601398468017578
1207;0.0038217147812247276;0.9650349617004395
1208;0.0033689287956804037;0.9650349617004395
1209;0.008324999362230301;0.8041958212852478
1210;0.0035662068985402584;0.9790209531784058
1211;0.004050042945891619;0.9650349617004395
1212;0.0036662279162555933;0.9510489702224731
1213;0.003645443357527256;0.9790209531784058
1214;0.0035315388813614845;0.9650349617004395
1215;0.0051152678206563;0.9230769276618958
1216;0.003227406181395054;0.9510489702224731
1217;0.004275554325431585;0.9300699234008789
1218;0.009125945158302784;0.7762237787246704
1219;0.003214489668607712;0.9650349617004395
1220;0.005888847168534994;0.9580419659614563
1221;0.0066364179365336895;0.8951048851013184
1222;0.00582164665684104;0.8951048851013184
1223;0.009695588611066341;0.7412587404251099
1224;0.006370559334754944;0.8951048851013184
1225;0.004077509976923466;0.9300699234008789
1226;0.004041914828121662;0.9510489702224731
1227;0.0044942256063222885;0.9440559148788452
1228;0.003550103399902582;0.9790209531784058
1229;0.00394446961581707;0.9860140085220337
1230;0.003633159678429365;0.9790209531784058
1231;0.007512757554650307;0.8741258978843689
1232;0.004533323924988508;0.9510489702224731
1233;0.004341621417552233;0.9510489702224731
1234;0.00514405919238925;0.9160839319229126
1235;0.0035341791808605194;0.9650349617004395
1236;0.00851772166788578;0.8181818127632141
1237;0.004327304661273956;0.9510489702224731
1238;0.0047109080478549;0.9510489702224731
1239;0.0056076147593557835;0.9020978808403015
1240;0.003398909466341138;0.9510489702224731
1241;0.004501037765294313;0.9090909361839294
1242;0.003673012601211667;0.9440559148788452
1243;0.003202434629201889;0.9580419659614563
1244;0.003933400847017765;0.9370629191398621
1245;0.0036075436510145664;0.9650349617004395
1246;0.0035170717164874077;0.9510489702224731
1247;0.009703624993562698;0.7132866978645325
1248;0.006138020660728216;0.9090909361839294
1249;0.005086478777229786;0.8881118893623352
1250;0.010170682333409786;0.7272727489471436
1251;0.006709468550980091;0.881118893623352
1252;0.0032675787806510925;0.9790209531784058
1253;0.0035658732522279024;0.9720279574394226
1254;0.0041315373964607716;0.9580419659614563
1255;0.003128060605376959;0.9510489702224731
1256;0.003436492523178458;0.9720279574394226
1257;0.009124568663537502;0.7832167744636536
1258;0.003909963183104992;0.9580419659614563
1259;0.0036276145838201046;0.9580419659614563
1260;0.004845296498388052;0.9020978808403015
1261;0.005819567479193211;0.8951048851013184
1262;0.0071994829922914505;0.8461538553237915
1263;0.008705307729542255;0.7972028255462646
1264;0.00882433820515871;0.811188817024231
1265;0.00371750071644783;0.9510489702224731
1266;0.004683301318436861;0.9090909361839294
1267;0.00415648752823472;0.9510489702224731
1268;0.0037425782065838575;0.9510489702224731
1269;0.003719269996508956;0.9720279574394226
1270;0.0038920228835195303;0.9790209531784058
1271;0.0041864607483148575;0.9510489702224731
1272;0.00909285806119442;0.7342657446861267
1273;0.004166474565863609;0.9370629191398621
1274;0.009543945081532001;0.7902097702026367
1275;0.004318025428801775;0.9650349617004395
1276;0.004011242650449276;0.9720279574394226
1277;0.004355945624411106;0.9300699234008789
1278;0.007286420091986656;0.8951048851013184
1279;0.003481114748865366;0.9790209531784058
1280;0.0046811336651444435;0.9440559148788452
1281;0.01087145134806633;0.6223776340484619
1282;0.005623697303235531;0.9300699234008789
1283;0.005312704015523195;0.8881118893623352
1284;0.008946606889367104;0.7622377872467041
1285;0.005198678933084011;0.9440559148788452
1286;0.005371778272092342;0.9440559148788452
1287;0.0058602397330105305;0.9790209531784058
1288;0.010409235954284668;0.7342657446861267
1289;0.0037792446091771126;0.9860140085220337
1290;0.0037759903352707624;0.9720279574394226
1291;0.008241965435445309;0.8181818127632141
1292;0.00383804296143353;0.9720279574394226
1293;0.0036106391344219446;0.9370629191398621
1294;0.0036019643303006887;0.9650349617004395
1295;0.004406696651130915;0.9440559148788452
1296;0.003780890954658389;0.9370629191398621
1297;0.0032594052609056234;0.9790209531784058
1298;0.003797373967245221;0.9440559148788452
1299;0.008464457467198372;0.8601398468017578
1300;0.007716744672507048;0.8461538553237915
1301;0.004240697715431452;0.9720279574394226
1302;0.010526969097554684;0.7132866978645325
1303;0.004177473019808531;0.9510489702224731
1304;0.0034560710191726685;0.9440559148788452
1305;0.0035956951323896646;0.9720279574394226
1306;0.003012873465195298;0.9510489702224731
1307;0.003363389754667878;0.9580419659614563
1308;0.0036286667454987764;0.9650349617004395
1309;0.003694151993840933;0.9720279574394226
1310;0.003211032133549452;0.9790209531784058
1311;0.007402375806123018;0.8881118893623352
1312;0.0030578605365008116;0.9790209531784058
1313;0.00620929803699255;0.9230769276618958
1314;0.006781146861612797;0.8881118893623352
1315;0.00809252168983221;0.8251748085021973
1316;0.004210110288113356;0.9650349617004395
1317;0.003141548717394471;0.9580419659614563
1318;0.007265446707606316;0.8741258978843689
1319;0.0031660774257034063;0.9790209531784058
1320;0.005737118422985077;0.9300699234008789
1321;0.003486757865175605;0.9790209531784058
1322;0.003550227964296937;0.9440559148788452
1323;0.004663038067519665;0.9650349617004395
1324;0.00570699805393815;0.8881118893623352
1325;0.006553843151777983;0.9160839319229126
1326;0.004535172134637833;0.9020978808403015
1327;0.00852997973561287;0.7832167744636536
1328;0.0034010291565209627;0.9790209531784058
1329;0.00452682189643383;0.9790209531784058
1330;0.0036296381149441004;0.9650349617004395
1331;0.00492065167054534;0.9720279574394226
1332;0.0033297273330390453;0.9860140085220337
1333;0.008915307000279427;0.8181818127632141
1334;0.0032326322980225086;0.9300699234008789
1335;0.0034245981369167566;0.9510489702224731
1336;0.010149242356419563;0.7342657446861267
1337;0.006045391783118248;0.8951048851013184
1338;0.003892506007105112;0.9580419659614563
1339;0.009179683402180672;0.7762237787246704
1340;0.0035051859449595213;0.9650349617004395
1341;0.004501733463257551;0.9300699234008789
1342;0.0033081984147429466;0.9930070042610168
1343;0.0088271489366889;0.7902097702026367
1344;0.003676028223708272;0.9930070042610168
1345;0.0031082099303603172;0.9650349617004395
1346;0.0035425182431936264;0.9720279574394226
1347;0.003070747246965766;0.9720279574394226
1348;0.006193624343723059;0.8531468510627747
1349;0.003648475045338273;0.9720279574394226
1350;0.009504260495305061;0.748251736164093
1351;0.0036136603448539972;0.9580419659614563
1352;0.002856181003153324;1.0
1353;0.006653255317360163;0.9510489702224731
1354;0.0036092763766646385;0.9650349617004395
1355;0.009945051744580269;0.7342657446861267
1356;0.005307207815349102;0.8951048851013184
1357;0.0034599120263010263;0.9790209531784058
1358;0.0031089484691619873;0.9790209531784058
1359;0.006730108987540007;0.9090909361839294
1360;0.0036821954417973757;0.9790209531784058
1361;0.003991875797510147;0.9860140085220337
1362;0.0039022068958729506;0.9650349617004395
1363;0.0039674281142652035;0.9300699234008789
1364;0.0032332574483007193;0.9580419659614563
1365;0.003544967155903578;0.9650349617004395
1366;0.003350090468302369;0.9860140085220337
1367;0.007269802037626505;0.867132842540741
1368;0.004107166081666946;0.9370629191398621
1369;0.0030607765074819326;0.9790209531784058
1370;0.0026846115943044424;0.9860140085220337
1371;0.003262351267039776;0.9580419659614563
1372;0.0032715206034481525;0.9650349617004395
1373;0.006376983132213354;0.8601398468017578
1374;0.0033184881322085857;0.9860140085220337
1375;0.006370466202497482;0.9020978808403015
1376;0.002960186218842864;0.9720279574394226
1377;0.006081440486013889;0.9090909361839294
1378;0.004714200273156166;0.9370629191398621
1379;0.0027152139227837324;0.9790209531784058
1380;0.0038557809311896563;0.9580419659614563
1381;0.002892110962420702;0.9720279574394226
1382;0.005037416238337755;0.9510489702224731
1383;0.0035940641537308693;0.9650349617004395
1384;0.006151075009256601;0.8951048851013184
1385;0.003592825960367918;0.9650349617004395
1386;0.0034632522147148848;0.9720279574394226
1387;0.006089406553655863;0.8601398468017578
1388;0.003001695964485407;0.9790209531784058
1389;0.0032923538237810135;0.9650349617004395
1390;0.004391986411064863;0.9370629191398621
1391;0.00304608466103673;0.9790209531784058
1392;0.003632200416177511;0.9510489702224731
1393;0.00807197019457817;0.7692307829856873
1394;0.00803128071129322;0.8391608595848083
1395;0.005786800291389227;0.9090909361839294
1396;0.0035767413210123777;0.9510489702224731
1397;0.004744516219943762;0.9370629191398621
1398;0.0029557356610894203;0.9720279574394226
1399;0.005919313058257103;0.9020978808403015
1400;0.002983061596751213;0.9930070042610168
1401;0.0057946559973061085;0.9020978808403015
1402;0.0049097430892288685;0.9580419659614563
1403;0.002813957165926695;0.9720279574394226
1404;0.004805347416549921;0.9370629191398621
1405;0.0031552237924188375;0.9790209531784058
1406;0.0038804796058684587;0.9790209531784058
1407;0.002915342338383198;0.9860140085220337
1408;0.0039025789592415094;0.9370629191398621
1409;0.003355935914441943;0.9720279574394226
1410;0.003272537374868989;0.9790209531784058
1411;0.003100479720160365;0.9510489702224731
1412;0.005217779893428087;0.9440559148788452
1413;0.0077772559598088264;0.867132842540741
1414;0.0035484498366713524;0.9440559148788452
1415;0.005072157829999924;0.8881118893623352
1416;0.002996351569890976;0.9720279574394226
1417;0.006136303301900625;0.9090909361839294
1418;0.0038212856743484735;0.9720279574394226
1419;0.0033555091358721256;0.9930070042610168
1420;0.0034241850953549147;0.9860140085220337
1421;0.010067231953144073;0.7622377872467041
1422;0.005409729667007923;0.9300699234008789
1423;0.003834307659417391;0.9650349617004395
1424;0.0033767647109925747;0.9580419659614563
1425;0.006255296990275383;0.9020978808403015
1426;0.0038956846110522747;0.9650349617004395
1427;0.004505017306655645;0.9370629191398621
1428;0.003479174803942442;0.9720279574394226
1429;0.008277677930891514;0.8321678042411804
1430;0.004767847713083029;0.9440559148788452
1431;0.006771643180400133;0.867132842540741
1432;0.00615678122267127;0.8461538553237915
1433;0.0034096643794327974;0.9440559148788452
1434;0.007423656992614269;0.8321678042411804
1435;0.004067547153681517;0.9440559148788452
1436;0.003920413553714752;0.9440559148788452
1437;0.0034577450715005398;0.9510489702224731
1438;0.00508979894220829;0.9580419659614563
1439;0.006219586823135614;0.9090909361839294
1440;0.004628733731806278;0.9160839319229126
1441;0.004466591402888298;0.9790209531784058
1442;0.009856362827122211;0.6783216595649719
1443;0.004477384500205517;0.9230769276618958
1444;0.0048729535192251205;0.9160839319229126
1445;0.004055217374116182;0.9160839319229126
1446;0.0032966267317533493;0.9650349617004395
1447;0.004001619294285774;0.9720279574394226
1448;0.003667273325845599;0.9860140085220337
1449;0.002789643593132496;0.9790209531784058
1450;0.0031353007070720196;0.9650349617004395
1451;0.003036357229575515;0.9790209531784058
1452;0.007033587899059057;0.8881118893623352
1453;0.00414970563724637;0.9720279574394226
1454;0.0035882603842765093;1.0
1455;0.0032979014795273542;0.9790209531784058
1456;0.0032354509457945824;0.9790209531784058
1457;0.0030571192037314177;0.9860140085220337
1458;0.0029592241626232862;0.9860140085220337
1459;0.002678495366126299;0.9720279574394226
1460;0.005046465899795294;0.9370629191398621
1461;0.00511620007455349;0.9300699234008789
1462;0.009753692895174026;0.7832167744636536
1463;0.0033612416591495275;0.9930070042610168
1464;0.00325006409548223;0.9790209531784058
1465;0.0028198049403727055;0.9860140085220337
1466;0.006594312842935324;0.8951048851013184
1467;0.005931672640144825;0.8951048851013184
1468;0.003133123740553856;0.9790209531784058
1469;0.002586018992587924;0.9860140085220337
1470;0.003344890894368291;0.9650349617004395
1471;0.008937772363424301;0.7972028255462646
1472;0.004495961591601372;0.9440559148788452
1473;0.0024580995086580515;1.0
1474;0.0026583075523376465;0.9720279574394226
1475;0.0027187864761799574;1.0
1476;0.002625127322971821;0.9720279574394226
1477;0.004076916258782148;0.9650349617004395
1478;0.0028847602661699057;0.9580419659614563
1479;0.002819283399730921;0.9650349617004395
1480;0.003933900501579046;0.9510489702224731
1481;0.0026827631518244743;1.0
1482;0.0027209892868995667;0.9510489702224731
1483;0.002630003495141864;0.9790209531784058
1484;0.004519338719546795;0.9580419659614563
1485;0.005768212955445051;0.8951048851013184
1486;0.002564002061262727;0.9860140085220337
1487;0.007887166924774647;0.8321678042411804
1488;0.002828007796779275;0.9860140085220337
1489;0.002903795102611184;0.9790209531784058
1490;0.003108211560174823;0.9580419659614563
1491;0.0027396567165851593;0.9720279574394226
1492;0.0027514982502907515;0.9860140085220337
1493;0.005556980613619089;0.9370629191398621
1494;0.003864097874611616;0.9510489702224731
1495;0.0030446441378444433;0.9930070042610168
1496;0.003083502408117056;0.9440559148788452
1497;0.002429191255941987;0.9790209531784058
1498;0.007617548108100891;0.8321678042411804
1499;0.006606210954487324;0.867132842540741
