iteration;loss;accuracy
0;0.009460150264203548;0.019305018708109856
1;0.009249011054635048;0.03667953610420227
2;0.009232590906322002;0.03861003741621971
3;0.009249278344213963;0.03474903479218483
4;0.009244706481695175;0.054054055362939835
5;0.009202278219163418;0.04633204638957977
6;0.009179930202662945;0.057915057986974716
7;0.009170528501272202;0.052123550325632095
8;0.009167172014713287;0.04440154507756233
9;0.00917973555624485;0.054054055362939835
10;0.009172292426228523;0.04633204638957977
11;0.009147584438323975;0.04440154507756233
12;0.009126809425652027;0.054054055362939835
13;0.009121653623878956;0.052123550325632095
14;0.009123784489929676;0.052123550325632095
15;0.009109706617891788;0.050193049013614655
16;0.009089451283216476;0.05984555929899216
17;0.009086708538234234;0.052123550325632095
18;0.009082709439098835;0.057915057986974716
19;0.009074261412024498;0.048262547701597214
20;0.009077565744519234;0.06756756454706192
21;0.009059024974703789;0.0810810774564743
22;0.009056737646460533;0.0714285746216774
23;0.009027291089296341;0.10424710065126419
24;0.009029436856508255;0.0810810774564743
25;0.009029647335410118;0.07528957724571228
26;0.00900714285671711;0.09652509540319443
27;0.009007535874843597;0.07335907220840454
28;0.008996871300041676;0.08494208753108978
29;0.008976250886917114;0.09266409277915955
30;0.008972564712166786;0.09266409277915955
31;0.008966127410531044;0.10617760568857193
32;0.008955154567956924;0.09459459781646729
33;0.0089438296854496;0.0907335877418518
34;0.008922589011490345;0.09266409277915955
35;0.008920783177018166;0.1138996109366417
36;0.00890278909355402;0.11196911334991455
37;0.008896136656403542;0.10231660306453705
38;0.008873321115970612;0.09459459781646729
39;0.008863875642418861;0.09845560044050217
40;0.008854388259351254;0.1235521212220192
41;0.008844221010804176;0.1235521212220192
42;0.008824769407510757;0.11196911334991455
43;0.008806540630757809;0.1235521212220192
44;0.008807986043393612;0.11583011597394943
45;0.008804659359157085;0.11196911334991455
46;0.008819187059998512;0.09266409277915955
47;0.008787969127297401;0.1138996109366417
48;0.008725740015506744;0.14671814441680908
49;0.008755299262702465;0.12162162363529205
50;0.008730372413992882;0.12741312384605408
51;0.008751786313951015;0.12741312384605408
52;0.00870786514133215;0.11196911334991455
53;0.008664506487548351;0.1718146651983261
54;0.00869339145720005;0.13706563413143158
55;0.008650660514831543;0.12548261880874634
56;0.008639080449938774;0.14092664420604706
57;0.00863037072122097;0.15444014966487885
58;0.008630134165287018;0.11969111859798431
59;0.008618643507361412;0.12548261880874634
60;0.00860702432692051;0.13706563413143158
61;0.00856627244502306;0.16409265995025635
62;0.008562249131500721;0.14864864945411682
63;0.008543534204363823;0.16988417506217957
64;0.008556985296308994;0.12548261880874634
65;0.008526653051376343;0.1718146651983261
66;0.008527878671884537;0.14864864945411682
67;0.008505540899932384;0.16023166477680206
68;0.008500104770064354;0.1332046389579773
69;0.008497754111886024;0.16409265995025635
70;0.008526992984116077;0.1428571492433548
71;0.008513745851814747;0.1718146651983261
72;0.008465363644063473;0.15444014966487885
73;0.008490953594446182;0.15830115973949432
74;0.008474568836390972;0.16409265995025635
75;0.008462588302791119;0.14864864945411682
76;0.00846119225025177;0.16023166477680206
77;0.008443092927336693;0.16409265995025635
78;0.008442395366728306;0.15057915449142456
79;0.008409358561038971;0.17953668534755707
80;0.008424241095781326;0.13706563413143158
81;0.008413835428655148;0.17374517023563385
82;0.008416309952735901;0.15444014966487885
83;0.008415289223194122;0.16409265995025635
84;0.008399163372814655;0.1853281855583191
85;0.00837989617139101;0.16409265995025635
86;0.008359716273844242;0.1853281855583191
87;0.008365215733647346;0.15830115973949432
88;0.008328739553689957;0.1718146651983261
89;0.008352362550795078;0.1949806958436966
90;0.00834778230637312;0.1718146651983261
91;0.00831075944006443;0.1853281855583191
92;0.00828269962221384;0.20849420130252838
93;0.008346673101186752;0.15637065470218658
94;0.008275862783193588;0.21235521137714386
95;0.008331097662448883;0.16795367002487183
96;0.008294438011944294;0.18339768052101135
97;0.008242039941251278;0.2335907369852066
98;0.008318859152495861;0.19691120088100433
99;0.008262603543698788;0.19884170591831207
100;0.00829444732517004;0.19305019080638885
101;0.008273023180663586;0.17760618031024933
102;0.008316956460475922;0.19305019080638885
103;0.008252698928117752;0.18918919563293457
104;0.008250733837485313;0.18339768052101135
105;0.008234193548560143;0.18918919563293457
106;0.008231695741415024;0.20077219605445862
107;0.008235656656324863;0.18918919563293457
108;0.008242364972829819;0.19305019080638885
109;0.008209056220948696;0.19111968576908112
110;0.00825365912169218;0.1660231649875641
111;0.008161669597029686;0.21042470633983612
112;0.00818725861608982;0.23166023194789886
113;0.008200419135391712;0.20077219605445862
114;0.008226423524320126;0.1949806958436966
115;0.008183087222278118;0.21042470633983612
116;0.008200562559068203;0.22972972691059113
117;0.008181072771549225;0.20077219605445862
118;0.008210260421037674;0.19305019080638885
119;0.008197544142603874;0.19691120088100433
120;0.00818050466477871;0.21621622145175934
121;0.008190441876649857;0.20077219605445862
122;0.008179244585335255;0.21814671158790588
123;0.008147582411766052;0.22586873173713684
124;0.00817899126559496;0.19111968576908112
125;0.008185175247490406;0.2046332061290741
126;0.008173052221536636;0.22007721662521362
127;0.008134162053465843;0.23166023194789886
128;0.008111790753901005;0.22586873173713684
129;0.008137786760926247;0.23552124202251434
130;0.008176703937351704;0.2374517321586609
131;0.008122706785798073;0.23552124202251434
132;0.008158148266375065;0.21235521137714386
133;0.008135896176099777;0.2374517321586609
134;0.008111999370157719;0.22200772166252136
135;0.008101706393063068;0.2335907369852066
136;0.008129146881401539;0.20849420130252838
137;0.008075516670942307;0.24131274223327637
138;0.008088738657534122;0.2335907369852066
139;0.008141431026160717;0.21814671158790588
140;0.008093365468084812;0.23938223719596863
141;0.008080299012362957;0.22007721662521362
142;0.008103718981146812;0.22972972691059113
143;0.008031843230128288;0.2567567527294159
144;0.008048850111663342;0.25868725776672363
145;0.008070132695138454;0.24131274223327637
146;0.008048824965953827;0.24131274223327637
147;0.008047283627092838;0.24903474748134613
148;0.008097663521766663;0.2277992218732834
149;0.008060162886977196;0.2335907369852066
150;0.00806521438062191;0.2471042424440384
151;0.008070292882621288;0.23166023194789886
152;0.008040365763008595;0.2277992218732834
153;0.00807102769613266;0.23166023194789886
154;0.008032049983739853;0.26061776280403137
155;0.00805576890707016;0.2625482678413391
156;0.008004824630916119;0.2625482678413391
157;0.00802542082965374;0.23938223719596863
158;0.007987498305737972;0.25482624769210815
159;0.008018850348889828;0.26447877287864685
160;0.008026222698390484;0.25868725776672363
161;0.00798142608255148;0.25482624769210815
162;0.008064351975917816;0.2702702581882477
163;0.00799496378749609;0.23552124202251434
164;0.008024767972528934;0.2567567527294159
165;0.008027252741158009;0.23552124202251434
166;0.007993511855602264;0.26833978295326233
167;0.007969451136887074;0.27413126826286316
168;0.007991461083292961;0.2664092779159546
169;0.007965951226651669;0.2702702581882477
170;0.007952118292450905;0.30308881402015686
171;0.008004095405340195;0.23938223719596863
172;0.007958028465509415;0.26833978295326233
173;0.008005550131201744;0.26061776280403137
174;0.007989360950887203;0.2895752787590027
175;0.007986211217939854;0.24903474748134613
176;0.008042295463383198;0.2277992218732834
177;0.008001611568033695;0.2528957426548004
178;0.008055168204009533;0.24903474748134613
179;0.007914029993116856;0.26447877287864685
180;0.008011951111257076;0.24131274223327637
181;0.007956291548907757;0.2857142984867096
182;0.00796043872833252;0.2857142984867096
183;0.007979294285178185;0.2664092779159546
184;0.007932974025607109;0.2818532884120941
185;0.00790368765592575;0.2760617733001709
186;0.007885953411459923;0.28378379344940186
187;0.007907615043222904;0.32239383459091187
188;0.00788226816803217;0.31274130940437317
189;0.0079217329621315;0.2799227833747864
190;0.00790647603571415;0.3185328245162964
191;0.007889857515692711;0.3011583089828491
192;0.007916229777038097;0.28378379344940186
193;0.007879290729761124;0.2857142984867096
194;0.007912163622677326;0.29343628883361816
195;0.007903536781668663;0.28378379344940186
196;0.007923442870378494;0.29729729890823364
197;0.00788106769323349;0.3146718144416809
198;0.007884356193244457;0.3146718144416809
199;0.007898234762251377;0.29343628883361816
200;0.007896995171904564;0.2992278039455414
201;0.00795496255159378;0.26833978295326233
202;0.007882736623287201;0.3088802993297577
203;0.007908331230282784;0.2818532884120941
204;0.007877624593675137;0.3050193190574646
205;0.007875923067331314;0.3185328245162964
206;0.007872974500060081;0.31660231947898865
207;0.007821554318070412;0.31274130940437317
208;0.007847440429031849;0.28764477372169495
209;0.007817997597157955;0.3320463299751282
210;0.007906441576778889;0.30694979429244995
211;0.007791042327880859;0.33011582493782043
212;0.007793067488819361;0.3243243098258972
213;0.007859445177018642;0.2895752787590027
214;0.00778607651591301;0.30308881402015686
215;0.007797003258019686;0.34169885516166687
216;0.007813330739736557;0.3436293303966522
217;0.007747682277113199;0.3436293303966522
218;0.007996746338903904;0.2760617733001709
219;0.008149225264787674;0.2625482678413391
220;0.008090099319815636;0.26833978295326233
221;0.00789274275302887;0.3146718144416809
222;0.008030722849071026;0.2509652376174927
223;0.00808218028396368;0.2335907369852066
224;0.00792351271957159;0.27799227833747864
225;0.007911606691777706;0.3011583089828491
226;0.00794294849038124;0.29729729890823364
227;0.00785005185753107;0.3185328245162964
228;0.007811826653778553;0.30694979429244995
229;0.007813348434865475;0.27799227833747864
230;0.007832886651158333;0.3204633295536041
231;0.007785046473145485;0.30694979429244995
232;0.007809529080986977;0.29343628883361816
233;0.007743769325315952;0.3320463299751282
234;0.0077577983029186726;0.33976835012435913
235;0.007718802895396948;0.3378378450870514
236;0.007710935547947884;0.32239383459091187
237;0.007705583702772856;0.31660231947898865
238;0.007635395973920822;0.3803088665008545
239;0.007683455944061279;0.3320463299751282
240;0.007625837344676256;0.35521236062049866
241;0.007649191189557314;0.3378378450870514
242;0.00758474413305521;0.3378378450870514
243;0.0076284450478851795;0.3474903404712677
244;0.007696830201894045;0.36872586607933044
245;0.0076520671136677265;0.36486485600471497
246;0.007623928599059582;0.34555983543395996
247;0.007560130208730698;0.3474903404712677
248;0.007594801019877195;0.38223937153816223
249;0.007552867755293846;0.3803088665008545
250;0.0075620259158313274;0.36486485600471497
251;0.007537307217717171;0.3918918967247009
252;0.00760524021461606;0.3706563711166382
253;0.007546751294285059;0.36872586607933044
254;0.007672330364584923;0.31274130940437317
255;0.007836448960006237;0.32239383459091187
256;0.007889948785305023;0.31660231947898865
257;0.0077468943782150745;0.3610038757324219
258;0.007672816514968872;0.33011582493782043
259;0.00778710562735796;0.3146718144416809
260;0.007746570743620396;0.3610038757324219
261;0.007619976997375488;0.38416987657546997
262;0.007604611571878195;0.34942084550857544
263;0.00763078173622489;0.3571428656578064
264;0.007544960360974073;0.3957529067993164
265;0.007468283176422119;0.403474897146225
266;0.0075170788913965225;0.3513513505458832
267;0.007586381398141384;0.3474903404712677
268;0.007522444240748882;0.3957529067993164
269;0.007477698847651482;0.403474897146225
270;0.007497202605009079;0.3996138870716095
271;0.007447960786521435;0.40733590722084045
272;0.007472414989024401;0.3706563711166382
273;0.007406796328723431;0.38223937153816223
274;0.0073815747164189816;0.38223937153816223
275;0.007396438159048557;0.38223937153816223
276;0.00733225978910923;0.42277991771698
277;0.0073902178555727005;0.39382240176200867
278;0.007352281361818314;0.3899613916873932
279;0.007394701708108187;0.40154439210891724
280;0.00732263270765543;0.43629342317581177
281;0.007363623473793268;0.3706563711166382
282;0.007333000190556049;0.3706563711166382
283;0.007320374250411987;0.403474897146225
284;0.00726397754624486;0.42277991771698
285;0.00729809096083045;0.3996138870716095
286;0.007356677204370499;0.38416987657546997
287;0.007263335399329662;0.403474897146225
288;0.0072660124860703945;0.41698840260505676
289;0.00727594131603837;0.4285714328289032
290;0.00722661055624485;0.42084941267967224
291;0.007217997219413519;0.3957529067993164
292;0.007248310372233391;0.4440154433250427
293;0.007213166914880276;0.4247104227542877
294;0.007245740387588739;0.39768341183662415
295;0.007293811533600092;0.3996138870716095
296;0.007241681683808565;0.403474897146225
297;0.007231897674500942;0.4382239282131195
298;0.007134916726499796;0.44594594836235046
299;0.007288661785423756;0.38223937153816223
300;0.007200834807008505;0.41312742233276367
301;0.007238062098622322;0.4247104227542877
302;0.007154513616114855;0.4285714328289032
303;0.007150977849960327;0.4382239282131195
304;0.007143940776586533;0.4343629479408264
305;0.00713391462340951;0.41698840260505676
306;0.00713135302066803;0.4189189076423645
307;0.007120257243514061;0.44980695843696594
308;0.0071513163857162;0.41312742233276367
309;0.007069873157888651;0.4092664122581482
310;0.007096380461007357;0.4478764533996582
311;0.007072014268487692;0.46525096893310547
312;0.007140710949897766;0.4440154433250427
313;0.007121924310922623;0.42664092779159546
314;0.007074585184454918;0.5173745155334473
315;0.007109218742698431;0.44594594836235046
316;0.007088660728186369;0.4536679685115814
317;0.007050163112580776;0.4864864945411682
318;0.007050206884741783;0.480694979429245
319;0.007086595520377159;0.4324324429035187
320;0.007042026612907648;0.41312742233276367
321;0.0070680491626262665;0.44015443325042725
322;0.007090599741786718;0.4247104227542877
323;0.007060846779495478;0.4575289487838745
324;0.0070282709784805775;0.4575289487838745
325;0.0070550465025007725;0.43629342317581177
326;0.007359592244029045;0.4285714328289032
327;0.00706619955599308;0.43629342317581177
328;0.007200803142040968;0.38416987657546997
329;0.007089072372764349;0.46332046389579773
330;0.007011989131569862;0.48262548446655273
331;0.007146848365664482;0.4575289487838745
332;0.006992901675403118;0.4864864945411682
333;0.006975162774324417;0.4575289487838745
334;0.007072768174111843;0.4343629479408264
335;0.006979465950280428;0.48262548446655273
336;0.0070150550454854965;0.4517374634742737
337;0.007009042892605066;0.4710424840450287
338;0.0070202648639678955;0.4247104227542877
339;0.007082594558596611;0.4517374634742737
340;0.006907844915986061;0.4749034643173218
341;0.007075164932757616;0.45945945382118225
342;0.0070265717804431915;0.4478764533996582
343;0.006941088475286961;0.47297295928001404
344;0.007015715818852186;0.4555984437465668
345;0.006830553989857435;0.5193049907684326
346;0.006986922584474087;0.4575289487838745
347;0.006903394591063261;0.46138995885849
348;0.007041390985250473;0.4478764533996582
349;0.006951745133846998;0.4942084848880768
350;0.007048498839139938;0.442084938287735
351;0.006856587715446949;0.5212355256080627
352;0.0070211575366556644;0.44980695843696594
353;0.006945731583982706;0.4536679685115814
354;0.006928997114300728;0.4903475046157837
355;0.006975403055548668;0.48841699957847595
356;0.006873775273561478;0.4845559895038605
357;0.006896549835801125;0.5038610100746155
358;0.006942927837371826;0.46911197900772095
359;0.006918255239725113;0.46138995885849
360;0.006899626925587654;0.5096524953842163
361;0.006916271056979895;0.4942084848880768
362;0.0069417827762663364;0.4710424840450287
363;0.006902566645294428;0.4768339693546295
364;0.006824593059718609;0.49227797985076904
365;0.0068873087875545025;0.4903475046157837
366;0.00680140545591712;0.5250965356826782
367;0.006891347002238035;0.4768339693546295
368;0.006802950985729694;0.49806949496269226
369;0.006776618305593729;0.4903475046157837
370;0.006760870106518269;0.5115830302238464
371;0.006780215539038181;0.5154440402984619
372;0.0069189900532364845;0.480694979429245
373;0.006736911367624998;0.5019304752349854
374;0.006814596708863974;0.5173745155334473
375;0.0067650433629751205;0.49806949496269226
376;0.0066985515877604485;0.5559845566749573
377;0.006806876510381699;0.5
378;0.006712055765092373;0.480694979429245
379;0.006874199490994215;0.4555984437465668
380;0.006747445557266474;0.4961389899253845
381;0.006657607387751341;0.5135135054588318
382;0.006814649328589439;0.5154440402984619
383;0.006680659018456936;0.546332061290741
384;0.006769063416868448;0.507722020149231
385;0.006731703877449036;0.5231660008430481
386;0.0069379848428070545;0.44980695843696594
387;0.006846529431641102;0.47876447439193726
388;0.006900407839566469;0.44980695843696594
389;0.007049918174743652;0.44980695843696594
390;0.006718937307596207;0.4864864945411682
391;0.006893503479659557;0.46332046389579773
392;0.006686315406113863;0.4845559895038605
393;0.006752628833055496;0.5038610100746155
394;0.006685631349682808;0.5231660008430481
395;0.0066910614259541035;0.507722020149231
396;0.006855203304439783;0.4903475046157837
397;0.006660923361778259;0.5231660008430481
398;0.006708273198455572;0.47876447439193726
399;0.006662813946604729;0.4942084848880768
400;0.00668571051210165;0.5096524953842163
401;0.006631485652178526;0.5250965356826782
402;0.006561292335391045;0.5231660008430481
403;0.0066058337688446045;0.5135135054588318
404;0.006702156737446785;0.4768339693546295
405;0.006562114227563143;0.546332061290741
406;0.006593525875359774;0.5115830302238464
407;0.00659159105271101;0.53861004114151
408;0.006499830633401871;0.5694980621337891
409;0.006619860418140888;0.5057914853096008
410;0.006572721526026726;0.4864864945411682
411;0.006528748199343681;0.5405405163764954
412;0.006557200103998184;0.5212355256080627
413;0.0064699891954660416;0.5501930713653564
414;0.0064781950786709785;0.5212355256080627
415;0.006471589673310518;0.530888020992279
416;0.00659593939781189;0.5115830302238464
417;0.006791942752897739;0.4671814739704132
418;0.0067542134784162045;0.5173745155334473
419;0.006482316181063652;0.53861004114151
420;0.0067803882993757725;0.45945945382118225
421;0.006521780975162983;0.5250965356826782
422;0.0067443507723510265;0.4942084848880768
423;0.006579898763448;0.5637065768241882
424;0.006510287057608366;0.5328185558319092
425;0.00655834237113595;0.5231660008430481
426;0.006517438217997551;0.5173745155334473
427;0.006553011015057564;0.5154440402984619
428;0.006481627933681011;0.546332061290741
429;0.006512992549687624;0.5559845566749573
430;0.006488931365311146;0.5540540814399719
431;0.006388094276189804;0.5482625365257263
432;0.006436950992792845;0.5366795659065247
433;0.006393645890057087;0.5579150319099426
434;0.006415690295398235;0.5366795659065247
435;0.006485532969236374;0.546332061290741
436;0.006467491388320923;0.5617760419845581
437;0.0064275674521923065;0.5540540814399719
438;0.006516150198876858;0.530888020992279
439;0.006346698850393295;0.546332061290741
440;0.006581029389053583;0.5193049907684326
441;0.0064546698704361916;0.5347490310668945
442;0.006374419201165438;0.5347490310668945
443;0.00641749519854784;0.5289575457572937
444;0.006425312254577875;0.5424710512161255
445;0.0063482606783509254;0.5675675868988037
446;0.006490024272352457;0.5154440402984619
447;0.006465360056608915;0.5115830302238464
448;0.006514398381114006;0.53861004114151
449;0.006560502108186483;0.4961389899253845
450;0.0064276717603206635;0.546332061290741
451;0.006692385766655207;0.507722020149231
452;0.006557941902428865;0.5057914853096008
453;0.006678446661680937;0.5173745155334473
454;0.0064670066349208355;0.5366795659065247
455;0.006551727186888456;0.5173745155334473
456;0.006455135531723499;0.5328185558319092
457;0.006592602003365755;0.5366795659065247
458;0.006467098370194435;0.5366795659065247
459;0.006464447360485792;0.5501930713653564
460;0.006535549182444811;0.5057914853096008
461;0.006408322602510452;0.5173745155334473
462;0.006275684107095003;0.5733590722084045
463;0.006447949912399054;0.5250965356826782
464;0.006333930417895317;0.53861004114151
465;0.0064076310954988;0.5328185558319092
466;0.0062199742533266544;0.5656370520591736
467;0.0063716028816998005;0.53861004114151
468;0.006331892218440771;0.5617760419845581
469;0.006387925706803799;0.5173745155334473
470;0.006144801154732704;0.6023166179656982
471;0.006263830233365297;0.5907335877418518
472;0.006272553000599146;0.5579150319099426
473;0.006345631089061499;0.5617760419845581
474;0.0063352202996611595;0.5656370520591736
475;0.00622739689424634;0.5791505575180054
476;0.006450678687542677;0.5347490310668945
477;0.006171735003590584;0.5791505575180054
478;0.006344758439809084;0.5347490310668945
479;0.006187477149069309;0.5540540814399719
480;0.00638266745954752;0.5173745155334473
481;0.0061719221994280815;0.5694980621337891
482;0.006262804847210646;0.5347490310668945
483;0.00628568883985281;0.5328185558319092
484;0.006153763737529516;0.5521235466003418
485;0.006243689451366663;0.5617760419845581
486;0.0061349724419415;0.57722008228302
487;0.006212407723069191;0.57722008228302
488;0.006205642130225897;0.5559845566749573
489;0.006155254784971476;0.546332061290741
490;0.0060773552395403385;0.5579150319099426
491;0.006146369501948357;0.5501930713653564
492;0.006062343716621399;0.6023166179656982
493;0.006182572338730097;0.5675675868988037
494;0.006183631252497435;0.5598455667495728
495;0.0060329316183924675;0.5752895474433899
496;0.006105553358793259;0.5656370520591736
497;0.006150315515697002;0.5482625365257263
498;0.006015145685523748;0.5714285969734192
499;0.006086850073188543;0.5714285969734192
500;0.00610565347597003;0.5714285969734192
501;0.006067122798413038;0.6216216087341309
502;0.006262915674597025;0.5617760419845581
503;0.005976630840450525;0.5733590722084045
504;0.006114506162703037;0.546332061290741
505;0.006064704153686762;0.5617760419845581
506;0.006105846259742975;0.5637065768241882
507;0.006140229757875204;0.5637065768241882
508;0.006359058432281017;0.5231660008430481
509;0.006343270651996136;0.5366795659065247
510;0.006226065568625927;0.5521235466003418
511;0.00668163038790226;0.4710424840450287
512;0.006608067080378532;0.4961389899253845
513;0.006193548906594515;0.5366795659065247
514;0.006481860298663378;0.49227797985076904
515;0.006379106547683477;0.5193049907684326
516;0.006378524471074343;0.5482625365257263
517;0.006288622040301561;0.5579150319099426
518;0.006162113044410944;0.5714285969734192
519;0.006423750426620245;0.49806949496269226
520;0.006325432099401951;0.530888020992279
521;0.006299792323261499;0.5347490310668945
522;0.006296860054135323;0.5366795659065247
523;0.006299769505858421;0.5521235466003418
524;0.006125346291810274;0.5656370520591736
525;0.006132117472589016;0.5424710512161255
526;0.006249439902603626;0.5366795659065247
527;0.00612244475632906;0.5752895474433899
528;0.006168442312628031;0.6003860831260681
529;0.006169720087200403;0.584942102432251
530;0.006020927801728249;0.5694980621337891
531;0.006053986493498087;0.5521235466003418
532;0.00612335279583931;0.5694980621337891
533;0.00602920213714242;0.5714285969734192
534;0.006023930385708809;0.5656370520591736
535;0.006107736378908157;0.5559845566749573
536;0.00612251739948988;0.5675675868988037
537;0.006076153367757797;0.5501930713653564
538;0.0060248603112995625;0.5656370520591736
539;0.005901650991290808;0.5965250730514526
540;0.006107063498347998;0.5559845566749573
541;0.0059757842682302;0.5830115675926208
542;0.005907049868255854;0.5598455667495728
543;0.006099000107496977;0.5559845566749573
544;0.0059647709131240845;0.5907335877418518
545;0.005922921933233738;0.5559845566749573
546;0.005930645857006311;0.6081081032752991
547;0.005959733854979277;0.5907335877418518
548;0.00591614842414856;0.5752895474433899
549;0.005936873611062765;0.57722008228302
550;0.005923769436776638;0.5579150319099426
551;0.005938336253166199;0.5868725776672363
552;0.0058645810931921005;0.6081081032752991
553;0.005887284409254789;0.5926640629768372
554;0.005890847649425268;0.5926640629768372
555;0.005872123409062624;0.5868725776672363
556;0.0059342216700315475;0.5521235466003418
557;0.005883851088583469;0.6023166179656982
558;0.005840178579092026;0.5926640629768372
559;0.005870026536285877;0.6081081032752991
560;0.00576722202822566;0.6138995885848999
561;0.005878163035959005;0.5656370520591736
562;0.005827156826853752;0.5868725776672363
563;0.005820068530738354;0.5984556078910828
564;0.005936736240983009;0.5694980621337891
565;0.005930587183684111;0.6003860831260681
566;0.005955476779490709;0.5810810923576355
567;0.005851713940501213;0.5868725776672363
568;0.005835508927702904;0.6042470932006836
569;0.005757665727287531;0.61583012342453
570;0.005731642246246338;0.6003860831260681
571;0.005678147543221712;0.6100386381149292
572;0.005854766815900803;0.6061776280403137
573;0.005801381543278694;0.6081081032752991
574;0.005796418059617281;0.6081081032752991
575;0.005732587072998285;0.5945945978164673
576;0.00582725228741765;0.5501930713653564
577;0.005792196374386549;0.6023166179656982
578;0.005790370516479015;0.57722008228302
579;0.005703304428607225;0.6061776280403137
580;0.005677567794919014;0.5965250730514526
581;0.005715817678719759;0.5907335877418518
582;0.005740914959460497;0.6138995885848999
583;0.005633740220218897;0.6177605986595154
584;0.005665978416800499;0.6196911334991455
585;0.005670409183949232;0.584942102432251
586;0.0056557562202215195;0.5733590722084045
587;0.005713675636798143;0.6274131536483765
588;0.005673832260072231;0.6293436288833618
589;0.005679918918758631;0.6003860831260681
590;0.005650469567626715;0.5945945978164673
591;0.005766686983406544;0.584942102432251
592;0.005648489575833082;0.6023166179656982
593;0.005675392225384712;0.6428571343421936
594;0.005808189976960421;0.6119691133499146
595;0.0057076052762568;0.5984556078910828
596;0.005995514336973429;0.5598455667495728
597;0.005722204223275185;0.6061776280403137
598;0.0056839752942323685;0.6119691133499146
599;0.005901105236262083;0.5733590722084045
600;0.00574903842061758;0.5907335877418518
601;0.005889337509870529;0.5945945978164673
602;0.005886491388082504;0.5888031125068665
603;0.0057821208611130714;0.5830115675926208
604;0.005803866311907768;0.584942102432251
605;0.005814650561660528;0.6042470932006836
606;0.005791881587356329;0.5945945978164673
607;0.005819156765937805;0.5617760419845581
608;0.005728287622332573;0.5926640629768372
609;0.005985948257148266;0.546332061290741
610;0.005745477508753538;0.5791505575180054
611;0.005801873281598091;0.6196911334991455
612;0.005729862488806248;0.57722008228302
613;0.00605753855779767;0.5347490310668945
614;0.005933624692261219;0.5752895474433899
615;0.005778067745268345;0.5926640629768372
616;0.006040151230990887;0.5656370520591736
617;0.005766875576227903;0.584942102432251
618;0.005921177100390196;0.5733590722084045
619;0.005709828343242407;0.623552143573761
620;0.005779016762971878;0.6081081032752991
621;0.005819457117468119;0.6138995885848999
622;0.005785088054835796;0.5830115675926208
623;0.005800687242299318;0.6023166179656982
624;0.005789565853774548;0.6023166179656982
625;0.005841217003762722;0.5888031125068665
626;0.005821601953357458;0.5714285969734192
627;0.0057749017141759396;0.5752895474433899
628;0.005739754997193813;0.5984556078910828
629;0.005725256633013487;0.6003860831260681
630;0.005775365047156811;0.5984556078910828
631;0.005613574758172035;0.6177605986595154
632;0.005622189026325941;0.6081081032752991
633;0.005701133050024509;0.5965250730514526
634;0.0055901892483234406;0.6023166179656982
635;0.0056444150395691395;0.6042470932006836
636;0.005617036018520594;0.6100386381149292
637;0.005682099610567093;0.5965250730514526
638;0.005571513902395964;0.6003860831260681
639;0.0056189363822340965;0.6138995885848999
640;0.005452827084809542;0.6776061654090881
641;0.005530475173145533;0.6003860831260681
642;0.005495954304933548;0.6293436288833618
643;0.005536596290767193;0.6081081032752991
644;0.005513402167707682;0.6370656490325928
645;0.005590854678303003;0.6428571343421936
646;0.005440739914774895;0.6196911334991455
647;0.005542343482375145;0.5926640629768372
648;0.005572246853262186;0.6003860831260681
649;0.005464698653668165;0.6100386381149292
650;0.005522444378584623;0.6216216087341309
651;0.005514681804925203;0.61583012342453
652;0.005486400797963142;0.623552143573761
653;0.005441985093057156;0.6351351141929626
654;0.005510407034307718;0.6312741041183472
655;0.00550967687740922;0.6177605986595154
656;0.00547823728993535;0.6293436288833618
657;0.005527832079678774;0.6023166179656982
658;0.005424457136541605;0.6274131536483765
659;0.005512152798473835;0.6138995885848999
660;0.005491039250046015;0.5945945978164673
661;0.005539627745747566;0.5945945978164673
662;0.005595347378402948;0.6023166179656982
663;0.005443370435386896;0.6563706398010254
664;0.0056351651437580585;0.6216216087341309
665;0.005516201723366976;0.6370656490325928
666;0.005628220271319151;0.57722008228302
667;0.005492074880748987;0.6351351141929626
668;0.0057321409694850445;0.5791505575180054
669;0.005611001048237085;0.6389961242675781
670;0.005776447243988514;0.6003860831260681
671;0.005684154573827982;0.5694980621337891
672;0.005943670868873596;0.5752895474433899
673;0.00557531975209713;0.5791505575180054
674;0.005747959483414888;0.5888031125068665
675;0.00584377720952034;0.5984556078910828
676;0.005562115926295519;0.6119691133499146
677;0.005978683941066265;0.5154440402984619
678;0.005542770493775606;0.6293436288833618
679;0.00562266306951642;0.6196911334991455
680;0.005538349039852619;0.6274131536483765
681;0.005576907191425562;0.623552143573761
682;0.005510752089321613;0.6447876691818237
683;0.005574831273406744;0.6428571343421936
684;0.005505066365003586;0.6351351141929626
685;0.005530945491045713;0.6389961242675781
686;0.0056292410008609295;0.6138995885848999
687;0.005586326587945223;0.6525096297264099
688;0.005518772639334202;0.6003860831260681
689;0.0054376800544559956;0.6177605986595154
690;0.00537875248119235;0.6583011746406555
691;0.005500907078385353;0.6138995885848999
692;0.005436594597995281;0.623552143573761
693;0.005319972522556782;0.6756756901741028
694;0.005400769878178835;0.65444016456604
695;0.005499729420989752;0.623552143573761
696;0.005309305619448423;0.6602316498756409
697;0.005396568216383457;0.623552143573761
698;0.005331811960786581;0.6312741041183472
699;0.005326905753463507;0.6409266591072083
700;0.0053292494267225266;0.6254826188087463
701;0.005328003782778978;0.6467181444168091
702;0.00537022715434432;0.6370656490325928
703;0.005388499703258276;0.6254826188087463
704;0.005188394337892532;0.662162184715271
705;0.005303266458213329;0.6428571343421936
706;0.005291788373142481;0.6486486196517944
707;0.0053343502804636955;0.623552143573761
708;0.005264763254672289;0.6679536700248718
709;0.005318648647516966;0.6409266591072083
710;0.005278151016682386;0.6602316498756409
711;0.005300011485815048;0.6351351141929626
712;0.005297316703945398;0.6293436288833618
713;0.005310858599841595;0.6100386381149292
714;0.005287816748023033;0.6486486196517944
715;0.005270382389426231;0.6293436288833618
716;0.005372590851038694;0.61583012342453
717;0.005242303013801575;0.6370656490325928
718;0.00533205084502697;0.6389961242675781
719;0.005430877208709717;0.6138995885848999
720;0.005639893002808094;0.6100386381149292
721;0.0055753933265805244;0.6023166179656982
722;0.005324395839124918;0.6525096297264099
723;0.005705173593014479;0.5791505575180054
724;0.00560388807207346;0.6061776280403137
725;0.005511326249688864;0.5926640629768372
726;0.005377965979278088;0.6467181444168091
727;0.005495099350810051;0.6332046389579773
728;0.005818618927150965;0.6100386381149292
729;0.005387693177908659;0.6293436288833618
730;0.0057409279979765415;0.5965250730514526
731;0.0054137515835464;0.6293436288833618
732;0.0053853304125368595;0.662162184715271
733;0.005456036422401667;0.6351351141929626
734;0.005326390732079744;0.6679536700248718
735;0.005532275885343552;0.6081081032752991
736;0.005431809462606907;0.6081081032752991
737;0.005339526571333408;0.6447876691818237
738;0.005310838110744953;0.6583011746406555
739;0.00540261622518301;0.6293436288833618
740;0.00527803972363472;0.6254826188087463
741;0.005287098232656717;0.6505791544914246
742;0.005300304852426052;0.6138995885848999
743;0.005153865087777376;0.6563706398010254
744;0.005196701269596815;0.6525096297264099
745;0.005269413813948631;0.6409266591072083
746;0.00538199208676815;0.6525096297264099
747;0.005468910560011864;0.6254826188087463
748;0.005261387210339308;0.6409266591072083
749;0.005248209927231073;0.6293436288833618
750;0.005320125259459019;0.6274131536483765
751;0.005235312506556511;0.6563706398010254
752;0.0054110013879835606;0.6216216087341309
753;0.005413183476775885;0.6447876691818237
754;0.005290810018777847;0.6370656490325928
755;0.005263098049908876;0.6505791544914246
756;0.0051947045139968395;0.6409266591072083
757;0.005234498996287584;0.6447876691818237
758;0.005462639965116978;0.6003860831260681
759;0.005190905183553696;0.65444016456604
760;0.005622548051178455;0.5868725776672363
761;0.005162719637155533;0.6332046389579773
762;0.005587451625615358;0.5830115675926208
763;0.005196814425289631;0.65444016456604
764;0.005508237052708864;0.623552143573761
765;0.005403416696935892;0.61583012342453
766;0.005353291518986225;0.5888031125068665
767;0.005490704905241728;0.5926640629768372
768;0.0051721809431910515;0.6505791544914246
769;0.005271442700177431;0.623552143573761
770;0.005454200319945812;0.6216216087341309
771;0.005228166002780199;0.6274131536483765
772;0.00539931608363986;0.6216216087341309
773;0.005218604579567909;0.6389961242675781
774;0.00527670793235302;0.6023166179656982
775;0.00523501168936491;0.6447876691818237
776;0.005146344192326069;0.6814671754837036
777;0.005141315516084433;0.6505791544914246
778;0.005121445283293724;0.6332046389579773
779;0.005117542110383511;0.6177605986595154
780;0.005125024355947971;0.6428571343421936
781;0.005137267522513866;0.6409266591072083
782;0.005041480530053377;0.6409266591072083
783;0.005048712715506554;0.6467181444168091
784;0.005062167067080736;0.6563706398010254
785;0.005130459554493427;0.6370656490325928
786;0.005045435391366482;0.6737451553344727
787;0.005023799370974302;0.6351351141929626
788;0.005065560340881348;0.662162184715271
789;0.00503653846681118;0.6351351141929626
790;0.005111785605549812;0.6293436288833618
791;0.0050065284594893456;0.6428571343421936
792;0.005285142455250025;0.6293436288833618
793;0.005108167417347431;0.6447876691818237
794;0.0052477335557341576;0.623552143573761
795;0.005041038617491722;0.6602316498756409
796;0.005160517059266567;0.6081081032752991
797;0.0051740859635174274;0.6293436288833618
798;0.005116564221680164;0.6505791544914246
799;0.005285409279167652;0.5945945978164673
800;0.005015554837882519;0.6486486196517944
801;0.005167381837964058;0.6177605986595154
802;0.005016906186938286;0.6486486196517944
803;0.005218578036874533;0.6081081032752991
804;0.005136921536177397;0.6216216087341309
805;0.00508921081200242;0.6776061654090881
806;0.005182086024433374;0.6409266591072083
807;0.005028769839555025;0.6737451553344727
808;0.005360109731554985;0.6177605986595154
809;0.005178394261747599;0.6119691133499146
810;0.005124140530824661;0.6370656490325928
811;0.005152829457074404;0.6177605986595154
812;0.005044196732342243;0.6351351141929626
813;0.004991239868104458;0.6583011746406555
814;0.0050778924487531185;0.6447876691818237
815;0.005065765231847763;0.6332046389579773
816;0.005048984196037054;0.662162184715271
817;0.005080518312752247;0.6447876691818237
818;0.005167441908270121;0.6409266591072083
819;0.004986744374036789;0.65444016456604
820;0.005094581749290228;0.6370656490325928
821;0.005031030625104904;0.6351351141929626
822;0.005001540761440992;0.6409266591072083
823;0.004978062119334936;0.6486486196517944
824;0.00511753186583519;0.6254826188087463
825;0.005037523340433836;0.6177605986595154
826;0.004993284586817026;0.6409266591072083
827;0.004998970311135054;0.6583011746406555
828;0.0050296843983232975;0.6332046389579773
829;0.005016378592699766;0.6332046389579773
830;0.005031764041632414;0.65444016456604
831;0.005023500882089138;0.65444016456604
832;0.005090579390525818;0.6409266591072083
833;0.004971373826265335;0.6196911334991455
834;0.005362225696444511;0.61583012342453
835;0.005215380806475878;0.6370656490325928
836;0.005059002432972193;0.6332046389579773
837;0.005096914246678352;0.61583012342453
838;0.00516279973089695;0.6254826188087463
839;0.00497853197157383;0.6428571343421936
840;0.005067203659564257;0.6293436288833618
841;0.005013067740947008;0.61583012342453
842;0.005016069859266281;0.662162184715271
843;0.005050730891525745;0.6718146800994873
844;0.005020573269575834;0.6389961242675781
845;0.0049063339829444885;0.623552143573761
846;0.005016806069761515;0.6274131536483765
847;0.004998605698347092;0.6254826188087463
848;0.0049709840677678585;0.65444016456604
849;0.0049925087951123714;0.65444016456604
850;0.005044176708906889;0.6332046389579773
851;0.005077526438981295;0.6312741041183472
852;0.00509175518527627;0.6370656490325928
853;0.004960531368851662;0.6718146800994873
854;0.005065223667770624;0.6467181444168091
855;0.0049483818002045155;0.6409266591072083
856;0.004986617714166641;0.6254826188087463
857;0.00511091249063611;0.6274131536483765
858;0.004928367678076029;0.6428571343421936
859;0.00486519793048501;0.662162184715271
860;0.0050650713965296745;0.6467181444168091
861;0.004880212247371674;0.6389961242675781
862;0.004965395200997591;0.6447876691818237
863;0.005016786977648735;0.6447876691818237
864;0.005118350964039564;0.6042470932006836
865;0.005000242497771978;0.65444016456604
866;0.005369940772652626;0.6312741041183472
867;0.004961391445249319;0.6196911334991455
868;0.005087452474981546;0.6467181444168091
869;0.005230944603681564;0.6351351141929626
870;0.005026123020797968;0.65444016456604
871;0.005135578103363514;0.6467181444168091
872;0.004997347015887499;0.623552143573761
873;0.005242956802248955;0.6119691133499146
874;0.004990519490092993;0.6254826188087463
875;0.004960115998983383;0.6447876691818237
876;0.0051936195231974125;0.6177605986595154
877;0.004963721614331007;0.6351351141929626
878;0.004937471356242895;0.6660231947898865
879;0.005056127440184355;0.6254826188087463
880;0.005012342240661383;0.6370656490325928
881;0.0048905364237725735;0.6640926599502563
882;0.004850542638450861;0.65444016456604
883;0.005012435372918844;0.6467181444168091
884;0.004965140949934721;0.6274131536483765
885;0.004791918210685253;0.6679536700248718
886;0.004908937960863113;0.6409266591072083
887;0.004995233844965696;0.6351351141929626
888;0.004926115740090609;0.6698841452598572
889;0.004809753503650427;0.6698841452598572
890;0.004811922553926706;0.6640926599502563
891;0.004894751589745283;0.6505791544914246
892;0.004928789101541042;0.65444016456604
893;0.004836845211684704;0.6563706398010254
894;0.0048354011960327625;0.6409266591072083
895;0.004893091507256031;0.6293436288833618
896;0.004792323336005211;0.6486486196517944
897;0.004998591262847185;0.6428571343421936
898;0.0049329218454658985;0.6332046389579773
899;0.004815183114260435;0.6428571343421936
900;0.0048880730755627155;0.6428571343421936
901;0.004841902293264866;0.6563706398010254
902;0.004898079205304384;0.6525096297264099
903;0.0047971336171031;0.6486486196517944
904;0.004833724349737167;0.6389961242675781
905;0.004880181979387999;0.6332046389579773
906;0.004847392905503511;0.65444016456604
907;0.0048937867395579815;0.6467181444168091
908;0.004956473130732775;0.6409266591072083
909;0.004946661181747913;0.6254826188087463
910;0.004824155941605568;0.6409266591072083
911;0.004982648883014917;0.6640926599502563
912;0.004802196752279997;0.6795367002487183
913;0.0048198881559073925;0.6486486196517944
914;0.004935972858220339;0.6351351141929626
915;0.004835681989789009;0.6447876691818237
916;0.0048424191772937775;0.6428571343421936
917;0.004883716814219952;0.6312741041183472
918;0.0048277475871145725;0.6447876691818237
919;0.00494110444560647;0.6312741041183472
920;0.0049638887867331505;0.6370656490325928
921;0.0051718042232096195;0.6447876691818237
922;0.004938903264701366;0.6389961242675781
923;0.004854124039411545;0.6698841452598572
924;0.0050042481161653996;0.6138995885848999
925;0.004884340334683657;0.6583011746406555
926;0.005252199713140726;0.623552143573761
927;0.004889077041298151;0.6216216087341309
928;0.005607981700450182;0.5907335877418518
929;0.004992041736841202;0.6081081032752991
930;0.005359347444027662;0.6177605986595154
931;0.005429061129689217;0.6177605986595154
932;0.005135274026542902;0.6312741041183472
933;0.005123465787619352;0.6389961242675781
934;0.005279694218188524;0.6023166179656982
935;0.005059521645307541;0.6312741041183472
936;0.004982596728950739;0.6756756901741028
937;0.0051340567879378796;0.6447876691818237
938;0.005090070888400078;0.6332046389579773
939;0.004891098942607641;0.6525096297264099
940;0.005271109752357006;0.6061776280403137
941;0.005219940096139908;0.6467181444168091
942;0.004964029882103205;0.6756756901741028
943;0.005149722099304199;0.6312741041183472
944;0.004972210619598627;0.6679536700248718
945;0.005035547073930502;0.623552143573761
946;0.004939913284033537;0.6196911334991455
947;0.0050363014452159405;0.6254826188087463
948;0.00495727825909853;0.6409266591072083
949;0.004907300695776939;0.6718146800994873
950;0.0048506190069019794;0.6833977103233337
951;0.004918898455798626;0.6428571343421936
952;0.004923203960061073;0.6409266591072083
953;0.004819090478122234;0.6583011746406555
954;0.0051181018352508545;0.5868725776672363
955;0.004817422479391098;0.6467181444168091
956;0.004860915243625641;0.6177605986595154
957;0.004824850242584944;0.6447876691818237
958;0.00486456323415041;0.6505791544914246
959;0.004840551875531673;0.662162184715271
960;0.004880709573626518;0.6891891956329346
961;0.0049359495751559734;0.6660231947898865
962;0.005816414952278137;0.5637065768241882
963;0.005718848202377558;0.5733590722084045
964;0.005147112533450127;0.6428571343421936
965;0.005044067278504372;0.6467181444168091
966;0.0053597064688801765;0.6216216087341309
967;0.005374066065996885;0.5945945978164673
968;0.005054957699030638;0.6679536700248718
969;0.005190248601138592;0.6332046389579773
970;0.005322850309312344;0.6177605986595154
971;0.005176970735192299;0.6428571343421936
972;0.005112967919558287;0.6312741041183472
973;0.005116117186844349;0.6428571343421936
974;0.0050058867782354355;0.6428571343421936
975;0.005168531555682421;0.6389961242675781
976;0.004973666276782751;0.6467181444168091
977;0.005063559394329786;0.6409266591072083
978;0.004928180482238531;0.6525096297264099
979;0.004875089507550001;0.6640926599502563
980;0.004981175065040588;0.6274131536483765
981;0.005049986764788628;0.6583011746406555
982;0.005014628637582064;0.6409266591072083
983;0.004995544906705618;0.6583011746406555
984;0.004902969114482403;0.6254826188087463
985;0.005067620892077684;0.6293436288833618
986;0.004940766841173172;0.6312741041183472
987;0.004961129277944565;0.6409266591072083
988;0.0049493638798594475;0.6447876691818237
989;0.00478983111679554;0.6583011746406555
990;0.004826344549655914;0.6640926599502563
991;0.004916646052151918;0.6467181444168091
992;0.004874060396105051;0.6583011746406555
993;0.004815890919417143;0.6389961242675781
994;0.004775103647261858;0.6563706398010254
995;0.004895977210253477;0.6563706398010254
996;0.0048611839301884174;0.6833977103233337
997;0.004737729672342539;0.6486486196517944
998;0.0048452457413077354;0.6389961242675781
999;0.004794745240360498;0.6486486196517944
1000;0.004798737354576588;0.6833977103233337
1001;0.004806264769285917;0.6351351141929626
1002;0.004665226209908724;0.6737451553344727
1003;0.00474578607827425;0.6776061654090881
1004;0.004692208953201771;0.6679536700248718
1005;0.00474086357280612;0.6679536700248718
1006;0.004778248257935047;0.6640926599502563
1007;0.004712996073067188;0.6370656490325928
1008;0.004784941207617521;0.6563706398010254
1009;0.004730585031211376;0.6389961242675781
1010;0.004747471772134304;0.6583011746406555
1011;0.004711046349257231;0.6679536700248718
1012;0.004740687552839518;0.6602316498756409
1013;0.004703627433627844;0.6698841452598572
1014;0.004819959867745638;0.6447876691818237
1015;0.004879244603216648;0.6505791544914246
1016;0.004708664026111364;0.6312741041183472
1017;0.00512890238314867;0.6177605986595154
1018;0.004736226983368397;0.6833977103233337
1019;0.004668083973228931;0.7084941864013672
1020;0.004867949057370424;0.6583011746406555
1021;0.004729187116026878;0.6660231947898865
1022;0.005026442464441061;0.6254826188087463
1023;0.004774756729602814;0.6274131536483765
1024;0.004884669557213783;0.6119691133499146
1025;0.004982486367225647;0.6447876691818237
1026;0.0048637427389621735;0.6563706398010254
1027;0.00477379746735096;0.6698841452598572
1028;0.004881187807768583;0.623552143573761
1029;0.0048322780057787895;0.6525096297264099
1030;0.004854560364037752;0.6409266591072083
1031;0.0046414537355303764;0.6872586607933044
1032;0.0048281121999025345;0.6776061654090881
1033;0.004855375736951828;0.6756756901741028
1034;0.004738074727356434;0.6525096297264099
1035;0.004685909487307072;0.6428571343421936
1036;0.0047476161271333694;0.6776061654090881
1037;0.0048246015794575214;0.6332046389579773
1038;0.0047269416972994804;0.6776061654090881
1039;0.004667547065764666;0.6679536700248718
1040;0.004742213990539312;0.6467181444168091
1041;0.004656450357288122;0.65444016456604
1042;0.004640370141714811;0.65444016456604
1043;0.004635505378246307;0.65444016456604
1044;0.004722387995570898;0.6583011746406555
1045;0.004610523581504822;0.6911196708679199
1046;0.004653026815503836;0.6795367002487183
1047;0.0046675316989421844;0.6679536700248718
1048;0.004637724254280329;0.6756756901741028
1049;0.004657531622797251;0.6447876691818237
1050;0.0046511124819517136;0.662162184715271
1051;0.004655176308006048;0.6698841452598572
1052;0.004711860790848732;0.6312741041183472
1053;0.00475852657109499;0.65444016456604
1054;0.004611666314303875;0.6756756901741028
1055;0.004599159583449364;0.6988416910171509
1056;0.004744286648929119;0.6505791544914246
1057;0.004745507147163153;0.6756756901741028
1058;0.004707674495875835;0.6563706398010254
1059;0.004692709073424339;0.6447876691818237
1060;0.004640016704797745;0.65444016456604
1061;0.004697417840361595;0.6640926599502563
1062;0.004710992332547903;0.6679536700248718
1063;0.004642659332603216;0.6602316498756409
1064;0.004687776789069176;0.6563706398010254
1065;0.004666817374527454;0.6795367002487183
1066;0.004594841040670872;0.6776061654090881
1067;0.004782558884471655;0.6640926599502563
1068;0.004675143864005804;0.662162184715271
1069;0.005385547410696745;0.6254826188087463
1070;0.005162394139915705;0.6254826188087463
1071;0.005067408084869385;0.6505791544914246
1072;0.004922281019389629;0.6351351141929626
1073;0.004803101997822523;0.6660231947898865
1074;0.005058509297668934;0.5868725776672363
1075;0.0047654458321630955;0.6370656490325928
1076;0.004780658055096865;0.6872586607933044
1077;0.004736318718641996;0.6737451553344727
1078;0.0048476229421794415;0.6718146800994873
1079;0.004699200391769409;0.662162184715271
1080;0.004772250074893236;0.6389961242675781
1081;0.004734392743557692;0.6679536700248718
1082;0.004752432927489281;0.6679536700248718
1083;0.004733853042125702;0.6737451553344727
1084;0.004813315346837044;0.6756756901741028
1085;0.004863951355218887;0.6351351141929626
1086;0.004651467315852642;0.662162184715271
1087;0.0052849603816866875;0.6332046389579773
1088;0.004725043661892414;0.7046331763267517
1089;0.0060678040608763695;0.546332061290741
1090;0.0050765168853104115;0.6698841452598572
1091;0.0070563326589763165;0.4343629479408264
1092;0.008097552694380283;0.3861003816127777
1093;0.00662350794300437;0.48262548446655273
1094;0.00545884296298027;0.5945945978164673
1095;0.005870192777365446;0.5328185558319092
1096;0.006149585358798504;0.5115830302238464
1097;0.006330903619527817;0.5
1098;0.006185254082083702;0.49806949496269226
1099;0.005549608264118433;0.6023166179656982
1100;0.005554916802793741;0.6042470932006836
1101;0.006084705702960491;0.546332061290741
1102;0.0057069999165833;0.5926640629768372
1103;0.00555234681814909;0.6023166179656982
1104;0.00558170210570097;0.5888031125068665
1105;0.005590441171079874;0.5907335877418518
1106;0.005332490894943476;0.6196911334991455
1107;0.005896085873246193;0.5752895474433899
1108;0.005890631582587957;0.5559845566749573
1109;0.006458630785346031;0.5135135054588318
1110;0.006272607948631048;0.5501930713653564
1111;0.00642941240221262;0.5115830302238464
1112;0.006157697644084692;0.5347490310668945
1113;0.006166787352412939;0.5540540814399719
1114;0.00601821718737483;0.5289575457572937
1115;0.0058147902600467205;0.6023166179656982
1116;0.00595010444521904;0.57722008228302
1117;0.00553014175966382;0.5965250730514526
1118;0.005833358969539404;0.5598455667495728
1119;0.005971706006675959;0.5366795659065247
1120;0.005279951728880405;0.6370656490325928
1121;0.005500506144016981;0.6119691133499146
1122;0.005216480698436499;0.6370656490325928
1123;0.005463655572384596;0.5984556078910828
1124;0.005147331859916449;0.6409266591072083
1125;0.005048121325671673;0.6196911334991455
1126;0.005097402259707451;0.6312741041183472
1127;0.005137288011610508;0.6370656490325928
1128;0.00502295745536685;0.6563706398010254
1129;0.004918704740703106;0.6583011746406555
1130;0.005177054554224014;0.6370656490325928
1131;0.005101208109408617;0.6177605986595154
1132;0.005031778011471033;0.6389961242675781
1133;0.005009158980101347;0.6525096297264099
1134;0.004819984547793865;0.6602316498756409
1135;0.004921433515846729;0.6332046389579773
1136;0.004967588931322098;0.6332046389579773
1137;0.004802127368748188;0.7084941864013672
1138;0.004908772651106119;0.6583011746406555
1139;0.004921563435345888;0.6505791544914246
1140;0.004731132183223963;0.6814671754837036
1141;0.0048752436414361;0.6563706398010254
1142;0.004899336490780115;0.6409266591072083
1143;0.004830809310078621;0.6525096297264099
1144;0.004867646377533674;0.6505791544914246
1145;0.004850557539612055;0.6447876691818237
1146;0.00481068342924118;0.6660231947898865
1147;0.004796608351171017;0.6756756901741028
1148;0.004866837058216333;0.6428571343421936
1149;0.00470287911593914;0.6718146800994873
1150;0.004664778709411621;0.6756756901741028
1151;0.004702518694102764;0.6467181444168091
1152;0.0047369105741381645;0.6389961242675781
1153;0.004704443737864494;0.6332046389579773
1154;0.004649623762816191;0.65444016456604
1155;0.0047787828370928764;0.6583011746406555
1156;0.004721346776932478;0.7046331763267517
1157;0.004708583932369947;0.6679536700248718
1158;0.004677716642618179;0.6640926599502563
1159;0.004630102310329676;0.6911196708679199
1160;0.004674553405493498;0.6737451553344727
1161;0.004671281669288874;0.6795367002487183
1162;0.00459894398227334;0.6911196708679199
1163;0.004678056109696627;0.6911196708679199
1164;0.004636140540242195;0.6660231947898865
1165;0.004637005273252726;0.6583011746406555
1166;0.00460279593244195;0.6756756901741028
1167;0.004566487856209278;0.6853281855583191
1168;0.0046405796892941;0.6969112157821655
1169;0.004609379917383194;0.6698841452598572
1170;0.004576167091727257;0.6737451553344727
1171;0.004566233139485121;0.6872586607933044
1172;0.004598541185259819;0.6525096297264099
1173;0.0046440716832876205;0.6853281855583191
1174;0.0045762378722429276;0.6872586607933044
1175;0.004573580343276262;0.6698841452598572
1176;0.004627360962331295;0.6679536700248718
1177;0.00461663817986846;0.6525096297264099
1178;0.004563888534903526;0.700772225856781
1179;0.004550708923488855;0.6872586607933044
1180;0.004510136321187019;0.6853281855583191
1181;0.004633310250937939;0.6660231947898865
1182;0.004578468389809132;0.6776061654090881
1183;0.004555342253297567;0.69305020570755
1184;0.004568298347294331;0.6698841452598572
1185;0.004503614269196987;0.6911196708679199
1186;0.0045125423930585384;0.6583011746406555
1187;0.004489676095545292;0.6872586607933044
1188;0.004557640291750431;0.6756756901741028
1189;0.004636155441403389;0.6447876691818237
1190;0.004540873691439629;0.6988416910171509
1191;0.00461708614602685;0.6853281855583191
1192;0.004547768272459507;0.6602316498756409
1193;0.004587505012750626;0.6640926599502563
1194;0.0044647399336099625;0.69305020570755
1195;0.004545545671135187;0.6583011746406555
1196;0.004590051248669624;0.6602316498756409
1197;0.004511225037276745;0.6872586607933044
1198;0.004489922896027565;0.7297297120094299
1199;0.00445472402498126;0.6988416910171509
1200;0.004464029800146818;0.7046331763267517
1201;0.004485020413994789;0.6911196708679199
1202;0.004471343010663986;0.700772225856781
1203;0.00446283770725131;0.7104247212409973
1204;0.004518914967775345;0.662162184715271
1205;0.004457395989447832;0.6795367002487183
1206;0.004454323556274176;0.700772225856781
1207;0.004418728407472372;0.6872586607933044
1208;0.0045798160135746;0.700772225856781
1209;0.004481632262468338;0.700772225856781
1210;0.004529030993580818;0.6718146800994873
1211;0.004517777357250452;0.6640926599502563
1212;0.004481843672692776;0.6872586607933044
1213;0.004478043410927057;0.6698841452598572
1214;0.004544456955045462;0.6679536700248718
1215;0.004398060031235218;0.7181467413902283
1216;0.004454615525901318;0.6833977103233337
1217;0.004510941449552774;0.6988416910171509
1218;0.004479949362576008;0.6814671754837036
1219;0.004446562845259905;0.6949806809425354
1220;0.004462853539735079;0.7142857313156128
1221;0.004497225861996412;0.7046331763267517
1222;0.004492051899433136;0.69305020570755
1223;0.004497990477830172;0.6891891956329346
1224;0.00450917286798358;0.6891891956329346
1225;0.004499731585383415;0.7084941864013672
1226;0.004561026580631733;0.662162184715271
1227;0.004527377896010876;0.6814671754837036
1228;0.004557563457638025;0.6949806809425354
1229;0.004472904372960329;0.6660231947898865
1230;0.004465801641345024;0.7123551964759827
1231;0.004462426993995905;0.7297297120094299
1232;0.004503886681050062;0.6853281855583191
1233;0.004480445291846991;0.6853281855583191
1234;0.004435294773429632;0.7220077514648438
1235;0.0044487775303423405;0.6756756901741028
1236;0.004405362065881491;0.7104247212409973
1237;0.004465447273105383;0.69305020570755
1238;0.004375841468572617;0.7084941864013672
1239;0.004419167526066303;0.700772225856781
1240;0.004401972983032465;0.6949806809425354
1241;0.004425241146236658;0.7277992367744446
1242;0.00443632435053587;0.6911196708679199
1243;0.0044855461455881596;0.6911196708679199
1244;0.004426662810146809;0.6640926599502563
1245;0.0044266278855502605;0.6756756901741028
1246;0.004446155857294798;0.6891891956329346
1247;0.00443507544696331;0.7142857313156128
1248;0.0043730223551392555;0.7258687019348145
1249;0.00440730107948184;0.7181467413902283
1250;0.0044021024368703365;0.7220077514648438
1251;0.004465996753424406;0.7123551964759827
1252;0.0043655396439135075;0.700772225856781
1253;0.004477690905332565;0.6988416910171509
1254;0.004471206571906805;0.6891891956329346
1255;0.004401238635182381;0.6988416910171509
1256;0.004468928556889296;0.6911196708679199
1257;0.004466675687581301;0.6853281855583191
1258;0.004392864648252726;0.7104247212409973
1259;0.0044146995060145855;0.7027027010917664
1260;0.004435294773429632;0.6969112157821655
1261;0.004334439057856798;0.7220077514648438
1262;0.004464665427803993;0.6795367002487183
1263;0.004535457119345665;0.6814671754837036
1264;0.004555756226181984;0.6911196708679199
1265;0.004489744547754526;0.6949806809425354
1266;0.004527635406702757;0.69305020570755
1267;0.004584070295095444;0.662162184715271
1268;0.004433224443346262;0.7104247212409973
1269;0.004516726825386286;0.6795367002487183
1270;0.004415625706315041;0.6911196708679199
1271;0.004494586493819952;0.6718146800994873
1272;0.004485941492021084;0.7084941864013672
1273;0.0044467817060649395;0.6737451553344727
1274;0.00445180619135499;0.7065637111663818
1275;0.0044744438491761684;0.7084941864013672
1276;0.004448842257261276;0.6969112157821655
1277;0.004473119508475065;0.6833977103233337
1278;0.0045754574239254;0.6698841452598572
1279;0.004441386554390192;0.6969112157821655
1280;0.004631092771887779;0.6872586607933044
1281;0.0044872937723994255;0.7316602468490601
1282;0.004379762336611748;0.7277992367744446
1283;0.004454190842807293;0.7104247212409973
1284;0.004677013494074345;0.662162184715271
1285;0.004429971799254417;0.6949806809425354
1286;0.005390253849327564;0.6081081032752991
1287;0.00473454874008894;0.6718146800994873
1288;0.006766762584447861;0.4478764533996582
1289;0.005114733707159758;0.6505791544914246
1290;0.0049688671715557575;0.6756756901741028
1291;0.005953882355242968;0.5366795659065247
1292;0.0054942951537668705;0.6138995885848999
1293;0.004838606342673302;0.6505791544914246
1294;0.004700053483247757;0.6891891956329346
1295;0.004864515271037817;0.65444016456604
1296;0.0050366222858428955;0.6486486196517944
1297;0.005070757120847702;0.6718146800994873
1298;0.004869462456554174;0.65444016456604
1299;0.004756228532642126;0.6872586607933044
1300;0.004769925959408283;0.6814671754837036
1301;0.004710568115115166;0.6795367002487183
1302;0.004745805636048317;0.65444016456604
1303;0.004645044915378094;0.7084941864013672
1304;0.004555860068649054;0.6756756901741028
1305;0.004749540239572525;0.6756756901741028
1306;0.00458689546212554;0.7027027010917664
1307;0.00458028307184577;0.6814671754837036
1308;0.004559552296996117;0.6969112157821655
1309;0.004555824212729931;0.6988416910171509
1310;0.004554204177111387;0.7142857313156128
1311;0.004503397736698389;0.6988416910171509
1312;0.004445463884621859;0.7181467413902283
1313;0.004452586639672518;0.6988416910171509
1314;0.00441001309081912;0.7200772166252136
1315;0.0044782934710383415;0.6969112157821655
1316;0.004458592273294926;0.6949806809425354
1317;0.00439871521666646;0.7104247212409973
1318;0.0043557388707995415;0.6988416910171509
1319;0.004381263628602028;0.7200772166252136
1320;0.004430744331330061;0.6969112157821655
1321;0.004348694812506437;0.7084941864013672
1322;0.004442673176527023;0.7123551964759827
1323;0.004417624324560165;0.6776061654090881
1324;0.004363808780908585;0.6911196708679199
1325;0.00443031033501029;0.6872586607933044
1326;0.004423062317073345;0.7123551964759827
1327;0.004540781490504742;0.6833977103233337
1328;0.00514629203826189;0.6467181444168091
1329;0.004739419091492891;0.6969112157821655
1330;0.004487562924623489;0.6872586607933044
1331;0.005456692539155483;0.6119691133499146
1332;0.0044909147545695305;0.7123551964759827
1333;0.004516318906098604;0.6853281855583191
1334;0.004641856998205185;0.6795367002487183
1335;0.004611174575984478;0.7065637111663818
1336;0.004539666697382927;0.6969112157821655
1337;0.004491552710533142;0.700772225856781
1338;0.0045914845541119576;0.7239382266998291
1339;0.004707687068730593;0.6660231947898865
1340;0.004475454334169626;0.7181467413902283
1341;0.004374186508357525;0.7123551964759827
1342;0.004496604669839144;0.7084941864013672
1343;0.004416698589920998;0.7123551964759827
1344;0.004442844074219465;0.6872586607933044
1345;0.004525649826973677;0.6891891956329346
1346;0.004472983069717884;0.6853281855583191
1347;0.004459357354789972;0.6949806809425354
1348;0.004428869113326073;0.7181467413902283
1349;0.004436811897903681;0.6891891956329346
1350;0.004308279138058424;0.7142857313156128
1351;0.004347083158791065;0.6872586607933044
1352;0.004459794610738754;0.6891891956329346
1353;0.004454148933291435;0.6969112157821655
1354;0.0043410491198301315;0.6872586607933044
1355;0.004285535309463739;0.7528957724571228
1356;0.004338869825005531;0.6969112157821655
1357;0.004353823605924845;0.7239382266998291
1358;0.004282066132873297;0.7123551964759827
1359;0.004211234860122204;0.7335907220840454
1360;0.004332305863499641;0.6872586607933044
1361;0.004257934167981148;0.7027027010917664
1362;0.004285989794880152;0.7181467413902283
1363;0.004336936865001917;0.6872586607933044
1364;0.0043019745498895645;0.7104247212409973
1365;0.0043127951212227345;0.7142857313156128
1366;0.004258344881236553;0.7162162065505981
1367;0.004271193873137236;0.69305020570755
1368;0.004175921436399221;0.7027027010917664
1369;0.004291919060051441;0.7142857313156128
1370;0.004277717787772417;0.7027027010917664
1371;0.004220567177981138;0.7374517321586609
1372;0.004264934454113245;0.7162162065505981
1373;0.00421444047242403;0.7335907220840454
1374;0.004236438311636448;0.7123551964759827
1375;0.004244643729180098;0.7027027010917664
1376;0.004220147617161274;0.7162162065505981
1377;0.004157962277531624;0.7297297120094299
1378;0.004226152319461107;0.6911196708679199
1379;0.004216610919684172;0.7065637111663818
1380;0.0041894856840372086;0.7258687019348145
1381;0.004176924005150795;0.7374517321586609
1382;0.004271813202649355;0.6891891956329346
1383;0.004227335564792156;0.7046331763267517
1384;0.004204930737614632;0.7181467413902283
1385;0.004144246689975262;0.7200772166252136
1386;0.004237299785017967;0.7046331763267517
1387;0.004127477761358023;0.7451737523078918
1388;0.0041631655767560005;0.7142857313156128
1389;0.004246390890330076;0.7046331763267517
1390;0.004219763912260532;0.7084941864013672
1391;0.004310279153287411;0.6853281855583191
1392;0.004205792210996151;0.6911196708679199
1393;0.004303881898522377;0.6872586607933044
1394;0.004289384000003338;0.7027027010917664
1395;0.00423028040677309;0.6988416910171509
1396;0.004283387679606676;0.69305020570755
1397;0.004246293101459742;0.7123551964759827
1398;0.004175588954240084;0.7220077514648438
1399;0.004281829576939344;0.7065637111663818
1400;0.004278189968317747;0.69305020570755
1401;0.004593925550580025;0.662162184715271
1402;0.004537336062639952;0.7027027010917664
1403;0.004466030281037092;0.6891891956329346
1404;0.0043220981024205685;0.7027027010917664
1405;0.0043370346538722515;0.7046331763267517
1406;0.004561965819448233;0.6891891956329346
1407;0.00448205042630434;0.6949806809425354
1408;0.004263594746589661;0.700772225856781
1409;0.004481741692870855;0.7084941864013672
1410;0.004555206745862961;0.6795367002487183
1411;0.0043306732550263405;0.7123551964759827
1412;0.00436329236254096;0.7027027010917664
1413;0.004450222477316856;0.7046331763267517
1414;0.0044122482649981976;0.6911196708679199
1415;0.00440300302579999;0.6911196708679199
1416;0.004344543907791376;0.7142857313156128
1417;0.0043604145757853985;0.6872586607933044
1418;0.004375186748802662;0.6872586607933044
1419;0.004480731673538685;0.6911196708679199
1420;0.004256024491041899;0.7181467413902283
1421;0.004315958824008703;0.7065637111663818
1422;0.004327146802097559;0.6949806809425354
1423;0.004308649804443121;0.7104247212409973
1424;0.004271418321877718;0.7162162065505981
1425;0.004244802985340357;0.7316602468490601
1426;0.004237573128193617;0.700772225856781
1427;0.004256980028003454;0.7027027010917664
1428;0.004264908842742443;0.7027027010917664
1429;0.004166717641055584;0.7239382266998291
1430;0.004167612642049789;0.6988416910171509
1431;0.004157697316259146;0.7258687019348145
1432;0.0043380893766880035;0.6969112157821655
1433;0.004178693983703852;0.7162162065505981
1434;0.004121577367186546;0.6891891956329346
1435;0.004311813041567802;0.7084941864013672
1436;0.0041143340058624744;0.7239382266998291
1437;0.004289118107408285;0.7200772166252136
1438;0.0042241523042321205;0.6737451553344727
1439;0.004246107768267393;0.7027027010917664
1440;0.004238337744027376;0.6891891956329346
1441;0.004110509995371103;0.7297297120094299
1442;0.004226069897413254;0.7181467413902283
1443;0.004206019453704357;0.700772225856781
1444;0.004151906818151474;0.7277992367744446
1445;0.004656144417822361;0.6776061654090881
1446;0.004674203228205442;0.6853281855583191
1447;0.005094389896839857;0.6351351141929626
1448;0.004299710504710674;0.7142857313156128
1449;0.004397816956043243;0.7104247212409973
1450;0.004531334154307842;0.6814671754837036
1451;0.005209480412304401;0.6525096297264099
1452;0.004283250775188208;0.7181467413902283
1453;0.005162952002137899;0.6467181444168091
1454;0.004406773950904608;0.7027027010917664
1455;0.005170461721718311;0.6525096297264099
1456;0.004910729825496674;0.6660231947898865
1457;0.0043729632161557674;0.69305020570755
1458;0.004878445994108915;0.6640926599502563
1459;0.0049485196359455585;0.6756756901741028
1460;0.00756822107359767;0.4575289487838745
1461;0.006403409410268068;0.5482625365257263
1462;0.0057030366733670235;0.6216216087341309
1463;0.0060058110393583775;0.5694980621337891
1464;0.005918643902987242;0.6196911334991455
1465;0.0063381618820130825;0.5559845566749573
1466;0.005864638835191727;0.57722008228302
1467;0.006565216928720474;0.5154440402984619
1468;0.0067857857793569565;0.5193049907684326
1469;0.0072729140520095825;0.43629342317581177
1470;0.006634566001594067;0.5270270109176636
1471;0.005701005458831787;0.6370656490325928
1472;0.005682698916643858;0.6293436288833618
1473;0.006277603097259998;0.5366795659065247
1474;0.005544793792068958;0.6216216087341309
1475;0.005383208394050598;0.6061776280403137
1476;0.00512774009257555;0.6640926599502563
1477;0.005438369698822498;0.6332046389579773
1478;0.005234406795352697;0.6698841452598572
1479;0.005025073885917664;0.6911196708679199
1480;0.005176848266273737;0.662162184715271
1481;0.005213549826294184;0.65444016456604
1482;0.005172488279640675;0.6776061654090881
1483;0.005041393451392651;0.6718146800994873
1484;0.0049813780933618546;0.6872586607933044
1485;0.00494914036244154;0.6853281855583191
1486;0.005032786168158054;0.6853281855583191
1487;0.00475411769002676;0.69305020570755
1488;0.0047425623051822186;0.6814671754837036
1489;0.004746267572045326;0.6891891956329346
1490;0.004790361970663071;0.6737451553344727
1491;0.004808856174349785;0.6698841452598572
1492;0.004435521084815264;0.7162162065505981
1493;0.004473255015909672;0.7142857313156128
1494;0.004565105307847261;0.7142857313156128
1495;0.004488691221922636;0.6891891956329346
1496;0.004396430682390928;0.6891891956329346
1497;0.004374238662421703;0.7065637111663818
1498;0.004430237226188183;0.6891891956329346
1499;0.004416714888066053;0.6969112157821655
