iteration;loss;accuracy
0;0.03978051245212555;0.08620689809322357
1;0.03737618774175644;0.1034482792019844
2;0.035830069333314896;0.12931033968925476
3;0.03526730835437775;0.1551724076271057
4;0.03479902446269989;0.21551723778247833
5;0.034645773470401764;0.21551723778247833
6;0.03460583835840225;0.21551723778247833
7;0.03494506701827049;0.18965516984462738
8;0.03460285812616348;0.1465517282485962
9;0.03453174978494644;0.18965516984462738
10;0.03428027033805847;0.22413793206214905
11;0.03451191261410713;0.1982758641242981
12;0.0342959463596344;0.18965516984462738
13;0.03392890840768814;0.24137930572032928
14;0.033830974251031876;0.2068965584039688
15;0.033765893429517746;0.2586206793785095
16;0.03370395675301552;0.27586206793785095
17;0.033623456954956055;0.23275862634181976
18;0.0333903431892395;0.26724138855934143
19;0.03312218561768532;0.24137930572032928
20;0.033311184495687485;0.21551723778247833
21;0.03291339799761772;0.25
22;0.032951995730400085;0.23275862634181976
23;0.032589517533779144;0.26724138855934143
24;0.03266790509223938;0.26724138855934143
25;0.03214893117547035;0.25
26;0.032308582216501236;0.27586206793785095
27;0.03187112510204315;0.3103448152542114
28;0.03131072223186493;0.3534482717514038
29;0.03148069977760315;0.38793104887008667
30;0.031026551499962807;0.32758620381355286
31;0.03133680671453476;0.3362068831920624
32;0.030946850776672363;0.3448275923728943
33;0.030868299305438995;0.3017241358757019
34;0.030774598941206932;0.3362068831920624
35;0.030729152262210846;0.36206895112991333
36;0.030262844637036324;0.4051724076271057
37;0.03011183813214302;0.36206895112991333
38;0.029904399067163467;0.38793104887008667
39;0.02986866794526577;0.38793104887008667
40;0.030291564762592316;0.37931033968925476
41;0.029631521552801132;0.3965517282485962
42;0.029425237327814102;0.4482758641242981
43;0.02919105440378189;0.3965517282485962
44;0.029310470446944237;0.4396551847457886
45;0.029610000550746918;0.4051724076271057
46;0.028416480869054794;0.4396551847457886
47;0.028287768363952637;0.42241379618644714
48;0.028275206685066223;0.43103447556495667
49;0.028036920353770256;0.4482758641242981
50;0.028108084574341774;0.43103447556495667
51;0.027251161634922028;0.4396551847457886
52;0.02746759168803692;0.4482758641242981
53;0.026806054636836052;0.5
54;0.026810159906744957;0.5258620977401733
55;0.026718001812696457;0.5344827771186829
56;0.02607344463467598;0.568965494632721
57;0.026130283251404762;0.5603448152542114
58;0.02671346440911293;0.5431034564971924
59;0.026133637875318527;0.5517241358757019
60;0.025441857054829597;0.5862069129943848
61;0.025846529752016068;0.4913793206214905
62;0.024790119379758835;0.568965494632721
63;0.025631649419665337;0.5344827771186829
64;0.024419650435447693;0.5517241358757019
65;0.02498980239033699;0.568965494632721
66;0.024659106507897377;0.5862069129943848
67;0.02368646115064621;0.6206896305084229
68;0.0245021041482687;0.5603448152542114
69;0.02412492036819458;0.6034482717514038
70;0.023192331194877625;0.6465517282485962
71;0.023980071768164635;0.5775862336158752
72;0.02214624360203743;0.6293103694915771
73;0.022741293534636497;0.6293103694915771
74;0.02268746681511402;0.6206896305084229
75;0.021479783579707146;0.681034505367279
76;0.021758193150162697;0.6982758641242981
77;0.022176751866936684;0.6551724076271057
78;0.02114807814359665;0.681034505367279
79;0.022656023502349854;0.6034482717514038
80;0.022069759666919708;0.6293103694915771
81;0.021040845662355423;0.6982758641242981
82;0.020883942022919655;0.7155172228813171
83;0.02131170593202114;0.681034505367279
84;0.020557651296257973;0.6637930870056152
85;0.0210220105946064;0.6551724076271057
86;0.02096979133784771;0.6896551847457886
87;0.019821949303150177;0.7155172228813171
88;0.02010262943804264;0.6724137663841248
89;0.019933735951781273;0.6896551847457886
90;0.0195801742374897;0.6896551847457886
91;0.01988937519490719;0.6982758641242981
92;0.019197793677449226;0.7068965435028076
93;0.01938766799867153;0.7413793206214905
94;0.019237831234931946;0.7155172228813171
95;0.019357452169060707;0.6982758641242981
96;0.01884404569864273;0.75
97;0.019035382196307182;0.75
98;0.01862085424363613;0.7241379022598267
99;0.019279198721051216;0.7413793206214905
100;0.018508853390812874;0.767241358757019
101;0.01908959075808525;0.75
102;0.017749769613146782;0.7586206793785095
103;0.01895969547331333;0.767241358757019
104;0.018193868920207024;0.7844827771186829
105;0.0170888788998127;0.7586206793785095
106;0.018218131735920906;0.7758620977401733
107;0.018073534592986107;0.7844827771186829
108;0.017726445570588112;0.732758641242981
109;0.01727200113236904;0.7844827771186829
110;0.017968328669667244;0.7758620977401733
111;0.016917269676923752;0.7844827771186829
112;0.017208751291036606;0.7758620977401733
113;0.016510825604200363;0.7844827771186829
114;0.01717708446085453;0.7758620977401733
115;0.01685265637934208;0.7758620977401733
116;0.016276778653264046;0.7931034564971924
117;0.016687434166669846;0.7758620977401733
118;0.016361026093363762;0.7758620977401733
119;0.01600133441388607;0.7758620977401733
120;0.015754852443933487;0.7844827771186829
121;0.01615738309919834;0.7844827771186829
122;0.015583083964884281;0.8017241358757019
123;0.016178226098418236;0.7758620977401733
124;0.015970781445503235;0.7758620977401733
125;0.015375996008515358;0.7931034564971924
126;0.015892269089818;0.7931034564971924
127;0.015339894220232964;0.7844827771186829
128;0.014803285710513592;0.7931034564971924
129;0.015507923439145088;0.7844827771186829
130;0.014902893453836441;0.8017241358757019
131;0.014949716627597809;0.7931034564971924
132;0.014661733992397785;0.7844827771186829
133;0.01580292172729969;0.767241358757019
134;0.015513045713305473;0.8103448152542114
135;0.015180831775069237;0.7758620977401733
136;0.014582153409719467;0.8103448152542114
137;0.015340897254645824;0.767241358757019
138;0.014941892586648464;0.7758620977401733
139;0.014567160978913307;0.7844827771186829
140;0.014106564223766327;0.7931034564971924
141;0.014637486077845097;0.7758620977401733
142;0.013996277935802937;0.8103448152542114
143;0.015147784724831581;0.7844827771186829
144;0.01381881907582283;0.8017241358757019
145;0.014599123038351536;0.8017241358757019
146;0.014975309371948242;0.7844827771186829
147;0.014222551137208939;0.7844827771186829
148;0.014258638955652714;0.7931034564971924
149;0.013664151541888714;0.8103448152542114
150;0.013863857835531235;0.7931034564971924
151;0.014104878529906273;0.8017241358757019
152;0.014050631783902645;0.8017241358757019
153;0.013710997067391872;0.8103448152542114
154;0.01341552659869194;0.818965494632721
155;0.013428240083158016;0.7931034564971924
156;0.01329219900071621;0.8103448152542114
157;0.014119311235845089;0.818965494632721
158;0.013686086051166058;0.8103448152542114
159;0.012996570207178593;0.8103448152542114
160;0.014669647440314293;0.7931034564971924
161;0.014336961321532726;0.8103448152542114
162;0.013725988566875458;0.7931034564971924
163;0.014668487012386322;0.767241358757019
164;0.013328682631254196;0.818965494632721
165;0.013603652827441692;0.818965494632721
166;0.013523494824767113;0.8103448152542114
167;0.013916646130383015;0.7931034564971924
168;0.01371000986546278;0.8103448152542114
169;0.01309213787317276;0.8534482717514038
170;0.013743993826210499;0.8362069129943848
171;0.012883278541266918;0.8275862336158752
172;0.013590265065431595;0.8017241358757019
173;0.012571629136800766;0.8275862336158752
174;0.012647743336856365;0.8017241358757019
175;0.012699532322585583;0.8103448152542114
176;0.012687436304986477;0.818965494632721
177;0.012485342100262642;0.8448275923728943
178;0.012651074677705765;0.8534482717514038
179;0.01328190602362156;0.8017241358757019
180;0.012967146933078766;0.8275862336158752
181;0.012928751297295094;0.8103448152542114
182;0.012544320896267891;0.8448275923728943
183;0.01246394868940115;0.8448275923728943
184;0.012930594384670258;0.818965494632721
185;0.01194427628070116;0.8534482717514038
186;0.012591141276061535;0.8275862336158752
187;0.012867987155914307;0.8534482717514038
188;0.012418615631759167;0.8448275923728943
189;0.012285865843296051;0.8620689511299133
190;0.012054601684212685;0.8534482717514038
191;0.01206684485077858;0.8448275923728943
192;0.012259581126272678;0.8706896305084229
193;0.0126514732837677;0.8534482717514038
194;0.01156638003885746;0.8706896305084229
195;0.01212268602102995;0.8534482717514038
196;0.011655230075120926;0.8706896305084229
197;0.01203972939401865;0.8620689511299133
198;0.012219258584082127;0.8362069129943848
199;0.011105314828455448;0.8620689511299133
200;0.011038289405405521;0.8706896305084229
201;0.011601311154663563;0.8448275923728943
202;0.01171179674565792;0.8534482717514038
203;0.011060042306780815;0.8793103694915771
204;0.011744009330868721;0.8793103694915771
205;0.011641498655080795;0.8620689511299133
206;0.012335207313299179;0.8103448152542114
207;0.010914968326687813;0.8965517282485962
208;0.011486414819955826;0.8620689511299133
209;0.010985298082232475;0.8793103694915771
210;0.012184888124465942;0.8362069129943848
211;0.010960418730974197;0.8793103694915771
212;0.011112567968666553;0.8879310488700867
213;0.011549068614840508;0.8793103694915771
214;0.011181189678609371;0.8793103694915771
215;0.01174507662653923;0.8620689511299133
216;0.010418275371193886;0.8879310488700867
217;0.010603184811770916;0.8620689511299133
218;0.011272587813436985;0.8534482717514038
219;0.010735156945884228;0.8706896305084229
220;0.011175942607223988;0.8793103694915771
221;0.011155527085065842;0.8620689511299133
222;0.010615509934723377;0.8793103694915771
223;0.010755573399364948;0.8879310488700867
224;0.01069804560393095;0.8793103694915771
225;0.011429102160036564;0.8620689511299133
226;0.010686185210943222;0.8793103694915771
227;0.010375337675213814;0.8793103694915771
228;0.011886410415172577;0.8275862336158752
229;0.011335160583257675;0.8534482717514038
230;0.01055290549993515;0.8620689511299133
231;0.010542784817516804;0.8793103694915771
232;0.01166229322552681;0.8793103694915771
233;0.010553942993283272;0.8706896305084229
234;0.01045320276170969;0.8793103694915771
235;0.010166142135858536;0.8879310488700867
236;0.0105509702116251;0.8879310488700867
237;0.010661900043487549;0.8534482717514038
238;0.010131698101758957;0.8879310488700867
239;0.009938583709299564;0.8793103694915771
240;0.01102144829928875;0.8620689511299133
241;0.010916352272033691;0.8534482717514038
242;0.010316518135368824;0.8793103694915771
243;0.00958397425711155;0.8879310488700867
244;0.009863532148301601;0.8965517282485962
245;0.010692890733480453;0.8793103694915771
246;0.009874606505036354;0.8793103694915771
247;0.010816040448844433;0.8620689511299133
248;0.0099954130128026;0.8879310488700867
249;0.010470878332853317;0.8793103694915771
250;0.010211228393018246;0.8793103694915771
251;0.009339856915175915;0.8879310488700867
252;0.01028468832373619;0.8793103694915771
253;0.010106218047440052;0.8706896305084229
254;0.010130916722118855;0.8706896305084229
255;0.010370905511081219;0.8706896305084229
256;0.010534933768212795;0.8534482717514038
257;0.009759727865457535;0.8793103694915771
258;0.010778686963021755;0.8620689511299133
259;0.009748527780175209;0.8879310488700867
260;0.010572419501841068;0.8534482717514038
261;0.010817766189575195;0.8620689511299133
262;0.009474985301494598;0.8793103694915771
263;0.010067606344819069;0.8793103694915771
264;0.010058246552944183;0.8879310488700867
265;0.009494372643530369;0.8793103694915771
266;0.010132813826203346;0.8706896305084229
267;0.009657258167862892;0.8793103694915771
268;0.01010037399828434;0.8793103694915771
269;0.009556425735354424;0.8793103694915771
270;0.010082575492560863;0.8793103694915771
271;0.011165251955389977;0.8362069129943848
272;0.009775147773325443;0.8620689511299133
273;0.013980936259031296;0.818965494632721
274;0.010177377611398697;0.8793103694915771
275;0.009848720394074917;0.8793103694915771
276;0.01270753052085638;0.7931034564971924
277;0.010479215532541275;0.8793103694915771
278;0.012226482853293419;0.818965494632721
279;0.012953091412782669;0.8017241358757019
280;0.010201415047049522;0.8793103694915771
281;0.009606491774320602;0.8879310488700867
282;0.010439642705023289;0.8793103694915771
283;0.011137218214571476;0.8793103694915771
284;0.010230720974504948;0.8793103694915771
285;0.009331457316875458;0.8706896305084229
286;0.010271166451275349;0.8706896305084229
287;0.011237207800149918;0.8793103694915771
288;0.010664132423698902;0.8534482717514038
289;0.0097244493663311;0.8879310488700867
290;0.010226569138467312;0.8879310488700867
291;0.010879010893404484;0.8534482717514038
292;0.009874599985778332;0.8793103694915771
293;0.008997146971523762;0.8793103694915771
294;0.00969832856208086;0.8793103694915771
295;0.010291787795722485;0.8620689511299133
296;0.009551632218062878;0.8879310488700867
297;0.009408289566636086;0.8793103694915771
298;0.008947002701461315;0.8706896305084229
299;0.009361623786389828;0.8879310488700867
300;0.009320307523012161;0.8793103694915771
301;0.009897684678435326;0.8793103694915771
302;0.009113566018640995;0.8706896305084229
303;0.008847419172525406;0.8879310488700867
304;0.009329649619758129;0.8879310488700867
305;0.009461366571485996;0.8706896305084229
306;0.010075743310153484;0.8620689511299133
307;0.008868804201483727;0.8706896305084229
308;0.009174665436148643;0.8706896305084229
309;0.009019752033054829;0.8879310488700867
310;0.009124603122472763;0.8793103694915771
311;0.009126455523073673;0.8879310488700867
312;0.009271955117583275;0.8793103694915771
313;0.008666465058922768;0.8793103694915771
314;0.008774894289672375;0.8965517282485962
315;0.008569756522774696;0.8793103694915771
316;0.009090512059628963;0.8706896305084229
317;0.008706856518983841;0.9137930870056152
318;0.009217754937708378;0.8965517282485962
319;0.008813317865133286;0.8965517282485962
320;0.008780774660408497;0.8965517282485962
321;0.008602205663919449;0.8706896305084229
322;0.0086898198351264;0.8793103694915771
323;0.008711854927241802;0.8793103694915771
324;0.008819658309221268;0.8793103694915771
325;0.008280519396066666;0.8965517282485962
326;0.008677652105689049;0.8793103694915771
327;0.008840210735797882;0.8965517282485962
328;0.008561975322663784;0.8879310488700867
329;0.008710428141057491;0.8793103694915771
330;0.00827022921293974;0.9051724076271057
331;0.008483143523335457;0.8793103694915771
332;0.008777868002653122;0.8793103694915771
333;0.008434567600488663;0.8879310488700867
334;0.009103578515350819;0.8793103694915771
335;0.008559906855225563;0.8706896305084229
336;0.008607083931565285;0.8793103694915771
337;0.008031642064452171;0.8793103694915771
338;0.008310891687870026;0.8879310488700867
339;0.00867310632020235;0.8879310488700867
340;0.008367440663278103;0.9137930870056152
341;0.008787708356976509;0.8879310488700867
342;0.00826884713023901;0.8965517282485962
343;0.008700684644281864;0.8706896305084229
344;0.008295755833387375;0.8965517282485962
345;0.008498959243297577;0.8879310488700867
346;0.00829921755939722;0.8965517282485962
347;0.008113947696983814;0.8965517282485962
348;0.00806486513465643;0.9051724076271057
349;0.008015128783881664;0.931034505367279
350;0.008799154311418533;0.8879310488700867
351;0.00824965164065361;0.9137930870056152
352;0.008695846423506737;0.9137930870056152
353;0.008603650145232677;0.8879310488700867
354;0.008227145299315453;0.9051724076271057
355;0.007984699681401253;0.9137930870056152
356;0.007981270551681519;0.9051724076271057
357;0.00796990841627121;0.9137930870056152
358;0.008544656448066235;0.8793103694915771
359;0.007860763929784298;0.9051724076271057
360;0.00816013477742672;0.8965517282485962
361;0.008414458483457565;0.9051724076271057
362;0.007886751554906368;0.9224137663841248
363;0.007873761467635632;0.9137930870056152
364;0.008407948538661003;0.8620689511299133
365;0.008653574623167515;0.9051724076271057
366;0.008024881593883038;0.9051724076271057
367;0.008207856677472591;0.9224137663841248
368;0.007877557538449764;0.8965517282485962
369;0.008001629263162613;0.9051724076271057
370;0.008173920214176178;0.8965517282485962
371;0.00785851664841175;0.9051724076271057
372;0.008024097420275211;0.8879310488700867
373;0.007969479076564312;0.9051724076271057
374;0.008313422091305256;0.9051724076271057
375;0.008166555315256119;0.9051724076271057
376;0.007879302836954594;0.9224137663841248
377;0.007568808738142252;0.9051724076271057
378;0.008113852702081203;0.8879310488700867
379;0.007235684432089329;0.9137930870056152
380;0.0081169493496418;0.9224137663841248
381;0.007792106829583645;0.9051724076271057
382;0.007756446488201618;0.9224137663841248
383;0.007881049998104572;0.9224137663841248
384;0.007904335856437683;0.9051724076271057
385;0.008123031817376614;0.931034505367279
386;0.007862589322030544;0.9137930870056152
387;0.007573436480015516;0.9224137663841248
388;0.007646027021110058;0.9137930870056152
389;0.007653826382011175;0.9137930870056152
390;0.007742093876004219;0.9137930870056152
391;0.007450250443071127;0.9224137663841248
392;0.007656957022845745;0.9224137663841248
393;0.007351192180067301;0.9224137663841248
394;0.007743565831333399;0.8965517282485962
395;0.007808071561157703;0.931034505367279
396;0.007848037406802177;0.9224137663841248
397;0.007942382246255875;0.9051724076271057
398;0.007297818083316088;0.9137930870056152
399;0.0078101688995957375;0.8965517282485962
400;0.007672647945582867;0.9051724076271057
401;0.0075169759802520275;0.9137930870056152
402;0.0072250510565936565;0.9137930870056152
403;0.007440941873937845;0.931034505367279
404;0.007367342710494995;0.931034505367279
405;0.0074343252927064896;0.9224137663841248
406;0.007689510006457567;0.931034505367279
407;0.00764961913228035;0.9224137663841248
408;0.007553899195045233;0.9224137663841248
409;0.00820726715028286;0.9137930870056152
410;0.006953824311494827;0.9224137663841248
411;0.00759731512516737;0.9137930870056152
412;0.0074793617241084576;0.931034505367279
413;0.007646757178008556;0.9051724076271057
414;0.007511198054999113;0.931034505367279
415;0.007094444707036018;0.931034505367279
416;0.0071379654109478;0.9051724076271057
417;0.007385326083749533;0.9224137663841248
418;0.007381337694823742;0.9224137663841248
419;0.00760688679292798;0.9396551847457886
420;0.00745054055005312;0.931034505367279
421;0.00681635458022356;0.9396551847457886
422;0.007159875240176916;0.9224137663841248
423;0.007912975735962391;0.9051724076271057
424;0.006771308369934559;0.9396551847457886
425;0.007406373042613268;0.931034505367279
426;0.007304525468498468;0.931034505367279
427;0.006999447476118803;0.9224137663841248
428;0.006762390956282616;0.931034505367279
429;0.007434913422912359;0.9224137663841248
430;0.006978767924010754;0.9224137663841248
431;0.007044511381536722;0.931034505367279
432;0.007595960516482592;0.931034505367279
433;0.007092791143804789;0.9224137663841248
434;0.007245994638651609;0.9224137663841248
435;0.007086454425007105;0.931034505367279
436;0.006848219782114029;0.931034505367279
437;0.006670163944363594;0.931034505367279
438;0.00717245414853096;0.9224137663841248
439;0.0072912187315523624;0.9137930870056152
440;0.006571639329195023;0.9137930870056152
441;0.006956972647458315;0.9224137663841248
442;0.007353054825216532;0.931034505367279
443;0.007234313525259495;0.931034505367279
444;0.007027331739664078;0.931034505367279
445;0.006957067642360926;0.9224137663841248
446;0.006967222783714533;0.931034505367279
447;0.00681319460272789;0.9224137663841248
448;0.007715987972915173;0.9137930870056152
449;0.006685010623186827;0.931034505367279
450;0.0067490385845303535;0.931034505367279
451;0.006822013296186924;0.931034505367279
452;0.007154260296374559;0.9224137663841248
453;0.007112087681889534;0.9224137663841248
454;0.006631868425756693;0.931034505367279
455;0.00723564438521862;0.931034505367279
456;0.006656758952885866;0.9224137663841248
457;0.007007556036114693;0.9224137663841248
458;0.006518841255456209;0.931034505367279
459;0.006686080247163773;0.931034505367279
460;0.006695379503071308;0.9224137663841248
461;0.006591803394258022;0.931034505367279
462;0.006747864652425051;0.931034505367279
463;0.006782949436455965;0.931034505367279
464;0.0066304560750722885;0.9396551847457886
465;0.006811998318880796;0.9482758641242981
466;0.007509067188948393;0.9051724076271057
467;0.006886472925543785;0.931034505367279
468;0.006876060273498297;0.9137930870056152
469;0.006442050915211439;0.9396551847457886
470;0.007115399464964867;0.931034505367279
471;0.007094662170857191;0.931034505367279
472;0.006444351747632027;0.931034505367279
473;0.006811841856688261;0.931034505367279
474;0.006661721505224705;0.931034505367279
475;0.00630533043295145;0.9224137663841248
476;0.006400458049029112;0.931034505367279
477;0.007062188349664211;0.931034505367279
478;0.0073137832805514336;0.8965517282485962
479;0.006256971508264542;0.931034505367279
480;0.006611119955778122;0.9224137663841248
481;0.006603769492357969;0.9224137663841248
482;0.006392885465174913;0.9396551847457886
483;0.006391461938619614;0.931034505367279
484;0.007056619506329298;0.931034505367279
485;0.007119614630937576;0.9137930870056152
486;0.006505772937089205;0.931034505367279
487;0.006770383566617966;0.9224137663841248
488;0.006674055941402912;0.9396551847457886
489;0.007681685499846935;0.931034505367279
490;0.0067699686624109745;0.931034505367279
491;0.006318972911685705;0.9396551847457886
492;0.0073435925878584385;0.9137930870056152
493;0.007097596302628517;0.931034505367279
494;0.00710497610270977;0.9224137663841248
495;0.006274506915360689;0.931034505367279
496;0.006087135523557663;0.931034505367279
497;0.0065610650926828384;0.931034505367279
498;0.00636515486985445;0.931034505367279
499;0.00627480261027813;0.931034505367279
500;0.006651103962212801;0.9224137663841248
501;0.006440195254981518;0.931034505367279
502;0.006524447351694107;0.9051724076271057
503;0.006686059758067131;0.9224137663841248
504;0.006608815398067236;0.931034505367279
505;0.006686585955321789;0.9224137663841248
506;0.006442366633564234;0.931034505367279
507;0.006001955363899469;0.931034505367279
508;0.006126121152192354;0.9396551847457886
509;0.006530114449560642;0.931034505367279
510;0.006197413895279169;0.9396551847457886
511;0.006466514430940151;0.9224137663841248
512;0.00598928751423955;0.931034505367279
513;0.0062176017090678215;0.931034505367279
514;0.006217715796083212;0.931034505367279
515;0.006124398671090603;0.9396551847457886
516;0.005974333733320236;0.931034505367279
517;0.005788319278508425;0.931034505367279
518;0.006226771045476198;0.931034505367279
519;0.0057568419724702835;0.931034505367279
520;0.006468764040619135;0.931034505367279
521;0.006239236798137426;0.931034505367279
522;0.006363376509398222;0.9224137663841248
523;0.005851132795214653;0.931034505367279
524;0.005979445762932301;0.931034505367279
525;0.006242652423679829;0.931034505367279
526;0.006215326022356749;0.931034505367279
527;0.005520245060324669;0.9396551847457886
528;0.005787302739918232;0.9396551847457886
529;0.006218903232365847;0.9224137663841248
530;0.005754981655627489;0.931034505367279
531;0.005726187955588102;0.931034505367279
532;0.005607029888778925;0.931034505367279
533;0.00597994914278388;0.931034505367279
534;0.006308156996965408;0.931034505367279
535;0.005749376490712166;0.931034505367279
536;0.006388560403138399;0.931034505367279
537;0.005509013310074806;0.931034505367279
538;0.005756509490311146;0.9396551847457886
539;0.005997870117425919;0.931034505367279
540;0.005700380075722933;0.9396551847457886
541;0.005445452407002449;0.931034505367279
542;0.006042416673153639;0.931034505367279
543;0.005598234478384256;0.9396551847457886
544;0.0060842446982860565;0.931034505367279
545;0.006074670702219009;0.931034505367279
546;0.005833064205944538;0.9396551847457886
547;0.005744590889662504;0.9396551847457886
548;0.006028126925230026;0.931034505367279
549;0.005670011043548584;0.931034505367279
550;0.006030804477632046;0.9137930870056152
551;0.006085051689296961;0.931034505367279
552;0.005933016072958708;0.9137930870056152
553;0.006104522850364447;0.9224137663841248
554;0.006067209877073765;0.9224137663841248
555;0.0063721672631800175;0.9224137663841248
556;0.00587522191926837;0.9482758641242981
557;0.00567262526601553;0.9396551847457886
558;0.005864276085048914;0.9137930870056152
559;0.006049937102943659;0.9137930870056152
560;0.007188298739492893;0.9137930870056152
561;0.00695135910063982;0.9137930870056152
562;0.00964782852679491;0.8879310488700867
563;0.009454832412302494;0.8620689511299133
564;0.006838510744273663;0.931034505367279
565;0.012951902113854885;0.7931034564971924
566;0.007692995015531778;0.9137930870056152
567;0.024872135370969772;0.5344827771186829
568;0.011589840985834599;0.8793103694915771
569;0.008042147383093834;0.931034505367279
570;0.013998711481690407;0.7758620977401733
571;0.016417745500802994;0.7586206793785095
572;0.013797678053379059;0.8017241358757019
573;0.009673534892499447;0.8879310488700867
574;0.009114116430282593;0.931034505367279
575;0.010714148171246052;0.8965517282485962
576;0.011816173791885376;0.8362069129943848
577;0.00929721724241972;0.9051724076271057
578;0.008968982845544815;0.8793103694915771
579;0.009344562888145447;0.8534482717514038
580;0.009069970808923244;0.8793103694915771
581;0.008397302590310574;0.8879310488700867
582;0.008505193516612053;0.8793103694915771
583;0.007528029847890139;0.931034505367279
584;0.007923235185444355;0.9137930870056152
585;0.007010960020124912;0.9396551847457886
586;0.007130795624107122;0.931034505367279
587;0.007472652941942215;0.931034505367279
588;0.007394710555672646;0.9137930870056152
589;0.006807033903896809;0.9224137663841248
590;0.006693089380860329;0.9137930870056152
591;0.006731680128723383;0.9224137663841248
592;0.00660332664847374;0.9224137663841248
593;0.006705129519104958;0.931034505367279
594;0.00666658952832222;0.931034505367279
595;0.006267274729907513;0.931034505367279
596;0.0065364353358745575;0.9224137663841248
597;0.006130946800112724;0.931034505367279
598;0.00597400264814496;0.931034505367279
599;0.006234497297555208;0.9224137663841248
600;0.006319086998701096;0.931034505367279
601;0.005916690919548273;0.931034505367279
602;0.00616235239431262;0.931034505367279
603;0.005747321993112564;0.9396551847457886
604;0.006025880109518766;0.9224137663841248
605;0.005897252354770899;0.9224137663841248
606;0.005851675756275654;0.931034505367279
607;0.005687593016773462;0.931034505367279
608;0.005809903144836426;0.9137930870056152
609;0.006118312943726778;0.9396551847457886
610;0.005501151084899902;0.9482758641242981
611;0.005575193092226982;0.9396551847457886
612;0.0060088313184678555;0.931034505367279
613;0.005650896579027176;0.9396551847457886
614;0.005805858410894871;0.931034505367279
615;0.005335588939487934;0.931034505367279
616;0.0058994777500629425;0.9137930870056152
617;0.00575499190017581;0.931034505367279
618;0.006034566555172205;0.9224137663841248
619;0.005969170946627855;0.9224137663841248
620;0.0055608381517231464;0.9224137663841248
621;0.005365315824747086;0.9396551847457886
622;0.005427129101008177;0.931034505367279
623;0.005633319728076458;0.9224137663841248
624;0.006241798400878906;0.9224137663841248
625;0.005549382418394089;0.9396551847457886
626;0.005800479557365179;0.9396551847457886
627;0.005771629046648741;0.9137930870056152
628;0.005483716260641813;0.9224137663841248
629;0.0055688791908323765;0.9396551847457886
630;0.005687698721885681;0.931034505367279
631;0.0057375067844986916;0.9224137663841248
632;0.005592790897935629;0.9224137663841248
633;0.005346130579710007;0.931034505367279
634;0.005380943417549133;0.9482758641242981
635;0.005361623130738735;0.931034505367279
636;0.005342581775039434;0.9396551847457886
637;0.005643885117024183;0.9137930870056152
638;0.005520247854292393;0.9224137663841248
639;0.005857672076672316;0.9137930870056152
640;0.004956268239766359;0.9396551847457886
641;0.005536289885640144;0.9224137663841248
642;0.005747550167143345;0.9224137663841248
643;0.005105030722916126;0.931034505367279
644;0.005633179564028978;0.9224137663841248
645;0.00514150271192193;0.931034505367279
646;0.005716409534215927;0.931034505367279
647;0.005332106724381447;0.9568965435028076
648;0.005264420993626118;0.931034505367279
649;0.005188312381505966;0.9482758641242981
650;0.0056030238047242165;0.9224137663841248
651;0.005320051684975624;0.9396551847457886
652;0.005391949322074652;0.9396551847457886
653;0.005253603681921959;0.931034505367279
654;0.005384091753512621;0.931034505367279
655;0.00536064337939024;0.931034505367279
656;0.00561299454420805;0.931034505367279
657;0.005250998307019472;0.931034505367279
658;0.005735731218010187;0.931034505367279
659;0.0053627341985702515;0.9396551847457886
660;0.005076900124549866;0.931034505367279
661;0.005528156645596027;0.931034505367279
662;0.0053144460543990135;0.931034505367279
663;0.005234181880950928;0.9396551847457886
664;0.005697018466889858;0.9224137663841248
665;0.005134541541337967;0.9396551847457886
666;0.004886079579591751;0.931034505367279
667;0.005419769324362278;0.9396551847457886
668;0.005862567573785782;0.9224137663841248
669;0.005563048645853996;0.9224137663841248
670;0.005354331806302071;0.931034505367279
671;0.005222425330430269;0.931034505367279
672;0.005275937262922525;0.931034505367279
673;0.005257226061075926;0.9396551847457886
674;0.005650418344885111;0.9224137663841248
675;0.005559433717280626;0.931034505367279
676;0.00570937804877758;0.9137930870056152
677;0.005622651427984238;0.9137930870056152
678;0.005473972763866186;0.9396551847457886
679;0.005149349104613066;0.9396551847457886
680;0.0055314903147518635;0.9482758641242981
681;0.005067267920821905;0.9396551847457886
682;0.0049713728949427605;0.9396551847457886
683;0.0054299854673445225;0.931034505367279
684;0.005438026040792465;0.931034505367279
685;0.004701422993093729;0.9396551847457886
686;0.004934382624924183;0.931034505367279
687;0.005754677578806877;0.931034505367279
688;0.005101295653730631;0.9396551847457886
689;0.004965401254594326;0.931034505367279
690;0.0050596254877746105;0.931034505367279
691;0.005057687871158123;0.9482758641242981
692;0.005450739059597254;0.931034505367279
693;0.005460905376821756;0.931034505367279
694;0.005098151043057442;0.931034505367279
695;0.0052248649299144745;0.9396551847457886
696;0.0053391666151583195;0.931034505367279
697;0.005048287101089954;0.9224137663841248
698;0.004837149754166603;0.9396551847457886
699;0.005302793812006712;0.931034505367279
700;0.005105414893478155;0.931034505367279
701;0.004785634111613035;0.9396551847457886
702;0.00517009012401104;0.9224137663841248
703;0.005018025171011686;0.9396551847457886
704;0.005729758180677891;0.9396551847457886
705;0.004768196493387222;0.931034505367279
706;0.005468972958624363;0.9396551847457886
707;0.00519626634195447;0.9224137663841248
708;0.005609726533293724;0.9224137663841248
709;0.005101023241877556;0.931034505367279
710;0.005276350770145655;0.931034505367279
711;0.006072024814784527;0.9224137663841248
712;0.00515212956815958;0.9224137663841248
713;0.005837717093527317;0.9396551847457886
714;0.005543415434658527;0.9224137663841248
715;0.005073098931461573;0.9396551847457886
716;0.005415066611021757;0.9396551847457886
717;0.005053496453911066;0.931034505367279
718;0.005611317232251167;0.931034505367279
719;0.0053511448204517365;0.931034505367279
720;0.005206633359193802;0.9396551847457886
721;0.005039391573518515;0.9482758641242981
722;0.005469852592796087;0.931034505367279
723;0.005142077337950468;0.9396551847457886
724;0.0053205364383757114;0.9396551847457886
725;0.0056627485901117325;0.9137930870056152
726;0.00527073023840785;0.9396551847457886
727;0.005429902579635382;0.9137930870056152
728;0.005005399696528912;0.9396551847457886
729;0.005372641608119011;0.931034505367279
730;0.005038002505898476;0.931034505367279
731;0.004974616691470146;0.931034505367279
732;0.005374401342123747;0.9224137663841248
733;0.005304686259478331;0.9224137663841248
734;0.005562789272516966;0.9224137663841248
735;0.005294987000524998;0.9224137663841248
736;0.005176314618438482;0.931034505367279
737;0.005182360298931599;0.9396551847457886
738;0.005339239723980427;0.9224137663841248
739;0.005489529576152563;0.931034505367279
740;0.005407116375863552;0.931034505367279
741;0.005393356084823608;0.9224137663841248
742;0.005363013595342636;0.931034505367279
743;0.005134419072419405;0.931034505367279
744;0.004991579335182905;0.931034505367279
745;0.00499333068728447;0.931034505367279
746;0.005582145415246487;0.931034505367279
747;0.004977238364517689;0.9224137663841248
748;0.004951967392116785;0.9224137663841248
749;0.004836270585656166;0.9396551847457886
750;0.0050248997285962105;0.931034505367279
751;0.005120197311043739;0.931034505367279
752;0.0052557289600372314;0.9396551847457886
753;0.005301779136061668;0.931034505367279
754;0.00507220858708024;0.9396551847457886
755;0.005688590928912163;0.9224137663841248
756;0.005183206871151924;0.9137930870056152
757;0.005268660839647055;0.931034505367279
758;0.005328925792127848;0.931034505367279
759;0.005359545815736055;0.9482758641242981
760;0.00560560030862689;0.931034505367279
761;0.005037626251578331;0.9396551847457886
762;0.0051266103982925415;0.9224137663841248
763;0.005141677334904671;0.9224137663841248
764;0.005144159309566021;0.931034505367279
765;0.0051500797271728516;0.931034505367279
766;0.005135667510330677;0.931034505367279
767;0.004991631954908371;0.9224137663841248
768;0.0050733876414597034;0.9224137663841248
769;0.004912742413580418;0.931034505367279
770;0.0050716460682451725;0.931034505367279
771;0.005192602053284645;0.9396551847457886
772;0.004798459820449352;0.9396551847457886
773;0.004811165388673544;0.9396551847457886
774;0.00537800183519721;0.9224137663841248
775;0.0050300415605306625;0.9224137663841248
776;0.0052823638543486595;0.9224137663841248
777;0.004823270719498396;0.931034505367279
778;0.005099586211144924;0.9224137663841248
779;0.0049676732160151005;0.931034505367279
780;0.005114804022014141;0.9396551847457886
781;0.004681045189499855;0.9137930870056152
782;0.004759289789944887;0.9224137663841248
783;0.005133179482072592;0.9224137663841248
784;0.0052903336472809315;0.9137930870056152
785;0.005163908004760742;0.9224137663841248
786;0.004949437454342842;0.931034505367279
787;0.004638723563402891;0.9396551847457886
788;0.004817727021872997;0.9396551847457886
789;0.004512551706284285;0.931034505367279
790;0.005165281239897013;0.931034505367279
791;0.004641731269657612;0.9482758641242981
792;0.005259100813418627;0.931034505367279
793;0.004749156069010496;0.931034505367279
794;0.0051175509579479694;0.9396551847457886
795;0.005177902523428202;0.931034505367279
796;0.0050273253582417965;0.9396551847457886
797;0.004815192893147469;0.931034505367279
798;0.005002738907933235;0.9396551847457886
799;0.00514592370018363;0.9224137663841248
800;0.005045108962804079;0.9396551847457886
801;0.0050401948392391205;0.9396551847457886
802;0.004735398106276989;0.9396551847457886
803;0.005512764677405357;0.9224137663841248
804;0.0043111746199429035;0.9396551847457886
805;0.004967106506228447;0.9137930870056152
806;0.00529849249869585;0.9396551847457886
807;0.005016655195504427;0.931034505367279
808;0.004820484202355146;0.9224137663841248
809;0.005023854319006205;0.931034505367279
810;0.004894212353974581;0.931034505367279
811;0.005205390974879265;0.9224137663841248
812;0.004848435055464506;0.9396551847457886
813;0.005329811479896307;0.931034505367279
814;0.004750966560095549;0.931034505367279
815;0.004648604895919561;0.931034505367279
816;0.0050741215236485004;0.9396551847457886
817;0.004650176968425512;0.931034505367279
818;0.005190860480070114;0.9051724076271057
819;0.00501079810783267;0.931034505367279
820;0.0052796234376728535;0.9051724076271057
821;0.005042517092078924;0.931034505367279
822;0.005059320479631424;0.931034505367279
823;0.004837485030293465;0.931034505367279
824;0.00498185632750392;0.9224137663841248
825;0.004887991119176149;0.931034505367279
826;0.00510982982814312;0.931034505367279
827;0.005153896287083626;0.931034505367279
828;0.004924931563436985;0.931034505367279
829;0.00440153107047081;0.9396551847457886
830;0.0051428223960101604;0.9137930870056152
831;0.004823334980756044;0.931034505367279
832;0.004974709823727608;0.9224137663841248
833;0.005003953352570534;0.931034505367279
834;0.004669917281717062;0.9482758641242981
835;0.0048563540913164616;0.931034505367279
836;0.004882286302745342;0.9396551847457886
837;0.00486536743119359;0.9224137663841248
838;0.005444892682135105;0.9224137663841248
839;0.004729641135782003;0.931034505367279
840;0.00477899145334959;0.9396551847457886
841;0.004704542923718691;0.9224137663841248
842;0.005124525632709265;0.9224137663841248
843;0.004716108553111553;0.9396551847457886
844;0.005055578891187906;0.931034505367279
845;0.004826939199119806;0.9224137663841248
846;0.004813574254512787;0.931034505367279
847;0.005153364036232233;0.931034505367279
848;0.004965152591466904;0.9224137663841248
849;0.004711125046014786;0.931034505367279
850;0.00471528060734272;0.931034505367279
851;0.005141178146004677;0.9137930870056152
852;0.004527726676315069;0.9396551847457886
853;0.005241998005658388;0.9137930870056152
854;0.004805456381291151;0.931034505367279
855;0.004940189886838198;0.9396551847457886
856;0.004614393226802349;0.9396551847457886
857;0.004895965103060007;0.931034505367279
858;0.004567007068544626;0.931034505367279
859;0.0050868079997599125;0.9137930870056152
860;0.004729673732072115;0.931034505367279
861;0.005009042099118233;0.9224137663841248
862;0.005175083875656128;0.9137930870056152
863;0.004570032004266977;0.9396551847457886
864;0.004716016817837954;0.9224137663841248
865;0.005069464910775423;0.9224137663841248
866;0.005142990965396166;0.931034505367279
867;0.004724755883216858;0.9224137663841248
868;0.004906692076474428;0.931034505367279
869;0.00469192024320364;0.931034505367279
870;0.004701978527009487;0.931034505367279
871;0.005087131634354591;0.9224137663841248
872;0.004683041479438543;0.9396551847457886
873;0.004735284950584173;0.9396551847457886
874;0.004986902698874474;0.931034505367279
875;0.0045757289044559;0.931034505367279
876;0.004803134128451347;0.931034505367279
877;0.0048451535403728485;0.9482758641242981
878;0.005061326548457146;0.9224137663841248
879;0.004936956334859133;0.931034505367279
880;0.00477916793897748;0.931034505367279
881;0.004976543597877026;0.931034505367279
882;0.004713167902082205;0.9224137663841248
883;0.004585197661072016;0.9396551847457886
884;0.005060248542577028;0.9137930870056152
885;0.0051153264939785;0.931034505367279
886;0.004693761467933655;0.931034505367279
887;0.004936483222991228;0.931034505367279
888;0.004744203295558691;0.931034505367279
889;0.004694591276347637;0.931034505367279
890;0.005192584358155727;0.931034505367279
891;0.00482993945479393;0.9224137663841248
892;0.004825235344469547;0.9396551847457886
893;0.004896748811006546;0.931034505367279
894;0.0050337896682322025;0.931034505367279
895;0.004842615686357021;0.931034505367279
896;0.004609823226928711;0.931034505367279
897;0.004300486296415329;0.9396551847457886
898;0.004765037912875414;0.931034505367279
899;0.005124013405293226;0.9224137663841248
900;0.004382363986223936;0.9224137663841248
901;0.005177863407880068;0.931034505367279
902;0.004937442950904369;0.931034505367279
903;0.004727853927761316;0.931034505367279
904;0.004827744327485561;0.931034505367279
905;0.004881434142589569;0.931034505367279
906;0.004856513347476721;0.931034505367279
907;0.004941137973219156;0.931034505367279
908;0.004974848125129938;0.9224137663841248
909;0.005078699439764023;0.9137930870056152
910;0.004509353544563055;0.931034505367279
911;0.0048906211741268635;0.9137930870056152
912;0.004617222119122744;0.9482758641242981
913;0.004967012442648411;0.9224137663841248
914;0.004891805350780487;0.931034505367279
915;0.005068039521574974;0.9224137663841248
916;0.004753402434289455;0.9224137663841248
917;0.0044024051167070866;0.9396551847457886
918;0.004641582258045673;0.9396551847457886
919;0.005068638361990452;0.9224137663841248
920;0.004847068339586258;0.931034505367279
921;0.004617712926119566;0.9482758641242981
922;0.004500148352235556;0.931034505367279
923;0.0047318218275904655;0.931034505367279
924;0.004853950347751379;0.9224137663841248
925;0.0046272422187030315;0.931034505367279
926;0.004444560501724482;0.9396551847457886
927;0.004591110162436962;0.931034505367279
928;0.005271486006677151;0.9137930870056152
929;0.004426713567227125;0.9396551847457886
930;0.004598666913807392;0.9396551847457886
931;0.004596136976033449;0.9051724076271057
932;0.004897192120552063;0.9224137663841248
933;0.004614365287125111;0.931034505367279
934;0.004586672876030207;0.9396551847457886
935;0.004977472126483917;0.9137930870056152
936;0.004754373338073492;0.9137930870056152
937;0.004845351912081242;0.931034505367279
938;0.0050078462809324265;0.931034505367279
939;0.004856092855334282;0.9224137663841248
940;0.004818150773644447;0.9137930870056152
941;0.004574604798108339;0.931034505367279
942;0.004811972379684448;0.9224137663841248
943;0.004642247688025236;0.9396551847457886
944;0.00472712516784668;0.931034505367279
945;0.00487359007820487;0.9224137663841248
946;0.004942481406033039;0.9137930870056152
947;0.0043393769301474094;0.9482758641242981
948;0.00465230830013752;0.931034505367279
949;0.00459103612229228;0.9224137663841248
950;0.004368549212813377;0.9224137663841248
951;0.004556984640657902;0.9224137663841248
952;0.004628848284482956;0.931034505367279
953;0.004691467620432377;0.931034505367279
954;0.005179542116820812;0.9137930870056152
955;0.004488489590585232;0.9396551847457886
956;0.005119333043694496;0.931034505367279
957;0.004357995465397835;0.931034505367279
958;0.004773364868015051;0.9224137663841248
959;0.004575245548039675;0.9396551847457886
960;0.004526080563664436;0.931034505367279
961;0.005104011856019497;0.9137930870056152
962;0.004716185852885246;0.9482758641242981
963;0.004658071789890528;0.931034505367279
964;0.004574490711092949;0.931034505367279
965;0.004906065296381712;0.9224137663841248
966;0.004358536098152399;0.9396551847457886
967;0.004601022694259882;0.931034505367279
968;0.004357502795755863;0.931034505367279
969;0.004631251562386751;0.931034505367279
970;0.00483312550932169;0.9224137663841248
971;0.004612010903656483;0.931034505367279
972;0.004701568279415369;0.931034505367279
973;0.0046822247095406055;0.9224137663841248
974;0.004504734184592962;0.931034505367279
975;0.004661681596189737;0.931034505367279
976;0.004817855544388294;0.9224137663841248
977;0.0045325676910579205;0.9224137663841248
978;0.00481849629431963;0.9137930870056152
979;0.004432404413819313;0.931034505367279
980;0.004427487030625343;0.931034505367279
981;0.004344543442130089;0.931034505367279
982;0.004550992976874113;0.931034505367279
983;0.004369083326309919;0.9396551847457886
984;0.004646019544452429;0.931034505367279
985;0.004722860641777515;0.931034505367279
986;0.005144218914210796;0.931034505367279
987;0.00486566498875618;0.9137930870056152
988;0.004619776736944914;0.9396551847457886
989;0.004186719190329313;0.931034505367279
990;0.004497908987104893;0.9482758641242981
991;0.004447529092431068;0.931034505367279
992;0.004294093698263168;0.931034505367279
993;0.004656280390918255;0.931034505367279
994;0.005210393574088812;0.931034505367279
995;0.00444398820400238;0.9224137663841248
996;0.0047544632107019424;0.931034505367279
997;0.004472718574106693;0.931034505367279
998;0.0045525082387030125;0.9396551847457886
999;0.0047995843924582005;0.9396551847457886
1000;0.004895487334579229;0.9224137663841248
1001;0.004596858751028776;0.931034505367279
1002;0.005079907830804586;0.9224137663841248
1003;0.004177285823971033;0.931034505367279
1004;0.004435648210346699;0.931034505367279
1005;0.004825112875550985;0.9224137663841248
1006;0.00454355264082551;0.9224137663841248
1007;0.004554624669253826;0.9396551847457886
1008;0.004378868732601404;0.9482758641242981
1009;0.0048891110345721245;0.931034505367279
1010;0.00484593166038394;0.931034505367279
1011;0.004686217755079269;0.9224137663841248
1012;0.0046188016422092915;0.9224137663841248
1013;0.004449933767318726;0.931034505367279
1014;0.004613087046891451;0.931034505367279
1015;0.004259868990629911;0.9396551847457886
1016;0.0046063875779509544;0.9396551847457886
1017;0.004550999030470848;0.931034505367279
1018;0.004568621050566435;0.9224137663841248
1019;0.004551238380372524;0.9396551847457886
1020;0.00486786849796772;0.9051724076271057
1021;0.004682921804487705;0.9482758641242981
1022;0.004733135923743248;0.9137930870056152
1023;0.0046573481522500515;0.931034505367279
1024;0.004777422174811363;0.9224137663841248
1025;0.004972293507307768;0.931034505367279
1026;0.004373209550976753;0.931034505367279
1027;0.00424311263486743;0.931034505367279
1028;0.004571068100631237;0.931034505367279
1029;0.004768958780914545;0.9396551847457886
1030;0.004748087376356125;0.9051724076271057
1031;0.004449076950550079;0.931034505367279
1032;0.004427744075655937;0.931034505367279
1033;0.004385455045849085;0.9224137663841248
1034;0.004853521939367056;0.931034505367279
1035;0.0042451247572898865;0.931034505367279
1036;0.00412443233653903;0.931034505367279
1037;0.004369939677417278;0.9224137663841248
1038;0.004370833747088909;0.9396551847457886
1039;0.004420519340783358;0.931034505367279
1040;0.004514138214290142;0.931034505367279
1041;0.004355717450380325;0.931034505367279
1042;0.004633577540516853;0.9224137663841248
1043;0.0039596883580088615;0.9396551847457886
1044;0.004636390600353479;0.9224137663841248
1045;0.004817157052457333;0.931034505367279
1046;0.004877427592873573;0.9224137663841248
1047;0.004755757749080658;0.9137930870056152
1048;0.004386482294648886;0.9396551847457886
1049;0.004054178483784199;0.931034505367279
1050;0.004440403077751398;0.9137930870056152
1051;0.0043527837842702866;0.9224137663841248
1052;0.004644801840186119;0.931034505367279
1053;0.004617202095687389;0.931034505367279
1054;0.004821292590349913;0.9224137663841248
1055;0.004688129760324955;0.9224137663841248
1056;0.00449749268591404;0.9396551847457886
1057;0.004524789750576019;0.9396551847457886
1058;0.004267741926014423;0.9224137663841248
1059;0.00453907810151577;0.9396551847457886
1060;0.004552917089313269;0.9137930870056152
1061;0.004181290976703167;0.931034505367279
1062;0.004549689125269651;0.931034505367279
1063;0.004632038064301014;0.9224137663841248
1064;0.0043769399635493755;0.931034505367279
1065;0.004684844985604286;0.9224137663841248
1066;0.004365041386336088;0.931034505367279
1067;0.004669732879847288;0.9051724076271057
1068;0.0038983828853815794;0.9396551847457886
1069;0.00473690265789628;0.9224137663841248
1070;0.004654079210013151;0.931034505367279
1071;0.004617980681359768;0.931034505367279
1072;0.004137322772294283;0.931034505367279
1073;0.004133145324885845;0.931034505367279
1074;0.004387595225125551;0.9396551847457886
1075;0.004528502002358437;0.9224137663841248
1076;0.004532934632152319;0.931034505367279
1077;0.004299858585000038;0.9224137663841248
1078;0.004243842791765928;0.9396551847457886
1079;0.0042891427874565125;0.9396551847457886
1080;0.0045539881102740765;0.9137930870056152
1081;0.004484676290303469;0.9224137663841248
1082;0.004347450099885464;0.931034505367279
1083;0.0042454577051103115;0.931034505367279
1084;0.004310449585318565;0.9396551847457886
1085;0.004430211614817381;0.9396551847457886
1086;0.004496091511100531;0.9224137663841248
1087;0.004486896563321352;0.9224137663841248
1088;0.00438215397298336;0.931034505367279
1089;0.004691746551543474;0.9224137663841248
1090;0.004448812920600176;0.9396551847457886
1091;0.00451412471011281;0.931034505367279
1092;0.0044911145232617855;0.9224137663841248
1093;0.004480914678424597;0.9224137663841248
1094;0.004222743213176727;0.9396551847457886
1095;0.0045083616860210896;0.9396551847457886
1096;0.004267582669854164;0.931034505367279
1097;0.004609433002769947;0.931034505367279
1098;0.004913118202239275;0.931034505367279
1099;0.004651189316064119;0.9137930870056152
1100;0.004522255156189203;0.931034505367279
1101;0.004337724763900042;0.9482758641242981
1102;0.004436534829437733;0.9137930870056152
1103;0.0042625595815479755;0.9224137663841248
1104;0.004264789167791605;0.9224137663841248
1105;0.0046805208548903465;0.931034505367279
1106;0.004643159918487072;0.9137930870056152
1107;0.004441073164343834;0.931034505367279
1108;0.004271676763892174;0.9396551847457886
1109;0.004374612122774124;0.9396551847457886
1110;0.004737052135169506;0.931034505367279
1111;0.004493239801377058;0.931034505367279
1112;0.004254364874213934;0.931034505367279
1113;0.004574766848236322;0.9396551847457886
1114;0.00432299030944705;0.931034505367279
1115;0.00456418888643384;0.9396551847457886
1116;0.004075098317116499;0.9482758641242981
1117;0.004426723346114159;0.9224137663841248
1118;0.004555331077426672;0.9396551847457886
1119;0.004579140804708004;0.9224137663841248
1120;0.004171902779489756;0.931034505367279
1121;0.004589856136590242;0.9224137663841248
1122;0.004464652389287949;0.9137930870056152
1123;0.0044128927402198315;0.9224137663841248
1124;0.004276788793504238;0.9396551847457886
1125;0.004235158208757639;0.9396551847457886
1126;0.004429772030562162;0.9224137663841248
1127;0.004493831191211939;0.9396551847457886
1128;0.004807505756616592;0.9224137663841248
1129;0.004523104522377253;0.9224137663841248
1130;0.004159390460699797;0.9396551847457886
1131;0.004337168298661709;0.9396551847457886
1132;0.00424347585067153;0.9482758641242981
1133;0.004131802823394537;0.9396551847457886
1134;0.004343458451330662;0.931034505367279
1135;0.004510538652539253;0.931034505367279
1136;0.004274517763406038;0.9482758641242981
1137;0.004567739553749561;0.9224137663841248
1138;0.0040235621854662895;0.9224137663841248
1139;0.004285433795303106;0.931034505367279
1140;0.004138314630836248;0.9396551847457886
1141;0.004027802497148514;0.9396551847457886
1142;0.004324782639741898;0.931034505367279
1143;0.004760625772178173;0.931034505367279
1144;0.004240897484123707;0.931034505367279
1145;0.004346455447375774;0.9224137663841248
1146;0.00437591690570116;0.9224137663841248
1147;0.00417104410007596;0.9224137663841248
1148;0.004305474925786257;0.931034505367279
1149;0.004731766413897276;0.9224137663841248
1150;0.004268212243914604;0.9224137663841248
1151;0.004241973161697388;0.9482758641242981
1152;0.004115454386919737;0.931034505367279
1153;0.004422051832079887;0.9396551847457886
1154;0.0045928554609417915;0.9224137663841248
1155;0.004287216812372208;0.9396551847457886
1156;0.004176630638539791;0.931034505367279
1157;0.00416550925001502;0.9482758641242981
1158;0.00435245968401432;0.931034505367279
1159;0.00446788826957345;0.931034505367279
1160;0.0042854193598032;0.9224137663841248
1161;0.004656160715967417;0.9137930870056152
1162;0.004513508640229702;0.9224137663841248
1163;0.004222191404551268;0.9396551847457886
1164;0.004208000842481852;0.9396551847457886
1165;0.004463698714971542;0.931034505367279
1166;0.0040404461324214935;0.931034505367279
1167;0.004474049434065819;0.9224137663841248
1168;0.00399851193651557;0.9396551847457886
1169;0.00447820546105504;0.9396551847457886
1170;0.004018367733806372;0.931034505367279
1171;0.0044417474418878555;0.931034505367279
1172;0.004036748316138983;0.931034505367279
1173;0.004423740319907665;0.931034505367279
1174;0.004299849271774292;0.9396551847457886
1175;0.0042453911155462265;0.9396551847457886
1176;0.004211404826492071;0.931034505367279
1177;0.0043621975928545;0.9224137663841248
1178;0.004671185277402401;0.931034505367279
1179;0.0042218538001179695;0.9224137663841248
1180;0.0043029505759477615;0.931034505367279
1181;0.0043164505623281;0.931034505367279
1182;0.004003599286079407;0.9396551847457886
1183;0.0041487012058496475;0.9396551847457886
1184;0.004275105893611908;0.931034505367279
1185;0.004345564171671867;0.9137930870056152
1186;0.0043213763274252415;0.931034505367279
1187;0.004451942630112171;0.931034505367279
1188;0.004579278640449047;0.9224137663841248
1189;0.004610442090779543;0.931034505367279
1190;0.004241970367729664;0.931034505367279
1191;0.004161580000072718;0.9396551847457886
1192;0.0043559265322983265;0.931034505367279
1193;0.0043540592305362225;0.931034505367279
1194;0.004590826574712992;0.931034505367279
1195;0.004394203890115023;0.9396551847457886
1196;0.0042204177007079124;0.931034505367279
1197;0.004317520651966333;0.931034505367279
1198;0.004352038726210594;0.9396551847457886
1199;0.004034219775348902;0.9396551847457886
1200;0.0040283831767737865;0.931034505367279
1201;0.004625194240361452;0.931034505367279
1202;0.00420336565002799;0.9137930870056152
1203;0.004470860585570335;0.931034505367279
1204;0.0045234947465360165;0.9137930870056152
1205;0.004215242341160774;0.9137930870056152
1206;0.0045056953094899654;0.9137930870056152
1207;0.0043196529150009155;0.9137930870056152
1208;0.004188870545476675;0.9396551847457886
1209;0.00411955313757062;0.9396551847457886
1210;0.004509284161031246;0.931034505367279
1211;0.004140134435147047;0.9224137663841248
1212;0.004157950170338154;0.9482758641242981
1213;0.004326114431023598;0.9137930870056152
1214;0.004387335851788521;0.9396551847457886
1215;0.004322886932641268;0.9396551847457886
1216;0.0038948089350014925;0.931034505367279
1217;0.004140078090131283;0.931034505367279
1218;0.00408217404037714;0.931034505367279
1219;0.004252889193594456;0.9396551847457886
1220;0.004185203462839127;0.931034505367279
1221;0.004164524842053652;0.9396551847457886
1222;0.004205834120512009;0.9482758641242981
1223;0.004078052472323179;0.9224137663841248
1224;0.003844202496111393;0.931034505367279
1225;0.004467644263058901;0.9224137663841248
1226;0.00445104343816638;0.931034505367279
1227;0.004237464163452387;0.9224137663841248
1228;0.004190189763903618;0.9224137663841248
1229;0.004093893337994814;0.9224137663841248
1230;0.004325410816818476;0.9568965435028076
1231;0.004397023469209671;0.9224137663841248
1232;0.00442421343177557;0.9224137663841248
1233;0.003746924689039588;0.931034505367279
1234;0.004581959452480078;0.931034505367279
1235;0.003985552582889795;0.9396551847457886
1236;0.0040396214462816715;0.931034505367279
1237;0.00433015963062644;0.9396551847457886
1238;0.00403086980804801;0.9396551847457886
1239;0.004149218089878559;0.9396551847457886
1240;0.0046993703581392765;0.9137930870056152
1241;0.004360911902040243;0.931034505367279
1242;0.004225679207593203;0.9396551847457886
1243;0.004231438040733337;0.931034505367279
1244;0.004322883207350969;0.9224137663841248
1245;0.004168731160461903;0.9396551847457886
1246;0.004216824192553759;0.9396551847457886
1247;0.00405468512326479;0.9396551847457886
1248;0.004354421980679035;0.9224137663841248
1249;0.004182448610663414;0.9482758641242981
1250;0.004080192651599646;0.9482758641242981
1251;0.0041320594027638435;0.9396551847457886
1252;0.00459351995959878;0.931034505367279
1253;0.0043846070766448975;0.931034505367279
1254;0.00414618942886591;0.9224137663841248
1255;0.0038596356753259897;0.9655172228813171
1256;0.0042166272178292274;0.931034505367279
1257;0.0045662494376301765;0.9224137663841248
1258;0.0041699702851474285;0.9396551847457886
1259;0.004677729215472937;0.9224137663841248
1260;0.004059270024299622;0.931034505367279
1261;0.003756617894396186;0.9396551847457886
1262;0.003955806605517864;0.9224137663841248
1263;0.0041633425280451775;0.931034505367279
1264;0.003987131640315056;0.9396551847457886
1265;0.003962324466556311;0.9396551847457886
1266;0.004770504776388407;0.9051724076271057
1267;0.004500603303313255;0.9137930870056152
1268;0.004444802179932594;0.931034505367279
1269;0.004392553120851517;0.9224137663841248
1270;0.004509017802774906;0.9137930870056152
1271;0.004292276222258806;0.9137930870056152
1272;0.004298745188862085;0.9224137663841248
1273;0.004657108336687088;0.9224137663841248
1274;0.004166970960795879;0.931034505367279
1275;0.0043207514099776745;0.9396551847457886
1276;0.004449861589819193;0.931034505367279
1277;0.004320070613175631;0.9137930870056152
1278;0.00433665607124567;0.9396551847457886
1279;0.004492984618991613;0.9224137663841248
1280;0.004228727426379919;0.9224137663841248
1281;0.004414297640323639;0.9396551847457886
1282;0.004417634103447199;0.9396551847457886
1283;0.004039987456053495;0.931034505367279
1284;0.004455577582120895;0.9137930870056152
1285;0.004144946113228798;0.9396551847457886
1286;0.004025525413453579;0.9224137663841248
1287;0.004357120022177696;0.9051724076271057
1288;0.004559322725981474;0.9224137663841248
1289;0.004249504301697016;0.9396551847457886
1290;0.0038781561888754368;0.9482758641242981
1291;0.0036944085732102394;0.931034505367279
1292;0.004380619619041681;0.931034505367279
1293;0.004262328613549471;0.9224137663841248
1294;0.004128610715270042;0.9396551847457886
1295;0.00434351759031415;0.9137930870056152
1296;0.004111496265977621;0.9224137663841248
1297;0.004610217642039061;0.931034505367279
1298;0.006243111100047827;0.931034505367279
1299;0.004619752522557974;0.9482758641242981
1300;0.010777397081255913;0.8103448152542114
1301;0.00829855166375637;0.8965517282485962
1302;0.010265861637890339;0.8448275923728943
1303;0.00909495260566473;0.8448275923728943
1304;0.007984175346791744;0.8706896305084229
1305;0.007915693335235119;0.8879310488700867
1306;0.008175251074135303;0.8879310488700867
1307;0.008368996903300285;0.8793103694915771
1308;0.008168552070856094;0.8706896305084229
1309;0.007757016457617283;0.8965517282485962
1310;0.009509858675301075;0.8448275923728943
1311;0.00844105426222086;0.8793103694915771
1312;0.011004949919879436;0.8620689511299133
1313;0.011229455471038818;0.8275862336158752
1314;0.008346290327608585;0.8965517282485962
1315;0.007448513060808182;0.8965517282485962
1316;0.00825277529656887;0.8965517282485962
1317;0.00873022060841322;0.8793103694915771
1318;0.008654246106743813;0.8879310488700867
1319;0.008814393542706966;0.8965517282485962
1320;0.008085023611783981;0.9051724076271057
1321;0.007517801597714424;0.9051724076271057
1322;0.007547180168330669;0.8879310488700867
1323;0.006932935211807489;0.9137930870056152
1324;0.007948160171508789;0.9051724076271057
1325;0.007111221086233854;0.9224137663841248
1326;0.0073095327243208885;0.9051724076271057
1327;0.007164563983678818;0.9224137663841248
1328;0.006211957428604364;0.9137930870056152
1329;0.006090296898037195;0.8879310488700867
1330;0.005858507938683033;0.9137930870056152
1331;0.005476202350109816;0.9224137663841248
1332;0.005341790150851011;0.9224137663841248
1333;0.005889424122869968;0.9137930870056152
1334;0.00539680290967226;0.931034505367279
1335;0.005587296094745398;0.931034505367279
1336;0.005562548525631428;0.9396551847457886
1337;0.005029616411775351;0.9137930870056152
1338;0.005328819155693054;0.931034505367279
1339;0.005196473561227322;0.931034505367279
1340;0.005255034193396568;0.9137930870056152
1341;0.0047109173610806465;0.9396551847457886
1342;0.0046771857887506485;0.9137930870056152
1343;0.00493212416768074;0.9396551847457886
1344;0.005132898222655058;0.9224137663841248
1345;0.004670204594731331;0.9396551847457886
1346;0.005007521715015173;0.9051724076271057
1347;0.004757741466164589;0.9396551847457886
1348;0.004566264804452658;0.9224137663841248
1349;0.004732707981020212;0.931034505367279
1350;0.004542396869510412;0.931034505367279
1351;0.004541418980807066;0.9396551847457886
1352;0.0044733877293765545;0.9137930870056152
1353;0.004587187897413969;0.9137930870056152
1354;0.004639798309653997;0.9396551847457886
1355;0.004345787689089775;0.9396551847457886
1356;0.004387019667774439;0.9396551847457886
1357;0.00413175392895937;0.9224137663841248
1358;0.004177840892225504;0.931034505367279
1359;0.0043008639477193356;0.931034505367279
1360;0.00457549886777997;0.9137930870056152
1361;0.004612897522747517;0.9396551847457886
1362;0.004388041328638792;0.931034505367279
1363;0.004246024880558252;0.9396551847457886
1364;0.0042757210321724415;0.931034505367279
1365;0.004195836838334799;0.9482758641242981
1366;0.003911480773240328;0.9224137663841248
1367;0.003992739133536816;0.931034505367279
1368;0.004286434501409531;0.9137930870056152
1369;0.004097459837794304;0.9224137663841248
1370;0.003926048520952463;0.9396551847457886
1371;0.004171697422862053;0.931034505367279
1372;0.004180039279162884;0.9482758641242981
1373;0.004241996444761753;0.9224137663841248
1374;0.004305562004446983;0.9224137663841248
1375;0.004045812413096428;0.9396551847457886
1376;0.004270922392606735;0.9396551847457886
1377;0.004055790137499571;0.9396551847457886
1378;0.004210437182337046;0.931034505367279
1379;0.004089375026524067;0.931034505367279
1380;0.004694391507655382;0.9137930870056152
1381;0.004106260370463133;0.9396551847457886
1382;0.004115477204322815;0.9396551847457886
1383;0.004276127088814974;0.9224137663841248
1384;0.0039474572986364365;0.9224137663841248
1385;0.004227782599627972;0.9224137663841248
1386;0.004356087651103735;0.9137930870056152
1387;0.004088596906512976;0.9224137663841248
1388;0.003914620727300644;0.9396551847457886
1389;0.003993856254965067;0.9224137663841248
1390;0.004289781209081411;0.931034505367279
1391;0.003726732451468706;0.9396551847457886
1392;0.004306769464164972;0.9224137663841248
1393;0.004414853639900684;0.931034505367279
1394;0.0041886488907039165;0.931034505367279
1395;0.0047838808968663216;0.9051724076271057
1396;0.004019271582365036;0.9482758641242981
1397;0.00416626175865531;0.9224137663841248
1398;0.004205473233014345;0.9396551847457886
1399;0.004171453882008791;0.9224137663841248
1400;0.0038844007067382336;0.931034505367279
1401;0.003930218517780304;0.9396551847457886
1402;0.004133077338337898;0.9396551847457886
1403;0.004002635832875967;0.9224137663841248
1404;0.004228550475090742;0.931034505367279
1405;0.004237256478518248;0.9137930870056152
1406;0.004086912143975496;0.9396551847457886
1407;0.003894735360518098;0.9396551847457886
1408;0.0045605977065861225;0.9224137663841248
1409;0.004185296129435301;0.9396551847457886
1410;0.0037342626601457596;0.9396551847457886
1411;0.004370748996734619;0.9224137663841248
1412;0.004152132663875818;0.9396551847457886
1413;0.003976151812821627;0.9396551847457886
1414;0.0037465067580342293;0.9482758641242981
1415;0.004382237326353788;0.9396551847457886
1416;0.004108117893338203;0.9224137663841248
1417;0.0040727355517446995;0.9137930870056152
1418;0.00412478344514966;0.9224137663841248
1419;0.0039832149632275105;0.931034505367279
1420;0.004388685338199139;0.931034505367279
1421;0.0039058178663253784;0.9224137663841248
1422;0.004026155453175306;0.9224137663841248
1423;0.004388516768813133;0.931034505367279
1424;0.0040384684689342976;0.9482758641242981
1425;0.004366929642856121;0.9051724076271057
1426;0.003997208550572395;0.9224137663841248
1427;0.0038399589248001575;0.9396551847457886
1428;0.003911138977855444;0.9224137663841248
1429;0.003995375707745552;0.931034505367279
1430;0.003777518169954419;0.9568965435028076
1431;0.0036396803334355354;0.9396551847457886
1432;0.004248638171702623;0.9224137663841248
1433;0.004003767389804125;0.9396551847457886
1434;0.0040727038867771626;0.931034505367279
1435;0.004201970528811216;0.9224137663841248
1436;0.004243822302669287;0.931034505367279
1437;0.004092360381036997;0.9137930870056152
1438;0.004071089439094067;0.9224137663841248
1439;0.004306526854634285;0.931034505367279
1440;0.0038472788874059916;0.9396551847457886
1441;0.0037373113445937634;0.9482758641242981
1442;0.004309626296162605;0.9224137663841248
1443;0.004087131004780531;0.9396551847457886
1444;0.004228426143527031;0.9224137663841248
1445;0.004561123438179493;0.9137930870056152
1446;0.0040031070820987225;0.9396551847457886
1447;0.003927078563719988;0.9482758641242981
1448;0.00386706180870533;0.931034505367279
1449;0.0038465550169348717;0.931034505367279
1450;0.003780248574912548;0.9224137663841248
1451;0.0037428811192512512;0.931034505367279
1452;0.004168192856013775;0.931034505367279
1453;0.0038624578155577183;0.9224137663841248
1454;0.004843317903578281;0.8965517282485962
1455;0.003983969800174236;0.931034505367279
1456;0.004238999914377928;0.9224137663841248
1457;0.003922386560589075;0.931034505367279
1458;0.003933857195079327;0.931034505367279
1459;0.004365154542028904;0.931034505367279
1460;0.00420127110555768;0.9137930870056152
1461;0.004297209903597832;0.931034505367279
1462;0.0039500161074101925;0.9396551847457886
1463;0.0043095918372273445;0.9051724076271057
1464;0.003947355318814516;0.9396551847457886
1465;0.004242238588631153;0.931034505367279
1466;0.004291159100830555;0.9224137663841248
1467;0.004254857078194618;0.9137930870056152
1468;0.00413535675033927;0.9224137663841248
1469;0.004287642426788807;0.9224137663841248
1470;0.004164817743003368;0.931034505367279
1471;0.004084296058863401;0.9482758641242981
1472;0.004065516404807568;0.931034505367279
1473;0.0038736278656870127;0.931034505367279
1474;0.003923863638192415;0.931034505367279
1475;0.004159090109169483;0.9396551847457886
1476;0.003706803545355797;0.9568965435028076
1477;0.004161298740655184;0.9224137663841248
1478;0.004133353941142559;0.9224137663841248
1479;0.004021346103399992;0.9224137663841248
1480;0.004179641138762236;0.9137930870056152
1481;0.004119515419006348;0.9396551847457886
1482;0.004227685276418924;0.9224137663841248
1483;0.003969990648329258;0.9224137663841248
1484;0.0037640517111867666;0.9224137663841248
1485;0.004080964718014002;0.931034505367279
1486;0.0038021684158593416;0.931034505367279
1487;0.004206976853311062;0.9224137663841248
1488;0.004252264276146889;0.9224137663841248
1489;0.003911885432898998;0.931034505367279
1490;0.0041445596143603325;0.931034505367279
1491;0.004085788037627935;0.931034505367279
1492;0.004105053376406431;0.9224137663841248
1493;0.004248894285410643;0.931034505367279
1494;0.004121936392039061;0.9396551847457886
1495;0.004287587013095617;0.931034505367279
1496;0.004068124108016491;0.931034505367279
1497;0.0039405422285199165;0.931034505367279
1498;0.004017539322376251;0.931034505367279
1499;0.004054778255522251;0.9137930870056152
