iteration;loss;accuracy
0;0.09567901492118835;0.32258063554763794
1;0.09068804979324341;0.4193548262119293
2;0.08561789244413376;0.35483869910240173
3;0.08727779239416122;0.22580644488334656
4;0.08988530188798904;0.19354838132858276
5;0.08064789324998856;0.32258063554763794
6;0.07001175731420517;0.4516128897666931
7;0.0637359470129013;0.4193548262119293
8;0.0797872319817543;0.32258063554763794
9;0.06421366333961487;0.3870967626571655
10;0.07280270010232925;0.12903225421905518
11;0.07910407334566116;0.32258063554763794
12;0.0660240426659584;0.4516128897666931
13;0.07174868881702423;0.35483869910240173
14;0.06771647185087204;0.3870967626571655
15;0.07134394347667694;0.29032257199287415
16;0.06329236179590225;0.4516128897666931
17;0.06280238181352615;0.4516128897666931
18;0.07263835519552231;0.4838709533214569
19;0.0663941353559494;0.35483869910240173
20;0.0660422071814537;0.3870967626571655
21;0.06352672725915909;0.5161290168762207
22;0.07458343356847763;0.4838709533214569
23;0.06825731694698334;0.22580644488334656
24;0.06594835966825485;0.4193548262119293
25;0.07290803641080856;0.4516128897666931
26;0.06306637078523636;0.4838709533214569
27;0.06926845014095306;0.3870967626571655
28;0.060156647115945816;0.5161290168762207
29;0.06107177212834358;0.5161290168762207
30;0.059356093406677246;0.6451612710952759
31;0.06813113391399384;0.4193548262119293
32;0.06403129547834396;0.4193548262119293
33;0.06575490534305573;0.4516128897666931
34;0.06490921974182129;0.4193548262119293
35;0.06243398040533066;0.5483871102333069
36;0.06852590292692184;0.4516128897666931
37;0.05760496109724045;0.4516128897666931
38;0.05745868384838104;0.5483871102333069
39;0.07528731971979141;0.3870967626571655
40;0.07035575062036514;0.35483869910240173
41;0.05666111037135124;0.5161290168762207
42;0.05368746072053909;0.6129032373428345
43;0.06789892911911011;0.32258063554763794
44;0.057815950363874435;0.5806451439857483
45;0.05727395415306091;0.4516128897666931
46;0.05327080935239792;0.5483871102333069
47;0.061885520815849304;0.4838709533214569
48;0.06817372888326645;0.4193548262119293
49;0.05435483157634735;0.5483871102333069
50;0.052866142243146896;0.6451612710952759
51;0.057171668857336044;0.6451612710952759
52;0.06653694808483124;0.5806451439857483
53;0.05070509761571884;0.5483871102333069
54;0.05431503802537918;0.5806451439857483
55;0.04913381114602089;0.6774193644523621
56;0.05251889303326607;0.6774193644523621
57;0.04502687603235245;0.6129032373428345
58;0.05466223508119583;0.5161290168762207
59;0.0433482863008976;0.7419354915618896
60;0.04180919751524925;0.6774193644523621
61;0.06615589559078217;0.6451612710952759
62;0.041792575269937515;0.6774193644523621
63;0.053728632628917694;0.6451612710952759
64;0.0561818890273571;0.7419354915618896
65;0.048169929534196854;0.6451612710952759
66;0.03677597641944885;0.8064516186714172
67;0.05116794630885124;0.5483871102333069
68;0.0359346978366375;0.774193525314331
69;0.039728157222270966;0.6451612710952759
70;0.040823016315698624;0.6774193644523621
71;0.036909714341163635;0.7419354915618896
72;0.036326780915260315;0.6774193644523621
73;0.041359979659318924;0.7419354915618896
74;0.06547968834638596;0.6774193644523621
75;0.04637901484966278;0.6451612710952759
76;0.05449036508798599;0.7419354915618896
77;0.036455102264881134;0.6774193644523621
78;0.03778161108493805;0.7419354915618896
79;0.057835038751363754;0.6451612710952759
80;0.037008609622716904;0.7419354915618896
81;0.05408329516649246;0.7419354915618896
82;0.0508267916738987;0.7096773982048035
83;0.049914125353097916;0.7419354915618896
84;0.04436953738331795;0.8064516186714172
85;0.0363730862736702;0.7419354915618896
86;0.04340863600373268;0.8064516186714172
87;0.03420230373740196;0.774193525314331
88;0.04007884860038757;0.7096773982048035
89;0.05701713263988495;0.8387096524238586
90;0.04213486239314079;0.6451612710952759
91;0.04855938255786896;0.5161290168762207
92;0.042170364409685135;0.6451612710952759
93;0.05830705910921097;0.6774193644523621
94;0.05941053107380867;0.774193525314331
95;0.03216420114040375;0.8064516186714172
96;0.02474602311849594;0.8709677457809448
97;0.033028095960617065;0.8387096524238586
98;0.057410452514886856;0.6451612710952759
99;0.04567450284957886;0.8387096524238586
100;0.030348971486091614;0.8709677457809448
101;0.02629673294723034;0.9354838728904724
102;0.03863496705889702;0.774193525314331
103;0.02583613246679306;0.8709677457809448
104;0.0607963390648365;0.6774193644523621
105;0.04316273331642151;0.774193525314331
106;0.0317297987639904;0.7419354915618896
107;0.050074271857738495;0.8064516186714172
108;0.023372720927000046;0.8709677457809448
109;0.022836951538920403;0.8709677457809448
110;0.041249554604291916;0.7096773982048035
111;0.06335315853357315;0.7419354915618896
112;0.025476355105638504;0.9354838728904724
113;0.0347345732152462;0.8387096524238586
114;0.02174476720392704;0.9354838728904724
115;0.01998249627649784;0.8387096524238586
116;0.05765058472752571;0.8064516186714172
117;0.05388032644987106;0.8064516186714172
118;0.043826885521411896;0.7419354915618896
119;0.056806668639183044;0.6774193644523621
120;0.03735163062810898;0.8387096524238586
121;0.018154967576265335;1.0
122;0.023579003289341927;0.8709677457809448
123;0.03824730962514877;0.8064516186714172
124;0.051725033670663834;0.774193525314331
125;0.027680449187755585;0.9354838728904724
126;0.024960456416010857;0.8709677457809448
127;0.022724799811840057;0.9032257795333862
128;0.04193433001637459;1.0
129;0.07897858321666718;0.9677419066429138
130;0.11608073115348816;0.7096773982048035
131;0.040206704288721085;0.7419354915618896
132;0.04480189085006714;0.7419354915618896
133;0.03391711413860321;0.8709677457809448
134;0.024170858785510063;0.8709677457809448
135;0.04365289956331253;0.7419354915618896
136;0.056818485260009766;0.774193525314331
137;0.026834309101104736;0.9032257795333862
138;0.03216739371418953;0.9354838728904724
139;0.04906561225652695;0.8064516186714172
140;0.033935751765966415;0.8709677457809448
141;0.04178200662136078;0.8709677457809448
142;0.06130236014723778;0.7096773982048035
143;0.03430382162332535;0.8387096524238586
144;0.027858436107635498;0.8709677457809448
145;0.03505488857626915;1.0
146;0.031893372535705566;0.9032257795333862
147;0.0224137045443058;0.9354838728904724
148;0.021557709202170372;0.9677419066429138
149;0.020198222249746323;0.9677419066429138
150;0.01984924077987671;0.9354838728904724
151;0.0191379114985466;0.9032257795333862
152;0.03033127821981907;0.8387096524238586
153;0.02832149527966976;0.8064516186714172
154;0.027613172307610512;0.8064516186714172
155;0.020435528829693794;0.9032257795333862
156;0.018452994525432587;0.8709677457809448
157;0.055650368332862854;0.7419354915618896
158;0.02152830921113491;0.9032257795333862
159;0.0526617057621479;0.8064516186714172
160;0.036341212689876556;0.8064516186714172
161;0.014497500844299793;0.9677419066429138
162;0.024584675207734108;0.8709677457809448
163;0.033200155943632126;0.9032257795333862
164;0.04638146981596947;0.8387096524238586
165;0.028970658779144287;0.9032257795333862
166;0.04867292195558548;0.8709677457809448
167;0.016603361815214157;0.9677419066429138
168;0.07119271904230118;0.9677419066429138
169;0.016702529042959213;0.9354838728904724
170;0.04933859035372734;0.774193525314331
171;0.020953679457306862;0.8709677457809448
172;0.037972770631313324;0.8387096524238586
173;0.03365747258067131;0.8387096524238586
174;0.027352139353752136;0.8387096524238586
175;0.04051223769783974;0.8387096524238586
176;0.04740741103887558;0.7419354915618896
177;0.030724184587597847;0.8709677457809448
178;0.034007370471954346;0.8064516186714172
179;0.05426681041717529;0.8064516186714172
180;0.04077993333339691;0.8387096524238586
181;0.051564380526542664;0.7419354915618896
182;0.02095288783311844;0.8709677457809448
183;0.02223306894302368;0.9032257795333862
184;0.014470892027020454;0.9354838728904724
185;0.05675462260842323;0.7419354915618896
186;0.01813921518623829;0.9677419066429138
187;0.054704006761312485;0.774193525314331
188;0.05156882107257843;0.8064516186714172
189;0.02059914730489254;1.0
190;0.02642250619828701;0.9677419066429138
191;0.02937306836247444;0.8387096524238586
192;0.024695726111531258;1.0
193;0.01847074180841446;0.9677419066429138
194;0.015379911288619041;1.0
195;0.017571767792105675;0.9677419066429138
196;0.04657314345240593;0.774193525314331
197;0.020542941987514496;0.9032257795333862
198;0.05281220003962517;0.8387096524238586
199;0.017909010872244835;0.9032257795333862
200;0.017272334545850754;0.9354838728904724
201;0.013869901187717915;0.9354838728904724
202;0.04195013642311096;0.9032257795333862
203;0.009843510575592518;1.0
204;0.049842774868011475;0.8064516186714172
205;0.01579955592751503;0.9354838728904724
206;0.013153302483260632;1.0
207;0.04638432338833809;0.774193525314331
208;0.009322524070739746;1.0
209;0.02162429504096508;0.9354838728904724
210;0.04351456090807915;0.8064516186714172
211;0.033436305820941925;0.8064516186714172
212;0.013790876604616642;0.9677419066429138
213;0.012470962479710579;1.0
214;0.038671016693115234;0.8387096524238586
215;0.01297211367636919;1.0
216;0.007776124402880669;1.0
217;0.013381513766944408;1.0
218;0.016184864565730095;1.0
219;0.010517865419387817;0.9677419066429138
220;0.03564555570483208;0.8709677457809448
221;0.04770936444401741;0.774193525314331
222;0.010297013446688652;0.9677419066429138
223;0.042707059532403946;0.774193525314331
224;0.014343692921102047;0.9354838728904724
225;0.04967026039958;0.774193525314331
226;0.009235678240656853;1.0
227;0.014656499959528446;1.0
228;0.025135481730103493;0.8709677457809448
229;0.028606485575437546;0.8387096524238586
230;0.03317984566092491;0.8387096524238586
231;0.011197145096957684;1.0
232;0.028986869379878044;0.9032257795333862
233;0.011602004989981651;1.0
234;0.018229195848107338;1.0
235;0.008406502194702625;1.0
236;0.019529569894075394;0.9032257795333862
237;0.021936822682619095;0.9354838728904724
238;0.03433055058121681;0.9032257795333862
239;0.009211844764649868;1.0
240;0.035040657967329025;0.9354838728904724
241;0.04712231829762459;0.7419354915618896
242;0.010189135558903217;0.9677419066429138
243;0.014413486234843731;0.9677419066429138
244;0.013586526736617088;0.9677419066429138
245;0.03114563412964344;0.9354838728904724
246;0.022554364055395126;0.9677419066429138
247;0.02586192823946476;0.9032257795333862
248;0.012260825373232365;1.0
249;0.012551916763186455;1.0
250;0.015599168837070465;0.9354838728904724
251;0.024572297930717468;0.9032257795333862
252;0.006258481647819281;1.0
253;0.013466356322169304;1.0
254;0.039365481585264206;0.8064516186714172
255;0.020260024815797806;0.9032257795333862
256;0.01005247700959444;1.0
257;0.007883263751864433;1.0
258;0.007547332905232906;1.0
259;0.021032627671957016;0.9677419066429138
260;0.0070940786972641945;1.0
261;0.009484993293881416;1.0
262;0.009833937510848045;1.0
263;0.006428696680814028;1.0
264;0.007620693650096655;1.0
265;0.011641443707048893;1.0
266;0.01441730372607708;0.9677419066429138
267;0.009651494212448597;0.9677419066429138
268;0.010226689279079437;0.9677419066429138
269;0.025633959099650383;0.9032257795333862
270;0.017261438071727753;0.9677419066429138
271;0.00887349247932434;0.9677419066429138
272;0.006034994497895241;1.0
273;0.022405965253710747;0.9354838728904724
274;0.04812121391296387;0.8387096524238586
275;0.007744437549263239;1.0
276;0.011592206545174122;1.0
277;0.010262550786137581;1.0
278;0.03751489892601967;0.8387096524238586
279;0.007852301001548767;1.0
280;0.005206750705838203;1.0
281;0.012818889692425728;0.9677419066429138
282;0.004856379237025976;1.0
283;0.024947872385382652;0.9354838728904724
284;0.01151035912334919;1.0
285;0.010670307092368603;1.0
286;0.01176366489380598;1.0
287;0.0112985298037529;0.9677419066429138
288;0.02815105952322483;0.9677419066429138
289;0.00632266653701663;1.0
290;0.029600629583001137;0.9032257795333862
291;0.013115215115249157;1.0
292;0.015316704288125038;0.9677419066429138
293;0.009403163567185402;1.0
294;0.04002363979816437;0.8387096524238586
295;0.014471588656306267;1.0
296;0.0073105692863464355;1.0
297;0.017538683488965034;0.9677419066429138
298;0.0181538388133049;1.0
299;0.016564853489398956;0.9677419066429138
300;0.019318044185638428;1.0
301;0.020015250891447067;0.9677419066429138
302;0.013738157227635384;1.0
303;0.008530798368155956;1.0
304;0.006280159577727318;1.0
305;0.014762639999389648;1.0
306;0.014267612248659134;0.9677419066429138
307;0.010848555713891983;0.9354838728904724
308;0.03819238021969795;1.0
309;0.01788049377501011;1.0
310;0.012851431034505367;0.9677419066429138
311;0.02606324292719364;0.9032257795333862
312;0.004684810992330313;1.0
313;0.010004805400967598;1.0
314;0.010516336187720299;1.0
315;0.034367457032203674;0.8709677457809448
316;0.02783539518713951;0.9677419066429138
317;0.014606270007789135;0.9677419066429138
318;0.022108858451247215;0.9354838728904724
319;0.03766874969005585;0.8387096524238586
320;0.03184034302830696;0.9032257795333862
321;0.007235958240926266;1.0
322;0.008786264806985855;1.0
323;0.006691619288176298;1.0
324;0.006400459446012974;1.0
325;0.006311159115284681;1.0
326;0.007759147323668003;1.0
327;0.006496491841971874;1.0
328;0.01276595238596201;1.0
329;0.028604630380868912;0.8709677457809448
330;0.012491459026932716;0.9677419066429138
331;0.023997444659471512;0.9677419066429138
332;0.013792228884994984;1.0
333;0.013247688300907612;1.0
334;0.01123324129730463;1.0
335;0.01863439939916134;0.9677419066429138
336;0.0062994929030537605;1.0
337;0.013689001090824604;0.9677419066429138
338;0.005618323106318712;1.0
339;0.04164732247591019;0.8387096524238586
340;0.006062994245439768;1.0
341;0.009012103080749512;1.0
342;0.0053121172823011875;1.0
343;0.006003540474921465;1.0
344;0.009325102902948856;0.9677419066429138
345;0.004227884579449892;1.0
346;0.019404983147978783;0.9032257795333862
347;0.012719389982521534;1.0
348;0.012712606228888035;1.0
349;0.02041887678205967;0.9677419066429138
350;0.014175293035805225;1.0
351;0.015491715632379055;1.0
352;0.006498211063444614;1.0
353;0.00643140496686101;1.0
354;0.004451794549822807;1.0
355;0.01934725232422352;1.0
356;0.022057373076677322;0.9677419066429138
357;0.005885689053684473;1.0
358;0.007516573183238506;1.0
359;0.0075364746153354645;1.0
360;0.015173591673374176;1.0
361;0.006913370452821255;1.0
362;0.03406444564461708;0.8709677457809448
363;0.0031774684321135283;1.0
364;0.0054537225514650345;1.0
365;0.024060439318418503;0.9677419066429138
366;0.015543828718364239;1.0
367;0.028759904205799103;0.9354838728904724
368;0.005383787676692009;1.0
369;0.006771861109882593;1.0
370;0.009625403210520744;1.0
371;0.009841526858508587;1.0
372;0.006806591525673866;1.0
373;0.005754614714533091;1.0
374;0.0055444687604904175;1.0
375;0.007622887846082449;1.0
376;0.012422924861311913;1.0
377;0.007090265396982431;1.0
378;0.006997205782681704;1.0
379;0.0050089191645383835;1.0
380;0.005709644872695208;1.0
381;0.005204834975302219;1.0
382;0.028638215735554695;0.9677419066429138
383;0.0044893063604831696;1.0
384;0.0038024040404707193;1.0
385;0.007986255921423435;1.0
386;0.003885517828166485;1.0
387;0.00495948176831007;1.0
388;0.005390979815274477;1.0
389;0.005662752315402031;1.0
390;0.02399306185543537;0.9354838728904724
391;0.017526965588331223;1.0
392;0.003644772572442889;1.0
393;0.004885521251708269;1.0
394;0.005863290745764971;1.0
395;0.009542936459183693;1.0
396;0.0073110382072627544;1.0
397;0.007103025913238525;1.0
398;0.02764388918876648;0.9677419066429138
399;0.00603221682831645;1.0
400;0.0063951448537409306;1.0
401;0.006791682913899422;1.0
402;0.022949637845158577;0.9354838728904724
403;0.015281051397323608;1.0
404;0.004091091454029083;1.0
405;0.008102992549538612;0.9677419066429138
406;0.00846925750374794;1.0
407;0.008348697796463966;1.0
408;0.008361955173313618;1.0
409;0.004254147410392761;1.0
410;0.00790327973663807;1.0
411;0.005167501047253609;1.0
412;0.008867226541042328;1.0
413;0.007329077459871769;1.0
414;0.022928284481167793;0.9677419066429138
415;0.006411602254956961;1.0
416;0.010334129445254803;1.0
417;0.005816217977553606;1.0
418;0.009400970302522182;0.9677419066429138
419;0.0053485422395169735;1.0
420;0.004405295941978693;1.0
421;0.0026987052988260984;1.0
422;0.020965958014130592;0.9032257795333862
423;0.005243614781647921;1.0
424;0.005868384148925543;1.0
425;0.005790712311863899;1.0
426;0.004259062930941582;1.0
427;0.004891650285571814;1.0
428;0.0032172445207834244;1.0
429;0.028698552399873734;0.9354838728904724
430;0.027573280036449432;0.9032257795333862
431;0.00415427889674902;1.0
432;0.025873007252812386;0.9677419066429138
433;0.01053759828209877;1.0
434;0.005281215533614159;1.0
435;0.007193348836153746;1.0
436;0.006268014200031757;1.0
437;0.008098858408629894;1.0
438;0.01289816852658987;1.0
439;0.0030168090015649796;1.0
440;0.004681251477450132;1.0
441;0.0039779553189873695;1.0
442;0.013075675815343857;0.9677419066429138
443;0.01646607369184494;1.0
444;0.014283704571425915;1.0
445;0.004927007481455803;1.0
446;0.006141279358416796;1.0
447;0.01231024507433176;1.0
448;0.020356887951493263;1.0
449;0.028814271092414856;0.9354838728904724
450;0.0034062163904309273;1.0
451;0.007038805168122053;1.0
452;0.004782968200743198;1.0
453;0.004095316398888826;1.0
454;0.003940388560295105;1.0
455;0.008501439355313778;1.0
456;0.009648950770497322;1.0
457;0.006222274620085955;1.0
458;0.004001555033028126;1.0
459;0.004085868131369352;1.0
460;0.009288025088608265;1.0
461;0.019756626337766647;0.9677419066429138
462;0.00962816458195448;1.0
463;0.0044822972267866135;1.0
464;0.0038652997463941574;1.0
465;0.003971328027546406;1.0
466;0.010462561622262001;1.0
467;0.0035718902945518494;1.0
468;0.006352867465466261;1.0
469;0.003497083904221654;1.0
470;0.004230923019349575;1.0
471;0.005742508918046951;1.0
472;0.0050206552259624004;1.0
473;0.003212086856365204;1.0
474;0.003820547368377447;1.0
475;0.01641397923231125;1.0
476;0.007150731049478054;1.0
477;0.0038275541737675667;1.0
478;0.006426067091524601;1.0
479;0.0053307125344872475;1.0
480;0.0048278141766786575;1.0
481;0.02017935737967491;0.9677419066429138
482;0.005842593498528004;1.0
483;0.004372302908450365;1.0
484;0.0064744590781629086;1.0
485;0.024424217641353607;0.9677419066429138
486;0.02670062892138958;0.9354838728904724
487;0.0031111056450754404;1.0
488;0.0046537891030311584;1.0
489;0.014363720081746578;1.0
490;0.009360009804368019;1.0
491;0.003561347024515271;1.0
492;0.019891321659088135;1.0
493;0.020505059510469437;0.9354838728904724
494;0.008514606393873692;1.0
495;0.01840129680931568;1.0
496;0.005889317020773888;1.0
497;0.005612039938569069;1.0
498;0.006683302577584982;1.0
499;0.005206156522035599;1.0
500;0.005733748897910118;1.0
501;0.00360121694393456;1.0
502;0.005591008346527815;1.0
503;0.0058893607929348946;1.0
504;0.004733088426291943;1.0
505;0.003688932629302144;1.0
506;0.0038886202964931726;1.0
507;0.009272021241486073;1.0
508;0.01952444389462471;0.9354838728904724
509;0.0051617976278066635;1.0
510;0.0055335331708192825;1.0
511;0.00329808471724391;1.0
512;0.00371614471077919;1.0
513;0.0047113061882555485;1.0
514;0.004269114229828119;1.0
515;0.00386048830114305;1.0
516;0.011320770718157291;1.0
517;0.006581854075193405;1.0
518;0.005019176285713911;1.0
519;0.00341110210865736;1.0
520;0.003784120548516512;1.0
521;0.004466380458325148;1.0
522;0.0025809411890804768;1.0
523;0.015080525539815426;0.9677419066429138
524;0.0059096356853842735;1.0
525;0.004255753010511398;1.0
526;0.0037400571163743734;1.0
527;0.003978254739195108;1.0
528;0.0062203966081142426;1.0
529;0.006894626654684544;1.0
530;0.0030213671270757914;1.0
531;0.019115794450044632;0.9677419066429138
532;0.0037201796658337116;1.0
533;0.005320527125149965;1.0
534;0.01612843945622444;0.9677419066429138
535;0.0031789755448698997;1.0
536;0.003923411946743727;1.0
537;0.0036686277016997337;1.0
538;0.004262872505933046;1.0
539;0.005246937740594149;1.0
540;0.007198928855359554;1.0
541;0.0020240384619683027;1.0
542;0.022380558773875237;0.9677419066429138
543;0.005265961401164532;1.0
544;0.002704749582335353;1.0
545;0.004346197005361319;1.0
546;0.003557448508217931;1.0
547;0.01350144948810339;0.9677419066429138
548;0.0034933285787701607;1.0
549;0.008086244575679302;1.0
550;0.0034819687716662884;1.0
551;0.0027729119174182415;1.0
552;0.0033206811640411615;1.0
553;0.00359073537401855;1.0
554;0.0034176807384938;1.0
555;0.0056588612496852875;1.0
556;0.002813795581459999;1.0
557;0.010065528564155102;1.0
558;0.004453856032341719;1.0
559;0.003084499156102538;1.0
560;0.0030652196146547794;1.0
561;0.011216456070542336;1.0
562;0.0031405091285705566;1.0
563;0.005853533744812012;1.0
564;0.003572610439732671;1.0
565;0.0022240523248910904;1.0
566;0.0026371742133051157;1.0
567;0.0025135811883956194;1.0
568;0.020054075866937637;1.0
569;0.0033013413194566965;1.0
570;0.010097610764205456;1.0
571;0.005724234506487846;1.0
572;0.0034861431922763586;1.0
573;0.015812914818525314;1.0
574;0.003119455184787512;1.0
575;0.005115119740366936;1.0
576;0.006237546447664499;1.0
577;0.0034065095242112875;1.0
578;0.004903070162981749;1.0
579;0.0032142922282218933;1.0
580;0.0022392801474779844;1.0
581;0.008370622992515564;1.0
582;0.011607654392719269;1.0
583;0.003916214220225811;1.0
584;0.002939552068710327;1.0
585;0.007039324846118689;1.0
586;0.00610061502084136;1.0
587;0.0033637043088674545;1.0
588;0.005670270416885614;1.0
589;0.014366865158081055;0.9677419066429138
590;0.0024730295408517122;1.0
591;0.003372723003849387;1.0
592;0.0037563119549304247;1.0
593;0.016479071229696274;0.9354838728904724
594;0.005648233462125063;1.0
595;0.0028372472152113914;1.0
596;0.00328748463653028;1.0
597;0.004023633431643248;1.0
598;0.009417688474059105;1.0
599;0.01576816663146019;0.9677419066429138
600;0.020078083500266075;1.0
601;0.00646359845995903;1.0
602;0.0024991719983518124;1.0
603;0.00313442200422287;1.0
604;0.0025841430760920048;1.0
605;0.004465657286345959;1.0
606;0.003370454302057624;1.0
607;0.002981986850500107;1.0
608;0.011125877499580383;1.0
609;0.005026308819651604;1.0
610;0.0038611304480582476;1.0
611;0.007666334044188261;1.0
612;0.004525681026279926;1.0
613;0.003691046731546521;1.0
614;0.017887361347675323;1.0
615;0.0038885422982275486;1.0
616;0.0044211409986019135;1.0
617;0.0034690152388066053;1.0
618;0.006506279110908508;1.0
619;0.004784701857715845;1.0
620;0.005665855016559362;1.0
621;0.004171225242316723;1.0
622;0.010358587838709354;1.0
623;0.004381788894534111;1.0
624;0.006557554472237825;1.0
625;0.005419927183538675;1.0
626;0.00408773310482502;1.0
627;0.002928213682025671;1.0
628;0.0046248408034443855;1.0
629;0.0023396504111588;1.0
630;0.004557510372251272;1.0
631;0.0034107998944818974;1.0
632;0.0022492874413728714;1.0
633;0.0024212838616222143;1.0
634;0.004441191907972097;1.0
635;0.0034905620850622654;1.0
636;0.004518480040132999;1.0
637;0.002569053554907441;1.0
638;0.00294477678835392;1.0
639;0.0034442278556525707;1.0
640;0.002782121766358614;1.0
641;0.003267104970291257;1.0
642;0.0022167188581079245;1.0
643;0.006266302429139614;1.0
644;0.002563847927376628;1.0
645;0.004856567829847336;1.0
646;0.01657051593065262;1.0
647;0.0032490058802068233;1.0
648;0.004479740280658007;1.0
649;0.003189502051100135;1.0
650;0.0021913412492722273;1.0
651;0.004378750454634428;1.0
652;0.0028469895478338003;1.0
653;0.007378629874438047;1.0
654;0.006428579334169626;1.0
655;0.002634169068187475;1.0
656;0.002838756889104843;1.0
657;0.0024983256589621305;1.0
658;0.002975688548758626;1.0
659;0.005331803113222122;1.0
660;0.0034490216057747602;1.0
661;0.0014716527657583356;1.0
662;0.005286477040499449;1.0
663;0.001926841796375811;1.0
664;0.006130638998001814;1.0
665;0.002991320099681616;1.0
666;0.003030164632946253;1.0
667;0.0018151329131796956;1.0
668;0.0026473309844732285;1.0
669;0.0038551613688468933;1.0
670;0.010225709527730942;1.0
671;0.0019077265169471502;1.0
672;0.009471260011196136;1.0
673;0.00408581830561161;1.0
674;0.0026100778486579657;1.0
675;0.006320541258901358;1.0
676;0.010608484968543053;1.0
677;0.010756314732134342;1.0
678;0.002865825081244111;1.0
679;0.0035590550396591425;1.0
680;0.002468578517436981;1.0
681;0.002198215574026108;1.0
682;0.002697639400139451;1.0
683;0.001788435853086412;1.0
684;0.0016650003381073475;1.0
685;0.0029653909150511026;1.0
686;0.005349467974156141;1.0
687;0.0036957801785320044;1.0
688;0.0020002457313239574;1.0
689;0.003800567938014865;1.0
690;0.0040669431909918785;1.0
691;0.002076308010146022;1.0
692;0.0022166105918586254;1.0
693;0.0024766353890299797;1.0
694;0.02000601589679718;0.9677419066429138
695;0.018442092463374138;0.9677419066429138
696;0.003117813728749752;1.0
697;0.004101286642253399;1.0
698;0.0028145592659711838;1.0
699;0.0020397170446813107;1.0
700;0.002534165047109127;1.0
701;0.002061892533674836;1.0
702;0.0022211684845387936;1.0
703;0.005145480390638113;1.0
704;0.0025394330732524395;1.0
705;0.00402811961248517;1.0
706;0.003483147593215108;1.0
707;0.003064942080527544;1.0
708;0.008916892111301422;1.0
709;0.0024024085141718388;1.0
710;0.0063935983926057816;1.0
711;0.004542166832834482;1.0
712;0.00438449764624238;1.0
713;0.0036400638055056334;1.0
714;0.010695287026464939;1.0
715;0.016642915084958076;1.0
716;0.01654253713786602;1.0
717;0.0025506282690912485;1.0
718;0.0034227720461785793;1.0
719;0.0040633478201925755;1.0
720;0.004392620176076889;1.0
721;0.004002969246357679;1.0
722;0.002663102000951767;1.0
723;0.002568238414824009;1.0
724;0.002659972757101059;1.0
725;0.002043074229732156;1.0
726;0.00240942626260221;1.0
727;0.0030963898170739412;1.0
728;0.0024446099996566772;1.0
729;0.008378888480365276;1.0
730;0.002397889969870448;1.0
731;0.004273547790944576;1.0
732;0.0023364366497844458;1.0
733;0.008435697294771671;1.0
734;0.004163490142673254;1.0
735;0.003902071388438344;1.0
736;0.014548731036484241;1.0
737;0.0022801279556006193;1.0
738;0.002313221339136362;1.0
739;0.016356365755200386;1.0
740;0.002897839527577162;1.0
741;0.003310850355774164;1.0
742;0.003026316873729229;1.0
743;0.0030379833187907934;1.0
744;0.00550486147403717;1.0
745;0.001768065500073135;1.0
746;0.002353920601308346;1.0
747;0.0017277946462854743;1.0
748;0.0015297778882086277;1.0
749;0.0026278281584382057;1.0
750;0.0023916715290397406;1.0
751;0.0032128794118762016;1.0
752;0.0016823066398501396;1.0
753;0.004445245489478111;1.0
754;0.0042920298874378204;1.0
755;0.01412919256836176;0.9354838728904724
756;0.001885086647234857;1.0
757;0.014545410871505737;0.9354838728904724
758;0.003517324570566416;1.0
759;0.004125712905079126;1.0
760;0.002763229189440608;1.0
761;0.0029921510722488165;1.0
762;0.0018026810139417648;1.0
763;0.002675868570804596;1.0
764;0.0036633964627981186;1.0
765;0.0038375789299607277;1.0
766;0.0038865194655954838;1.0
767;0.007649559993296862;0.9677419066429138
768;0.003570138243958354;1.0
769;0.003118156222626567;1.0
770;0.0030505224131047726;1.0
771;0.002933286130428314;1.0
772;0.0017810864374041557;1.0
773;0.0024754549376666546;1.0
774;0.002192653249949217;1.0
775;0.010362484492361546;1.0
776;0.008191429078578949;1.0
777;0.006735700182616711;0.9677419066429138
778;0.0020561441779136658;1.0
779;0.00331450835801661;1.0
780;0.005658221431076527;1.0
781;0.0021906064357608557;1.0
782;0.0017577229300513864;1.0
783;0.005164387635886669;1.0
784;0.009023366495966911;1.0
785;0.002598149236291647;1.0
786;0.003348721656948328;1.0
787;0.0023722935002297163;1.0
788;0.014909185469150543;1.0
789;0.002474719425663352;1.0
790;0.0015873261727392673;1.0
791;0.0028027265798300505;1.0
792;0.0016310031060129404;1.0
793;0.003182837972417474;1.0
794;0.0019724522717297077;1.0
795;0.007611324079334736;1.0
796;0.0034804395399987698;1.0
797;0.002400885336101055;1.0
798;0.007975727319717407;1.0
799;0.0037759141996502876;1.0
800;0.0035599912516772747;1.0
801;0.0032600099220871925;1.0
802;0.0029746342916041613;1.0
803;0.002827738644555211;1.0
804;0.001982370624318719;1.0
805;0.012034422717988491;1.0
806;0.005097879096865654;1.0
807;0.0020471573807299137;1.0
808;0.0018570455722510815;1.0
809;0.0024907970800995827;1.0
810;0.0021815141662955284;1.0
811;0.01346532627940178;0.9677419066429138
812;0.0020167569164186716;1.0
813;0.0016860540490597486;1.0
814;0.004177861846983433;1.0
815;0.003688214113935828;1.0
816;0.0017671798123046756;1.0
817;0.0038567453157156706;1.0
818;0.0017060526879504323;1.0
819;0.002043560380116105;1.0
820;0.002391590503975749;1.0
821;0.0035921975504606962;1.0
822;0.0019663344137370586;1.0
823;0.002379678189754486;1.0
824;0.0032986795995384455;1.0
825;0.0027185322251170874;1.0
826;0.0030492369551211596;1.0
827;0.0027548486832529306;1.0
828;0.0021762289106845856;1.0
829;0.0016117155319079757;1.0
830;0.0032465506810694933;1.0
831;0.003278160933405161;1.0
832;0.001877793576568365;1.0
833;0.011036713607609272;0.9677419066429138
834;0.00218048132956028;1.0
835;0.0038311942480504513;1.0
836;0.012532130815088749;0.9677419066429138
837;0.0021385361906141043;1.0
838;0.0027104001492261887;1.0
839;0.0039059577975422144;1.0
840;0.011170219630002975;1.0
841;0.0039117662236094475;1.0
842;0.002720277989283204;1.0
843;0.0023969451431185007;1.0
844;0.004873943980783224;1.0
845;0.0017207828350365162;1.0
846;0.001561969518661499;1.0
847;0.0017444465775042772;1.0
848;0.0016950425924733281;1.0
849;0.004929984919726849;1.0
850;0.002367355627939105;1.0
851;0.015430843457579613;0.9677419066429138
852;0.001819164608605206;1.0
853;0.0014787266263738275;1.0
854;0.0022224169224500656;1.0
855;0.0022243985440582037;1.0
856;0.001737817539833486;1.0
857;0.005296180956065655;1.0
858;0.003949236124753952;1.0
859;0.0019117045449092984;1.0
860;0.006025576964020729;1.0
861;0.002238600980490446;1.0
862;0.0020579814445227385;1.0
863;0.0014959941618144512;1.0
864;0.002251239027827978;1.0
865;0.0019992184825241566;1.0
866;0.009757153689861298;1.0
867;0.002231616759672761;1.0
868;0.0016217754455283284;1.0
869;0.0035809746477752924;1.0
870;0.002223947085440159;1.0
871;0.0029671029187738895;1.0
872;0.0028360497672110796;1.0
873;0.0020812659058719873;1.0
874;0.0025219570379704237;1.0
875;0.0013689978513866663;1.0
876;0.0019190346356481314;1.0
877;0.0023692992981523275;1.0
878;0.003301616059616208;1.0
879;0.0015447415644302964;1.0
880;0.0016292488435283303;1.0
881;0.004361999686807394;1.0
882;0.002200233982875943;1.0
883;0.004322174470871687;1.0
884;0.002357783494517207;1.0
885;0.002082069404423237;1.0
886;0.002903219312429428;1.0
887;0.0017309387912973762;1.0
888;0.0015068630455061793;1.0
889;0.002224936615675688;1.0
890;0.0031640820670872927;1.0
891;0.0024893335066735744;1.0
892;0.0034047430381178856;1.0
893;0.005138155538588762;1.0
894;0.005480858031660318;1.0
895;0.0019877867307513952;1.0
896;0.0010264943121001124;1.0
897;0.0025050712283700705;1.0
898;0.003228872548788786;1.0
899;0.0029303741175681353;1.0
900;0.001410842058248818;1.0
901;0.0063360221683979034;1.0
902;0.0017498742090538144;1.0
903;0.0021459416020661592;1.0
904;0.0044688573107123375;1.0
905;0.0017730891704559326;1.0
906;0.001902047311887145;1.0
907;0.003597558941692114;1.0
908;0.0021224201191216707;1.0
909;0.009165539406239986;1.0
910;0.002694922499358654;1.0
911;0.0012120716273784637;1.0
912;0.0016278979601338506;1.0
913;0.0015276942867785692;1.0
914;0.001112719881348312;1.0
915;0.001236282056197524;1.0
916;0.0022482823114842176;1.0
917;0.0021465991158038378;1.0
918;0.0022240341641008854;1.0
919;0.01176466979086399;0.9677419066429138
920;0.0018985004862770438;1.0
921;0.0019137421622872353;1.0
922;0.0018326418939977884;1.0
923;0.004932684358209372;1.0
924;0.0018331303726881742;1.0
925;0.001206009997986257;1.0
926;0.006322710774838924;1.0
927;0.002030945150181651;1.0
928;0.0016281564021483064;1.0
929;0.0018599845934659243;1.0
930;0.0017964959843084216;1.0
931;0.0013131041778251529;1.0
932;0.0020946855656802654;1.0
933;0.0016968310810625553;1.0
934;0.0025039617903530598;1.0
935;0.0019067703979089856;1.0
936;0.001721234992146492;1.0
937;0.0026990820188075304;1.0
938;0.009731215424835682;1.0
939;0.0019417767180129886;1.0
940;0.00135175627656281;1.0
941;0.0037651723250746727;1.0
942;0.001251382171176374;1.0
943;0.008187706582248211;1.0
944;0.009406859055161476;1.0
945;0.002147120889276266;1.0
946;0.0023798313923180103;1.0
947;0.0027103254105895758;1.0
948;0.006496248301118612;1.0
949;0.0015930203953757882;1.0
950;0.002144820522516966;1.0
951;0.0025064621586352587;1.0
952;0.0015173355350270867;1.0
953;0.001154740690253675;1.0
954;0.0017691527027636766;1.0
955;0.002705296967178583;1.0
956;0.0017310279654338956;1.0
957;0.0022062177304178476;1.0
958;0.0037321068812161684;1.0
959;0.0021242506336420774;1.0
960;0.001860455609858036;1.0
961;0.010144442319869995;1.0
962;0.0018192132702097297;1.0
963;0.002866234164685011;1.0
964;0.005141299217939377;1.0
965;0.004519494716078043;1.0
966;0.004765612073242664;1.0
967;0.0012077755527570844;1.0
968;0.00298138870857656;1.0
969;0.0014200080186128616;1.0
970;0.0025717304088175297;1.0
971;0.002023483393713832;1.0
972;0.001094795297831297;1.0
973;0.0012856513494625688;1.0
974;0.0014410389121621847;1.0
975;0.0019010246032848954;1.0
976;0.006482304073870182;1.0
977;0.0016584937693551183;1.0
978;0.0014423273969441652;1.0
979;0.003362551797181368;1.0
980;0.006561222020536661;1.0
981;0.0019276057137176394;1.0
982;0.0013450245605781674;1.0
983;0.0025632840115576982;1.0
984;0.005880131386220455;1.0
985;0.0023285176139324903;1.0
986;0.0014005256816744804;1.0
987;0.000996481510810554;1.0
988;0.0025020267348736525;1.0
989;0.0016944230301305652;1.0
990;0.00627853162586689;1.0
991;0.0016533456509932876;1.0
992;0.005821572616696358;0.9677419066429138
993;0.0014273717533797026;1.0
994;0.0063074431382119656;1.0
995;0.002046892885118723;1.0
996;0.0024633933790028095;1.0
997;0.0012420543935149908;1.0
998;0.001553244423121214;1.0
999;0.0012099114246666431;1.0
1000;0.0013863139320164919;1.0
1001;0.0015830419724807143;1.0
1002;0.002826375886797905;1.0
1003;0.0011788599658757448;1.0
1004;0.0019237541127949953;1.0
1005;0.0019909674301743507;1.0
1006;0.0019210587488487363;1.0
1007;0.0018362003611400723;1.0
1008;0.0022747821640223265;1.0
1009;0.002367941429838538;1.0
1010;0.001187685877084732;1.0
1011;0.0013064638478681445;1.0
1012;0.0018178357277065516;1.0
1013;0.0056799291633069515;1.0
1014;0.0017710872925817966;1.0
1015;0.0012657125480473042;1.0
1016;0.0022987830452620983;1.0
1017;0.0011983482399955392;1.0
1018;0.002137834671884775;1.0
1019;0.001952253165654838;1.0
1020;0.0010364963673055172;1.0
1021;0.015421857126057148;0.9677419066429138
1022;0.0012310208985581994;1.0
1023;0.0016757757402956486;1.0
1024;0.0017025952693074942;1.0
1025;0.0012002428993582726;1.0
1026;0.008447114378213882;1.0
1027;0.009527384303510189;1.0
1028;0.0016103938687592745;1.0
1029;0.0026615196838974953;1.0
1030;0.001740347477607429;1.0
1031;0.003181962762027979;1.0
1032;0.002250890713185072;1.0
1033;0.012233464978635311;0.9677419066429138
1034;0.004735935479402542;1.0
1035;0.0025985166430473328;1.0
1036;0.0018657026812434196;1.0
1037;0.001860417309217155;1.0
1038;0.004765388555824757;1.0
1039;0.001372831640765071;1.0
1040;0.001974469283595681;1.0
1041;0.0033264895901083946;1.0
1042;0.002253856509923935;1.0
1043;0.0022387614008039236;1.0
1044;0.0013357744319364429;1.0
1045;0.005092663690447807;1.0
1046;0.0035587798338383436;1.0
1047;0.008226267993450165;1.0
1048;0.0017905101412907243;1.0
1049;0.0047939494252204895;1.0
1050;0.0015130937099456787;1.0
1051;0.0015310660237446427;1.0
1052;0.003000171622261405;1.0
1053;0.0012928856303915381;1.0
1054;0.0013828902738168836;1.0
1055;0.0010808552615344524;1.0
1056;0.000839807209558785;1.0
1057;0.002251352882012725;1.0
1058;0.0027667453978210688;1.0
1059;0.0025406612548977137;1.0
1060;0.0011553008807823062;1.0
1061;0.006218265742063522;1.0
1062;0.0027899404522031546;1.0
1063;0.0022545538377016783;1.0
1064;0.00148688699118793;1.0
1065;0.006305269431322813;1.0
1066;0.007011826615780592;1.0
1067;0.007504113018512726;1.0
1068;0.002198378322646022;1.0
1069;0.0015221653738990426;1.0
1070;0.0022576088085770607;1.0
1071;0.001402988564223051;1.0
1072;0.0018796571530401707;1.0
1073;0.00224573677405715;1.0
1074;0.001674159662798047;1.0
1075;0.0023373342119157314;1.0
1076;0.00201657903380692;1.0
1077;0.0015098688891157508;1.0
1078;0.0018480479484423995;1.0
1079;0.0010841137263923883;1.0
1080;0.0012612767750397325;1.0
1081;0.0016523785889148712;1.0
1082;0.0015212458092719316;1.0
1083;0.0017874067416414618;1.0
1084;0.012581328861415386;1.0
1085;0.0013935883762314916;1.0
1086;0.0028814140241593122;1.0
1087;0.0019011135445907712;1.0
1088;0.002683437429368496;1.0
1089;0.0017241217428818345;1.0
1090;0.0009781495900824666;1.0
1091;0.0017265011556446552;1.0
1092;0.002797582419589162;1.0
1093;0.0028532836586236954;1.0
1094;0.0009697095374576747;1.0
1095;0.0050042918883264065;1.0
1096;0.00099865160882473;1.0
1097;0.0025861565954983234;1.0
1098;0.0018275586189702153;1.0
1099;0.0021722076926380396;1.0
1100;0.0009245791588909924;1.0
1101;0.0011171074584126472;1.0
1102;0.004191255662590265;1.0
1103;0.0011293545830994844;1.0
1104;0.0031185245607048273;1.0
1105;0.0011409176513552666;1.0
1106;0.0017594780074432492;1.0
1107;0.0010427230736240745;1.0
1108;0.0009704020922072232;1.0
1109;0.0016014081193134189;1.0
1110;0.013430405408143997;0.9354838728904724
1111;0.0018390306504443288;1.0
1112;0.0026902516838163137;1.0
1113;0.0028936113230884075;1.0
1114;0.0010303023736923933;1.0
1115;0.0016285335877910256;1.0
1116;0.0009392550564371049;1.0
1117;0.0018001518910750747;1.0
1118;0.0009561064071021974;1.0
1119;0.0010761151788756251;1.0
1120;0.0011434744810685515;1.0
1121;0.0012496623676270247;1.0
1122;0.004477007780224085;1.0
1123;0.008852616883814335;0.9677419066429138
1124;0.008645704947412014;0.9677419066429138
1125;0.0011452703038230538;1.0
1126;0.001969078788533807;1.0
1127;0.0008829603902995586;1.0
1128;0.001378871500492096;1.0
1129;0.001817213953472674;1.0
1130;0.0016842957120388746;1.0
1131;0.0013034904841333628;1.0
1132;0.0062182326801121235;1.0
1133;0.0015964627964422107;1.0
1134;0.003936221357434988;1.0
1135;0.0009186890674754977;1.0
1136;0.005008080042898655;1.0
1137;0.0010809527011588216;1.0
1138;0.001704860245808959;1.0
1139;0.0010508585255593061;1.0
1140;0.0014141224091872573;1.0
1141;0.001517173950560391;1.0
1142;0.0017333670984953642;1.0
1143;0.0010349954245612025;1.0
1144;0.0011388520943000913;1.0
1145;0.0013169486774131656;1.0
1146;0.001019710092805326;1.0
1147;0.0009820599807426333;1.0
1148;0.0009450623765587807;1.0
1149;0.0018883318407461047;1.0
1150;0.003045832272619009;1.0
1151;0.002199387876316905;1.0
1152;0.001452663796953857;1.0
1153;0.0013074434828013182;1.0
1154;0.0012720347149297595;1.0
1155;0.0032403990626335144;1.0
1156;0.0014230801025405526;1.0
1157;0.0012049747165292501;1.0
1158;0.0018275163602083921;1.0
1159;0.0007943553500808775;1.0
1160;0.0023458078503608704;1.0
1161;0.0034077574964612722;1.0
1162;0.0026882269885390997;1.0
1163;0.0006581307388842106;1.0
1164;0.0009024913888424635;1.0
1165;0.0006847099866718054;1.0
1166;0.0013431988190859556;1.0
1167;0.0014196416595950723;1.0
1168;0.008826881647109985;1.0
1169;0.0009183893562294543;1.0
1170;0.0011956654489040375;1.0
1171;0.0008457575459033251;1.0
1172;0.001032042782753706;1.0
1173;0.006377377547323704;1.0
1174;0.001214682823047042;1.0
1175;0.000978468218818307;1.0
1176;0.001224905950948596;1.0
1177;0.002025386318564415;1.0
1178;0.0014313318533822894;1.0
1179;0.0023544442374259233;1.0
1180;0.0016361103625968099;1.0
1181;0.0064040981233119965;1.0
1182;0.0013851600233465433;1.0
1183;0.0012732965406030416;1.0
1184;0.0015390240587294102;1.0
1185;0.0008006719290278852;1.0
1186;0.0012018147390335798;1.0
1187;0.001311431173235178;1.0
1188;0.002362125786021352;1.0
1189;0.0009566463413648307;1.0
1190;0.0006897266139276326;1.0
1191;0.0010602441616356373;1.0
1192;0.0012207255931571126;1.0
1193;0.0007171475444920361;1.0
1194;0.0011209557997062802;1.0
1195;0.001357057481072843;1.0
1196;0.0007949158898554742;1.0
1197;0.001452905940823257;1.0
1198;0.0008791204891167581;1.0
1199;0.0009874217212200165;1.0
1200;0.000920558231882751;1.0
1201;0.0010024929651990533;1.0
1202;0.0008384393877349794;1.0
1203;0.0007159189553931355;1.0
1204;0.0012405277229845524;1.0
1205;0.0032590385526418686;1.0
1206;0.0006593007710762322;1.0
1207;0.0011411478044465184;1.0
1208;0.0014264938654378057;1.0
1209;0.0009514256962575018;1.0
1210;0.0010048003168776631;1.0
1211;0.0007866782834753394;1.0
1212;0.0028142586816102266;1.0
1213;0.0009040136937983334;1.0
1214;0.0023328897077590227;1.0
1215;0.0007279847050085664;1.0
1216;0.0005109968478791416;1.0
1217;0.0009582639904692769;1.0
1218;0.007409556303173304;1.0
1219;0.006534823682159185;1.0
1220;0.0007422532653436065;1.0
1221;0.001122193643823266;1.0
1222;0.001155329286120832;1.0
1223;0.0016407764051109552;1.0
1224;0.0010533208260312676;1.0
1225;0.0011852930765599012;1.0
1226;0.000769189209677279;1.0
1227;0.0010074225720018148;1.0
1228;0.0025786252226680517;1.0
1229;0.002521299524232745;1.0
1230;0.002275448990985751;1.0
1231;0.0007879260228946805;1.0
1232;0.0008553030784241855;1.0
1233;0.0009813130600377917;1.0
1234;0.011723260395228863;0.9677419066429138
1235;0.0006009730277583003;1.0
1236;0.004580283537507057;1.0
1237;0.0008399019134230912;1.0
1238;0.000918505946174264;1.0
1239;0.0006063531036488712;1.0
1240;0.001007377402856946;1.0
1241;0.0009366616141051054;1.0
1242;0.0009484292822889984;1.0
1243;0.0005626787897199392;1.0
1244;0.0007330298540182412;1.0
1245;0.0021046886686235666;1.0
1246;0.0006428889464586973;1.0
1247;0.0010147918947041035;1.0
1248;0.0009264826658181846;1.0
1249;0.0010928342817351222;1.0
1250;0.0037127998657524586;1.0
1251;0.000700353120919317;1.0
1252;0.0012115883873775601;1.0
1253;0.0008136322721838951;1.0
1254;0.001261458033695817;1.0
1255;0.0007956037879921496;1.0
1256;0.0008667560177855194;1.0
1257;0.0005080254632048309;1.0
1258;0.0008001188398338854;1.0
1259;0.0007176781655289233;1.0
1260;0.0008210926316678524;1.0
1261;0.0007430308614857495;1.0
1262;0.005366436671465635;1.0
1263;0.0006709194276481867;1.0
1264;0.0009479669970460236;1.0
1265;0.002532350365072489;1.0
1266;0.0010688741458579898;1.0
1267;0.0011272458359599113;1.0
1268;0.001322822063229978;1.0
1269;0.0008475593058392406;1.0
1270;0.0006594056030735373;1.0
1271;0.0036549789365381002;1.0
1272;0.0006527755758725107;1.0
1273;0.0011015163036063313;1.0
1274;0.0005947603494860232;1.0
1275;0.0007727317279204726;1.0
1276;0.0009719599620439112;1.0
1277;0.001501278835348785;1.0
1278;0.000773184816353023;1.0
1279;0.0009939376031979918;1.0
1280;0.007146324031054974;1.0
1281;0.0006320234970189631;1.0
1282;0.0020086688455194235;1.0
1283;0.0006693921168334782;1.0
1284;0.0023365288507193327;1.0
1285;0.0008579410496167839;1.0
1286;0.00622145552188158;1.0
1287;0.0005926535814069211;1.0
1288;0.0004715487302746624;1.0
1289;0.000988741754554212;1.0
1290;0.0011172948870807886;1.0
1291;0.0008297813474200666;1.0
1292;0.00101941148750484;1.0
1293;0.0009691420709714293;1.0
1294;0.0033840618561953306;1.0
1295;0.0010806744685396552;1.0
1296;0.0009500543237663805;1.0
1297;0.0007511896546930075;1.0
1298;0.0014805853134021163;1.0
1299;0.0008959221886470914;1.0
1300;0.0006165902595967054;1.0
1301;0.0007201841799542308;1.0
1302;0.0005529811605811119;1.0
1303;0.0006796583184041083;1.0
1304;0.00076469307532534;1.0
1305;0.006653382442891598;1.0
1306;0.0007380656315945089;1.0
1307;0.0007200633990578353;1.0
1308;0.0021206585224717855;1.0
1309;0.0006554125575348735;1.0
1310;0.0015290032606571913;1.0
1311;0.00045327848056331277;1.0
1312;0.0005219651502557099;1.0
1313;0.0010524557437747717;1.0
1314;0.005361148621886969;1.0
1315;0.0007608757587149739;1.0
1316;0.0008907816372811794;1.0
1317;0.0022269906476140022;1.0
1318;0.0013089878484606743;1.0
1319;0.0009875163668766618;1.0
1320;0.0006486568599939346;1.0
1321;0.0008811820298433304;1.0
1322;0.0013224114663898945;1.0
1323;0.0007185853319242597;1.0
1324;0.004253318998962641;1.0
1325;0.002597951330244541;1.0
1326;0.0008802423253655434;1.0
1327;0.0012234479654580355;1.0
1328;0.0011352982837706804;1.0
1329;0.0009566285298205912;1.0
1330;0.002607910195365548;1.0
1331;0.0018018099945038557;1.0
1332;0.00272145913913846;1.0
1333;0.005479047540575266;1.0
1334;0.0012963243061676621;1.0
1335;0.0009019467979669571;1.0
1336;0.0013866194058209658;1.0
1337;0.008897697553038597;1.0
1338;0.0071263182908296585;1.0
1339;0.0012918002903461456;1.0
1340;0.0009260144433937967;1.0
1341;0.0007655945955775678;1.0
1342;0.0007837141747586429;1.0
1343;0.006588129326701164;1.0
1344;0.0005186354974284768;1.0
1345;0.0007621689583174884;1.0
1346;0.0012429822236299515;1.0
1347;0.000822553294710815;1.0
1348;0.001083299284800887;1.0
1349;0.0008812543237581849;1.0
1350;0.0006293007172644138;1.0
1351;0.001971688587218523;1.0
1352;0.000452913751360029;1.0
1353;0.0010812950786203146;1.0
1354;0.0008383772219531238;1.0
1355;0.0007300433935597539;1.0
1356;0.0006394286174327135;1.0
1357;0.0005438736989162862;1.0
1358;0.0007349378429353237;1.0
1359;0.000489892961923033;1.0
1360;0.002410366665571928;1.0
1361;0.0006092133698984981;1.0
1362;0.0008371995063498616;1.0
1363;0.0010622713016346097;1.0
1364;0.000690518063493073;1.0
1365;0.0006352287600748241;1.0
1366;0.000577242230065167;1.0
1367;0.0008090630290098488;1.0
1368;0.00038913849857635796;1.0
1369;0.0005180422449484468;1.0
1370;0.0010310389334335923;1.0
1371;0.00045557686826214194;1.0
1372;0.0017591309733688831;1.0
1373;0.0008563390001654625;1.0
1374;0.00058497313875705;1.0
1375;0.0004255819949321449;1.0
1376;0.0007174729835242033;1.0
1377;0.000800741312559694;1.0
1378;0.00048111766227521;1.0
1379;0.0006021833978593349;1.0
1380;0.0004843457427341491;1.0
1381;0.0005509355687536299;1.0
1382;0.0007889275439083576;1.0
1383;0.00156636000610888;1.0
1384;0.0011477144435048103;1.0
1385;0.00048165878979489207;1.0
1386;0.0007162862457334995;1.0
1387;0.0008524488657712936;1.0
1388;0.005279037170112133;1.0
1389;0.0004994941991753876;1.0
1390;0.0007418165332637727;1.0
1391;0.000901379156857729;1.0
1392;0.0006343431887216866;1.0
1393;0.0032849027775228024;1.0
1394;0.0006705471314489841;1.0
1395;0.0004489958519116044;1.0
1396;0.0004896502941846848;1.0
1397;0.004055865574628115;1.0
1398;0.00042094371747225523;1.0
1399;0.0005872930632904172;1.0
1400;0.0015597118763253093;1.0
1401;0.0005280085606500506;1.0
1402;0.0006791976629756391;1.0
1403;0.0005769291892647743;1.0
1404;0.0006621683132834733;1.0
1405;0.0006232574814930558;1.0
1406;0.00037618057103827596;1.0
1407;0.0006194409797899425;1.0
1408;0.003959534224122763;1.0
1409;0.0008091849158518016;1.0
1410;0.0019176234491169453;1.0
1411;0.0007860863115638494;1.0
1412;0.0003140948829241097;1.0
1413;0.0006498422008007765;1.0
1414;0.00037772717769257724;1.0
1415;0.0004293054807931185;1.0
1416;0.0009888719068840146;1.0
1417;0.00571513082832098;1.0
1418;0.003964298404753208;0.9677419066429138
1419;0.0005590335349552333;1.0
1420;0.000685648585204035;1.0
1421;0.000611457391642034;1.0
1422;0.0004345798515714705;1.0
1423;0.0055139861069619656;1.0
1424;0.0004922685911878943;1.0
1425;0.0005740257329307497;1.0
1426;0.001093603321351111;1.0
1427;0.0007098725764080882;1.0
1428;0.0004088986315764487;1.0
1429;0.00044201617129147053;1.0
1430;0.0004957494675181806;1.0
1431;0.002718034666031599;1.0
1432;0.0005003898986615241;1.0
1433;0.0005223968182690442;1.0
1434;0.0006731809116899967;1.0
1435;0.00047985202400013804;1.0
1436;0.0011877334909513593;1.0
1437;0.0018646251410245895;1.0
1438;0.0004866264062002301;1.0
1439;0.0006363650318235159;1.0
1440;0.0015881111612543464;1.0
1441;0.0012104683555662632;1.0
1442;0.0006101345061324537;1.0
1443;0.0004061523941345513;1.0
1444;0.0006011406076140702;1.0
1445;0.00048646124196238816;1.0
1446;0.0005968478508293629;1.0
1447;0.0010747895576059818;1.0
1448;0.0006943942862562835;1.0
1449;0.0006807346362620592;1.0
1450;0.000509088218677789;1.0
1451;0.0006405900930985808;1.0
1452;0.00046888613724149764;1.0
1453;0.0004884947557002306;1.0
1454;0.0011214338010177016;1.0
1455;0.007363688666373491;1.0
1456;0.0003793775977101177;1.0
1457;0.00043784218723885715;1.0
1458;0.0005194279947318137;1.0
1459;0.0005894594360142946;1.0
1460;0.0010345136979594827;1.0
1461;0.003242726670578122;1.0
1462;0.003225489053875208;1.0
1463;0.0007080218056216836;1.0
1464;0.0006544488715007901;1.0
1465;0.00041873365989886224;1.0
1466;0.006553540471941233;1.0
1467;0.0004566387797240168;1.0
1468;0.0010394882410764694;1.0
1469;0.0010826265206560493;1.0
1470;0.0008703329367563128;1.0
1471;0.000527550233528018;1.0
1472;0.0010703722946345806;1.0
1473;0.0006488884682767093;1.0
1474;0.0006557144224643707;1.0
1475;0.0005896704387851059;1.0
1476;0.0005578244454227388;1.0
1477;0.002167582046240568;1.0
1478;0.0010054887970909476;1.0
1479;0.0014708851231262088;1.0
1480;0.0008538094698451459;1.0
1481;0.0006426871987059712;1.0
1482;0.0005180414882488549;1.0
1483;0.00047949995496310294;1.0
1484;0.0005633763503283262;1.0
1485;0.0007962706149555743;1.0
1486;0.0011310999980196357;1.0
1487;0.00047111627645790577;1.0
1488;0.00044796234578825533;1.0
1489;0.0003757299855351448;1.0
1490;0.0004375474527478218;1.0
1491;0.00033215206349268556;1.0
1492;0.0003243712999392301;1.0
1493;0.000400690536480397;1.0
1494;0.0022323294542729855;1.0
1495;0.0004920880310237408;1.0
1496;0.0004334826080594212;1.0
1497;0.0009945383062586188;1.0
1498;0.00031709347967989743;1.0
1499;0.0006246661650948226;1.0
