iteration;loss;accuracy
0;0.03978051245212555;0.08620689809322357
1;0.03751228377223015;0.1034482792019844
2;0.03588459640741348;0.13793103396892548
3;0.035040222108364105;0.16379310190677643
4;0.03489908203482628;0.1551724076271057
5;0.034743472933769226;0.17241379618644714
6;0.03466834872961044;0.1551724076271057
7;0.034647658467292786;0.17241379618644714
8;0.03434410318732262;0.21551723778247833
9;0.03402451425790787;0.23275862634181976
10;0.03409895300865173;0.21551723778247833
11;0.034337498247623444;0.21551723778247833
12;0.03405353054404259;0.27586206793785095
13;0.03404851257801056;0.22413793206214905
14;0.033495813608169556;0.27586206793785095
15;0.03376993536949158;0.1982758641242981
16;0.033376649022102356;0.21551723778247833
17;0.033123861998319626;0.2844827473163605
18;0.03332941606640816;0.2931034564971924
19;0.03326955810189247;0.22413793206214905
20;0.032927483320236206;0.2068965584039688
21;0.03258076682686806;0.21551723778247833
22;0.03261486068367958;0.3103448152542114
23;0.03223048895597458;0.3017241358757019
24;0.03227883204817772;0.27586206793785095
25;0.03220771253108978;0.2586206793785095
26;0.031841859221458435;0.3017241358757019
27;0.0319964736700058;0.3017241358757019
28;0.03158516064286232;0.2931034564971924
29;0.03127068653702736;0.3534482717514038
30;0.031142977997660637;0.2844827473163605
31;0.031078433617949486;0.31896552443504333
32;0.030643625184893608;0.36206895112991333
33;0.03066221997141838;0.3362068831920624
34;0.03079608827829361;0.3017241358757019
35;0.030102262273430824;0.3534482717514038
36;0.029800886288285255;0.37068966031074524
37;0.030137130990624428;0.3448275923728943
38;0.0291910320520401;0.38793104887008667
39;0.029408693313598633;0.38793104887008667
40;0.02886459045112133;0.3534482717514038
41;0.02909942902624607;0.37068966031074524
42;0.02843349240720272;0.4482758641242981
43;0.028695693239569664;0.42241379618644714
44;0.027780966833233833;0.4482758641242981
45;0.027631282806396484;0.47413793206214905
46;0.027537286281585693;0.5344827771186829
47;0.02793402224779129;0.4396551847457886
48;0.02666335552930832;0.5948275923728943
49;0.026607844978570938;0.5862069129943848
50;0.026407701894640923;0.5431034564971924
51;0.02597705088555813;0.5603448152542114
52;0.025505250319838524;0.5517241358757019
53;0.024960625916719437;0.6034482717514038
54;0.025846334174275398;0.5775862336158752
55;0.024897538125514984;0.6293103694915771
56;0.02447330765426159;0.6120689511299133
57;0.024437710642814636;0.6206896305084229
58;0.02336486056447029;0.6465517282485962
59;0.023776130750775337;0.6120689511299133
60;0.02274565026164055;0.6982758641242981
61;0.022845694795250893;0.7155172228813171
62;0.02232028916478157;0.6637930870056152
63;0.022005759179592133;0.681034505367279
64;0.022299760952591896;0.681034505367279
65;0.021583154797554016;0.7155172228813171
66;0.022062554955482483;0.7068965435028076
67;0.020430130884051323;0.75
68;0.020795652642846107;0.7241379022598267
69;0.021148309111595154;0.7068965435028076
70;0.020783916115760803;0.7155172228813171
71;0.020181220024824142;0.7155172228813171
72;0.020082049071788788;0.75
73;0.020056994631886482;0.75
74;0.01941603422164917;0.75
75;0.019579170271754265;0.767241358757019
76;0.01957467757165432;0.7068965435028076
77;0.01908191666007042;0.7758620977401733
78;0.01905733346939087;0.767241358757019
79;0.019101593643426895;0.732758641242981
80;0.019426219165325165;0.7586206793785095
81;0.019886981695890427;0.767241358757019
82;0.018516920506954193;0.767241358757019
83;0.01829296164214611;0.75
84;0.01876130886375904;0.7586206793785095
85;0.018197476863861084;0.767241358757019
86;0.018295196816325188;0.7758620977401733
87;0.01738530397415161;0.7758620977401733
88;0.01755482703447342;0.7844827771186829
89;0.017227498814463615;0.7758620977401733
90;0.017161313444375992;0.7844827771186829
91;0.0169131588190794;0.7758620977401733
92;0.016857899725437164;0.7758620977401733
93;0.017288176342844963;0.8017241358757019
94;0.016607088968157768;0.7931034564971924
95;0.01592002995312214;0.7758620977401733
96;0.016385518014431;0.7931034564971924
97;0.01709616370499134;0.75
98;0.016130151227116585;0.7844827771186829
99;0.01641731709241867;0.7844827771186829
100;0.016713302582502365;0.7844827771186829
101;0.015049631707370281;0.7844827771186829
102;0.01608833111822605;0.7758620977401733
103;0.015375678427517414;0.7758620977401733
104;0.01600629650056362;0.7844827771186829
105;0.015390039421617985;0.7844827771186829
106;0.01631299778819084;0.7758620977401733
107;0.015595079399645329;0.7931034564971924
108;0.015215018764138222;0.7758620977401733
109;0.015079369768500328;0.7844827771186829
110;0.014758105389773846;0.7931034564971924
111;0.014719255268573761;0.7586206793785095
112;0.015029305592179298;0.7931034564971924
113;0.014327090233564377;0.7931034564971924
114;0.015055707655847073;0.7844827771186829
115;0.014481114223599434;0.7844827771186829
116;0.0142970634624362;0.7758620977401733
117;0.014029532670974731;0.7844827771186829
118;0.01486870925873518;0.7758620977401733
119;0.013763044029474258;0.7758620977401733
120;0.013713066466152668;0.8362069129943848
121;0.01358893420547247;0.8275862336158752
122;0.013835882768034935;0.7758620977401733
123;0.013918059878051281;0.7844827771186829
124;0.013376222923398018;0.8017241358757019
125;0.013138932175934315;0.8362069129943848
126;0.013583343476057053;0.7931034564971924
127;0.013091507367789745;0.8275862336158752
128;0.01317059900611639;0.818965494632721
129;0.012535296380519867;0.8103448152542114
130;0.012818817049264908;0.818965494632721
131;0.012460947036743164;0.8103448152542114
132;0.012615744024515152;0.8103448152542114
133;0.012490302324295044;0.8275862336158752
134;0.01226972695440054;0.8362069129943848
135;0.013728725723922253;0.7758620977401733
136;0.012373924255371094;0.8534482717514038
137;0.012418598867952824;0.8448275923728943
138;0.012684985063970089;0.8448275923728943
139;0.011775368824601173;0.818965494632721
140;0.012571102008223534;0.8620689511299133
141;0.012604831717908382;0.8275862336158752
142;0.012599903158843517;0.8448275923728943
143;0.011640957556664944;0.8534482717514038
144;0.012317180633544922;0.8448275923728943
145;0.012258807197213173;0.8362069129943848
146;0.011518673971295357;0.8534482717514038
147;0.012123864144086838;0.8448275923728943
148;0.011779085732996464;0.8793103694915771
149;0.012640470638871193;0.8103448152542114
150;0.011453147046267986;0.8620689511299133
151;0.011373620480298996;0.8620689511299133
152;0.01212044432759285;0.8534482717514038
153;0.011071018874645233;0.8534482717514038
154;0.011374171823263168;0.8706896305084229
155;0.011435969732701778;0.8706896305084229
156;0.011063236743211746;0.8706896305084229
157;0.01116207242012024;0.8793103694915771
158;0.011763068847358227;0.8448275923728943
159;0.01174401305615902;0.8534482717514038
160;0.012696548365056515;0.8103448152542114
161;0.011559932492673397;0.8620689511299133
162;0.011881286278367043;0.8534482717514038
163;0.010888679884374142;0.8534482717514038
164;0.010944684967398643;0.8620689511299133
165;0.011906689032912254;0.8362069129943848
166;0.011820022948086262;0.818965494632721
167;0.011380011215806007;0.8620689511299133
168;0.011180323548614979;0.8534482717514038
169;0.010897465981543064;0.8620689511299133
170;0.011400114744901657;0.8534482717514038
171;0.010725959204137325;0.8793103694915771
172;0.010926877148449421;0.8534482717514038
173;0.011051129549741745;0.8620689511299133
174;0.010368124581873417;0.8706896305084229
175;0.01186143048107624;0.8103448152542114
176;0.010066801682114601;0.8879310488700867
177;0.010648700408637524;0.8706896305084229
178;0.010414830408990383;0.8534482717514038
179;0.01012845616787672;0.8706896305084229
180;0.010399972088634968;0.8534482717514038
181;0.01104679424315691;0.8793103694915771
182;0.010432051494717598;0.8879310488700867
183;0.010089398361742496;0.8706896305084229
184;0.01020783744752407;0.8793103694915771
185;0.010266849771142006;0.8879310488700867
186;0.009826894849538803;0.8793103694915771
187;0.010244134813547134;0.8879310488700867
188;0.009836156852543354;0.8793103694915771
189;0.009699519723653793;0.8706896305084229
190;0.010541846975684166;0.8793103694915771
191;0.009822854772210121;0.8793103694915771
192;0.009652543812990189;0.8793103694915771
193;0.009627709165215492;0.8879310488700867
194;0.009846363216638565;0.8793103694915771
195;0.009632281959056854;0.8793103694915771
196;0.009874392300844193;0.8706896305084229
197;0.009117173962295055;0.8706896305084229
198;0.010399017482995987;0.8793103694915771
199;0.009859966114163399;0.8620689511299133
200;0.00990279670804739;0.8706896305084229
201;0.00963332038372755;0.8879310488700867
202;0.009291339665651321;0.8793103694915771
203;0.010580972768366337;0.8793103694915771
204;0.009813372045755386;0.8793103694915771
205;0.010381964035332203;0.8706896305084229
206;0.009809835813939571;0.8793103694915771
207;0.010541182942688465;0.8706896305084229
208;0.010346025228500366;0.8793103694915771
209;0.009576478973031044;0.8793103694915771
210;0.009694740176200867;0.8879310488700867
211;0.009292480535805225;0.8879310488700867
212;0.009838477708399296;0.8879310488700867
213;0.00950314849615097;0.8706896305084229
214;0.010457435622811317;0.8620689511299133
215;0.009517963975667953;0.8793103694915771
216;0.00902425218373537;0.8879310488700867
217;0.009185460396111012;0.8793103694915771
218;0.009449858218431473;0.8793103694915771
219;0.009103016927838326;0.8620689511299133
220;0.009419135749340057;0.8534482717514038
221;0.00927272904664278;0.8706896305084229
222;0.00971221923828125;0.8793103694915771
223;0.009541986510157585;0.8793103694915771
224;0.00913800299167633;0.8793103694915771
225;0.00856043491512537;0.8879310488700867
226;0.009340976364910603;0.8706896305084229
227;0.008313916623592377;0.8793103694915771
228;0.008749249391257763;0.8706896305084229
229;0.00892961211502552;0.8879310488700867
230;0.009365545585751534;0.8620689511299133
231;0.008970493450760841;0.8793103694915771
232;0.008753810077905655;0.8879310488700867
233;0.008917503990232944;0.8965517282485962
234;0.008941957727074623;0.8793103694915771
235;0.009200156666338444;0.8793103694915771
236;0.008824137970805168;0.8793103694915771
237;0.008686092682182789;0.8706896305084229
238;0.009085948579013348;0.8793103694915771
239;0.009410972706973553;0.8793103694915771
240;0.008903701789677143;0.8793103694915771
241;0.00867396779358387;0.8706896305084229
242;0.008920405060052872;0.8879310488700867
243;0.008968387730419636;0.8793103694915771
244;0.009080767631530762;0.8793103694915771
245;0.008974838070571423;0.8879310488700867
246;0.008591118268668652;0.8793103694915771
247;0.009469784796237946;0.8793103694915771
248;0.008596393279731274;0.8706896305084229
249;0.008416532538831234;0.8879310488700867
250;0.008682867512106895;0.8793103694915771
251;0.008894383907318115;0.8793103694915771
252;0.008747690357267857;0.8793103694915771
253;0.009024599567055702;0.8706896305084229
254;0.008380311541259289;0.8793103694915771
255;0.00921656284481287;0.8879310488700867
256;0.009226328693330288;0.8793103694915771
257;0.008609636686742306;0.8793103694915771
258;0.009159835055470467;0.8879310488700867
259;0.009255532175302505;0.8793103694915771
260;0.00875194650143385;0.8706896305084229
261;0.007933986373245716;0.8706896305084229
262;0.009366035461425781;0.8793103694915771
263;0.009933166205883026;0.8448275923728943
264;0.009345702826976776;0.8706896305084229
265;0.008564407005906105;0.8620689511299133
266;0.009180420078337193;0.8362069129943848
267;0.008537458255887032;0.8620689511299133
268;0.010013376362621784;0.8793103694915771
269;0.008734066039323807;0.8879310488700867
270;0.008336770348250866;0.8879310488700867
271;0.011261353269219398;0.818965494632721
272;0.008691133931279182;0.8793103694915771
273;0.008610882796347141;0.8793103694915771
274;0.01021509524434805;0.8448275923728943
275;0.008733080700039864;0.8706896305084229
276;0.008810337632894516;0.8793103694915771
277;0.009331825189292431;0.8706896305084229
278;0.009920298121869564;0.8448275923728943
279;0.008642345666885376;0.9051724076271057
280;0.008539347909390926;0.8793103694915771
281;0.008471452631056309;0.8793103694915771
282;0.009159400127828121;0.8793103694915771
283;0.008867105469107628;0.8879310488700867
284;0.008840207010507584;0.8879310488700867
285;0.008773204870522022;0.8793103694915771
286;0.008244571276009083;0.8793103694915771
287;0.008488382212817669;0.8706896305084229
288;0.00840423908084631;0.8879310488700867
289;0.008118247613310814;0.8793103694915771
290;0.00894922949373722;0.8706896305084229
291;0.00802235584706068;0.8793103694915771
292;0.008105630986392498;0.8706896305084229
293;0.008119771257042885;0.8793103694915771
294;0.008025750517845154;0.8793103694915771
295;0.008521433919668198;0.8706896305084229
296;0.008396194316446781;0.8793103694915771
297;0.00846894085407257;0.8793103694915771
298;0.008906987495720387;0.8793103694915771
299;0.007849464192986488;0.8793103694915771
300;0.007728199474513531;0.8879310488700867
301;0.008060143329203129;0.8620689511299133
302;0.008567658253014088;0.8706896305084229
303;0.008125144988298416;0.8793103694915771
304;0.007909146137535572;0.8706896305084229
305;0.007432058919221163;0.8793103694915771
306;0.007381801027804613;0.8793103694915771
307;0.00777281541377306;0.8793103694915771
308;0.008025470189750195;0.8879310488700867
309;0.00818483717739582;0.8879310488700867
310;0.007773407269269228;0.8706896305084229
311;0.007542374078184366;0.8879310488700867
312;0.008456533774733543;0.8793103694915771
313;0.007786815986037254;0.8793103694915771
314;0.007726779207587242;0.8793103694915771
315;0.007792960852384567;0.8965517282485962
316;0.007872418500483036;0.8706896305084229
317;0.008036111481487751;0.8793103694915771
318;0.007796832360327244;0.8793103694915771
319;0.007661833893507719;0.8793103694915771
320;0.008033312857151031;0.8793103694915771
321;0.007746437564492226;0.8965517282485962
322;0.0075797466561198235;0.8706896305084229
323;0.00802008155733347;0.8620689511299133
324;0.00785108469426632;0.8793103694915771
325;0.007775638252496719;0.8793103694915771
326;0.007697295397520065;0.8793103694915771
327;0.007715563289821148;0.8879310488700867
328;0.007682535797357559;0.8879310488700867
329;0.007571313995867968;0.8793103694915771
330;0.007397739682346582;0.9137930870056152
331;0.007831367664039135;0.8620689511299133
332;0.007872994989156723;0.8706896305084229
333;0.007653083186596632;0.8706896305084229
334;0.007940748706459999;0.8793103694915771
335;0.007571247406303883;0.8879310488700867
336;0.007613475434482098;0.8793103694915771
337;0.007853483781218529;0.8706896305084229
338;0.007351234555244446;0.8793103694915771
339;0.00817619264125824;0.8706896305084229
340;0.007228365633636713;0.8965517282485962
341;0.007504028268158436;0.8965517282485962
342;0.0071887183003127575;0.8965517282485962
343;0.007827728986740112;0.8879310488700867
344;0.007541782222688198;0.8965517282485962
345;0.007509512826800346;0.8793103694915771
346;0.007650755811482668;0.8620689511299133
347;0.007678464520722628;0.8793103694915771
348;0.0075842891819775105;0.8620689511299133
349;0.0077585563994944096;0.8879310488700867
350;0.007016276940703392;0.8793103694915771
351;0.00744842691347003;0.8879310488700867
352;0.0077921319752931595;0.8965517282485962
353;0.007289661094546318;0.8879310488700867
354;0.007281790487468243;0.8879310488700867
355;0.007000329438596964;0.9051724076271057
356;0.007994432933628559;0.8793103694915771
357;0.007748779840767384;0.9137930870056152
358;0.00714879808947444;0.8965517282485962
359;0.0073760454542934895;0.8793103694915771
360;0.007371212355792522;0.9051724076271057
361;0.00707975635305047;0.9051724076271057
362;0.007387127261608839;0.9051724076271057
363;0.007627788931131363;0.8706896305084229
364;0.007277240045368671;0.8793103694915771
365;0.007282978855073452;0.9137930870056152
366;0.0070786545984447;0.9051724076271057
367;0.007506738416850567;0.8965517282485962
368;0.0074889687821269035;0.8706896305084229
369;0.007055523339658976;0.9051724076271057
370;0.006936073303222656;0.9137930870056152
371;0.007497033104300499;0.8965517282485962
372;0.007267862092703581;0.9137930870056152
373;0.007173227146267891;0.8879310488700867
374;0.00741116888821125;0.8793103694915771
375;0.007597038522362709;0.8793103694915771
376;0.007217267528176308;0.9051724076271057
377;0.007401138544082642;0.8793103694915771
378;0.0076524363830685616;0.8706896305084229
379;0.0074592954479157925;0.8793103694915771
380;0.007182378321886063;0.8965517282485962
381;0.007126959506422281;0.8879310488700867
382;0.007387092802673578;0.9051724076271057
383;0.0071671283803880215;0.8965517282485962
384;0.007367233745753765;0.8965517282485962
385;0.0076319812797009945;0.8793103694915771
386;0.007948280312120914;0.8879310488700867
387;0.007654303684830666;0.8706896305084229
388;0.007231855299323797;0.9051724076271057
389;0.007355106994509697;0.9051724076271057
390;0.007812933064997196;0.9051724076271057
391;0.007413193117827177;0.8706896305084229
392;0.007503957021981478;0.8793103694915771
393;0.0074683260172605515;0.8620689511299133
394;0.0068962424993515015;0.8879310488700867
395;0.007369392551481724;0.9137930870056152
396;0.006886026822030544;0.9051724076271057
397;0.007281676400452852;0.8879310488700867
398;0.007162578869611025;0.9051724076271057
399;0.006900055333971977;0.9137930870056152
400;0.007358940783888102;0.9051724076271057
401;0.0072021191008389;0.8965517282485962
402;0.007343456614762545;0.9051724076271057
403;0.007249093148857355;0.9224137663841248
404;0.006907688453793526;0.9051724076271057
405;0.006972644478082657;0.9051724076271057
406;0.006907532922923565;0.8965517282485962
407;0.006724167615175247;0.9137930870056152
408;0.007174098864197731;0.8879310488700867
409;0.00716010108590126;0.9137930870056152
410;0.007186623755842447;0.9224137663841248
411;0.007269179914146662;0.8965517282485962
412;0.006855841726064682;0.9051724076271057
413;0.0071283564902842045;0.8965517282485962
414;0.006946647074073553;0.9224137663841248
415;0.006713515147566795;0.9051724076271057
416;0.0071869040839374065;0.8879310488700867
417;0.006771704647690058;0.8965517282485962
418;0.006834475789219141;0.9051724076271057
419;0.006942644715309143;0.9051724076271057
420;0.006650047842413187;0.9137930870056152
421;0.0066775674931705;0.9224137663841248
422;0.006846761796623468;0.9051724076271057
423;0.007181514985859394;0.8965517282485962
424;0.007664961740374565;0.8965517282485962
425;0.006676993332803249;0.931034505367279
426;0.00695352628827095;0.9137930870056152
427;0.007144791539758444;0.9051724076271057
428;0.006346491631120443;0.9137930870056152
429;0.00698748417198658;0.8965517282485962
430;0.007485872134566307;0.9051724076271057
431;0.0066711013205349445;0.8706896305084229
432;0.006898642983287573;0.8879310488700867
433;0.006785531062632799;0.8879310488700867
434;0.006924682296812534;0.9051724076271057
435;0.006652135867625475;0.9137930870056152
436;0.006986718159168959;0.9137930870056152
437;0.006806499324738979;0.9137930870056152
438;0.0069305794313549995;0.8879310488700867
439;0.00711242388933897;0.8965517282485962
440;0.007107185199856758;0.8965517282485962
441;0.0069517348892986774;0.8965517282485962
442;0.007160679902881384;0.8965517282485962
443;0.006848790682852268;0.9051724076271057
444;0.006926680915057659;0.9137930870056152
445;0.006889796815812588;0.8965517282485962
446;0.006415276322513819;0.9224137663841248
447;0.0066413902677595615;0.9224137663841248
448;0.006701113656163216;0.9051724076271057
449;0.006333657540380955;0.9224137663841248
450;0.007280021905899048;0.8879310488700867
451;0.006833645515143871;0.9224137663841248
452;0.006608033552765846;0.9137930870056152
453;0.00677160918712616;0.9051724076271057
454;0.006805607583373785;0.9224137663841248
455;0.006688511930406094;0.9224137663841248
456;0.006630274001508951;0.9137930870056152
457;0.006753436755388975;0.9224137663841248
458;0.0069017852656543255;0.9137930870056152
459;0.006789115723222494;0.9137930870056152
460;0.006816855166107416;0.9051724076271057
461;0.006442675366997719;0.9137930870056152
462;0.006633678451180458;0.8965517282485962
463;0.006933529395610094;0.8793103694915771
464;0.0063721309415996075;0.9051724076271057
465;0.006746969185769558;0.9137930870056152
466;0.006386672146618366;0.9051724076271057
467;0.006608667317777872;0.9137930870056152
468;0.00627351738512516;0.9224137663841248
469;0.006449566688388586;0.9137930870056152
470;0.006674616131931543;0.9137930870056152
471;0.0062128882855176926;0.9137930870056152
472;0.006701124832034111;0.9137930870056152
473;0.006442498415708542;0.9224137663841248
474;0.006106588989496231;0.9137930870056152
475;0.006572501268237829;0.9137930870056152
476;0.006593282800167799;0.9137930870056152
477;0.006242581643164158;0.8965517282485962
478;0.006293469574302435;0.9137930870056152
479;0.006268295459449291;0.9137930870056152
480;0.00615690229460597;0.9137930870056152
481;0.00648321770131588;0.9224137663841248
482;0.006547368597239256;0.9137930870056152
483;0.005986783653497696;0.9137930870056152
484;0.006255535874515772;0.9137930870056152
485;0.00609671650454402;0.9051724076271057
486;0.006194988265633583;0.931034505367279
487;0.0062337093986570835;0.9224137663841248
488;0.006266182754188776;0.9137930870056152
489;0.006638143211603165;0.8965517282485962
490;0.0069368137046694756;0.8793103694915771
491;0.006261429283767939;0.9224137663841248
492;0.006390733644366264;0.9137930870056152
493;0.006192564498633146;0.9224137663841248
494;0.006743493024259806;0.9137930870056152
495;0.005955876782536507;0.931034505367279
496;0.006365426350384951;0.9137930870056152
497;0.006368911359459162;0.8965517282485962
498;0.0061979698948562145;0.931034505367279
499;0.006123053841292858;0.931034505367279
500;0.005929621867835522;0.931034505367279
501;0.006350289098918438;0.9137930870056152
502;0.006085826549679041;0.9137930870056152
503;0.006663705222308636;0.9137930870056152
504;0.006220841780304909;0.9051724076271057
505;0.006029428448528051;0.9224137663841248
506;0.0060822563245892525;0.9224137663841248
507;0.006270674057304859;0.931034505367279
508;0.005995018873363733;0.9396551847457886
509;0.006155418697744608;0.9137930870056152
510;0.006222865544259548;0.9224137663841248
511;0.006507721729576588;0.9051724076271057
512;0.006012426223605871;0.9137930870056152
513;0.00611894903704524;0.931034505367279
514;0.006034316029399633;0.931034505367279
515;0.006183028686791658;0.9051724076271057
516;0.006201808340847492;0.9137930870056152
517;0.006014734972268343;0.9224137663841248
518;0.0065690018236637115;0.8965517282485962
519;0.00619147252291441;0.931034505367279
520;0.005781656596809626;0.9396551847457886
521;0.006085617002099752;0.931034505367279
522;0.006023196037858725;0.9137930870056152
523;0.0063752830028533936;0.9224137663841248
524;0.006078328471630812;0.9224137663841248
525;0.006236142944544554;0.9224137663841248
526;0.006301459856331348;0.9224137663841248
527;0.005782936699688435;0.931034505367279
528;0.00595287699252367;0.9568965435028076
529;0.005764743313193321;0.9224137663841248
530;0.005995358340442181;0.931034505367279
531;0.006111602298915386;0.9137930870056152
532;0.005419823341071606;0.931034505367279
533;0.006304544862359762;0.9224137663841248
534;0.0066959368996322155;0.9137930870056152
535;0.005922046955674887;0.9137930870056152
536;0.006011124700307846;0.931034505367279
537;0.005896208342164755;0.9137930870056152
538;0.0057923924177885056;0.9137930870056152
539;0.005836864933371544;0.9137930870056152
540;0.006254263687878847;0.9224137663841248
541;0.005925913341343403;0.9396551847457886
542;0.0058692442253232;0.931034505367279
543;0.006057857070118189;0.931034505367279
544;0.00564516382291913;0.931034505367279
545;0.0055975834839046;0.931034505367279
546;0.005753389094024897;0.9224137663841248
547;0.006047753617167473;0.9137930870056152
548;0.0055512841790914536;0.9396551847457886
549;0.005740005522966385;0.9224137663841248
550;0.005835969466716051;0.9224137663841248
551;0.005611005239188671;0.9224137663841248
552;0.005411155056208372;0.9482758641242981
553;0.006550115533173084;0.9137930870056152
554;0.005811186041682959;0.931034505367279
555;0.0057161427102983;0.931034505367279
556;0.005654745269566774;0.9224137663841248
557;0.00570411141961813;0.931034505367279
558;0.005692100152373314;0.9224137663841248
559;0.005693954881280661;0.9224137663841248
560;0.0063952128402888775;0.9224137663841248
561;0.005577836651355028;0.9396551847457886
562;0.005996916443109512;0.931034505367279
563;0.0058130561374127865;0.931034505367279
564;0.006173370871692896;0.9137930870056152
565;0.005510523449629545;0.9396551847457886
566;0.0055224718526005745;0.9396551847457886
567;0.005940621718764305;0.9224137663841248
568;0.0055322181433439255;0.931034505367279
569;0.005460223648697138;0.9396551847457886
570;0.005594521760940552;0.931034505367279
571;0.006459482479840517;0.9137930870056152
572;0.005744487512856722;0.9396551847457886
573;0.0057627735659480095;0.9396551847457886
574;0.00555042689666152;0.9224137663841248
575;0.005741325207054615;0.9396551847457886
576;0.0061921714805066586;0.9224137663841248
577;0.005433680023998022;0.931034505367279
578;0.005796894431114197;0.931034505367279
579;0.005898050032556057;0.9396551847457886
580;0.005368896760046482;0.931034505367279
581;0.006092775613069534;0.931034505367279
582;0.005531668197363615;0.9396551847457886
583;0.006622972432523966;0.9224137663841248
584;0.006076210178434849;0.931034505367279
585;0.005797818768769503;0.931034505367279
586;0.005816637072712183;0.931034505367279
587;0.005677265580743551;0.931034505367279
588;0.00863801222294569;0.8620689511299133
589;0.023379463702440262;0.5862069129943848
590;0.036664459854364395;0.27586206793785095
591;0.022609567269682884;0.6034482717514038
592;0.016031036153435707;0.767241358757019
593;0.01901857554912567;0.6034482717514038
594;0.02384391985833645;0.517241358757019
595;0.02115364745259285;0.6034482717514038
596;0.0211162231862545;0.6206896305084229
597;0.01843562163412571;0.6724137663841248
598;0.015200269408524036;0.732758641242981
599;0.012162812985479832;0.7758620977401733
600;0.012896916829049587;0.8017241358757019
601;0.013431196101009846;0.8362069129943848
602;0.012387187220156193;0.8448275923728943
603;0.010923529975116253;0.9051724076271057
604;0.01141694188117981;0.8793103694915771
605;0.00978381559252739;0.8965517282485962
606;0.009734143503010273;0.9396551847457886
607;0.009503299370408058;0.9137930870056152
608;0.008739390410482883;0.8965517282485962
609;0.008085334673523903;0.931034505367279
610;0.008860544301569462;0.9051724076271057
611;0.008206154219806194;0.9224137663841248
612;0.008022564463317394;0.8965517282485962
613;0.007407199125736952;0.9396551847457886
614;0.007841820828616619;0.9224137663841248
615;0.007053476758301258;0.931034505367279
616;0.007436024025082588;0.9224137663841248
617;0.00674758804962039;0.931034505367279
618;0.007034452632069588;0.9137930870056152
619;0.006756327114999294;0.9396551847457886
620;0.006731480825692415;0.931034505367279
621;0.006803485099226236;0.931034505367279
622;0.00653094844892621;0.9137930870056152
623;0.006659164559096098;0.931034505367279
624;0.006624159868806601;0.9396551847457886
625;0.006238043773919344;0.9051724076271057
626;0.0061423820443451405;0.9224137663841248
627;0.005887067876756191;0.9224137663841248
628;0.005989269819110632;0.9396551847457886
629;0.005859240889549255;0.931034505367279
630;0.006261610891669989;0.9224137663841248
631;0.006099042482674122;0.9224137663841248
632;0.005920072086155415;0.9396551847457886
633;0.005505497567355633;0.9224137663841248
634;0.005403086077421904;0.9137930870056152
635;0.005345628131181002;0.9224137663841248
636;0.006027447059750557;0.931034505367279
637;0.005414656363427639;0.9396551847457886
638;0.005503039341419935;0.9482758641242981
639;0.005844188388437033;0.9051724076271057
640;0.0055853985249996185;0.931034505367279
641;0.005101646296679974;0.9224137663841248
642;0.006051506381481886;0.9051724076271057
643;0.005265912506729364;0.9224137663841248
644;0.00572201469913125;0.9137930870056152
645;0.005873559042811394;0.9137930870056152
646;0.005536505952477455;0.9224137663841248
647;0.005883852951228619;0.9137930870056152
648;0.005507600959390402;0.931034505367279
649;0.005592087283730507;0.931034505367279
650;0.005468832328915596;0.931034505367279
651;0.00516159413382411;0.931034505367279
652;0.00555886747315526;0.9396551847457886
653;0.0050832293927669525;0.9396551847457886
654;0.00533621059730649;0.9224137663841248
655;0.005060555879026651;0.931034505367279
656;0.005404555704444647;0.9137930870056152
657;0.005082585383206606;0.931034505367279
658;0.005159216932952404;0.9396551847457886
659;0.004915688652545214;0.931034505367279
660;0.005302011966705322;0.9224137663841248
661;0.005415444262325764;0.9396551847457886
662;0.0052527375519275665;0.931034505367279
663;0.005328715313225985;0.9224137663841248
664;0.004838930442929268;0.9396551847457886
665;0.005035424139350653;0.931034505367279
666;0.005435951519757509;0.931034505367279
667;0.005375119857490063;0.9396551847457886
668;0.0053255814127624035;0.9224137663841248
669;0.005036575719714165;0.9224137663841248
670;0.005163156893104315;0.931034505367279
671;0.005049549974501133;0.9396551847457886
672;0.005064563825726509;0.9396551847457886
673;0.005201873369514942;0.9224137663841248
674;0.0049064126797020435;0.9224137663841248
675;0.005131902638822794;0.931034505367279
676;0.005020974203944206;0.931034505367279
677;0.005228403955698013;0.9396551847457886
678;0.005050675477832556;0.931034505367279
679;0.005175962578505278;0.931034505367279
680;0.0047142356634140015;0.9224137663841248
681;0.005133786704391241;0.931034505367279
682;0.005238927435129881;0.9224137663841248
683;0.005451451055705547;0.8965517282485962
684;0.005147221032530069;0.9224137663841248
685;0.005809399299323559;0.9224137663841248
686;0.004616773221641779;0.9396551847457886
687;0.005067259073257446;0.9224137663841248
688;0.004904450848698616;0.931034505367279
689;0.004939679056406021;0.9396551847457886
690;0.005045128986239433;0.931034505367279
691;0.004736096132546663;0.931034505367279
692;0.00500433798879385;0.931034505367279
693;0.0048575494438409805;0.931034505367279
694;0.005126764997839928;0.931034505367279
695;0.005060871131718159;0.931034505367279
696;0.005087192635983229;0.931034505367279
697;0.004901074338704348;0.9482758641242981
698;0.004878134932368994;0.931034505367279
699;0.004785153083503246;0.931034505367279
700;0.005106572061777115;0.9051724076271057
701;0.005105508491396904;0.931034505367279
702;0.005092667881399393;0.9224137663841248
703;0.004937346093356609;0.931034505367279
704;0.004770892672240734;0.9396551847457886
705;0.004896571394056082;0.9137930870056152
706;0.004703329410403967;0.931034505367279
707;0.004814164247363806;0.9482758641242981
708;0.004942799918353558;0.9224137663841248
709;0.005004066042602062;0.931034505367279
710;0.004971194081008434;0.9224137663841248
711;0.005156488623470068;0.9224137663841248
712;0.004757652059197426;0.9396551847457886
713;0.005173737183213234;0.931034505367279
714;0.004924603272229433;0.931034505367279
715;0.004802818410098553;0.931034505367279
716;0.004572845064103603;0.9224137663841248
717;0.004856896586716175;0.931034505367279
718;0.004879980813711882;0.931034505367279
719;0.004844853188842535;0.9137930870056152
720;0.0047824569046497345;0.9224137663841248
721;0.005228470545262098;0.9137930870056152
722;0.00467852083966136;0.931034505367279
723;0.004634086042642593;0.931034505367279
724;0.004668957553803921;0.9396551847457886
725;0.005013529676944017;0.931034505367279
726;0.005220253020524979;0.9224137663841248
727;0.005050128325819969;0.931034505367279
728;0.004626423120498657;0.9396551847457886
729;0.004554968327283859;0.9396551847457886
730;0.004537391010671854;0.931034505367279
731;0.004540859255939722;0.931034505367279
732;0.004887495189905167;0.9224137663841248
733;0.0046393536031246185;0.9137930870056152
734;0.004509922582656145;0.9482758641242981
735;0.004406257998198271;0.9396551847457886
736;0.004494383465498686;0.931034505367279
737;0.004942378494888544;0.931034505367279
738;0.005222116596996784;0.9224137663841248
739;0.0050799851305782795;0.9137930870056152
740;0.00500081479549408;0.931034505367279
741;0.004765605553984642;0.931034505367279
742;0.004805564880371094;0.9137930870056152
743;0.005007607396692038;0.931034505367279
744;0.004635828547179699;0.9137930870056152
745;0.004845079500228167;0.9137930870056152
746;0.004751033615320921;0.931034505367279
747;0.004670136142522097;0.931034505367279
748;0.004684721119701862;0.9224137663841248
749;0.004633598495274782;0.9396551847457886
750;0.004875238053500652;0.931034505367279
751;0.004902863409370184;0.9482758641242981
752;0.00470892945304513;0.931034505367279
753;0.0046697091311216354;0.931034505367279
754;0.004406401887536049;0.9396551847457886
755;0.005155567079782486;0.9224137663841248
756;0.005026753060519695;0.931034505367279
757;0.004706679377704859;0.931034505367279
758;0.004695019219070673;0.931034505367279
759;0.0044486625120043755;0.9224137663841248
760;0.004533281549811363;0.9396551847457886
761;0.004461292177438736;0.9396551847457886
762;0.004855271894484758;0.9137930870056152
763;0.004795054905116558;0.9396551847457886
764;0.004716797266155481;0.9137930870056152
765;0.005026091355830431;0.9224137663841248
766;0.004618790466338396;0.931034505367279
767;0.00484976451843977;0.931034505367279
768;0.004848105367273092;0.931034505367279
769;0.004420551937073469;0.931034505367279
770;0.0046645584516227245;0.931034505367279
771;0.004654567688703537;0.931034505367279
772;0.003988773096352816;0.9482758641242981
773;0.005044168327003717;0.9137930870056152
774;0.004668569657951593;0.931034505367279
775;0.0044798217713832855;0.9224137663841248
776;0.005217254627496004;0.9224137663841248
777;0.004626107402145863;0.9224137663841248
778;0.004482850898057222;0.9224137663841248
779;0.004695880692452192;0.931034505367279
780;0.004426097497344017;0.931034505367279
781;0.00470185000449419;0.9396551847457886
782;0.004363354295492172;0.9396551847457886
783;0.004514604341238737;0.9224137663841248
784;0.00419614976271987;0.9224137663841248
785;0.0044860015623271465;0.9224137663841248
786;0.00435273302718997;0.9396551847457886
787;0.00427909754216671;0.9396551847457886
788;0.004606594331562519;0.9396551847457886
789;0.0046472144313156605;0.9224137663841248
790;0.004583117086440325;0.931034505367279
791;0.0043033575639128685;0.9396551847457886
792;0.004644518718123436;0.931034505367279
793;0.004292039666324854;0.9482758641242981
794;0.0046997638419270515;0.9396551847457886
795;0.004544824827462435;0.931034505367279
796;0.00485973758623004;0.9137930870056152
797;0.004748292732983828;0.9137930870056152
798;0.004590841941535473;0.931034505367279
799;0.004406196065247059;0.9396551847457886
800;0.004616363439708948;0.9224137663841248
801;0.0045368908904492855;0.9396551847457886
802;0.004439092241227627;0.9396551847457886
803;0.0045647756196558475;0.931034505367279
804;0.004247318487614393;0.9224137663841248
805;0.004384902305901051;0.931034505367279
806;0.004681505728513002;0.931034505367279
807;0.004350287839770317;0.931034505367279
808;0.0041430797427892685;0.9482758641242981
809;0.00439380994066596;0.9224137663841248
810;0.005028182175010443;0.931034505367279
811;0.004359688609838486;0.9396551847457886
812;0.004902014508843422;0.9224137663841248
813;0.004541346337646246;0.9137930870056152
814;0.004274577833712101;0.9224137663841248
815;0.004559186287224293;0.9137930870056152
816;0.004573317710310221;0.9224137663841248
817;0.004314577206969261;0.9396551847457886
818;0.004585555754601955;0.9224137663841248
819;0.004096344579011202;0.931034505367279
820;0.005008540581911802;0.931034505367279
821;0.0051520769484341145;0.9051724076271057
822;0.004431418143212795;0.931034505367279
823;0.0045539261773228645;0.931034505367279
824;0.0048900144174695015;0.931034505367279
825;0.004205771256238222;0.9224137663841248
826;0.004474543500691652;0.931034505367279
827;0.004743590485304594;0.9396551847457886
828;0.004818235523998737;0.931034505367279
829;0.004365915432572365;0.931034505367279
830;0.004289319738745689;0.931034505367279
831;0.004297556355595589;0.9224137663841248
832;0.004527483135461807;0.9224137663841248
833;0.004398562479764223;0.931034505367279
834;0.0048291925340890884;0.9224137663841248
835;0.0044893985614180565;0.931034505367279
836;0.004580293316394091;0.9224137663841248
837;0.004738131072372198;0.931034505367279
838;0.004775917623192072;0.9224137663841248
839;0.004665593151003122;0.9224137663841248
840;0.004375263582915068;0.9482758641242981
841;0.004891731310635805;0.8965517282485962
842;0.0042847273871302605;0.9224137663841248
843;0.00450174231082201;0.9224137663841248
844;0.004250499419867992;0.931034505367279
845;0.004352119285613298;0.9396551847457886
846;0.004668355453759432;0.9224137663841248
847;0.0046476684510707855;0.9224137663841248
848;0.004321665968745947;0.931034505367279
849;0.004700811579823494;0.931034505367279
850;0.004318299703299999;0.931034505367279
851;0.004346377681940794;0.9224137663841248
852;0.004273494705557823;0.9396551847457886
853;0.00439487537369132;0.931034505367279
854;0.004312440752983093;0.931034505367279
855;0.004111194983124733;0.9396551847457886
856;0.0043568480759859085;0.931034505367279
857;0.004517244640737772;0.9396551847457886
858;0.004461277276277542;0.9396551847457886
859;0.004488968290388584;0.931034505367279
860;0.004210425540804863;0.9396551847457886
861;0.0043040681630373;0.931034505367279
862;0.004207946825772524;0.931034505367279
863;0.004478471353650093;0.9224137663841248
864;0.0045197103172540665;0.931034505367279
865;0.004293582867830992;0.931034505367279
866;0.0044813151471316814;0.9224137663841248
867;0.0045553939417004585;0.931034505367279
868;0.004406812600791454;0.9396551847457886
869;0.004466069862246513;0.931034505367279
870;0.00454173656180501;0.9224137663841248
871;0.004462243057787418;0.9224137663841248
872;0.0044402615167200565;0.9224137663841248
873;0.004281952045857906;0.9396551847457886
874;0.004786837380379438;0.931034505367279
875;0.005003535188734531;0.931034505367279
876;0.004866905976086855;0.9137930870056152
877;0.004664350301027298;0.9137930870056152
878;0.0043949768878519535;0.931034505367279
879;0.004701470024883747;0.931034505367279
880;0.004916958976536989;0.931034505367279
881;0.004629913717508316;0.9224137663841248
882;0.004390310496091843;0.931034505367279
883;0.004504421725869179;0.931034505367279
884;0.004675660748034716;0.9051724076271057
885;0.004469076171517372;0.931034505367279
886;0.004533181898295879;0.9224137663841248
887;0.004235976841300726;0.931034505367279
888;0.004718164913356304;0.9224137663841248
889;0.0043902527540922165;0.9482758641242981
890;0.004348969552665949;0.9137930870056152
891;0.004443872254341841;0.931034505367279
892;0.0046215299516916275;0.9224137663841248
893;0.004220718052238226;0.931034505367279
894;0.004496817011386156;0.9396551847457886
895;0.0040971580892801285;0.9224137663841248
896;0.004405628889799118;0.9482758641242981
897;0.004356012213975191;0.931034505367279
898;0.004338735248893499;0.931034505367279
899;0.004452774301171303;0.931034505367279
900;0.00414937362074852;0.9137930870056152
901;0.004134083166718483;0.9224137663841248
902;0.004283376969397068;0.931034505367279
903;0.00402867840602994;0.9568965435028076
904;0.00421166280284524;0.9224137663841248
905;0.004325101152062416;0.9396551847457886
906;0.004139191936701536;0.9224137663841248
907;0.004508045967668295;0.9224137663841248
908;0.004385659005492926;0.9224137663841248
909;0.004337370861321688;0.9224137663841248
910;0.004465393256396055;0.9224137663841248
911;0.004417140036821365;0.931034505367279
912;0.004522046539932489;0.931034505367279
913;0.004408853594213724;0.9396551847457886
914;0.004591781180351973;0.9224137663841248
915;0.004186774604022503;0.931034505367279
916;0.003892567940056324;0.9482758641242981
917;0.004439299926161766;0.931034505367279
918;0.004385335370898247;0.931034505367279
919;0.004484049044549465;0.931034505367279
920;0.00432737497612834;0.931034505367279
921;0.004574378952383995;0.9224137663841248
922;0.0044564493000507355;0.9396551847457886
923;0.004194428212940693;0.9396551847457886
924;0.004148476291447878;0.9482758641242981
925;0.004069021437317133;0.9396551847457886
926;0.004395590629428625;0.9482758641242981
927;0.004437320865690708;0.931034505367279
928;0.00435953214764595;0.931034505367279
929;0.004162981174886227;0.9224137663841248
930;0.004589627031236887;0.8965517282485962
931;0.004107136279344559;0.9396551847457886
932;0.003909690771251917;0.9396551847457886
933;0.004079472739249468;0.9396551847457886
934;0.004262256436049938;0.9396551847457886
935;0.0040002865716814995;0.9224137663841248
936;0.004208454396575689;0.931034505367279
937;0.004406575579196215;0.931034505367279
938;0.00437821913510561;0.931034505367279
939;0.0038766092620790005;0.9396551847457886
940;0.004393239505589008;0.931034505367279
941;0.0043487511575222015;0.931034505367279
942;0.004285470582544804;0.9396551847457886
943;0.004168485291302204;0.9224137663841248
944;0.003768133232370019;0.9396551847457886
945;0.004056901205331087;0.9224137663841248
946;0.003919740207493305;0.9396551847457886
947;0.0042173354886472225;0.931034505367279
948;0.0041056289337575436;0.931034505367279
949;0.004313372541218996;0.931034505367279
950;0.004413709510117769;0.9224137663841248
951;0.003927818965166807;0.9396551847457886
952;0.0044443947263062;0.931034505367279
953;0.003938933368772268;0.9482758641242981
954;0.004258887376636267;0.931034505367279
955;0.003990297205746174;0.9396551847457886
956;0.004391001537442207;0.9224137663841248
957;0.004321619868278503;0.9396551847457886
958;0.004323731642216444;0.9137930870056152
959;0.00407774280756712;0.931034505367279
960;0.004323834087699652;0.931034505367279
961;0.004161391407251358;0.931034505367279
962;0.004107433371245861;0.931034505367279
963;0.004104041960090399;0.9396551847457886
964;0.003929967060685158;0.931034505367279
965;0.0041886745020747185;0.931034505367279
966;0.004206952638924122;0.9396551847457886
967;0.004532202612608671;0.931034505367279
968;0.004314810503274202;0.9224137663841248
969;0.00407088128849864;0.9396551847457886
970;0.0045706587843596935;0.9137930870056152
971;0.004318183287978172;0.9224137663841248
972;0.004176844842731953;0.931034505367279
973;0.0042354813776910305;0.931034505367279
974;0.004176143556833267;0.9396551847457886
975;0.0040610432624816895;0.9568965435028076
976;0.004027528688311577;0.9137930870056152
977;0.004298997111618519;0.931034505367279
978;0.0038413770962506533;0.9482758641242981
979;0.004238792695105076;0.9482758641242981
980;0.004434693604707718;0.931034505367279
981;0.004193532280623913;0.931034505367279
982;0.0041127437725663185;0.931034505367279
983;0.004219743423163891;0.931034505367279
984;0.00409773038700223;0.9396551847457886
985;0.004135504364967346;0.9224137663841248
986;0.004279973451048136;0.931034505367279
987;0.003929781261831522;0.931034505367279
988;0.004210268147289753;0.931034505367279
989;0.004039647988975048;0.931034505367279
990;0.004179422277957201;0.9396551847457886
991;0.004287975840270519;0.9224137663841248
992;0.004176964517682791;0.9224137663841248
993;0.004480049479752779;0.9137930870056152
994;0.004199163988232613;0.931034505367279
995;0.004279141779989004;0.931034505367279
996;0.004019067157059908;0.931034505367279
997;0.004441118333488703;0.9396551847457886
998;0.004086521454155445;0.9224137663841248
999;0.0037355879321694374;0.9396551847457886
1000;0.003962941467761993;0.931034505367279
1001;0.004305546171963215;0.9224137663841248
1002;0.003992475103586912;0.9396551847457886
1003;0.004149639513343573;0.9224137663841248
1004;0.004510547965764999;0.9224137663841248
1005;0.004199212417006493;0.931034505367279
1006;0.0041620125994086266;0.9396551847457886
1007;0.004185091238468885;0.931034505367279
1008;0.0040990253910422325;0.931034505367279
1009;0.004209632519632578;0.931034505367279
1010;0.003890099935233593;0.9396551847457886
1011;0.004628418479114771;0.9224137663841248
1012;0.003759087063372135;0.9396551847457886
1013;0.0038403954822570086;0.9396551847457886
1014;0.004191769752651453;0.931034505367279
1015;0.004191223531961441;0.931034505367279
1016;0.004172501619905233;0.931034505367279
1017;0.004138748161494732;0.9224137663841248
1018;0.004159514792263508;0.9224137663841248
1019;0.00445906026288867;0.9224137663841248
1020;0.00391452107578516;0.931034505367279
1021;0.00406889570876956;0.931034505367279
1022;0.004030878655612469;0.931034505367279
1023;0.004250163212418556;0.931034505367279
1024;0.0043294383212924;0.9137930870056152
1025;0.004376999102532864;0.9224137663841248
1026;0.004380995407700539;0.9224137663841248
1027;0.004015309736132622;0.9396551847457886
1028;0.003946032375097275;0.9396551847457886
1029;0.0040152291767299175;0.931034505367279
1030;0.00399561645463109;0.9224137663841248
1031;0.004110680427402258;0.931034505367279
1032;0.0041960906237363815;0.931034505367279
1033;0.004067676141858101;0.931034505367279
1034;0.004179089795798063;0.931034505367279
1035;0.00404611648991704;0.9224137663841248
1036;0.00445407722145319;0.9224137663841248
1037;0.004323909059166908;0.9051724076271057
1038;0.004129267763346434;0.9224137663841248
1039;0.004274449311196804;0.931034505367279
1040;0.004222727846354246;0.931034505367279
1041;0.004409282933920622;0.9137930870056152
1042;0.004037562757730484;0.931034505367279
1043;0.00407799519598484;0.9568965435028076
1044;0.0038896482437849045;0.931034505367279
1045;0.004195236600935459;0.931034505367279
1046;0.004335912875831127;0.931034505367279
1047;0.004555429331958294;0.9137930870056152
1048;0.004516483750194311;0.9224137663841248
1049;0.00398253696039319;0.931034505367279
1050;0.004109552130103111;0.931034505367279
1051;0.004015789832919836;0.9224137663841248
1052;0.004171252250671387;0.9396551847457886
1053;0.0039472621865570545;0.931034505367279
1054;0.004148588515818119;0.9224137663841248
1055;0.00407650601118803;0.9396551847457886
1056;0.0039725713431835175;0.9224137663841248
1057;0.003844252321869135;0.9482758641242981
1058;0.004288694355636835;0.9396551847457886
1059;0.0040292637422680855;0.931034505367279
1060;0.004230780992656946;0.9396551847457886
1061;0.003771781222894788;0.9568965435028076
1062;0.004256753716617823;0.931034505367279
1063;0.0040902504697442055;0.9224137663841248
1064;0.0040532792918384075;0.931034505367279
1065;0.004375796765089035;0.9137930870056152
1066;0.004093172959983349;0.9137930870056152
1067;0.00402557197958231;0.9482758641242981
1068;0.004152781330049038;0.931034505367279
1069;0.004224475473165512;0.9137930870056152
1070;0.004133656155318022;0.9224137663841248
1071;0.004031177144497633;0.931034505367279
1072;0.004182750359177589;0.9224137663841248
1073;0.003815916134044528;0.9396551847457886
1074;0.003943844698369503;0.9224137663841248
1075;0.004050096031278372;0.9137930870056152
1076;0.004031790886074305;0.931034505367279
1077;0.003991803620010614;0.9396551847457886
1078;0.004173239227384329;0.931034505367279
1079;0.0037253715563565493;0.931034505367279
1080;0.004521931521594524;0.9051724076271057
1081;0.004086980130523443;0.9224137663841248
1082;0.004322376102209091;0.9396551847457886
1083;0.004038981627672911;0.931034505367279
1084;0.0041061388328671455;0.931034505367279
1085;0.0042680115438997746;0.9224137663841248
1086;0.003977841231971979;0.931034505367279
1087;0.004283099435269833;0.9224137663841248
1088;0.004240311216562986;0.9396551847457886
1089;0.003885691985487938;0.931034505367279
1090;0.004086836241185665;0.9396551847457886
1091;0.004228541627526283;0.931034505367279
1092;0.004165038466453552;0.9224137663841248
1093;0.0037320354022085667;0.9396551847457886
1094;0.003811602247878909;0.9568965435028076
1095;0.004002409987151623;0.9396551847457886
1096;0.0039315056055784225;0.9224137663841248
1097;0.003986293449997902;0.931034505367279
1098;0.003917152062058449;0.9482758641242981
1099;0.004128831438720226;0.9396551847457886
1100;0.003965549636632204;0.9396551847457886
1101;0.004065760876983404;0.931034505367279
1102;0.0037313702050596476;0.9396551847457886
1103;0.003752095391973853;0.9224137663841248
1104;0.00384551752358675;0.9396551847457886
1105;0.004123975522816181;0.931034505367279
1106;0.004004041664302349;0.9224137663841248
1107;0.003999890759587288;0.9482758641242981
1108;0.0036796750500798225;0.9396551847457886
1109;0.004209322854876518;0.9224137663841248
1110;0.003818809287622571;0.9137930870056152
1111;0.004206334240734577;0.9137930870056152
1112;0.004121453035622835;0.9396551847457886
1113;0.0037916703149676323;0.9224137663841248
1114;0.004073189105838537;0.9224137663841248
1115;0.003917335998266935;0.9482758641242981
1116;0.004100033547729254;0.9137930870056152
1117;0.0040607452392578125;0.9396551847457886
1118;0.0038141505792737007;0.931034505367279
1119;0.003986284602433443;0.9396551847457886
1120;0.00384776690043509;0.9396551847457886
1121;0.004265223164111376;0.9224137663841248
1122;0.004057839512825012;0.931034505367279
1123;0.0039010525215417147;0.9396551847457886
1124;0.004052984062582254;0.931034505367279
1125;0.0036875379737466574;0.9224137663841248
1126;0.0038257348351180553;0.9396551847457886
1127;0.004148223903030157;0.9396551847457886
1128;0.003868792438879609;0.9396551847457886
1129;0.004220563918352127;0.9051724076271057
1130;0.0039060411509126425;0.931034505367279
1131;0.00403448985889554;0.931034505367279
1132;0.0038414450827986;0.9224137663841248
1133;0.003963481169193983;0.931034505367279
1134;0.004299308639019728;0.9224137663841248
1135;0.003876329166814685;0.9396551847457886
1136;0.0037819133140146732;0.9482758641242981
1137;0.0037199603393673897;0.931034505367279
1138;0.0041864230297505856;0.931034505367279
1139;0.004244353622198105;0.9224137663841248
1140;0.0036870529875159264;0.931034505367279
1141;0.004118634387850761;0.9137930870056152
1142;0.004078124649822712;0.931034505367279
1143;0.004001774359494448;0.9396551847457886
1144;0.004121127538383007;0.9224137663841248
1145;0.004101458005607128;0.931034505367279
1146;0.004060765728354454;0.931034505367279
1147;0.004493266809731722;0.931034505367279
1148;0.004075882025063038;0.9224137663841248
1149;0.004440124612301588;0.931034505367279
1150;0.0038999479729682207;0.931034505367279
1151;0.004111649934202433;0.9482758641242981
1152;0.0039054087828844786;0.931034505367279
1153;0.003904105396941304;0.9224137663841248
1154;0.0038838693872094154;0.9224137663841248
1155;0.003951126243919134;0.931034505367279
1156;0.004300250206142664;0.931034505367279
1157;0.003672858467325568;0.9568965435028076
1158;0.004017687868326902;0.9224137663841248
1159;0.004191580694168806;0.9396551847457886
1160;0.004211475141346455;0.9224137663841248
1161;0.003786371322348714;0.9224137663841248
1162;0.0038352319970726967;0.931034505367279
1163;0.004120890982449055;0.9224137663841248
1164;0.003951338119804859;0.9224137663841248
1165;0.0037814124953001738;0.9396551847457886
1166;0.0038986278232187033;0.9224137663841248
1167;0.0039785620756447315;0.9482758641242981
1168;0.004122273530811071;0.931034505367279
1169;0.004051264375448227;0.9396551847457886
1170;0.004250019323080778;0.9224137663841248
1171;0.00385071849450469;0.931034505367279
1172;0.0036068984773010015;0.931034505367279
1173;0.004120806697756052;0.931034505367279
1174;0.004127266351133585;0.931034505367279
1175;0.00400514854118228;0.931034505367279
1176;0.00393292773514986;0.931034505367279
1177;0.003952389117330313;0.9224137663841248
1178;0.0038299174048006535;0.9396551847457886
1179;0.004116878379136324;0.9224137663841248
1180;0.0036657736636698246;0.931034505367279
1181;0.0038500032387673855;0.931034505367279
1182;0.004013236612081528;0.931034505367279
1183;0.0038827829994261265;0.9396551847457886
1184;0.0043428693898022175;0.9224137663841248
1185;0.004099870100617409;0.9396551847457886
1186;0.003998763393610716;0.9224137663841248
1187;0.003915729932487011;0.931034505367279
1188;0.003973040264099836;0.931034505367279
1189;0.003729189047589898;0.931034505367279
1190;0.004290822893381119;0.931034505367279
1191;0.0038310650270432234;0.931034505367279
1192;0.0036779267247766256;0.9396551847457886
1193;0.0039838687516748905;0.931034505367279
1194;0.0036852238699793816;0.9482758641242981
1195;0.004129390697926283;0.9224137663841248
1196;0.0039232708513736725;0.931034505367279
1197;0.003855897579342127;0.9224137663841248
1198;0.004162345081567764;0.931034505367279
1199;0.004276598803699017;0.931034505367279
1200;0.004016562830656767;0.931034505367279
1201;0.004105840809643269;0.9224137663841248
1202;0.003968511708080769;0.931034505367279
1203;0.0037777170073240995;0.931034505367279
1204;0.004114641807973385;0.8965517282485962
1205;0.0038109333254396915;0.9396551847457886
1206;0.0038237168919295073;0.931034505367279
1207;0.0040956404991447926;0.9137930870056152
1208;0.004088916350156069;0.9224137663841248
1209;0.004004192538559437;0.9396551847457886
1210;0.004139559343457222;0.9396551847457886
1211;0.004137804731726646;0.9224137663841248
1212;0.004070023074746132;0.9051724076271057
1213;0.0040028393268585205;0.931034505367279
1214;0.004030766896903515;0.9224137663841248
1215;0.0038923202082514763;0.9396551847457886
1216;0.003937594126909971;0.931034505367279
1217;0.0038316426798701286;0.9396551847457886
1218;0.003823458217084408;0.9396551847457886
1219;0.0036978565622121096;0.9482758641242981
1220;0.004137740470468998;0.9224137663841248
1221;0.003953029867261648;0.9224137663841248
1222;0.004174650646746159;0.931034505367279
1223;0.004284289665520191;0.9396551847457886
1224;0.004043711815029383;0.9396551847457886
1225;0.0038964420091360807;0.9396551847457886
1226;0.004491887986660004;0.9224137663841248
1227;0.004001753404736519;0.9224137663841248
1228;0.003694485407322645;0.931034505367279
1229;0.003915773704648018;0.9224137663841248
1230;0.0039597079157829285;0.9137930870056152
1231;0.0038568114396184683;0.9396551847457886
1232;0.003992881625890732;0.9224137663841248
1233;0.004002080298960209;0.9224137663841248
1234;0.0038918908685445786;0.9224137663841248
1235;0.0038310105446726084;0.9396551847457886
1236;0.004077563062310219;0.931034505367279
1237;0.003929913975298405;0.931034505367279
1238;0.003773013362661004;0.931034505367279
1239;0.003996792249381542;0.9137930870056152
1240;0.003782634623348713;0.9396551847457886
1241;0.003939564805477858;0.931034505367279
1242;0.004003371577709913;0.931034505367279
1243;0.004015746060758829;0.9051724076271057
1244;0.004029829055070877;0.9224137663841248
1245;0.003885141806676984;0.9482758641242981
1246;0.0038081216625869274;0.9224137663841248
1247;0.003872146364301443;0.9224137663841248
1248;0.004411135334521532;0.9224137663841248
1249;0.004304247442632914;0.9396551847457886
1250;0.004431684501469135;0.931034505367279
1251;0.0044185202568769455;0.9224137663841248
1252;0.003955930937081575;0.9396551847457886
1253;0.004164950922131538;0.9137930870056152
1254;0.004451079294085503;0.931034505367279
1255;0.004693180788308382;0.9224137663841248
1256;0.004128007218241692;0.931034505367279
1257;0.0038829094264656305;0.9396551847457886
1258;0.004221145994961262;0.9396551847457886
1259;0.0045214127749204636;0.931034505367279
1260;0.004184124059975147;0.9396551847457886
1261;0.00359842786565423;0.9568965435028076
1262;0.004167313687503338;0.931034505367279
1263;0.003915786277502775;0.9396551847457886
1264;0.004073477350175381;0.931034505367279
1265;0.004155488684773445;0.931034505367279
1266;0.004278700333088636;0.931034505367279
1267;0.003963975235819817;0.931034505367279
1268;0.004194628447294235;0.9224137663841248
1269;0.003885111305862665;0.931034505367279
1270;0.004281982779502869;0.931034505367279
1271;0.0040200697258114815;0.9224137663841248
1272;0.004143980331718922;0.9224137663841248
1273;0.004069709684699774;0.9396551847457886
1274;0.0042131016962230206;0.9137930870056152
1275;0.004030151758342981;0.931034505367279
1276;0.003800608217716217;0.9224137663841248
1277;0.003898860886693001;0.9396551847457886
1278;0.0037724643480032682;0.9482758641242981
1279;0.003838763339444995;0.9224137663841248
1280;0.00408225366845727;0.931034505367279
1281;0.004122263286262751;0.9137930870056152
1282;0.0038402369245886803;0.9396551847457886
1283;0.004031491465866566;0.9396551847457886
1284;0.0038429838605225086;0.931034505367279
1285;0.004010980017483234;0.9137930870056152
1286;0.004016680642962456;0.9396551847457886
1287;0.0037111572455614805;0.9396551847457886
1288;0.003908717539161444;0.931034505367279
1289;0.0041368864476680756;0.931034505367279
1290;0.0038062590174376965;0.9396551847457886
1291;0.004047684837132692;0.9137930870056152
1292;0.00375140318647027;0.931034505367279
1293;0.0036998060531914234;0.9396551847457886
1294;0.0037973930593580008;0.9396551847457886
1295;0.003655787091702223;0.9224137663841248
1296;0.003730280324816704;0.9224137663841248
1297;0.003865923499688506;0.9396551847457886
1298;0.0037146315444260836;0.931034505367279
1299;0.0039091273210942745;0.9396551847457886
1300;0.004007167648524046;0.9482758641242981
1301;0.0038981488905847073;0.931034505367279
1302;0.0038850421551615;0.931034505367279
1303;0.0038194593507796526;0.9224137663841248
1304;0.0036118491552770138;0.931034505367279
1305;0.003800052683800459;0.9224137663841248
1306;0.003738692495971918;0.931034505367279
1307;0.00393163226544857;0.931034505367279
1308;0.004032071679830551;0.931034505367279
1309;0.0038718036375939846;0.931034505367279
1310;0.003363081021234393;0.9396551847457886
1311;0.0037585049867630005;0.9396551847457886
1312;0.0036002101842314005;0.931034505367279
1313;0.0038174213841557503;0.9224137663841248
1314;0.003819357370957732;0.9396551847457886
1315;0.003933744039386511;0.931034505367279
1316;0.004005589056760073;0.931034505367279
1317;0.0041810800321400166;0.9051724076271057
1318;0.0037464031483978033;0.931034505367279
1319;0.003790720133110881;0.931034505367279
1320;0.004057777114212513;0.9224137663841248
1321;0.0038742292672395706;0.931034505367279
1322;0.0038192712236195803;0.931034505367279
1323;0.003861844539642334;0.9396551847457886
1324;0.003880305215716362;0.9224137663841248
1325;0.003921959549188614;0.931034505367279
1326;0.0038900538347661495;0.931034505367279
1327;0.003561425721272826;0.9224137663841248
1328;0.0038325050845742226;0.931034505367279
1329;0.003957450855523348;0.9224137663841248
1330;0.00396354403346777;0.9224137663841248
1331;0.003770647570490837;0.9224137663841248
1332;0.003799856873229146;0.9396551847457886
1333;0.003717846469953656;0.9224137663841248
1334;0.003675699234008789;0.931034505367279
1335;0.004031255375593901;0.931034505367279
1336;0.0038776537403464317;0.931034505367279
1337;0.0038943293038755655;0.931034505367279
1338;0.003939112648367882;0.9482758641242981
1339;0.003692692844197154;0.9396551847457886
1340;0.003942843526601791;0.931034505367279
1341;0.003855345770716667;0.9137930870056152
1342;0.0036016544327139854;0.9396551847457886
1343;0.0036681892815977335;0.931034505367279
1344;0.003978414461016655;0.9224137663841248
1345;0.003925512079149485;0.9396551847457886
1346;0.003994205966591835;0.9051724076271057
1347;0.0037679136730730534;0.931034505367279
1348;0.00392524991184473;0.931034505367279
1349;0.0036920085549354553;0.931034505367279
1350;0.0037176432088017464;0.931034505367279
1351;0.0037654682528227568;0.9396551847457886
1352;0.003625558689236641;0.9396551847457886
1353;0.003705196315422654;0.931034505367279
1354;0.003935442306101322;0.931034505367279
1355;0.004165913909673691;0.9224137663841248
1356;0.003972044680267572;0.931034505367279
1357;0.0036444792058318853;0.931034505367279
1358;0.0041497498750686646;0.9482758641242981
1359;0.003770257579162717;0.931034505367279
1360;0.0040213423781096935;0.9137930870056152
1361;0.003803316969424486;0.931034505367279
1362;0.003880914766341448;0.9224137663841248
1363;0.003779498627409339;0.9396551847457886
1364;0.0038720625452697277;0.931034505367279
1365;0.003495144657790661;0.931034505367279
1366;0.003669355297461152;0.9396551847457886
1367;0.003638806054368615;0.931034505367279
1368;0.003679539542645216;0.931034505367279
1369;0.004136549774557352;0.931034505367279
1370;0.003920267336070538;0.9224137663841248
1371;0.0038151389453560114;0.931034505367279
1372;0.0038178616669028997;0.931034505367279
1373;0.003733211662620306;0.9396551847457886
1374;0.0036394279450178146;0.9396551847457886
1375;0.0035922243259847164;0.9396551847457886
1376;0.003713152138516307;0.9396551847457886
1377;0.00383338937535882;0.9224137663841248
1378;0.003952737431973219;0.931034505367279
1379;0.00370053225196898;0.931034505367279
1380;0.003614994930103421;0.931034505367279
1381;0.0038206768222153187;0.9137930870056152
1382;0.00401539821177721;0.931034505367279
1383;0.0036574210971593857;0.931034505367279
1384;0.0037295115180313587;0.9396551847457886
1385;0.0036713292356580496;0.931034505367279
1386;0.003854096168652177;0.931034505367279
1387;0.0031990045681595802;0.9568965435028076
1388;0.003819761797785759;0.931034505367279
1389;0.0040493556298315525;0.9224137663841248
1390;0.003700427943840623;0.9224137663841248
1391;0.004254176747053862;0.9051724076271057
1392;0.003882393939420581;0.9396551847457886
1393;0.0040567899122834206;0.9137930870056152
1394;0.0037287152372300625;0.9396551847457886
1395;0.004062743857502937;0.9224137663841248
1396;0.0037563510704785585;0.9224137663841248
1397;0.00348998187109828;0.931034505367279
1398;0.0040414901450276375;0.9224137663841248
1399;0.0038896524347364902;0.931034505367279
1400;0.003704576753079891;0.9396551847457886
1401;0.0034775491803884506;0.9568965435028076
1402;0.003924219403415918;0.9224137663841248
1403;0.0037370144855231047;0.9224137663841248
1404;0.0038084518164396286;0.9396551847457886
1405;0.0038407116662710905;0.9224137663841248
1406;0.0034609579015523195;0.9568965435028076
1407;0.003842804813757539;0.931034505367279
1408;0.0036667417734861374;0.9224137663841248
1409;0.003810800379142165;0.931034505367279
1410;0.003960898146033287;0.931034505367279
1411;0.0035577863454818726;0.9482758641242981
1412;0.0034746902529150248;0.9568965435028076
1413;0.003661293303593993;0.931034505367279
1414;0.003641394665464759;0.9224137663841248
1415;0.00333191454410553;0.9396551847457886
1416;0.00343656656332314;0.9482758641242981
1417;0.004052446223795414;0.9396551847457886
1418;0.0039165751077234745;0.9137930870056152
1419;0.003779013641178608;0.9396551847457886
1420;0.0037117868196219206;0.9396551847457886
1421;0.0034206819254904985;0.9655172228813171
1422;0.003707499010488391;0.9224137663841248
1423;0.00361272064037621;0.9224137663841248
1424;0.00362063548527658;0.9482758641242981
1425;0.003443395718932152;0.9568965435028076
1426;0.0038813548162579536;0.931034505367279
1427;0.003547106171026826;0.9224137663841248
1428;0.004228218924254179;0.9137930870056152
1429;0.003739740466699004;0.9396551847457886
1430;0.0036318013444542885;0.9482758641242981
1431;0.0036225125659257174;0.9396551847457886
1432;0.0034974373411387205;0.9568965435028076
1433;0.004028954543173313;0.9224137663841248
1434;0.003494200063869357;0.9482758641242981
1435;0.003564303508028388;0.931034505367279
1436;0.0038366317749023438;0.9224137663841248
1437;0.0035007221158593893;0.9655172228813171
1438;0.003616154892370105;0.9396551847457886
1439;0.0035005882382392883;0.9655172228813171
1440;0.003939542919397354;0.9224137663841248
1441;0.0036164179909974337;0.9396551847457886
1442;0.0034964412916451693;0.9396551847457886
1443;0.003842662088572979;0.9482758641242981
1444;0.0035151969641447067;0.9568965435028076
1445;0.0034008289221674204;0.9482758641242981
1446;0.0035499129444360733;0.9482758641242981
1447;0.003581768600270152;0.9482758641242981
1448;0.0038178458344191313;0.931034505367279
1449;0.0038234195671975613;0.9482758641242981
1450;0.0034199594520032406;0.9655172228813171
1451;0.003341376082971692;0.982758641242981
1452;0.0034933360293507576;0.9482758641242981
1453;0.003330831415951252;0.931034505367279
1454;0.003172376425936818;0.9482758641242981
1455;0.0034050168469548225;0.9482758641242981
1456;0.003534581745043397;0.931034505367279
1457;0.0035249122884124517;0.9568965435028076
1458;0.0037475167773663998;0.9482758641242981
1459;0.0035454905591905117;0.9482758641242981
1460;0.003968315664678812;0.9224137663841248
1461;0.0036971026565879583;0.931034505367279
1462;0.003993691876530647;0.931034505367279
1463;0.0035891348961740732;0.9568965435028076
1464;0.0038770961109548807;0.931034505367279
1465;0.0034327649045735598;0.931034505367279
1466;0.0037635306362062693;0.9482758641242981
1467;0.003189908340573311;0.9655172228813171
1468;0.004174097906798124;0.9224137663841248
1469;0.003748730756342411;0.9482758641242981
1470;0.0031581211369484663;0.9741379022598267
1471;0.0033658090978860855;0.9482758641242981
1472;0.003157279687002301;0.9655172228813171
1473;0.0035346534568816423;0.9568965435028076
1474;0.003278935793787241;0.9913793206214905
1475;0.0038719582371413708;0.9396551847457886
1476;0.004749180283397436;0.931034505367279
1477;0.003261297708377242;0.9396551847457886
1478;0.004368091933429241;0.9137930870056152
1479;0.004220187664031982;0.9224137663841248
1480;0.004332158248871565;0.9137930870056152
1481;0.0031811522785574198;0.9655172228813171
1482;0.0036481318529695272;0.9568965435028076
1483;0.003940911963582039;0.931034505367279
1484;0.004589201416820288;0.9137930870056152
1485;0.0037392147351056337;0.931034505367279
1486;0.0038345896173268557;0.931034505367279
1487;0.003874910995364189;0.9482758641242981
1488;0.003724082373082638;0.9568965435028076
1489;0.004043235443532467;0.931034505367279
1490;0.00923481211066246;0.8793103694915771
1491;0.00389039795845747;0.931034505367279
1492;0.004499977920204401;0.9396551847457886
1493;0.004894123878329992;0.931034505367279
1494;0.007879780605435371;0.8362069129943848
1495;0.0035483334213495255;0.9396551847457886
1496;0.011625044047832489;0.818965494632721
1497;0.01896488480269909;0.7068965435028076
1498;0.023399444296956062;0.5948275923728943
1499;0.02736041322350502;0.568965494632721
