iteration;loss;accuracy
0;0.009460150264203548;0.019305018708109856
1;0.009454645216464996;0.03861003741621971
2;0.00926657672971487;0.04633204638957977
3;0.009227857924997807;0.050193049013614655
4;0.00923061091452837;0.028957528993487358
5;0.009194540791213512;0.06563706696033478
6;0.009156430140137672;0.07915057986974716
7;0.009150133468210697;0.048262547701597214
8;0.009144889190793037;0.050193049013614655
9;0.009117587469518185;0.0617760606110096
10;0.009090747684240341;0.06756756454706192
11;0.009068002924323082;0.0907335877418518
12;0.009075235575437546;0.08494208753108978
13;0.009055045433342457;0.07722007483243942
14;0.00904744304716587;0.06949806958436966
15;0.009030160494148731;0.06563706696033478
16;0.009036188945174217;0.06756756454706192
17;0.009024836122989655;0.06756756454706192
18;0.008996520191431046;0.08687258511781693
19;0.009004753082990646;0.08301158249378204
20;0.008976297453045845;0.09459459781646729
21;0.008973165415227413;0.08301158249378204
22;0.008955981582403183;0.07335907220840454
23;0.008948982693254948;0.10617760568857193
24;0.008917471393942833;0.07528957724571228
25;0.008922714740037918;0.08687258511781693
26;0.008885199204087257;0.12162162363529205
27;0.008884618058800697;0.09652509540319443
28;0.008839674293994904;0.10038609802722931
29;0.008836041204631329;0.11776062101125717
30;0.008819297887384892;0.12162162363529205
31;0.00881416816264391;0.12741312384605408
32;0.008779832161962986;0.11196911334991455
33;0.008746745996177197;0.13706563413143158
34;0.008734391070902348;0.1332046389579773
35;0.008725139312446117;0.13706563413143158
36;0.008776932954788208;0.12934362888336182
37;0.008674036711454391;0.1235521212220192
38;0.008702420629560947;0.13706563413143158
39;0.008682834915816784;0.16023166477680206
40;0.008616279810667038;0.15057915449142456
41;0.008645540103316307;0.1235521212220192
42;0.008613185957074165;0.14478763937950134
43;0.008597921580076218;0.1525096595287323
44;0.008501720614731312;0.20656371116638184
45;0.008555164560675621;0.18339768052101135
46;0.008523549884557724;0.19305019080638885
47;0.008486802689731121;0.15830115973949432
48;0.008525088429450989;0.14092664420604706
49;0.008466219529509544;0.16988417506217957
50;0.00845755822956562;0.17953668534755707
51;0.008421603590250015;0.16988417506217957
52;0.008398424834012985;0.19305019080638885
53;0.0083705959841609;0.19305019080638885
54;0.008333238773047924;0.19691120088100433
55;0.008336217142641544;0.19691120088100433
56;0.008346475660800934;0.17374517023563385
57;0.008313599973917007;0.20077219605445862
58;0.00826990231871605;0.20077219605445862
59;0.008287511765956879;0.20849420130252838
60;0.00822473131120205;0.21235521137714386
61;0.008219661191105843;0.2239382266998291
62;0.00819967407733202;0.22972972691059113
63;0.008204923011362553;0.21621622145175934
64;0.008159573189914227;0.25482624769210815
65;0.00814031157642603;0.24131274223327637
66;0.008131739683449268;0.23938223719596863
67;0.008150053210556507;0.24517375230789185
68;0.0081190699711442;0.2374517321586609
69;0.008077364414930344;0.24903474748134613
70;0.00808631256222725;0.2432432472705841
71;0.008027995005249977;0.26447877287864685
72;0.008051634766161442;0.2760617733001709
73;0.008110138587653637;0.25482624769210815
74;0.008047507144510746;0.27799227833747864
75;0.008084679022431374;0.26061776280403137
76;0.008016147650778294;0.2528957426548004
77;0.008013615384697914;0.2799227833747864
78;0.007987868040800095;0.2702702581882477
79;0.007934099063277245;0.2992278039455414
80;0.007923492230474949;0.2702702581882477
81;0.007958483882248402;0.27799227833747864
82;0.007919857278466225;0.3011583089828491
83;0.007892118766903877;0.2953667938709259
84;0.007936869747936726;0.2895752787590027
85;0.007890075445175171;0.3088802993297577
86;0.00791991502046585;0.2895752787590027
87;0.007861567661166191;0.3204633295536041
88;0.007869098335504532;0.29343628883361816
89;0.0077962325885891914;0.3243243098258972
90;0.007842359133064747;0.2953667938709259
91;0.00778820738196373;0.34942084550857544
92;0.00777825340628624;0.3185328245162964
93;0.007755132392048836;0.3474903404712677
94;0.007722165435552597;0.3339768350124359
95;0.007758572697639465;0.34555983543395996
96;0.007707336451858282;0.32625481486320496
97;0.007720730733126402;0.33976835012435913
98;0.007628310471773148;0.3474903404712677
99;0.007643532939255238;0.3571428656578064
100;0.00778549537062645;0.37451738119125366
101;0.007729286327958107;0.3610038757324219
102;0.00764960004016757;0.36872586607933044
103;0.007630797568708658;0.3513513505458832
104;0.00756943179294467;0.39768341183662415
105;0.007613424211740494;0.3629343509674072
106;0.007592239882797003;0.38223937153816223
107;0.007473726291209459;0.41698840260505676
108;0.007530027534812689;0.39382240176200867
109;0.0075020985677838326;0.38416987657546997
110;0.0075406343676149845;0.3725868761539459
111;0.007468211464583874;0.42277991771698
112;0.007519059348851442;0.38803088665008545
113;0.00738146947696805;0.4189189076423645
114;0.007382915820926428;0.40733590722084045
115;0.007403908763080835;0.4189189076423645
116;0.00733098154887557;0.44594594836235046
117;0.007434282451868057;0.403474897146225
118;0.0075335330329835415;0.3899613916873932
119;0.007341780699789524;0.43629342317581177
120;0.007345603778958321;0.41698840260505676
121;0.007563920691609383;0.3725868761539459
122;0.007268225774168968;0.4478764533996582
123;0.007339425850659609;0.44015443325042725
124;0.007217908278107643;0.4536679685115814
125;0.007237009238451719;0.46138995885849
126;0.007158548105508089;0.46332046389579773
127;0.007195493206381798;0.4555984437465668
128;0.007225025910884142;0.4324324429035187
129;0.007260333746671677;0.4324324429035187
130;0.007186311297118664;0.47297295928001404
131;0.007129695266485214;0.46138995885849
132;0.007105124648660421;0.47297295928001404
133;0.007184907328337431;0.4440154433250427
134;0.0070228963159024715;0.5173745155334473
135;0.007153769955039024;0.4382239282131195
136;0.007070345804095268;0.48262548446655273
137;0.006985777989029884;0.48841699957847595
138;0.0069747185334563255;0.5019304752349854
139;0.006965530104935169;0.48262548446655273
140;0.006967696361243725;0.49806949496269226
141;0.00698329322040081;0.5193049907684326
142;0.006850334350019693;0.530888020992279
143;0.006963299587368965;0.49806949496269226
144;0.006917465943843126;0.5231660008430481
145;0.00691452668979764;0.4845559895038605
146;0.0068555413745343685;0.5250965356826782
147;0.007004803512245417;0.4864864945411682
148;0.007319328375160694;0.40733590722084045
149;0.006850019097328186;0.5366795659065247
150;0.007212338037788868;0.4150579273700714
151;0.006990188267081976;0.47876447439193726
152;0.006982973776757717;0.4864864945411682
153;0.006956528406590223;0.530888020992279
154;0.00683045107871294;0.5270270109176636
155;0.006949090398848057;0.507722020149231
156;0.006841483060270548;0.5154440402984619
157;0.006718456745147705;0.5637065768241882
158;0.006756203714758158;0.530888020992279
159;0.00675334082916379;0.546332061290741
160;0.006719258613884449;0.5656370520591736
161;0.006692404858767986;0.5366795659065247
162;0.006764705758541822;0.5270270109176636
163;0.0067509738728404045;0.5598455667495728
164;0.006753371562808752;0.5347490310668945
165;0.006721429992467165;0.5366795659065247
166;0.006494294386357069;0.5714285969734192
167;0.006564082577824593;0.5694980621337891
168;0.006471868138760328;0.57722008228302
169;0.00650029955431819;0.5752895474433899
170;0.006643043365329504;0.5598455667495728
171;0.00658450135961175;0.5656370520591736
172;0.00661891745403409;0.5540540814399719
173;0.006324606481939554;0.584942102432251
174;0.006705997511744499;0.5173745155334473
175;0.006589340046048164;0.5
176;0.0066941785626113415;0.5096524953842163
177;0.006458162795752287;0.5926640629768372
178;0.006583157926797867;0.53861004114151
179;0.006328767631202936;0.6003860831260681
180;0.006372252479195595;0.5694980621337891
181;0.0063537065871059895;0.5559845566749573
182;0.006274078506976366;0.57722008228302
183;0.006220876704901457;0.5830115675926208
184;0.006232894491404295;0.5868725776672363
185;0.00629072729498148;0.5791505575180054
186;0.0061731175519526005;0.6119691133499146
187;0.006343123968690634;0.5521235466003418
188;0.006564593408256769;0.5154440402984619
189;0.006192268803715706;0.5830115675926208
190;0.006367040798068047;0.5598455667495728
191;0.0061506484635174274;0.6023166179656982
192;0.006217191927134991;0.5656370520591736
193;0.006012061145156622;0.6254826188087463
194;0.006126612890511751;0.5752895474433899
195;0.006041992921382189;0.6003860831260681
196;0.006073342636227608;0.6081081032752991
197;0.005980886984616518;0.6274131536483765
198;0.006027380004525185;0.5830115675926208
199;0.0061569795943796635;0.5617760419845581
200;0.00588515168055892;0.5907335877418518
201;0.006048751063644886;0.6177605986595154
202;0.005854642949998379;0.6409266591072083
203;0.006049147807061672;0.57722008228302
204;0.005903339013457298;0.6119691133499146
205;0.005926674231886864;0.6003860831260681
206;0.0058012111112475395;0.6081081032752991
207;0.00579106155782938;0.5984556078910828
208;0.005956278648227453;0.5907335877418518
209;0.0057401470839977264;0.6254826188087463
210;0.005707543343305588;0.61583012342453
211;0.005815750453621149;0.6023166179656982
212;0.005760930944234133;0.6332046389579773
213;0.005669660400599241;0.6100386381149292
214;0.00572715699672699;0.5945945978164673
215;0.005591918248683214;0.6332046389579773
216;0.005647673737257719;0.5984556078910828
217;0.005557578057050705;0.6698841452598572
218;0.005660939030349255;0.6351351141929626
219;0.005655028857290745;0.623552143573761
220;0.0055792201310396194;0.6370656490325928
221;0.005677380599081516;0.6138995885848999
222;0.005560095887631178;0.6312741041183472
223;0.005615533795207739;0.6216216087341309
224;0.005719329696148634;0.6138995885848999
225;0.005408544559031725;0.6969112157821655
226;0.00555451400578022;0.6370656490325928
227;0.005397306755185127;0.6679536700248718
228;0.005422516260296106;0.6447876691818237
229;0.005463006440550089;0.6409266591072083
230;0.0054411753080785275;0.6409266591072083
231;0.00543022807687521;0.6428571343421936
232;0.005352577194571495;0.6370656490325928
233;0.005330317188054323;0.6679536700248718
234;0.005361552350223064;0.6409266591072083
235;0.005305952858179808;0.6718146800994873
236;0.0052864281460642815;0.6505791544914246
237;0.00536452466621995;0.6583011746406555
238;0.005287819541990757;0.6756756901741028
239;0.005282821133732796;0.6660231947898865
240;0.005424599163234234;0.6814671754837036
241;0.005359698552638292;0.6389961242675781
242;0.005353629123419523;0.6756756901741028
243;0.005339107010513544;0.65444016456604
244;0.005401980131864548;0.623552143573761
245;0.005320187658071518;0.6351351141929626
246;0.005215682554990053;0.662162184715271
247;0.005309436935931444;0.6505791544914246
248;0.005061137489974499;0.7065637111663818
249;0.0053270794451236725;0.6389961242675781
250;0.005191188305616379;0.6660231947898865
251;0.005255468655377626;0.6467181444168091
252;0.005292251240462065;0.6351351141929626
253;0.005095405504107475;0.6833977103233337
254;0.0051702638156712055;0.6872586607933044
255;0.005040109623223543;0.6718146800994873
256;0.005156307946890593;0.6718146800994873
257;0.005073749925941229;0.6679536700248718
258;0.005203214939683676;0.6602316498756409
259;0.005150549579411745;0.6891891956329346
260;0.005090921651571989;0.6640926599502563
261;0.005116661079227924;0.6756756901741028
262;0.005113627761602402;0.6776061654090881
263;0.005183928646147251;0.6891891956329346
264;0.005096776876598597;0.6737451553344727
265;0.004984281491488218;0.700772225856781
266;0.00509248860180378;0.6718146800994873
267;0.005173659883439541;0.6891891956329346
268;0.005012114066630602;0.6853281855583191
269;0.00506042642518878;0.7084941864013672
270;0.004920373670756817;0.7142857313156128
271;0.005170329008251429;0.6679536700248718
272;0.005041604861617088;0.6814671754837036
273;0.00508515490218997;0.6660231947898865
274;0.004935172386467457;0.7123551964759827
275;0.005132624879479408;0.6833977103233337
276;0.005024629179388285;0.7027027010917664
277;0.004910210147500038;0.7084941864013672
278;0.005045920144766569;0.6776061654090881
279;0.0049282764084637165;0.7104247212409973
280;0.004916900768876076;0.7046331763267517
281;0.004908422939479351;0.69305020570755
282;0.004912435542792082;0.6872586607933044
283;0.004892164375633001;0.7123551964759827
284;0.004821379669010639;0.7027027010917664
285;0.005052139051258564;0.6795367002487183
286;0.004891583696007729;0.6795367002487183
287;0.004920212551951408;0.700772225856781
288;0.004925207234919071;0.7162162065505981
289;0.004984805826097727;0.6756756901741028
290;0.004903650376945734;0.6756756901741028
291;0.004712595138698816;0.7162162065505981
292;0.0048704189248383045;0.7104247212409973
293;0.0046928031370043755;0.7142857313156128
294;0.004773664753884077;0.700772225856781
295;0.004808973520994186;0.7277992367744446
296;0.00462613720446825;0.7355212569236755
297;0.004822862334549427;0.6756756901741028
298;0.004639438819140196;0.7123551964759827
299;0.00464567681774497;0.7471042275428772
300;0.004803009331226349;0.7258687019348145
301;0.0045879436656832695;0.739382266998291
302;0.004614485427737236;0.7200772166252136
303;0.004610489122569561;0.7509652376174927
304;0.004580307751893997;0.7374517321586609
305;0.004576697014272213;0.7509652376174927
306;0.004641630221158266;0.7413127422332764
307;0.004582322668284178;0.7239382266998291
308;0.004523558542132378;0.7123551964759827
309;0.004665770567953587;0.7258687019348145
310;0.004506065044552088;0.7432432174682617
311;0.00455490592867136;0.7162162065505981
312;0.0044789863750338554;0.7355212569236755
313;0.004477264359593391;0.760617733001709
314;0.004479445982724428;0.7702702879905701
315;0.004501958843320608;0.7316602468490601
316;0.004452747758477926;0.7142857313156128
317;0.004581419751048088;0.7528957724571228
318;0.0045271678827703;0.7355212569236755
319;0.004378930665552616;0.7702702879905701
320;0.004353080876171589;0.7799227833747864
321;0.0043999431654810905;0.7548262476921082
322;0.004327090457081795;0.7374517321586609
323;0.0043244510889053345;0.7471042275428772
324;0.0044547319412231445;0.7567567825317383
325;0.004240816459059715;0.7683397531509399
326;0.0044103460386395454;0.7413127422332764
327;0.004324118606746197;0.760617733001709
328;0.0043252455070614815;0.7683397531509399
329;0.0043105180375278;0.7760617733001709
330;0.0042372336611151695;0.7934362888336182
331;0.004222779534757137;0.7818532586097717
332;0.004359142854809761;0.7722007632255554
333;0.004290003329515457;0.7934362888336182
334;0.004332561977207661;0.7528957724571228
335;0.004465474281460047;0.7046331763267517
336;0.004881769884377718;0.7084941864013672
337;0.005037831608206034;0.6814671754837036
338;0.00489986315369606;0.6737451553344727
339;0.00451243482530117;0.7528957724571228
340;0.004745573736727238;0.7297297120094299
341;0.004470926709473133;0.7277992367744446
342;0.0044705853797495365;0.7297297120094299
343;0.004733345936983824;0.7297297120094299
344;0.004340821877121925;0.7548262476921082
345;0.004419203847646713;0.760617733001709
346;0.0043978337198495865;0.7413127422332764
347;0.004441270139068365;0.7277992367744446
348;0.0043530892580747604;0.7451737523078918
349;0.004452850203961134;0.7374517321586609
350;0.0044281939044594765;0.7432432174682617
351;0.004268514923751354;0.7664092779159546
352;0.004411669448018074;0.760617733001709
353;0.004478106275200844;0.7509652376174927
354;0.004275985527783632;0.7895752787590027
355;0.004309365060180426;0.8011583089828491
356;0.0043015191331505775;0.7625482678413391
357;0.004183476325124502;0.7683397531509399
358;0.004201551433652639;0.7702702879905701
359;0.004070644732564688;0.7895752787590027
360;0.004169085528701544;0.8050193190574646
361;0.00416349433362484;0.8088803291320801
362;0.0039318157359957695;0.8050193190574646
363;0.003973883576691151;0.8050193190574646
364;0.003981431480497122;0.7876448035240173
365;0.003991876728832722;0.7876448035240173
366;0.00396471144631505;0.8108108043670654
367;0.003943251445889473;0.8204632997512817
368;0.003851214423775673;0.7953668236732483
369;0.003985808230936527;0.8050193190574646
370;0.003951615653932095;0.7915058135986328
371;0.0038640410639345646;0.8108108043670654
372;0.003951242193579674;0.8127413392066956
373;0.0038224877789616585;0.8243243098258972
374;0.0040090037509799;0.7702702879905701
375;0.003992241807281971;0.8474903702735901
376;0.003773848060518503;0.8030887842178345
377;0.0038648145273327827;0.8011583089828491
378;0.0038725307676941156;0.8243243098258972
379;0.003760227467864752;0.8204632997512817
380;0.00381451821886003;0.799227774143219
381;0.0038493520114570856;0.8204632997512817
382;0.0036834729835391045;0.8281853199005127
383;0.0038679831195622683;0.8050193190574646
384;0.0040556685999035835;0.8030887842178345
385;0.003804629435762763;0.8223938345909119
386;0.0037745500449091196;0.8223938345909119
387;0.0037108436226844788;0.8532818555831909
388;0.0036944658495485783;0.80694979429245
389;0.003647787496447563;0.837837815284729
390;0.0036256867460906506;0.8359073400497437
391;0.003764411434531212;0.8011583089828491
392;0.003614234970882535;0.8185328245162964
393;0.003654003841802478;0.8494208455085754
394;0.003684796392917633;0.8146718144416809
395;0.003844717750325799;0.7895752787590027
396;0.003977041691541672;0.7722007632255554
397;0.004016875755041838;0.8030887842178345
398;0.0036955957766622305;0.8359073400497437
399;0.003778972430154681;0.8011583089828491
400;0.0035802777856588364;0.8532818555831909
401;0.003808006877079606;0.8474903702735901
402;0.0038500861264765263;0.8166022896766663
403;0.0035971691831946373;0.8436293601989746
404;0.003655604086816311;0.8359073400497437
405;0.003752379445359111;0.8185328245162964
406;0.003543347353115678;0.8610038757324219
407;0.0034374669194221497;0.8416988253593445
408;0.0034991109278053045;0.837837815284729
409;0.0034457319416105747;0.8706563711166382
410;0.0035425766836851835;0.8397683501243591
411;0.003439689287915826;0.8687258958816528
412;0.0035442658700048923;0.8571428656578064
413;0.0034463172778487206;0.8494208455085754
414;0.003472713753581047;0.8494208455085754
415;0.003501000115647912;0.8397683501243591
416;0.0034723207354545593;0.8725868463516235
417;0.0033638523891568184;0.8610038757324219
418;0.0034604263491928577;0.8590733408927917
419;0.003413071623072028;0.8783783912658691
420;0.0032893596217036247;0.88416987657547
421;0.0033390179742127657;0.8687258958816528
422;0.003276892937719822;0.8938223719596863
423;0.0032948541920632124;0.8745173811912537
424;0.003337201429530978;0.8648648858070374
425;0.003370886202901602;0.8610038757324219
426;0.003277874318882823;0.8590733408927917
427;0.003344991011545062;0.8590733408927917
428;0.003375822212547064;0.8339768052101135
429;0.003344761673361063;0.8803088665008545
430;0.0032345654908567667;0.8976833820343018
431;0.0035398455802351236;0.8513513803482056
432;0.0033293538726866245;0.8745173811912537
433;0.003406096948310733;0.8667953610420227
434;0.0031747075263410807;0.8880308866500854
435;0.0033595170825719833;0.8648648858070374
436;0.0033333543688058853;0.8610038757324219
437;0.0034030922688543797;0.8436293601989746
438;0.0031254577916115522;0.9034749269485474
439;0.0031737475655972958;0.9034749269485474
440;0.0032875891774892807;0.8861004114151001
441;0.003351967316120863;0.8745173811912537
442;0.0030752969905734062;0.8803088665008545
443;0.0030922619625926018;0.8918918967247009
444;0.0031636622734367847;0.8822394013404846
445;0.0032373210415244102;0.8880308866500854
446;0.003163898829370737;0.8996139168739319
447;0.0032204187009483576;0.8822394013404846
448;0.0032229232601821423;0.8687258958816528
449;0.0031259669922292233;0.8899613618850708
450;0.0031138905324041843;0.9092664122581482
451;0.0030824514105916023;0.8976833820343018
452;0.003105786396190524;0.8822394013404846
453;0.003314598463475704;0.8706563711166382
454;0.0031652587931603193;0.8957529067993164
455;0.0031533946748822927;0.8918918967247009
456;0.0030423132702708244;0.9015443921089172
457;0.0031953188590705395;0.8996139168739319
458;0.0031194346956908703;0.8957529067993164
459;0.0029997602105140686;0.9092664122581482
460;0.0033543752506375313;0.8783783912658691
461;0.0033480313140898943;0.8590733408927917
462;0.003176624421030283;0.8687258958816528
463;0.0034710669424384832;0.8513513803482056
464;0.003451516618952155;0.8610038757324219
465;0.003091608639806509;0.9092664122581482
466;0.0036426971200853586;0.8629343509674072
467;0.0033681083004921675;0.8687258958816528
468;0.0035391105338931084;0.8436293601989746
469;0.004527841694653034;0.7625482678413391
470;0.003901875112205744;0.8320463299751282
471;0.004251701757311821;0.8011583089828491
472;0.0033274455927312374;0.8745173811912537
473;0.004714110400527716;0.7355212569236755
474;0.003363190684467554;0.9092664122581482
475;0.00373262376524508;0.8571428656578064
476;0.004282389301806688;0.8262548446655273
477;0.0036045238375663757;0.8571428656578064
478;0.004219207912683487;0.799227774143219
479;0.0032636651303619146;0.8918918967247009
480;0.0035416109021753073;0.8494208455085754
481;0.0036010020412504673;0.8648648858070374
482;0.0034401779994368553;0.8996139168739319
483;0.0034338051918894053;0.8648648858070374
484;0.0033788755536079407;0.8783783912658691
485;0.0031839637085795403;0.9305019378662109
486;0.003223828272894025;0.9015443921089172
487;0.003289204789325595;0.8861004114151001
488;0.003146869596093893;0.8899613618850708
489;0.0030029690824449062;0.92277991771698
490;0.0034909131936728954;0.8416988253593445
491;0.0031723373103886843;0.9189189076423645
492;0.0031280191615223885;0.8976833820343018
493;0.003201108891516924;0.915057897567749
494;0.0029910493176430464;0.8957529067993164
495;0.003044333541765809;0.9382239580154419
496;0.0028790514916181564;0.915057897567749
497;0.0029143630526959896;0.8880308866500854
498;0.0028642136603593826;0.9034749269485474
499;0.002899307059124112;0.9189189076423645
500;0.002822064096108079;0.9285714030265808
501;0.0027556621935218573;0.9440154433250427
502;0.0027222195640206337;0.9324324131011963
503;0.002890884643420577;0.9459459185600281
504;0.0027479596901685;0.9305019378662109
505;0.002625158056616783;0.9343629479408264
506;0.0026910509914159775;0.9459459185600281
507;0.0026464113034307957;0.9131274223327637
508;0.002634539036080241;0.9382239580154419
509;0.00262974645011127;0.9343629479408264
510;0.002528638578951359;0.9478764533996582
511;0.0025917028542608023;0.9305019378662109
512;0.002611224539577961;0.9382239580154419
513;0.0027362012770026922;0.9208494424819946
514;0.002690049819648266;0.9343629479408264
515;0.0026900083757936954;0.915057897567749
516;0.002438507741317153;0.9324324131011963
517;0.002525345655158162;0.9382239580154419
518;0.0025102270301431417;0.953667938709259
519;0.00264683342538774;0.9169884324073792
520;0.003104568924754858;0.8918918967247009
521;0.002663923427462578;0.9131274223327637
522;0.003821162274107337;0.8301158547401428
523;0.0028269642498344183;0.8996139168739319
524;0.0029231365770101547;0.9034749269485474
525;0.0031476658768951893;0.9054054021835327
526;0.002929951762780547;0.9247104525566101
527;0.002801296766847372;0.9285714030265808
528;0.0028694928623735905;0.9073359370231628
529;0.002809680299833417;0.9189189076423645
530;0.0027460516430437565;0.9266409277915955
531;0.0031042119953781366;0.8996139168739319
532;0.002680970123037696;0.9305019378662109
533;0.002824046416208148;0.9131274223327637
534;0.002683488419279456;0.9440154433250427
535;0.0027132388204336166;0.9285714030265808
536;0.0026412492152303457;0.9305019378662109
537;0.0025698638055473566;0.9517374634742737
538;0.0025420095771551132;0.9362934231758118
539;0.002470657927915454;0.9555984735488892
540;0.0025953291915357113;0.9362934231758118
541;0.0023727465886622667;0.9575289487838745
542;0.0025561475194990635;0.9478764533996582
543;0.002355867065489292;0.9671814441680908
544;0.0023367945104837418;0.9594594836235046
545;0.0023078841622918844;0.96138995885849
546;0.00241126399487257;0.9343629479408264
547;0.0023005930706858635;0.9478764533996582
548;0.0023293769918382168;0.9517374634742737
549;0.0023446688428521156;0.953667938709259
550;0.0022443828638643026;0.9652509689331055
551;0.0022791915107518435;0.96138995885849
552;0.0022255219519138336;0.9652509689331055
553;0.002297930186614394;0.9555984735488892
554;0.0024396220687776804;0.9478764533996582
555;0.002492499304935336;0.9459459185600281
556;0.0024281598161906004;0.9555984735488892
557;0.0024526393972337246;0.9459459185600281
558;0.002348544541746378;0.9498069286346436
559;0.0022768385242670774;0.9440154433250427
560;0.002394500421360135;0.9305019378662109
561;0.0023211685474961996;0.9401544332504272
562;0.002312286524102092;0.9594594836235046
563;0.00230602128431201;0.953667938709259
564;0.0021845370065420866;0.9555984735488892
565;0.0023784339427948;0.953667938709259
566;0.0024064264725893736;0.9343629479408264
567;0.0022535023745149374;0.9710424542427063
568;0.0024842850398272276;0.9517374634742737
569;0.002305080182850361;0.9517374634742737
570;0.0027859231922775507;0.8976833820343018
571;0.002214261097833514;0.9671814441680908
572;0.0026328035164624453;0.9189189076423645
573;0.0022202779073268175;0.9440154433250427
574;0.0022934707812964916;0.9459459185600281
575;0.0023334140423685312;0.9478764533996582
576;0.0021995489951223135;0.9478764533996582
577;0.0023052396718412638;0.9362934231758118
578;0.0022979064378887415;0.953667938709259
579;0.002131194807589054;0.9633204340934753
580;0.0023077563382685184;0.9498069286346436
581;0.002246325835585594;0.953667938709259
582;0.002265961840748787;0.9440154433250427
583;0.0021150216925889254;0.969111979007721
584;0.0021556734573096037;0.9575289487838745
585;0.002196141518652439;0.96138995885849
586;0.0020158335100859404;0.9594594836235046
587;0.0020729470998048782;0.9555984735488892
588;0.0020412460435181856;0.953667938709259
589;0.002234185580164194;0.9343629479408264
590;0.0020048818551003933;0.9710424542427063
591;0.0021537868306040764;0.9652509689331055
592;0.0020978543907403946;0.969111979007721
593;0.0020748109091073275;0.9652509689331055
594;0.0020772055722773075;0.9594594836235046
595;0.0020449571311473846;0.9594594836235046
596;0.001900725532323122;0.9652509689331055
597;0.0020221939776092768;0.9710424542427063
598;0.0020471266470849514;0.9633204340934753
599;0.002025111811235547;0.9729729890823364
600;0.0020957074593752623;0.9671814441680908
601;0.0019335841061547399;0.9749034643173218
602;0.0020498475059866905;0.969111979007721
603;0.0019805135671049356;0.9710424542427063
604;0.0019842619076371193;0.9575289487838745
605;0.0019018203020095825;0.9633204340934753
606;0.001967313466593623;0.9710424542427063
607;0.002003020141273737;0.9671814441680908
608;0.0019046786474063993;0.9806950092315674
609;0.0018962561152875423;0.9729729890823364
610;0.0019087232649326324;0.9710424542427063
611;0.001866714796051383;0.969111979007721
612;0.0019551103468984365;0.9594594836235046
613;0.0018844242440536618;0.9671814441680908
614;0.001938513945788145;0.9555984735488892
615;0.0018865102902054787;0.969111979007721
616;0.0018146218499168754;0.9768339991569519
617;0.001858245930634439;0.9806950092315674
618;0.002000593114644289;0.9498069286346436
619;0.0018982908222824335;0.9671814441680908
620;0.0020864782854914665;0.9517374634742737
621;0.0019934033043682575;0.9652509689331055
622;0.0027497769333422184;0.9034749269485474
623;0.0021646851673722267;0.9420849680900574
624;0.002363814041018486;0.9382239580154419
625;0.002392899477854371;0.9324324131011963
626;0.0026892798487097025;0.9073359370231628
627;0.0025265226140618324;0.9208494424819946
628;0.0024527013301849365;0.9633204340934753
629;0.0023305099457502365;0.9517374634742737
630;0.003118537599220872;0.8783783912658691
631;0.002355119213461876;0.9305019378662109
632;0.0030999851878732443;0.8976833820343018
633;0.002334464341402054;0.9555984735488892
634;0.002672281814739108;0.9111968874931335
635;0.00237465463578701;0.9420849680900574
636;0.002337430603802204;0.9575289487838745
637;0.002408695174381137;0.96138995885849
638;0.002090330235660076;0.9575289487838745
639;0.0022067762911319733;0.969111979007721
640;0.0023470541927963495;0.953667938709259
641;0.002096226206049323;0.969111979007721
642;0.0021581135224550962;0.9633204340934753
643;0.002107450272887945;0.969111979007721
644;0.0020123354624956846;0.9710424542427063
645;0.0020203711465001106;0.9729729890823364
646;0.002002693945541978;0.9806950092315674
647;0.0019728457555174828;0.9826254844665527
648;0.0018658627523109317;0.9845559597015381
649;0.002037061844021082;0.9671814441680908
650;0.0018832599744200706;0.9826254844665527
651;0.001921348157338798;0.9806950092315674
652;0.0018815258517861366;0.9710424542427063
653;0.0018009813502430916;0.9826254844665527
654;0.0020308622624725103;0.9710424542427063
655;0.0018864901503548026;0.9787644743919373
656;0.0020070786122232676;0.9652509689331055
657;0.0018604010110720992;0.9806950092315674
658;0.0017761897761374712;0.9768339991569519
659;0.0018812994239851832;0.9729729890823364
660;0.0018828450702130795;0.9633204340934753
661;0.001965316478163004;0.969111979007721
662;0.001760299550369382;0.9768339991569519
663;0.0018957415595650673;0.9652509689331055
664;0.0018543016631156206;0.9729729890823364
665;0.0017437427304685116;0.9749034643173218
666;0.0018625101074576378;0.9633204340934753
667;0.0018790144240483642;0.9710424542427063
668;0.0017203422030434012;0.9806950092315674
669;0.0017872342141345143;0.9633204340934753
670;0.0018334981286898255;0.9652509689331055
671;0.0018369379686191678;0.969111979007721
672;0.0018419885309413075;0.9633204340934753
673;0.001696398830972612;0.9845559597015381
674;0.001748394570313394;0.9826254844665527
675;0.0018289715517312288;0.9671814441680908
676;0.0016413171542808414;0.9787644743919373
677;0.0018019052222371101;0.9787644743919373
678;0.001778280595317483;0.9729729890823364
679;0.0017098668031394482;0.969111979007721
680;0.0016549364663660526;0.9787644743919373
681;0.001900301082059741;0.9710424542427063
682;0.0018501377198845148;0.9555984735488892
683;0.0018710941076278687;0.96138995885849
684;0.0017506240401417017;0.9729729890823364
685;0.0018521405290812254;0.9710424542427063
686;0.0016544031677767634;0.9806950092315674
687;0.0018771099857985973;0.9517374634742737
688;0.001767901936545968;0.9845559597015381
689;0.0017022802494466305;0.9787644743919373
690;0.0017416024347767234;0.9710424542427063
691;0.0017341043567284942;0.9768339991569519
692;0.0016967123374342918;0.9806950092315674
693;0.0016585527919232845;0.9749034643173218
694;0.0017039007507264614;0.9710424542427063
695;0.0016142715467140079;0.9806950092315674
696;0.0018349564634263515;0.9671814441680908
697;0.0016314942622557282;0.9710424542427063
698;0.001629711827263236;0.9749034643173218
699;0.0016368807991966605;0.9787644743919373
700;0.0017058124067261815;0.9652509689331055
701;0.0016701435670256615;0.9729729890823364
702;0.0016062487848103046;0.9729729890823364
703;0.0018017073161900043;0.9633204340934753
704;0.0015851628268137574;0.9845559597015381
705;0.001623305375687778;0.9864864945411682
706;0.001655281987041235;0.9806950092315674
707;0.0016042670467868447;0.9671814441680908
708;0.0016603716649115086;0.9864864945411682
709;0.0016106516122817993;0.9806950092315674
710;0.0015057128621265292;0.9845559597015381
711;0.0016412199474871159;0.9729729890823364
712;0.0015091432724148035;0.9787644743919373
713;0.0016861194744706154;0.9768339991569519
714;0.0015458554262295365;0.9787644743919373
715;0.0015330358874052763;0.9826254844665527
716;0.0016869398532435298;0.9710424542427063
717;0.001694810576736927;0.9749034643173218
718;0.001508981571532786;0.9884169697761536
719;0.0015573574928566813;0.9787644743919373
720;0.0015426920726895332;0.9749034643173218
721;0.001501421444118023;0.9826254844665527
722;0.0015213275328278542;0.9845559597015381
723;0.0015005212044343352;0.9768339991569519
724;0.0015012032818049192;0.9806950092315674
725;0.0014604943571612239;0.9884169697761536
726;0.0015333149349316955;0.9787644743919373
727;0.0014672839315608144;0.9826254844665527
728;0.0014441024977713823;0.9845559597015381
729;0.001621002214960754;0.953667938709259
730;0.0015260312939062715;0.9749034643173218
731;0.0014936947263777256;0.9903475046157837
732;0.0015520787565037608;0.9787644743919373
733;0.0015025562606751919;0.9806950092315674
734;0.001560376724228263;0.9787644743919373
735;0.0014985338784754276;0.9710424542427063
736;0.001618710346519947;0.9555984735488892
737;0.0015498246066272259;0.9768339991569519
738;0.001595761626958847;0.9729729890823364
739;0.0016347324708476663;0.9845559597015381
740;0.0017263807822018862;0.969111979007721
741;0.0016707550967112184;0.9749034643173218
742;0.001673836843110621;0.9768339991569519
743;0.0016134685138240457;0.9768339991569519
744;0.0015289544826373458;0.9845559597015381
745;0.0017163784941658378;0.969111979007721
746;0.0015808677999302745;0.9787644743919373
747;0.0016184396808966994;0.9671814441680908
748;0.0017427786951884627;0.9517374634742737
749;0.0015390500193461776;0.9864864945411682
750;0.0019507270772010088;0.9498069286346436
751;0.001580487354658544;0.9826254844665527
752;0.0016506491228938103;0.9710424542427063
753;0.001569650019519031;0.9864864945411682
754;0.0016279099509119987;0.9826254844665527
755;0.0015787604497745633;0.9806950092315674
756;0.0014779657358303666;0.9806950092315674
757;0.0014649053337052464;0.9826254844665527
758;0.001548080937936902;0.9787644743919373
759;0.0014550368068739772;0.9826254844665527
760;0.0014964321162551641;0.9806950092315674
761;0.0014836398186162114;0.9826254844665527
762;0.0014679580926895142;0.9864864945411682
763;0.0014719701139256358;0.9749034643173218
764;0.001466199872083962;0.9806950092315674
765;0.0014770537381991744;0.9806950092315674
766;0.001458180951885879;0.9845559597015381
767;0.0014129873597994447;0.9826254844665527
768;0.001447424991056323;0.9787644743919373
769;0.0014590993523597717;0.9787644743919373
770;0.0014306589728221297;0.9787644743919373
771;0.0014082998968660831;0.9845559597015381
772;0.0013583354884758592;0.9864864945411682
773;0.0014181412989273667;0.9826254844665527
774;0.0014190585352480412;0.9787644743919373
775;0.0014151581563055515;0.9864864945411682
776;0.0013517893385142088;0.9903475046157837
777;0.0014219622826203704;0.9768339991569519
778;0.0015577066224068403;0.9749034643173218
779;0.0014317396562546492;0.9787644743919373
780;0.0018694598693400621;0.96138995885849
781;0.001453813281841576;0.9826254844665527
782;0.0017408301355317235;0.9555984735488892
783;0.0014938588719815016;0.9845559597015381
784;0.0015792048070579767;0.9845559597015381
785;0.0023504423443228006;0.915057897567749
786;0.001557780895382166;0.9749034643173218
787;0.0037807291373610497;0.8262548446655273
788;0.002298958832398057;0.9305019378662109
789;0.0034163251984864473;0.8571428656578064
790;0.0024800370447337627;0.9208494424819946
791;0.0035299453884363174;0.837837815284729
792;0.0020732898265123367;0.9749034643173218
793;0.002097891643643379;0.9633204340934753
794;0.0028348173946142197;0.9440154433250427
795;0.004287390504032373;0.8783783912658691
796;0.0030935544054955244;0.9054054021835327
797;0.002822261769324541;0.9343629479408264
798;0.0036492482759058475;0.8494208455085754
799;0.003266841871663928;0.8648648858070374
800;0.0036031443160027266;0.8223938345909119
801;0.003532608738169074;0.8783783912658691
802;0.003261480014771223;0.8938223719596863
803;0.00274979998357594;0.9266409277915955
804;0.003031682688742876;0.9092664122581482
805;0.0027730250731110573;0.9266409277915955
806;0.0029478431679308414;0.8957529067993164
807;0.0026327946688979864;0.9362934231758118
808;0.0027021667920053005;0.9111968874931335
809;0.002873842604458332;0.9073359370231628
810;0.0030290333088487387;0.8803088665008545
811;0.002512814477086067;0.9401544332504272
812;0.0026991115882992744;0.9111968874931335
813;0.0024415194056928158;0.9305019378662109
814;0.0022511198185384274;0.9440154433250427
815;0.002746016951277852;0.8783783912658691
816;0.002528819488361478;0.9054054021835327
817;0.0023368289694190025;0.9343629479408264
818;0.0023007465060800314;0.9401544332504272
819;0.0022759365383535624;0.9362934231758118
820;0.002271722536534071;0.9459459185600281
821;0.002272312995046377;0.9382239580154419
822;0.002110828412696719;0.9343629479408264
823;0.002217264147475362;0.9362934231758118
824;0.002031444339081645;0.953667938709259
825;0.0020125184673815966;0.953667938709259
826;0.0020490754395723343;0.953667938709259
827;0.0020238414872437716;0.9517374634742737
828;0.0019234399078413844;0.9652509689331055
829;0.0018305624835193157;0.9652509689331055
830;0.0019609311129897833;0.9498069286346436
831;0.0019023531349375844;0.9478764533996582
832;0.0019281319109722972;0.9498069286346436
833;0.0018219808116555214;0.96138995885849
834;0.001869012019596994;0.96138995885849
835;0.0017820906359702349;0.9749034643173218
836;0.0017865225672721863;0.9749034643173218
837;0.0018029913771897554;0.9710424542427063
838;0.001675357692874968;0.9806950092315674
839;0.0017655006377026439;0.969111979007721
840;0.0017106374725699425;0.9633204340934753
841;0.001658818917348981;0.9806950092315674
842;0.0016750572249293327;0.9787644743919373
843;0.0016288966871798038;0.9710424542427063
844;0.00173661217559129;0.9806950092315674
845;0.001627463847398758;0.9845559597015381
846;0.0016162000829353929;0.9768339991569519
847;0.0016641041729599237;0.9826254844665527
848;0.0016927585238590837;0.9594594836235046
849;0.0016057139728218317;0.9749034643173218
850;0.0015661180950701237;0.9845559597015381
851;0.0015215541934594512;0.9903475046157837
852;0.0015822419663891196;0.9845559597015381
853;0.001550868502818048;0.9729729890823364
854;0.0014299878384917974;0.9845559597015381
855;0.0015297645004466176;0.9671814441680908
856;0.0016050715930759907;0.9710424542427063
857;0.0015307320281863213;0.9826254844665527
858;0.0013982394011691213;0.9806950092315674
859;0.0015305696288123727;0.9806950092315674
860;0.00156822067219764;0.9787644743919373
861;0.001404155045747757;0.9845559597015381
862;0.0013792103854939342;0.9845559597015381
863;0.001415677834302187;0.9749034643173218
864;0.0014110289048403502;0.9768339991569519
865;0.001325944671407342;0.9845559597015381
866;0.001383086433634162;0.9884169697761536
867;0.0013999921502545476;0.9845559597015381
868;0.0013835402205586433;0.9884169697761536
869;0.00128329754807055;0.9845559597015381
870;0.001278800773434341;0.9864864945411682
871;0.0013082576915621758;0.9864864945411682
872;0.0012888542842119932;0.9864864945411682
873;0.0013443509815260768;0.9787644743919373
874;0.0012803970603272319;0.9884169697761536
875;0.0012450370704755187;0.9864864945411682
876;0.001312767155468464;0.9864864945411682
877;0.0012581972405314445;0.9903475046157837
878;0.00127188500482589;0.992277979850769
879;0.0012588276294991374;0.9806950092315674
880;0.0012816705275326967;0.9903475046157837
881;0.0012339892564341426;0.9806950092315674
882;0.0013133574975654483;0.9806950092315674
883;0.0012785647995769978;0.9768339991569519
884;0.0012542791664600372;0.9845559597015381
885;0.0011875377967953682;0.9903475046157837
886;0.0011995293898507953;0.9864864945411682
887;0.0013567860005423427;0.9749034643173218
888;0.0011825297260656953;0.9884169697761536
889;0.0012573983985930681;0.9864864945411682
890;0.0012733323965221643;0.9884169697761536
891;0.0012633190490305424;0.9864864945411682
892;0.0012246434343978763;0.9864864945411682
893;0.001226038089953363;0.9864864945411682
894;0.001225004903972149;0.9845559597015381
895;0.001229983987286687;0.9864864945411682
896;0.0012068733340129256;0.9806950092315674
897;0.0011650512460619211;0.9884169697761536
898;0.0011878700461238623;0.9806950092315674
899;0.0012171160196885467;0.9826254844665527
900;0.0011371906148269773;0.9845559597015381
901;0.0011712077539414167;0.9845559597015381
902;0.0012420786079019308;0.9826254844665527
903;0.001173623139038682;0.9884169697761536
904;0.00110978027805686;0.9864864945411682
905;0.001169263618066907;0.9884169697761536
906;0.0012476675910875201;0.9826254844665527
907;0.001147333299741149;0.9845559597015381
908;0.0011329129338264465;0.9845559597015381
909;0.0011443779803812504;0.9864864945411682
910;0.001123828929848969;0.9845559597015381
911;0.0011716984445229173;0.9826254844665527
912;0.0011459834640845656;0.9864864945411682
913;0.0011546750320121646;0.9884169697761536
914;0.0011735347798094153;0.9864864945411682
915;0.0011751622660085559;0.9884169697761536
916;0.0011231183307245374;0.9826254844665527
917;0.0010924063390120864;0.992277979850769
918;0.00118355976883322;0.9826254844665527
919;0.0011022334219887853;0.9903475046157837
920;0.0011376244947314262;0.9884169697761536
921;0.001082523143850267;0.9884169697761536
922;0.0011559606064110994;0.9884169697761536
923;0.0011305630905553699;0.9826254844665527
924;0.0011026021093130112;0.9942085146903992
925;0.0011148584308102727;0.9903475046157837
926;0.001127676572650671;0.9826254844665527
927;0.00109198410063982;0.9903475046157837
928;0.00109584117308259;0.9864864945411682
929;0.0011512316996231675;0.9845559597015381
930;0.001153949648141861;0.9806950092315674
931;0.0011255695717409253;0.9903475046157837
932;0.0011993335792794824;0.9768339991569519
933;0.0010913119185715914;0.9884169697761536
934;0.0011861283564940095;0.9884169697761536
935;0.001253687427379191;0.9806950092315674
936;0.001152231590822339;0.9845559597015381
937;0.0011672716354951262;0.9864864945411682
938;0.0010918885236606002;0.9864864945411682
939;0.001250749221071601;0.9845559597015381
940;0.001183427288196981;0.9826254844665527
941;0.0011041274992749095;0.9884169697761536
942;0.0011901839170604944;0.9884169697761536
943;0.0011308591347187757;0.9864864945411682
944;0.0011577977566048503;0.9903475046157837
945;0.0011091618798673153;0.9864864945411682
946;0.00113977724686265;0.9845559597015381
947;0.0011374031892046332;0.9884169697761536
948;0.0011049951426684856;0.9845559597015381
949;0.001189886825159192;0.9826254844665527
950;0.001120883272960782;0.9864864945411682
951;0.0010743685998022556;0.9864864945411682
952;0.0010836432920768857;0.9884169697761536
953;0.0011210289085283875;0.9845559597015381
954;0.0011315211886540055;0.9787644743919373
955;0.0011005365522578359;0.9903475046157837
956;0.0010369692463427782;0.9884169697761536
957;0.001061049522832036;0.9903475046157837
958;0.001050314400345087;0.9845559597015381
959;0.0010160384699702263;0.9864864945411682
960;0.0011220152955502272;0.9845559597015381
961;0.001061140326783061;0.9884169697761536
962;0.0010889754630625248;0.9864864945411682
963;0.0010453079594299197;0.9864864945411682
964;0.001085059018805623;0.9864864945411682
965;0.0010874442523345351;0.9768339991569519
966;0.0010544859105721116;0.9864864945411682
967;0.0010654546786099672;0.9903475046157837
968;0.0010473718866705894;0.9864864945411682
969;0.0010184100829064846;0.992277979850769
970;0.0010600774548947811;0.9845559597015381
971;0.0010431822156533599;0.9884169697761536
972;0.0010989959118887782;0.9826254844665527
973;0.0010227171005681157;0.9864864945411682
974;0.0010310666402801871;0.9884169697761536
975;0.0010230420157313347;0.9864864945411682
976;0.0010246215388178825;0.9864864945411682
977;0.001044381526298821;0.9864864945411682
978;0.0010443043429404497;0.9845559597015381
979;0.0009895788971334696;0.992277979850769
980;0.0010326099582016468;0.992277979850769
981;0.0010292492806911469;0.9845559597015381
982;0.0010791887762024999;0.9864864945411682
983;0.0010321915615350008;0.9845559597015381
984;0.0010116647463291883;0.9864864945411682
985;0.001017818576656282;0.9884169697761536
986;0.0010727894259616733;0.9864864945411682
987;0.001012484892271459;0.9884169697761536
988;0.0009844382293522358;0.9884169697761536
989;0.001041688141413033;0.9903475046157837
990;0.0010081313084810972;0.9903475046157837
991;0.0009656872716732323;0.9903475046157837
992;0.0010103689273819327;0.992277979850769
993;0.0009942199103534222;0.9826254844665527
994;0.00100452802143991;0.9864864945411682
995;0.0010113632306456566;0.9884169697761536
996;0.0009726203861646354;0.9903475046157837
997;0.0009680513758212328;0.9903475046157837
998;0.0010107539128512144;0.9845559597015381
999;0.000999321462586522;0.9903475046157837
1000;0.0009726245771162212;0.9884169697761536
1001;0.0010026732925325632;0.9864864945411682
1002;0.0010090629803016782;0.9826254844665527
1003;0.0009223097586072981;0.9903475046157837
1004;0.0009802099084481597;0.9903475046157837
1005;0.0010218024253845215;0.9864864945411682
1006;0.001001534634269774;0.9864864945411682
1007;0.0009635172900743783;0.9942085146903992
1008;0.0010509605053812265;0.9826254844665527
1009;0.0010138257639482617;0.992277979850769
1010;0.0009642955847084522;0.992277979850769
1011;0.0009731817408464849;0.992277979850769
1012;0.0009590608533471823;0.9884169697761536
1013;0.0010137598728761077;0.9884169697761536
1014;0.0009769056923687458;0.9884169697761536
1015;0.0009610200650058687;0.9903475046157837
1016;0.0009463726892136037;0.9864864945411682
1017;0.000981583259999752;0.9884169697761536
1018;0.000958422664552927;0.9864864945411682
1019;0.0010165232233703136;0.9864864945411682
1020;0.0009781807893887162;0.9864864945411682
1021;0.0009869550121948123;0.9864864945411682
1022;0.0009432387887500226;0.9845559597015381
1023;0.0011003937106579542;0.9787644743919373
1024;0.0010939465137198567;0.9864864945411682
1025;0.001105915172956884;0.9749034643173218
1026;0.0011247810907661915;0.9768339991569519
1027;0.0009648400591686368;0.992277979850769
1028;0.001214688061736524;0.9652509689331055
1029;0.0010810333769768476;0.9787644743919373
1030;0.0015742589021101594;0.9478764533996582
1031;0.0010458636097609997;0.9845559597015381
1032;0.002218264387920499;0.9015443921089172
1033;0.001981413457542658;0.9362934231758118
1034;0.003389048855751753;0.8320463299751282
1035;0.002774896565824747;0.876447856426239
1036;0.003471347503364086;0.8011583089828491
1037;0.0038664136081933975;0.8030887842178345
1038;0.0039290194399654865;0.7779922485351562
1039;0.0026330864056944847;0.9054054021835327
1040;0.004122504033148289;0.8243243098258972
1041;0.004287226125597954;0.799227774143219
1042;0.0032999187242239714;0.8706563711166382
1043;0.003036504378542304;0.9015443921089172
1044;0.0027476567775011063;0.9189189076423645
1045;0.0028436430729925632;0.9285714030265808
1046;0.0025401352904736996;0.9401544332504272
1047;0.0030732073355466127;0.8745173811912537
1048;0.0028619777876883745;0.8899613618850708
1049;0.0021788012236356735;0.9575289487838745
1050;0.002245950046926737;0.9362934231758118
1051;0.0018864655867218971;0.9903475046157837
1052;0.0021656081080436707;0.9652509689331055
1053;0.0021479499991983175;0.9729729890823364
1054;0.002298064297065139;0.9478764533996582
1055;0.0019186324207112193;0.9710424542427063
1056;0.0023567243479192257;0.9324324131011963
1057;0.0020764144137501717;0.9710424542427063
1058;0.002218030858784914;0.9594594836235046
1059;0.0018088917713612318;0.9749034643173218
1060;0.0021532776299864054;0.9517374634742737
1061;0.001921422895975411;0.969111979007721
1062;0.0017866009147837758;0.9826254844665527
1063;0.0027138388250023127;0.9111968874931335
1064;0.0016764354659244418;0.9826254844665527
1065;0.0016964951064437628;0.9826254844665527
1066;0.002835654653608799;0.8899613618850708
1067;0.002012395765632391;0.969111979007721
1068;0.0018695308826863766;0.96138995885849
1069;0.0016394597478210926;0.9749034643173218
1070;0.0016115307807922363;0.9864864945411682
1071;0.0018587787635624409;0.9710424542427063
1072;0.0016033060383051634;0.9806950092315674
1073;0.001516735996119678;0.9845559597015381
1074;0.0015134211862459779;0.9845559597015381
1075;0.0014327939134091139;0.9942085146903992
1076;0.0014812122099101543;0.9806950092315674
1077;0.0014200760051608086;0.9806950092315674
1078;0.001568382722325623;0.9710424542427063
1079;0.0012962796026840806;0.9884169697761536
1080;0.0013369699008762836;0.9884169697761536
1081;0.0012675090692937374;0.9884169697761536
1082;0.0013147039571776986;0.9884169697761536
1083;0.0013190630124881864;0.9768339991569519
1084;0.001275649992749095;0.9845559597015381
1085;0.0012636370956897736;0.9806950092315674
1086;0.0011638097930699587;0.9903475046157837
1087;0.0011743364157155156;0.9845559597015381
1088;0.001163171255029738;0.9864864945411682
1089;0.0011654042173177004;0.9942085146903992
1090;0.0011662638280540705;0.9942085146903992
1091;0.001168909133411944;0.9806950092315674
1092;0.001151238102465868;0.9806950092315674
1093;0.001085941563360393;0.9826254844665527
1094;0.0011338830227032304;0.9826254844665527
1095;0.0011148505145683885;0.9884169697761536
1096;0.0010845860233530402;0.9884169697761536
1097;0.0010222871787846088;0.9845559597015381
1098;0.0010395603021606803;0.992277979850769
1099;0.0011013454059138894;0.9903475046157837
1100;0.001051488914526999;0.9845559597015381
1101;0.0010283072479069233;0.9884169697761536
1102;0.001019338145852089;0.9884169697761536
1103;0.0010116908233612776;0.9903475046157837
1104;0.0010575351770967245;0.9903475046157837
1105;0.0010454455623403192;0.9903475046157837
1106;0.0010454561561346054;0.9884169697761536
1107;0.0010156044736504555;0.9903475046157837
1108;0.001017875038087368;0.9884169697761536
1109;0.0009742514230310917;0.9864864945411682
1110;0.0010086733382195234;0.9864864945411682
1111;0.0010103210806846619;0.9884169697761536
1112;0.000980757875367999;0.9845559597015381
1113;0.0010053745936602354;0.9864864945411682
1114;0.001099365996196866;0.9884169697761536
1115;0.000992238405160606;0.9845559597015381
1116;0.0009984003845602274;0.992277979850769
1117;0.0010182042606174946;0.9980695247650146
1118;0.001023162854835391;0.9864864945411682
1119;0.0009730739984661341;0.9942085146903992
1120;0.0009647606057114899;0.9903475046157837
1121;0.0009420864516869187;0.9903475046157837
1122;0.000993172056041658;0.9864864945411682
1123;0.000955957337282598;0.9903475046157837
1124;0.0009517483995296061;0.9787644743919373
1125;0.0009448978235013783;0.9864864945411682
1126;0.001000948715955019;0.9903475046157837
1127;0.0009539239690639079;0.9903475046157837
1128;0.0009656521724537015;0.992277979850769
1129;0.0009445853065699339;0.9884169697761536
1130;0.0009996779263019562;0.9884169697761536
1131;0.0009212862933054566;0.9884169697761536
1132;0.0009741093963384628;0.9961389899253845
1133;0.0008936754893511534;0.992277979850769
1134;0.0009349898318760097;0.9942085146903992
1135;0.0009143138886429369;0.992277979850769
1136;0.0008989652851596475;0.9903475046157837
1137;0.0009091373067349195;0.9942085146903992
1138;0.001002579927444458;0.992277979850769
1139;0.0009028070489875972;0.9903475046157837
1140;0.0009703822433948517;0.9845559597015381
1141;0.000954626128077507;0.9942085146903992
1142;0.0009071367094293237;0.9903475046157837
1143;0.0009173540165647864;0.9903475046157837
1144;0.0009163525537587702;0.9845559597015381
1145;0.0010627871379256248;0.9633204340934753
1146;0.0008792943553999066;0.9884169697761536
1147;0.0008822698728181422;0.992277979850769
1148;0.0008776520844548941;0.9884169697761536
1149;0.0009552317205816507;0.9884169697761536
1150;0.0008951606578193605;0.9961389899253845
1151;0.0009073269320651889;0.9864864945411682
1152;0.0009861363796517253;0.992277979850769
1153;0.0009289939771406353;0.9903475046157837
1154;0.0009139313478954136;0.9884169697761536
1155;0.000878718274179846;0.9903475046157837
1156;0.0008767960825935006;0.9903475046157837
1157;0.0008820208022370934;0.9961389899253845
1158;0.000917811703402549;0.9942085146903992
1159;0.000864895002450794;0.9903475046157837
1160;0.0008977021789178252;1.0
1161;0.0008843149989843369;0.9864864945411682
1162;0.0009211336146108806;0.9845559597015381
1163;0.0009532575495541096;0.9864864945411682
1164;0.0008882253896445036;0.9942085146903992
1165;0.000848526309709996;0.992277979850769
1166;0.0009165476076304913;0.9864864945411682
1167;0.0008815138717181981;0.9903475046157837
1168;0.0009492404060438275;0.9864864945411682
1169;0.0009056766284629703;0.9961389899253845
1170;0.0009018696728162467;0.992277979850769
1171;0.0009072265820577741;0.9826254844665527
1172;0.0009087268845178187;0.9845559597015381
1173;0.000886594585608691;0.992277979850769
1174;0.0008409624570049345;0.9884169697761536
1175;0.0008481032564304769;0.9845559597015381
1176;0.0009297949727624655;0.9884169697761536
1177;0.0008618097635917366;0.992277979850769
1178;0.0009188774274662137;0.992277979850769
1179;0.0009022913291119039;0.992277979850769
1180;0.0009282197570428252;0.9884169697761536
1181;0.0008533627260476351;0.9961389899253845
1182;0.0009232223965227604;0.992277979850769
1183;0.000887702452018857;0.9903475046157837
1184;0.0009129653917625546;0.9942085146903992
1185;0.000937251141294837;0.9884169697761536
1186;0.0009299034136347473;0.9961389899253845
1187;0.000952935079112649;0.9826254844665527
1188;0.0008775193127803504;0.9903475046157837
1189;0.0008872005273588002;0.992277979850769
1190;0.000906040717381984;0.9942085146903992
1191;0.0009041285375133157;0.9864864945411682
1192;0.0008624563342891634;0.992277979850769
1193;0.0008382501546293497;0.9903475046157837
1194;0.000860925589222461;0.9903475046157837
1195;0.0009392848587594926;0.9768339991569519
1196;0.0008537510875612497;0.9884169697761536
1197;0.0009239629143849015;0.9845559597015381
1198;0.0009554033749736845;0.9961389899253845
1199;0.0008527855388820171;0.9942085146903992
1200;0.0009054893744178116;0.992277979850769
1201;0.0009311065659858286;0.9884169697761536
1202;0.0008573948871344328;0.992277979850769
1203;0.0008877108339220285;0.9980695247650146
1204;0.0009603339713066816;0.9961389899253845
1205;0.0008865997660905123;0.992277979850769
1206;0.0008620510343462229;0.9884169697761536
1207;0.0008586772601120174;0.9961389899253845
1208;0.0008692489354871213;0.9903475046157837
1209;0.0009302613325417042;0.9845559597015381
1210;0.0008458854863420129;0.9961389899253845
1211;0.0010002889903262258;0.9768339991569519
1212;0.0008070458425208926;0.9903475046157837
1213;0.0008797246846370399;0.992277979850769
1214;0.0010259969858452678;0.9826254844665527
1215;0.0008551945793442428;0.992277979850769
1216;0.000841467292048037;0.9942085146903992
1217;0.0009264224208891392;0.992277979850769
1218;0.0010843906784430146;0.9806950092315674
1219;0.0008216183050535619;0.9980695247650146
1220;0.001098490203730762;0.9826254844665527
1221;0.001304715871810913;0.9652509689331055
1222;0.0008975784294307232;0.9980695247650146
1223;0.0012874726671725512;0.9729729890823364
1224;0.0013558476930484176;0.9806950092315674
1225;0.0012681809021160007;0.9768339991569519
1226;0.0010028863325715065;0.9884169697761536
1227;0.0010526712285354733;0.992277979850769
1228;0.001366547541692853;0.9420849680900574
1229;0.0009809046750888228;0.9903475046157837
1230;0.0013017484452575445;0.96138995885849
1231;0.00122413644567132;0.969111979007721
1232;0.0010667196474969387;0.9806950092315674
1233;0.0009641544311307371;0.9942085146903992
1234;0.0011056405492126942;0.9768339991569519
1235;0.0010484170634299517;0.992277979850769
1236;0.000995825044810772;0.992277979850769
1237;0.0009784159483388066;0.992277979850769
1238;0.0010294495150446892;0.9749034643173218
1239;0.0009849803755059838;0.9903475046157837
1240;0.0008940303232520819;0.9980695247650146
1241;0.0009311644826084375;0.9942085146903992
1242;0.000922038103453815;0.9903475046157837
1243;0.0009264674154110253;0.9980695247650146
1244;0.0009258461650460958;0.9942085146903992
1245;0.0008768482366576791;0.9980695247650146
1246;0.0009653466986492276;0.9864864945411682
1247;0.0008370026480406523;0.9942085146903992
1248;0.0009135480504482985;0.9903475046157837
1249;0.0009476766572333872;0.9884169697761536
1250;0.0009680483490228653;0.9787644743919373
1251;0.0008260198519565165;0.992277979850769
1252;0.0008353048469871283;0.9961389899253845
1253;0.0008806058904156089;0.992277979850769
1254;0.0009453477105125785;0.9961389899253845
1255;0.0008441609097644687;0.9903475046157837
1256;0.0007897901814430952;0.9980695247650146
1257;0.0009017454576678574;0.9884169697761536
1258;0.0008964936714619398;0.9942085146903992
1259;0.0007893877336755395;0.9961389899253845
1260;0.0008407509885728359;0.9884169697761536
1261;0.0008187640341930091;0.9961389899253845
1262;0.0008255826542153955;0.9903475046157837
1263;0.000837384897749871;0.9961389899253845
1264;0.0008892085170373321;0.9903475046157837
1265;0.0008505236473865807;0.9942085146903992
1266;0.0007595864008180797;1.0
1267;0.0007760112057439983;0.9942085146903992
1268;0.0007386528886854649;0.9942085146903992
1269;0.000832512741908431;0.992277979850769
1270;0.0008319353219121695;0.9845559597015381
1271;0.0008197737624868751;0.9961389899253845
1272;0.0007774371188133955;0.9942085146903992
1273;0.0007636810187250376;0.9961389899253845
1274;0.000792245555203408;0.9961389899253845
1275;0.0007876077434048057;0.9961389899253845
1276;0.0007812502444721758;0.9980695247650146
1277;0.0007876947638578713;0.9942085146903992
1278;0.000775455089751631;1.0
1279;0.0007391686085611582;0.9980695247650146
1280;0.000775443681050092;0.9903475046157837
1281;0.0007649564649909735;0.9980695247650146
1282;0.0007558255456387997;1.0
1283;0.0007738387794233859;1.0
1284;0.0007618711097165942;0.9942085146903992
1285;0.0007563401013612747;1.0
1286;0.0007398272282443941;0.9961389899253845
1287;0.0007419178728014231;0.9961389899253845
1288;0.0007519912905991077;0.9961389899253845
1289;0.0007419217145070434;0.9942085146903992
1290;0.0007236579549498856;0.9942085146903992
1291;0.0007523521198891103;0.9961389899253845
1292;0.0007442858768627048;1.0
1293;0.000759523652959615;0.9980695247650146
1294;0.0007117947097867727;0.9980695247650146
1295;0.0007261042483150959;1.0
1296;0.0007349891238845885;0.9961389899253845
1297;0.0007441467605531216;0.9961389899253845
1298;0.0007028920226730406;0.9980695247650146
1299;0.0007376886787824333;0.9980695247650146
1300;0.0007409246754832566;0.9942085146903992
1301;0.0007056798785924911;1.0
1302;0.0007223253487609327;0.9980695247650146
1303;0.0007393267587758601;1.0
1304;0.000772401166614145;0.9903475046157837
1305;0.0006986348889768124;0.9961389899253845
1306;0.0007411509286612272;0.9903475046157837
1307;0.000804664334282279;0.9826254844665527
1308;0.0007444103248417377;0.9942085146903992
1309;0.0007210224284790456;0.9980695247650146
1310;0.0007491365540772676;0.9980695247650146
1311;0.0006965407519601285;0.9980695247650146
1312;0.0008332696743309498;0.992277979850769
1313;0.0007715217652730644;0.9961389899253845
1314;0.0008872850448824465;0.9884169697761536
1315;0.0007797714206390083;0.9961389899253845
1316;0.0007685169694013894;0.9980695247650146
1317;0.0007681651622988284;1.0
1318;0.0007569580338895321;1.0
1319;0.0008109871996566653;1.0
1320;0.0007405265350826085;1.0
1321;0.0008154936949722469;0.9961389899253845
1322;0.0010307437041774392;0.9749034643173218
1323;0.0007707258919253945;1.0
1324;0.000822636648081243;0.9980695247650146
1325;0.0009524826891720295;0.9961389899253845
1326;0.0008050359319895506;0.9980695247650146
1327;0.0008700697217136621;0.9903475046157837
1328;0.0007642893469892442;0.9980695247650146
1329;0.0008090196643024683;0.9961389899253845
1330;0.0007755202241241932;1.0
1331;0.0012614305596798658;0.9517374634742737
1332;0.0007552246679551899;0.9980695247650146
1333;0.0014309011166915298;0.9555984735488892
1334;0.0012163326609879732;0.9652509689331055
1335;0.0010961294174194336;0.9787644743919373
1336;0.001379799097776413;0.9671814441680908
1337;0.00095941690960899;0.9980695247650146
1338;0.0009620496421121061;1.0
1339;0.000944846251513809;1.0
1340;0.00106011179741472;0.992277979850769
1341;0.0012078675208613276;0.9749034643173218
1342;0.0009925577323883772;1.0
1343;0.0011307201348245144;0.9864864945411682
1344;0.0009533209376968443;1.0
1345;0.0010088927811011672;1.0
1346;0.0010334864491596818;0.9806950092315674
1347;0.0009051596280187368;0.9961389899253845
1348;0.0010054503800347447;0.9961389899253845
1349;0.0010010835248976946;1.0
1350;0.0011723088100552559;0.9845559597015381
1351;0.0014142312575131655;0.9806950092315674
1352;0.001966349547728896;0.9401544332504272
1353;0.0016551774460822344;0.9440154433250427
1354;0.0014511705376207829;0.9749034643173218
1355;0.003425044007599354;0.8301158547401428
1356;0.0024156630970537663;0.9054054021835327
1357;0.001673316233791411;0.953667938709259
1358;0.00237010745331645;0.9073359370231628
1359;0.0026554286014288664;0.88416987657547
1360;0.0026382007636129856;0.8938223719596863
1361;0.002382062142714858;0.92277991771698
1362;0.002329115057364106;0.9169884324073792
1363;0.0032148538157343864;0.8474903702735901
1364;0.002400211524218321;0.9266409277915955
1365;0.003349459730088711;0.837837815284729
1366;0.003969318233430386;0.80694979429245
1367;0.0038283385802060366;0.8108108043670654
1368;0.003294950118288398;0.8880308866500854
1369;0.003210401628166437;0.876447856426239
1370;0.0030367025174200535;0.9054054021835327
1371;0.0033302970696240664;0.8629343509674072
1372;0.0025387462228536606;0.9285714030265808
1373;0.0027368315495550632;0.9111968874931335
1374;0.002333256183192134;0.9305019378662109
1375;0.0026284707710146904;0.9169884324073792
1376;0.0022526029497385025;0.9478764533996582
1377;0.0026200981810688972;0.9362934231758118
1378;0.001985808601602912;0.9749034643173218
1379;0.002080459613353014;0.9459459185600281
1380;0.0020281560719013214;0.969111979007721
1381;0.0016219470417127013;0.9961389899253845
1382;0.001472583506256342;0.9942085146903992
1383;0.0016646295553073287;0.9826254844665527
1384;0.001606565434485674;0.9903475046157837
1385;0.0016116120386868715;0.9864864945411682
1386;0.0015859012492001057;0.9787644743919373
1387;0.0012805912410840392;0.9942085146903992
1388;0.0012934741098433733;1.0
1389;0.001386093907058239;1.0
1390;0.0012499673757702112;0.9961389899253845
1391;0.001305257435888052;0.992277979850769
1392;0.0011648278450593352;0.9961389899253845
1393;0.0011888958979398012;0.9980695247650146
1394;0.0011900000972673297;0.9903475046157837
1395;0.0012109549716114998;0.9884169697761536
1396;0.0011470210738480091;0.992277979850769
1397;0.001167315524071455;0.9980695247650146
1398;0.0011524066794663668;0.9942085146903992
1399;0.0010708416812121868;0.9942085146903992
1400;0.001183006213977933;0.9826254844665527
1401;0.0010248514590784907;1.0
1402;0.0009602883365005255;1.0
1403;0.000969303713645786;1.0
1404;0.0009355601505376399;0.9980695247650146
1405;0.0010294201783835888;0.9903475046157837
1406;0.0009818398393690586;0.9806950092315674
1407;0.0010015061125159264;0.992277979850769
1408;0.0013780727749690413;0.9555984735488892
1409;0.0019192699110135436;0.9478764533996582
1410;0.0028524249792099;0.9073359370231628
1411;0.002301662927493453;0.9459459185600281
1412;0.002434443449601531;0.9169884324073792
1413;0.002511028666049242;0.9034749269485474
1414;0.002236430998891592;0.9266409277915955
1415;0.002649954054504633;0.8745173811912537
1416;0.0024454970844089985;0.9189189076423645
1417;0.0024244075175374746;0.9131274223327637
1418;0.002317318692803383;0.9343629479408264
1419;0.0026075602509081364;0.9131274223327637
1420;0.0020394856110215187;0.9420849680900574
1421;0.0020451825112104416;0.9305019378662109
1422;0.002209380967542529;0.9362934231758118
1423;0.0018455374520272017;0.9440154433250427
1424;0.0017795492894947529;0.9517374634742737
1425;0.0020214905962347984;0.9285714030265808
1426;0.0017629022477194667;0.9401544332504272
1427;0.0017254384001716971;0.9498069286346436
1428;0.0017624935135245323;0.9517374634742737
1429;0.0017396624898537993;0.9498069286346436
1430;0.0016609146259725094;0.953667938709259
1431;0.001625035423785448;0.9555984735488892
1432;0.001509811612777412;0.9555984735488892
1433;0.001463143271394074;0.9575289487838745
1434;0.0014519445830956101;0.9575289487838745
1435;0.0014717541635036469;0.953667938709259
1436;0.0014395623002201319;0.953667938709259
1437;0.0014206855557858944;0.9555984735488892
1438;0.0014422857202589512;0.9517374634742737
1439;0.001379878376610577;0.9555984735488892
1440;0.0013362220488488674;0.9555984735488892
1441;0.0012764937710016966;0.9633204340934753
1442;0.001316228648647666;0.9498069286346436
1443;0.0012899765279144049;0.9575289487838745
1444;0.001309716608375311;0.96138995885849
1445;0.0013402324402704835;0.9575289487838745
1446;0.001242229132913053;0.9633204340934753
1447;0.0012317975051701069;0.9768339991569519
1448;0.0013674694346264005;0.9498069286346436
1449;0.0011570726055651903;0.9671814441680908
1450;0.001258223201148212;0.96138995885849
1451;0.001342961797490716;0.96138995885849
1452;0.0012574032880365849;0.9594594836235046
1453;0.0011973663931712508;0.969111979007721
1454;0.0011456627398729324;0.9710424542427063
1455;0.001190948416478932;0.9710424542427063
1456;0.0011294246651232243;0.9864864945411682
1457;0.0012443516170606017;0.9652509689331055
1458;0.0010966238332912326;0.9710424542427063
1459;0.0011195711558684707;0.9768339991569519
1460;0.0012122136540710926;0.9633204340934753
1461;0.001185003318823874;0.9845559597015381
1462;0.001046260935254395;0.9884169697761536
1463;0.001076117274351418;0.9845559597015381
1464;0.0010620992397889495;0.9884169697761536
1465;0.0010413035051897168;0.9903475046157837
1466;0.001129274140112102;0.9884169697761536
1467;0.0010161157697439194;0.9961389899253845
1468;0.0010075647151097655;0.992277979850769
1469;0.001067476812750101;0.9652509689331055
1470;0.0009581524645909667;0.9961389899253845
1471;0.0009281344246119261;0.9961389899253845
1472;0.001002012169919908;0.9942085146903992
1473;0.0009255289332941175;0.9961389899253845
1474;0.000967499683611095;0.9942085146903992
1475;0.0009009593049995601;1.0
1476;0.0009338594973087311;0.9980695247650146
1477;0.000881874468177557;0.9980695247650146
1478;0.0008793119923211634;0.9961389899253845
1479;0.0008974056108854711;0.9980695247650146
1480;0.0009042424499057233;1.0
1481;0.0008390971343033016;0.9961389899253845
1482;0.0008725415682420135;0.9961389899253845
1483;0.0008314512670040131;1.0
1484;0.0008312724530696869;1.0
1485;0.000860152707900852;0.9980695247650146
1486;0.0008424887200817466;1.0
1487;0.0008416112395934761;1.0
1488;0.0008228046353906393;1.0
1489;0.0008194364490918815;0.9980695247650146
1490;0.0009097541333176196;0.9942085146903992
1491;0.0008224060875363648;0.992277979850769
1492;0.0007873026770539582;1.0
1493;0.0007902128854766488;1.0
1494;0.0007891209679655731;1.0
1495;0.000835947401355952;0.9980695247650146
1496;0.0008056506630964577;1.0
1497;0.0007592783076688647;1.0
1498;0.0007723477319814265;1.0
1499;0.0007484501111321151;1.0
