iteration;loss;accuracy
0;0.01765432208776474;0.0699300691485405
1;0.016849201172590256;0.0279720276594162
2;0.01655641756951809;0.06293706595897675
3;0.0167241133749485;0.07692307978868484
4;0.016776414588093758;0.0699300691485405
5;0.016724154353141785;0.0699300691485405
6;0.016579607501626015;0.0979020968079567
7;0.016447016969323158;0.11888112127780914
8;0.016405576840043068;0.10489510744810104
9;0.016419732943177223;0.09090909361839294
10;0.01637689769268036;0.1258741319179535
11;0.016369426622986794;0.13286712765693665
12;0.01631501503288746;0.139860138297081
13;0.0163099505007267;0.1118881106376648
14;0.016223357990384102;0.0979020968079567
15;0.016126379370689392;0.139860138297081
16;0.01607838086783886;0.139860138297081
17;0.016047175973653793;0.1118881106376648
18;0.015971072018146515;0.16083915531635284
19;0.015913940966129303;0.11888112127780914
20;0.01596902497112751;0.1118881106376648
21;0.01586689054965973;0.1678321659564972
22;0.015853244811296463;0.1258741319179535
23;0.015771735459566116;0.16083915531635284
24;0.015732133761048317;0.139860138297081
25;0.01571066677570343;0.13286712765693665
26;0.015653453767299652;0.2097902148962021
27;0.015536931343376637;0.23076923191547394
28;0.015647659078240395;0.18881118297576904
29;0.01551139634102583;0.1958041936159134
30;0.015505969524383545;0.17482517659664154
31;0.015396956354379654;0.1958041936159134
32;0.015479126945137978;0.1538461595773697
33;0.015425416640937328;0.20279720425605774
34;0.015433087013661861;0.14685314893722534
35;0.015382771380245686;0.1678321659564972
36;0.015215965919196606;0.20279720425605774
37;0.015355554409325123;0.18881118297576904
38;0.015213540755212307;0.21678321063518524
39;0.015402776189148426;0.1678321659564972
40;0.015158739872276783;0.20279720425605774
41;0.01515280269086361;0.2377622425556183
42;0.015168198384344578;0.2097902148962021
43;0.015095449984073639;0.24475523829460144
44;0.015077267773449421;0.2097902148962021
45;0.015046916902065277;0.2237762212753296
46;0.014981603249907494;0.23076923191547394
47;0.014908582903444767;0.251748263835907
48;0.014855314046144485;0.251748263835907
49;0.014857400208711624;0.2237762212753296
50;0.014759128913283348;0.24475523829460144
51;0.014689185656607151;0.30069929361343384
52;0.014542904682457447;0.28671327233314514
53;0.014662180095911026;0.279720276594162
54;0.014593961648643017;0.3076923191547394
55;0.014544929377734661;0.31468531489372253
56;0.014436770230531693;0.3356643319129944
57;0.01442803256213665;0.24475523829460144
58;0.014536486938595772;0.251748263835907
59;0.01437321025878191;0.3076923191547394
60;0.014573263004422188;0.21678321063518524
61;0.014445082284510136;0.27272728085517883
62;0.014367496594786644;0.27272728085517883
63;0.014288962818682194;0.2937062978744507
64;0.014272714033722878;0.2937062978744507
65;0.014299665577709675;0.2657342553138733
66;0.014225536957383156;0.3496503531932831
67;0.01423365343362093;0.279720276594162
68;0.014191466383635998;0.24475523829460144
69;0.014231289736926556;0.3216783106327057
70;0.014092925004661083;0.32867133617401123
71;0.014220832847058773;0.3356643319129944
72;0.014229386113584042;0.3076923191547394
73;0.013915516436100006;0.41258740425109863
74;0.01407624501734972;0.2937062978744507
75;0.013996358960866928;0.3076923191547394
76;0.01399279572069645;0.32867133617401123
77;0.013911324553191662;0.41258740425109863
78;0.013852746225893497;0.3916083872318268
79;0.013998881913721561;0.38461539149284363
80;0.013771607540547848;0.3916083872318268
81;0.013871804811060429;0.3496503531932831
82;0.013941922225058079;0.3496503531932831
83;0.01366326306015253;0.3986014127731323
84;0.013640504330396652;0.4055944085121155
85;0.013635112904012203;0.4475524425506592
86;0.013551363721489906;0.440559446811676
87;0.013498421758413315;0.4335664212703705
88;0.013651715591549873;0.42657342553138733
89;0.013517284765839577;0.46853145956993103
90;0.013371460139751434;0.4055944085121155
91;0.013453482650220394;0.3986014127731323
92;0.013267754577100277;0.4755244851112366
93;0.01342973206192255;0.4545454680919647
94;0.013466715812683105;0.4475524425506592
95;0.013291346840560436;0.4545454680919647
96;0.013309109024703503;0.4545454680919647
97;0.013282733969390392;0.4335664212703705
98;0.013229013420641422;0.42657342553138733
99;0.013074184767901897;0.440559446811676
100;0.01334019098430872;0.4475524425506592
101;0.01304237637668848;0.46853145956993103
102;0.012903735972940922;0.4825174808502197
103;0.013217628002166748;0.41258740425109863
104;0.012928047217428684;0.4615384638309479
105;0.013036446645855904;0.440559446811676
106;0.013041039928793907;0.42657342553138733
107;0.012972880154848099;0.4755244851112366
108;0.012532912194728851;0.5524475574493408
109;0.012986358255147934;0.4755244851112366
110;0.012830832041800022;0.4755244851112366
111;0.012627857737243176;0.5454545617103577
112;0.012701056897640228;0.4825174808502197
113;0.0124153271317482;0.5524475574493408
114;0.012733683921396732;0.4825174808502197
115;0.012365072034299374;0.5454545617103577
116;0.012470747344195843;0.5454545617103577
117;0.01236255094408989;0.5244755148887634
118;0.012308712117373943;0.5524475574493408
119;0.012313337065279484;0.5314685106277466
120;0.0121696712449193;0.559440553188324
121;0.012409921735525131;0.5804196000099182
122;0.012340349145233631;0.503496527671814
123;0.012154046446084976;0.5524475574493408
124;0.012212276458740234;0.5944055914878845
125;0.011983855627477169;0.5384615659713745
126;0.012081166729331017;0.5874125957489014
127;0.011835535988211632;0.6013985872268677
128;0.012116478756070137;0.5314685106277466
129;0.012195379473268986;0.5314685106277466
130;0.01196252554655075;0.5804196000099182
131;0.011649273335933685;0.6223776340484619
132;0.011679640039801598;0.6153846383094788
133;0.011974100023508072;0.6013985872268677
134;0.011787096038460732;0.5944055914878845
135;0.011779796332120895;0.5804196000099182
136;0.01147523894906044;0.6223776340484619
137;0.01183355413377285;0.5944055914878845
138;0.01141382660716772;0.6643356680870056
139;0.01157971378415823;0.6083915829658508
140;0.011704374104738235;0.6223776340484619
141;0.011583646759390831;0.6503496766090393
142;0.011366180144250393;0.7062937021255493
143;0.011238188482820988;0.692307710647583
144;0.011262892745435238;0.6503496766090393
145;0.01107320562005043;0.6433566212654114
146;0.011046163737773895;0.748251736164093
147;0.01112882699817419;0.6083915829658508
148;0.011064662598073483;0.6783216595649719
149;0.011141035705804825;0.6433566212654114
150;0.0112569285556674;0.6083915829658508
151;0.011633056215941906;0.5664335489273071
152;0.011190111748874187;0.6223776340484619
153;0.012094155885279179;0.5454545617103577
154;0.011316141113638878;0.6573426723480225
155;0.011110717430710793;0.6433566212654114
156;0.011269664391875267;0.6573426723480225
157;0.010825839824974537;0.692307710647583
158;0.011232183314859867;0.6363636255264282
159;0.010865611024200916;0.7272727489471436
160;0.010910793207585812;0.6993007063865662
161;0.010610908269882202;0.7272727489471436
162;0.010666384361684322;0.6573426723480225
163;0.010629295371472836;0.6783216595649719
164;0.010733411647379398;0.6643356680870056
165;0.010481690056622028;0.6993007063865662
166;0.01048465445637703;0.7342657446861267
167;0.010505212470889091;0.692307710647583
168;0.01032073050737381;0.7762237787246704
169;0.010434354655444622;0.6993007063865662
170;0.010431209579110146;0.7272727489471436
171;0.010556892491877079;0.6573426723480225
172;0.010071296244859695;0.748251736164093
173;0.010220707394182682;0.692307710647583
174;0.00988837331533432;0.7342657446861267
175;0.010288712568581104;0.6993007063865662
176;0.00993660744279623;0.7412587404251099
177;0.010244491510093212;0.7062937021255493
178;0.009936914779245853;0.7412587404251099
179;0.009885531850159168;0.7412587404251099
180;0.009973925538361073;0.7272727489471436
181;0.010042065754532814;0.7272727489471436
182;0.010045565664768219;0.6853147149085999
183;0.009661645628511906;0.7272727489471436
184;0.009655408561229706;0.748251736164093
185;0.009777214378118515;0.7692307829856873
186;0.009618347510695457;0.7902097702026367
187;0.009717761538922787;0.7062937021255493
188;0.009561987593770027;0.7412587404251099
189;0.009936956688761711;0.7272727489471436
190;0.00981847569346428;0.8041958212852478
191;0.00959513895213604;0.7972028255462646
192;0.00975651666522026;0.7342657446861267
193;0.009424359537661076;0.7762237787246704
194;0.009559391997754574;0.6783216595649719
195;0.009578854776918888;0.8041958212852478
196;0.009406721219420433;0.8041958212852478
197;0.009262630715966225;0.811188817024231
198;0.00957615114748478;0.7552447319030762
199;0.009169483557343483;0.7972028255462646
200;0.009942824020981789;0.7062937021255493
201;0.009279493242502213;0.7622377872467041
202;0.00929574016481638;0.7692307829856873
203;0.009450973011553288;0.748251736164093
204;0.009059635922312737;0.8181818127632141
205;0.00897099357098341;0.811188817024231
206;0.00945260375738144;0.7832167744636536
207;0.00885325763374567;0.8181818127632141
208;0.009109418839216232;0.7832167744636536
209;0.009106543846428394;0.7272727489471436
210;0.009376252070069313;0.7902097702026367
211;0.009004375897347927;0.8251748085021973
212;0.009580548852682114;0.7552447319030762
213;0.008894667960703373;0.8041958212852478
214;0.008866474963724613;0.7972028255462646
215;0.009112674742937088;0.7902097702026367
216;0.009135381318628788;0.7692307829856873
217;0.008718433789908886;0.811188817024231
218;0.009241975843906403;0.8041958212852478
219;0.009174122475087643;0.7552447319030762
220;0.009090237319469452;0.7832167744636536
221;0.009387113153934479;0.7552447319030762
222;0.008761539123952389;0.881118893623352
223;0.008753028698265553;0.8461538553237915
224;0.008760355412960052;0.8181818127632141
225;0.008423762395977974;0.8601398468017578
226;0.008687930181622505;0.8321678042411804
227;0.008547626435756683;0.8321678042411804
228;0.008492577821016312;0.867132842540741
229;0.00873410515487194;0.8461538553237915
230;0.008750303648412228;0.811188817024231
231;0.00836849957704544;0.8251748085021973
232;0.008480126038193703;0.811188817024231
233;0.008558451198041439;0.8321678042411804
234;0.008459126576781273;0.8181818127632141
235;0.008687484078109264;0.8321678042411804
236;0.008485237136483192;0.8461538553237915
237;0.008480140008032322;0.8531468510627747
238;0.008714827708899975;0.811188817024231
239;0.008419254794716835;0.811188817024231
240;0.008167807944118977;0.881118893623352
241;0.00819363072514534;0.8461538553237915
242;0.008414378389716148;0.7902097702026367
243;0.008110858500003815;0.8531468510627747
244;0.008091921918094158;0.811188817024231
245;0.008448051288723946;0.8321678042411804
246;0.008033940568566322;0.8461538553237915
247;0.00808757171034813;0.8461538553237915
248;0.008388318121433258;0.8321678042411804
249;0.007765484508126974;0.881118893623352
250;0.007971840910613537;0.881118893623352
251;0.007945757359266281;0.8881118893623352
252;0.007640110328793526;0.8531468510627747
253;0.007940039969980717;0.867132842540741
254;0.007911375723779202;0.8601398468017578
255;0.007853911258280277;0.9020978808403015
256;0.007786191068589687;0.8181818127632141
257;0.007953214459121227;0.8601398468017578
258;0.007671213708817959;0.8951048851013184
259;0.007903624325990677;0.8601398468017578
260;0.007754085119813681;0.881118893623352
261;0.007868264801800251;0.8391608595848083
262;0.00795271247625351;0.867132842540741
263;0.007891968823969364;0.8391608595848083
264;0.007581225596368313;0.8881118893623352
265;0.007509016897529364;0.9160839319229126
266;0.007982960902154446;0.8181818127632141
267;0.007499926257878542;0.881118893623352
268;0.007679738570004702;0.8531468510627747
269;0.007434031460434198;0.8601398468017578
270;0.007843504659831524;0.8741258978843689
271;0.0074338107369840145;0.881118893623352
272;0.0078665129840374;0.8251748085021973
273;0.007542646024376154;0.8251748085021973
274;0.007443411275744438;0.9160839319229126
275;0.007353533990681171;0.8741258978843689
276;0.007409528363496065;0.867132842540741
277;0.007859366945922375;0.8881118893623352
278;0.0076668052934110165;0.881118893623352
279;0.0073366183787584305;0.9020978808403015
280;0.007296968251466751;0.8601398468017578
281;0.007427200675010681;0.9020978808403015
282;0.007696924265474081;0.8461538553237915
283;0.007589458022266626;0.8391608595848083
284;0.007453707046806812;0.8741258978843689
285;0.007200741674751043;0.9090909361839294
286;0.007392588071525097;0.881118893623352
287;0.007061834912747145;0.8881118893623352
288;0.007140388712286949;0.9160839319229126
289;0.007105427794158459;0.881118893623352
290;0.007313605397939682;0.8881118893623352
291;0.007353419438004494;0.9090909361839294
292;0.00728766480460763;0.9090909361839294
293;0.007156172767281532;0.8531468510627747
294;0.0073676337487995625;0.9020978808403015
295;0.007401931099593639;0.9090909361839294
296;0.006860056426376104;0.9090909361839294
297;0.006959591526538134;0.8601398468017578
298;0.007337239570915699;0.8601398468017578
299;0.007077637128531933;0.881118893623352
300;0.007162722293287516;0.8951048851013184
301;0.006882878951728344;0.9230769276618958
302;0.0069291358813643456;0.9160839319229126
303;0.006977276876568794;0.9020978808403015
304;0.007210289128124714;0.881118893623352
305;0.007025265134871006;0.881118893623352
306;0.006818248424679041;0.9090909361839294
307;0.007059094496071339;0.9020978808403015
308;0.006659562699496746;0.8951048851013184
309;0.007240323815494776;0.9020978808403015
310;0.0066478862427175045;0.9440559148788452
311;0.007019123062491417;0.8741258978843689
312;0.007048683241009712;0.9090909361839294
313;0.006689941510558128;0.9090909361839294
314;0.006933412980288267;0.867132842540741
315;0.007244382984936237;0.867132842540741
316;0.006760061252862215;0.9020978808403015
317;0.0067616975866258144;0.9230769276618958
318;0.006709911860525608;0.9090909361839294
319;0.00629931315779686;0.9230769276618958
320;0.006683528423309326;0.881118893623352
321;0.006564993876963854;0.9160839319229126
322;0.006425514351576567;0.9300699234008789
323;0.006555540952831507;0.8881118893623352
324;0.006993783637881279;0.8951048851013184
325;0.00661757355555892;0.8951048851013184
326;0.006883539725095034;0.8881118893623352
327;0.006562079302966595;0.8951048851013184
328;0.006299120374023914;0.9510489702224731
329;0.006791240535676479;0.9090909361839294
330;0.0065272836945950985;0.9300699234008789
331;0.006614784710109234;0.9160839319229126
332;0.006381035316735506;0.8951048851013184
333;0.006529265083372593;0.9090909361839294
334;0.005975105334073305;0.9370629191398621
335;0.006378667429089546;0.9440559148788452
336;0.006493085063993931;0.9300699234008789
337;0.006523925811052322;0.9020978808403015
338;0.0063382298685610294;0.9090909361839294
339;0.006467055529356003;0.9160839319229126
340;0.006425890140235424;0.9230769276618958
341;0.006269464269280434;0.881118893623352
342;0.006291987374424934;0.9020978808403015
343;0.006485266610980034;0.9510489702224731
344;0.006472067441791296;0.9230769276618958
345;0.006207199301570654;0.9090909361839294
346;0.0062255896627902985;0.9230769276618958
347;0.00627994816750288;0.9300699234008789
348;0.006133671849966049;0.9020978808403015
349;0.006569938268512487;0.8601398468017578
350;0.006596848834306002;0.9090909361839294
351;0.006522028241306543;0.9090909361839294
352;0.006719154771417379;0.881118893623352
353;0.006348323076963425;0.9300699234008789
354;0.006314919795840979;0.9510489702224731
355;0.006458994001150131;0.9160839319229126
356;0.006069355644285679;0.9160839319229126
357;0.006099299993366003;0.9370629191398621
358;0.006493597757071257;0.9160839319229126
359;0.006371967028826475;0.9160839319229126
360;0.006258747540414333;0.867132842540741
361;0.005931385327130556;0.9510489702224731
362;0.00606825714930892;0.9160839319229126
363;0.006285804323852062;0.8951048851013184
364;0.005784946493804455;0.9440559148788452
365;0.006070306990295649;0.9580419659614563
366;0.00608697347342968;0.9090909361839294
367;0.00631405645981431;0.8741258978843689
368;0.0059061553329229355;0.9300699234008789
369;0.0061601935885846615;0.9230769276618958
370;0.006422253325581551;0.9160839319229126
371;0.0061826324090361595;0.9160839319229126
372;0.0064069046638906;0.9300699234008789
373;0.006206763442605734;0.9370629191398621
374;0.006210764870047569;0.9370629191398621
375;0.005742936860769987;0.9580419659614563
376;0.006010374054312706;0.9440559148788452
377;0.0059890528209507465;0.9440559148788452
378;0.006326794158667326;0.881118893623352
379;0.005808885209262371;0.9510489702224731
380;0.006552357692271471;0.8881118893623352
381;0.006327927578240633;0.9230769276618958
382;0.006038523744791746;0.9370629191398621
383;0.006428161170333624;0.9300699234008789
384;0.0065086311660707;0.9020978808403015
385;0.006852178368717432;0.9020978808403015
386;0.006369797978550196;0.9370629191398621
387;0.0061132656410336494;0.9300699234008789
388;0.006405261345207691;0.9160839319229126
389;0.006230661179870367;0.9300699234008789
390;0.005956190172582865;0.9510489702224731
391;0.005907157436013222;0.9370629191398621
392;0.00611617136746645;0.9580419659614563
393;0.005843676161020994;0.9370629191398621
394;0.005820239894092083;0.9160839319229126
395;0.005513716954737902;0.9160839319229126
396;0.005789024755358696;0.9580419659614563
397;0.005699533969163895;0.9510489702224731
398;0.005371075123548508;0.9300699234008789
399;0.0062233274802565575;0.9020978808403015
400;0.0055296760983765125;0.9440559148788452
401;0.005954815074801445;0.9300699234008789
402;0.006030780263245106;0.9160839319229126
403;0.005638967268168926;0.9370629191398621
404;0.005628662649542093;0.9090909361839294
405;0.00571704376488924;0.9370629191398621
406;0.00558628560975194;0.9230769276618958
407;0.005877367686480284;0.9090909361839294
408;0.005472877528518438;0.9300699234008789
409;0.005186958704143763;0.9720279574394226
410;0.005710973870009184;0.9090909361839294
411;0.005488579161465168;0.9720279574394226
412;0.00541732320562005;0.9510489702224731
413;0.005382605828344822;0.9580419659614563
414;0.005315396003425121;0.9440559148788452
415;0.005444162525236607;0.9300699234008789
416;0.00542414840310812;0.9160839319229126
417;0.00535726360976696;0.9510489702224731
418;0.005360564216971397;0.9230769276618958
419;0.005445795599371195;0.9300699234008789
420;0.005457150749862194;0.9160839319229126
421;0.005220150575041771;0.9510489702224731
422;0.005505663342773914;0.9370629191398621
423;0.005630492698401213;0.9300699234008789
424;0.005376139190047979;0.9510489702224731
425;0.005315984599292278;0.9650349617004395
426;0.005483523476868868;0.9160839319229126
427;0.005623259581625462;0.9440559148788452
428;0.005230485927313566;0.9370629191398621
429;0.005409253295511007;0.9370629191398621
430;0.005306313745677471;0.9580419659614563
431;0.005205418448895216;0.9510489702224731
432;0.0050481390208005905;0.9580419659614563
433;0.005241807084530592;0.9160839319229126
434;0.005122697912156582;0.9440559148788452
435;0.005102130584418774;0.9230769276618958
436;0.005018751602619886;0.9300699234008789
437;0.0052801463752985;0.9160839319229126
438;0.004899222403764725;0.9790209531784058
439;0.004934292286634445;0.9230769276618958
440;0.005092152860015631;0.9650349617004395
441;0.005240384489297867;0.9160839319229126
442;0.0050888522528111935;0.9090909361839294
443;0.005051748361438513;0.9580419659614563
444;0.004904671106487513;0.9300699234008789
445;0.004982327576726675;0.9580419659614563
446;0.005319233983755112;0.9020978808403015
447;0.004807215183973312;0.9510489702224731
448;0.004893315024673939;0.9300699234008789
449;0.0053335814736783504;0.9370629191398621
450;0.00482711847871542;0.9370629191398621
451;0.005159003660082817;0.9440559148788452
452;0.004818993620574474;0.9440559148788452
453;0.005003671161830425;0.9440559148788452
454;0.004957112483680248;0.9370629191398621
455;0.005122180562466383;0.9440559148788452
456;0.004700478632003069;0.9510489702224731
457;0.004775132983922958;0.9650349617004395
458;0.0053255935199558735;0.9160839319229126
459;0.004905871581286192;0.9370629191398621
460;0.0056255836971104145;0.9300699234008789
461;0.005349744111299515;0.9230769276618958
462;0.00568111427128315;0.9160839319229126
463;0.006024870090186596;0.9090909361839294
464;0.006051545962691307;0.9090909361839294
465;0.005468260031193495;0.9370629191398621
466;0.006477233953773975;0.881118893623352
467;0.005452368408441544;0.9160839319229126
468;0.007127977441996336;0.8601398468017578
469;0.005566926673054695;0.9160839319229126
470;0.005180345382541418;0.9370629191398621
471;0.008165698498487473;0.7902097702026367
472;0.005610259715467691;0.9300699234008789
473;0.005731138400733471;0.9440559148788452
474;0.006344093009829521;0.8951048851013184
475;0.005378080531954765;0.9230769276618958
476;0.005173405632376671;0.9020978808403015
477;0.005239055026322603;0.9370629191398621
478;0.0055853272788226604;0.9440559148788452
479;0.005507699213922024;0.9230769276618958
480;0.005366249475628138;0.9440559148788452
481;0.004983214195817709;0.9580419659614563
482;0.005029455292969942;0.9440559148788452
483;0.005472803022712469;0.9370629191398621
484;0.005171811208128929;0.9160839319229126
485;0.004909721668809652;0.9650349617004395
486;0.00488343695178628;0.9510489702224731
487;0.005137935746461153;0.9160839319229126
488;0.0054975878447294235;0.9440559148788452
489;0.0049768430180847645;0.9090909361839294
490;0.004951388109475374;0.9300699234008789
491;0.00483311852440238;0.9650349617004395
492;0.004902157001197338;0.9510489702224731
493;0.004547724034637213;0.9650349617004395
494;0.004688207060098648;0.9370629191398621
495;0.004815239459276199;0.9580419659614563
496;0.004759354516863823;0.9440559148788452
497;0.004921372048556805;0.9650349617004395
498;0.004800918512046337;0.9440559148788452
499;0.004830540157854557;0.9090909361839294
500;0.004449276253581047;0.9440559148788452
501;0.0047177537344396114;0.9440559148788452
502;0.004730603192001581;0.9510489702224731
503;0.00435203593224287;0.9440559148788452
504;0.004304053727537394;0.9580419659614563
505;0.0047765769995749;0.9370629191398621
506;0.004431535955518484;0.9510489702224731
507;0.0047277770936489105;0.9580419659614563
508;0.00450822664424777;0.9440559148788452
509;0.004651266150176525;0.9370629191398621
510;0.004733053036034107;0.9440559148788452
511;0.0044540707021951675;0.9440559148788452
512;0.004356120713055134;0.9440559148788452
513;0.004534873180091381;0.9160839319229126
514;0.004601728171110153;0.9510489702224731
515;0.00432508485391736;0.9510489702224731
516;0.005087796598672867;0.8881118893623352
517;0.004488995764404535;0.9510489702224731
518;0.004577286541461945;0.9300699234008789
519;0.004792130086570978;0.9580419659614563
520;0.004767144564539194;0.9230769276618958
521;0.005079513881355524;0.9020978808403015
522;0.004405609332025051;0.9370629191398621
523;0.0046827769838273525;0.9580419659614563
524;0.0047006323002278805;0.9300699234008789
525;0.004741349257528782;0.9300699234008789
526;0.004363195970654488;0.9370629191398621
527;0.004345550201833248;0.9510489702224731
528;0.00454228650778532;0.9440559148788452
529;0.0045070950873196125;0.9510489702224731
530;0.004354294389486313;0.9510489702224731
531;0.004599771462380886;0.9370629191398621
532;0.004400836303830147;0.9580419659614563
533;0.004471614491194487;0.9440559148788452
534;0.004474211484193802;0.9580419659614563
535;0.00419511878862977;0.9650349617004395
536;0.004167156759649515;0.9370629191398621
537;0.004277944564819336;0.9370629191398621
538;0.004548556637018919;0.9440559148788452
539;0.004438083153218031;0.9510489702224731
540;0.004388908855617046;0.9440559148788452
541;0.004164764191955328;0.9650349617004395
542;0.004327406175434589;0.9510489702224731
543;0.0042884149588644505;0.9580419659614563
544;0.004081429913640022;0.9510489702224731
545;0.004305519629269838;0.9580419659614563
546;0.004388594068586826;0.9370629191398621
547;0.004169820342212915;0.9510489702224731
548;0.004306021146476269;0.9580419659614563
549;0.0044621690176427364;0.9300699234008789
550;0.004331921227276325;0.9440559148788452
551;0.004239625763148069;0.9370629191398621
552;0.004174139350652695;0.9370629191398621
553;0.004137837793678045;0.9510489702224731
554;0.004102004691958427;0.9650349617004395
555;0.004169069696217775;0.9440559148788452
556;0.00402996176853776;0.9580419659614563
557;0.0038049647118896246;0.9440559148788452
558;0.00412218552082777;0.9510489702224731
559;0.004130675923079252;0.9440559148788452
560;0.004300113767385483;0.9440559148788452
561;0.004112491384148598;0.9510489702224731
562;0.0040162596851587296;0.9440559148788452
563;0.00373771321028471;0.9580419659614563
564;0.004161626100540161;0.9580419659614563
565;0.003970263060182333;0.9790209531784058
566;0.0037394417449831963;0.9580419659614563
567;0.003987564239650965;0.9580419659614563
568;0.0041017294861376286;0.9510489702224731
569;0.003977788146585226;0.9580419659614563
570;0.004100359044969082;0.9440559148788452
571;0.004125777631998062;0.9370629191398621
572;0.00396423926576972;0.9650349617004395
573;0.004067388363182545;0.9510489702224731
574;0.0038408758118748665;0.9370629191398621
575;0.004198136273771524;0.9440559148788452
576;0.003949909005314112;0.9510489702224731
577;0.004108821973204613;0.9650349617004395
578;0.004103990271687508;0.9650349617004395
579;0.00419722031801939;0.9370629191398621
580;0.0040540145710110664;0.9510489702224731
581;0.00400006677955389;0.9300699234008789
582;0.003961367066949606;0.9370629191398621
583;0.003925258293747902;0.9580419659614563
584;0.0038450283464044333;0.9440559148788452
585;0.004090375732630491;0.9510489702224731
586;0.004024961497634649;0.9580419659614563
587;0.0038312834221869707;0.9440559148788452
588;0.0037769877817481756;0.9650349617004395
589;0.003820664482191205;0.9510489702224731
590;0.0038830838166177273;0.9720279574394226
591;0.003866700455546379;0.9650349617004395
592;0.003965194337069988;0.9790209531784058
593;0.003945589531213045;0.9650349617004395
594;0.003893062239512801;0.9790209531784058
595;0.003892191918566823;0.9580419659614563
596;0.003947694785892963;0.9580419659614563
597;0.003817137097939849;0.9440559148788452
598;0.0036281622014939785;0.9790209531784058
599;0.0037584854289889336;0.9440559148788452
600;0.003919239621609449;0.9440559148788452
601;0.003826625645160675;0.9580419659614563
602;0.0038772993721067905;0.9510489702224731
603;0.003497300436720252;0.9650349617004395
604;0.0039034131914377213;0.9650349617004395
605;0.0038589301984757185;0.9580419659614563
606;0.003899000585079193;0.9580419659614563
607;0.00364488223567605;0.9720279574394226
608;0.00400328217074275;0.9440559148788452
609;0.0038620219565927982;0.9720279574394226
610;0.0038848614785820246;0.9510489702224731
611;0.0038435764145106077;0.9790209531784058
612;0.0037339183036237955;0.9790209531784058
613;0.0038530973251909018;0.9580419659614563
614;0.003571317996829748;0.9510489702224731
615;0.003771246178075671;0.9650349617004395
616;0.0037717418745160103;0.9580419659614563
617;0.003672853112220764;0.9440559148788452
618;0.003735358128324151;0.9440559148788452
619;0.0038797613233327866;0.9580419659614563
620;0.0037143882364034653;0.9440559148788452
621;0.003550813300535083;0.9580419659614563
622;0.003634304041042924;0.9720279574394226
623;0.003751980373635888;0.9440559148788452
624;0.003831371897831559;0.9300699234008789
625;0.004102041944861412;0.9720279574394226
626;0.00370665336959064;0.9720279574394226
627;0.003693963633850217;0.9580419659614563
628;0.0035957980435341597;0.9580419659614563
629;0.0036045049782842398;0.9720279574394226
630;0.003815328236669302;0.9580419659614563
631;0.0035884676035493612;0.9790209531784058
632;0.0035153129138052464;0.9510489702224731
633;0.0036254506558179855;0.9510489702224731
634;0.003676275024190545;0.9650349617004395
635;0.003838091855868697;0.9720279574394226
636;0.0034685377031564713;0.9790209531784058
637;0.003838252043351531;0.9650349617004395
638;0.0037640961818397045;0.9650349617004395
639;0.0035109894815832376;0.9650349617004395
640;0.003851155983284116;0.9720279574394226
641;0.0035477904602885246;0.9650349617004395
642;0.003610883606597781;0.9580419659614563
643;0.003667565295472741;0.9720279574394226
644;0.003301025368273258;0.9650349617004395
645;0.003526505781337619;0.9510489702224731
646;0.0037599720526486635;0.9860140085220337
647;0.003652214305475354;0.9510489702224731
648;0.00336797465570271;0.9720279574394226
649;0.0036937624681741;0.9720279574394226
650;0.0035543853882700205;0.9650349617004395
651;0.003611820749938488;0.9440559148788452
652;0.0034205473493784666;0.9720279574394226
653;0.0035793825518339872;0.9790209531784058
654;0.003525769105181098;0.9720279574394226
655;0.003396584652364254;0.9720279574394226
656;0.003430162090808153;0.9650349617004395
657;0.0034747335594147444;0.9510489702224731
658;0.0035472700837999582;0.9510489702224731
659;0.0036348782014101744;0.9650349617004395
660;0.0033707472030073404;0.9650349617004395
661;0.003465191926807165;0.9650349617004395
662;0.0034848630893975496;0.9860140085220337
663;0.0036024453584104776;0.9720279574394226
664;0.0035821611527353525;0.9650349617004395
665;0.00393627118319273;0.9650349617004395
666;0.0035353614948689938;0.9440559148788452
667;0.003659594338387251;0.9510489702224731
668;0.003857171628624201;0.9650349617004395
669;0.003317955182865262;0.9650349617004395
670;0.0034333434887230396;0.9580419659614563
671;0.0036634227726608515;0.9790209531784058
672;0.0038132464978843927;0.9440559148788452
673;0.005551863927394152;0.9090909361839294
674;0.005494972690939903;0.881118893623352
675;0.0045954156666994095;0.9230769276618958
676;0.004335498437285423;0.9580419659614563
677;0.004874152131378651;0.9720279574394226
678;0.004894561599940062;0.9370629191398621
679;0.004729106556624174;0.9300699234008789
680;0.0047018141485750675;0.9650349617004395
681;0.005432553123682737;0.9230769276618958
682;0.0045075868256390095;0.9440559148788452
683;0.003943158313632011;0.9720279574394226
684;0.003947689663618803;0.9510489702224731
685;0.0038942438550293446;0.9860140085220337
686;0.004604963585734367;0.9580419659614563
687;0.004113500937819481;0.9930070042610168
688;0.003915667068213224;0.9580419659614563
689;0.0038832894060760736;0.9720279574394226
690;0.0039159031584858894;0.9580419659614563
691;0.004404338076710701;0.9440559148788452
692;0.0039252229034900665;0.9650349617004395
693;0.0038160604890435934;0.9580419659614563
694;0.0035672869998961687;0.9860140085220337
695;0.0038340550381690264;0.9580419659614563
696;0.0038773980922997;0.9510489702224731
697;0.0037214041221886873;0.9650349617004395
698;0.0037262707483023405;0.9580419659614563
699;0.0037298514507710934;0.9650349617004395
700;0.003616570495069027;0.9580419659614563
701;0.0036393485497683287;0.9860140085220337
702;0.003671895479783416;0.9790209531784058
703;0.003673351602628827;0.9580419659614563
704;0.0034698909148573875;0.9650349617004395
705;0.0034720436669886112;0.9720279574394226
706;0.003388421842828393;0.9580419659614563
707;0.003418888198211789;0.9860140085220337
708;0.0036655219737440348;0.9790209531784058
709;0.0036475411616265774;0.9580419659614563
710;0.0034178183414041996;0.9650349617004395
711;0.003174550598487258;0.9720279574394226
712;0.003292722161859274;0.9860140085220337
713;0.0036634199786931276;0.9790209531784058
714;0.0034063435159623623;0.9580419659614563
715;0.003423380898311734;0.9580419659614563
716;0.003367544151842594;0.9580419659614563
717;0.0033706508111208677;0.9720279574394226
718;0.0035246226470917463;0.9580419659614563
719;0.0030894330702722073;0.9860140085220337
720;0.0034204761032015085;0.9650349617004395
721;0.003066235687583685;0.9860140085220337
722;0.003040148876607418;0.9720279574394226
723;0.0031818354036659002;0.9720279574394226
724;0.003239275189116597;0.9860140085220337
725;0.003279805416241288;0.9580419659614563
726;0.003324963850900531;0.9720279574394226
727;0.0034479540772736073;0.9510489702224731
728;0.003348367288708687;0.9440559148788452
729;0.0030178381130099297;0.9930070042610168
730;0.003204711014404893;0.9790209531784058
731;0.0031727850437164307;0.9650349617004395
732;0.003437358420342207;0.9720279574394226
733;0.003414599923416972;0.9790209531784058
734;0.0035117766819894314;0.9510489702224731
735;0.003085455857217312;0.9720279574394226
736;0.0032588180620223284;0.9720279574394226
737;0.003108775708824396;0.9720279574394226
738;0.0032006821129471064;0.9790209531784058
739;0.0034147975966334343;0.9790209531784058
740;0.0029820012860000134;0.9860140085220337
741;0.0032470899168401957;0.9860140085220337
742;0.0032017435878515244;0.9720279574394226
743;0.003202027641236782;0.9860140085220337
744;0.003104245290160179;0.9790209531784058
745;0.0032512573525309563;0.9720279574394226
746;0.003152991645038128;0.9790209531784058
747;0.0031962322536855936;0.9860140085220337
748;0.002976905321702361;0.9860140085220337
749;0.0030839932151138783;0.9720279574394226
750;0.003217175370082259;0.9930070042610168
751;0.003141844179481268;0.9650349617004395
752;0.003056974383071065;0.9860140085220337
753;0.003281448967754841;0.9720279574394226
754;0.0029702051542699337;0.9860140085220337
755;0.003053678199648857;0.9720279574394226
756;0.003201096085831523;1.0
757;0.0029387741815298796;0.9790209531784058
758;0.0030359697993844748;1.0
759;0.003075090004131198;0.9930070042610168
760;0.0030287194531410933;0.9790209531784058
761;0.0030334768816828728;0.9790209531784058
762;0.00293597555719316;0.9930070042610168
763;0.0030150767415761948;0.9860140085220337
764;0.003031086875125766;0.9790209531784058
765;0.0030764976982027292;0.9580419659614563
766;0.002859440166503191;0.9860140085220337
767;0.003238172736018896;0.9650349617004395
768;0.003014819696545601;0.9930070042610168
769;0.0029870157595723867;0.9930070042610168
770;0.0030026889871805906;0.9790209531784058
771;0.003025784157216549;0.9720279574394226
772;0.003100551664829254;0.9720279574394226
773;0.0030593224801123142;0.9720279574394226
774;0.002876236103475094;0.9860140085220337
775;0.0031769974157214165;0.9860140085220337
776;0.00292625417932868;0.9860140085220337
777;0.003057965310290456;0.9930070042610168
778;0.002986332168802619;0.9860140085220337
779;0.0031349756754934788;0.9790209531784058
780;0.003172491444274783;0.9720279574394226
781;0.002964332001283765;0.9860140085220337
782;0.0033362985122948885;0.9720279574394226
783;0.002997457282617688;0.9720279574394226
784;0.002886192873120308;0.9930070042610168
785;0.003047288628295064;1.0
786;0.003369622863829136;0.9860140085220337
787;0.003229859285056591;0.9790209531784058
788;0.003208267968147993;0.9650349617004395
789;0.0029890912119299173;0.9930070042610168
790;0.0032045827247202396;0.9860140085220337
791;0.0031243956182152033;0.9790209531784058
792;0.0029415481258183718;0.9930070042610168
793;0.003270567860454321;0.9860140085220337
794;0.002869014162570238;0.9790209531784058
795;0.003303648205474019;0.9510489702224731
796;0.002901705214753747;0.9930070042610168
797;0.0030698231421411037;0.9860140085220337
798;0.003085569478571415;0.9790209531784058
799;0.002960162702947855;0.9860140085220337
800;0.0028072192799299955;1.0
801;0.003166300943121314;0.9860140085220337
802;0.0032960237003862858;0.9860140085220337
803;0.0027106597553938627;0.9860140085220337
804;0.0029076486825942993;0.9930070042610168
805;0.002936968579888344;0.9930070042610168
806;0.002978438977152109;0.9930070042610168
807;0.003138431813567877;0.9790209531784058
808;0.002909731352701783;0.9930070042610168
809;0.0029419458005577326;1.0
810;0.002857828512787819;0.9790209531784058
811;0.003090734826400876;0.9790209531784058
812;0.0027095573022961617;0.9790209531784058
813;0.0030546325724571943;0.9650349617004395
814;0.002926817862316966;0.9930070042610168
815;0.0029469309374690056;0.9860140085220337
816;0.0027067032642662525;0.9930070042610168
817;0.002788934390991926;0.9790209531784058
818;0.0027802903205156326;0.9790209531784058
819;0.002906170440837741;0.9930070042610168
820;0.0027569131925702095;1.0
821;0.0028726384043693542;0.9720279574394226
822;0.002821106230840087;0.9930070042610168
823;0.0029368132818490267;0.9720279574394226
824;0.002851131372153759;0.9930070042610168
825;0.0029714072588831186;1.0
826;0.002795427804812789;0.9790209531784058
827;0.002757787937298417;1.0
828;0.002789263380691409;0.9930070042610168
829;0.002755942288786173;0.9930070042610168
830;0.0026801200583577156;1.0
831;0.0026939057279378176;0.9790209531784058
832;0.0028313351795077324;0.9790209531784058
833;0.0027874279767274857;0.9930070042610168
834;0.003003324382007122;0.9860140085220337
835;0.0029484371189028025;1.0
836;0.00273317308165133;0.9930070042610168
837;0.0027185468934476376;0.9930070042610168
838;0.0029778338503092527;0.9720279574394226
839;0.0027766560669988394;0.9860140085220337
840;0.002908372553065419;1.0
841;0.0027098495047539473;0.9930070042610168
842;0.00284803519025445;1.0
843;0.0029177728574723005;0.9930070042610168
844;0.0027695074677467346;1.0
845;0.002619656268507242;1.0
846;0.002410623012110591;0.9930070042610168
847;0.002630493836477399;0.9790209531784058
848;0.0027489885687828064;1.0
849;0.0025215819478034973;1.0
850;0.002571189310401678;1.0
851;0.0028429636731743813;0.9930070042610168
852;0.002743652556091547;1.0
853;0.002913626842200756;0.9930070042610168
854;0.0027286442928016186;1.0
855;0.002467031590640545;1.0
856;0.002539950655773282;1.0
857;0.002745846752077341;1.0
858;0.0026366813108325005;1.0
859;0.0026843238156288862;0.9720279574394226
860;0.0027871266938745975;0.9930070042610168
861;0.0027984094340354204;1.0
862;0.002824547002092004;0.9860140085220337
863;0.00275211688131094;0.9860140085220337
864;0.002627683337777853;0.9930070042610168
865;0.0026034859474748373;0.9930070042610168
866;0.0032274452969431877;0.9650349617004395
867;0.0038568635936826468;0.9720279574394226
868;0.004951984155923128;0.9370629191398621
869;0.0032277500722557306;0.9790209531784058
870;0.003559026401489973;0.9790209531784058
871;0.0042951591312885284;0.9510489702224731
872;0.004069183021783829;0.9440559148788452
873;0.0033492492511868477;0.9860140085220337
874;0.004388526082038879;0.9580419659614563
875;0.005156778264790773;0.9370629191398621
876;0.007921488024294376;0.8391608595848083
877;0.006603224668651819;0.9090909361839294
878;0.004792578984051943;0.9580419659614563
879;0.003524824045598507;0.9860140085220337
880;0.006333502475172281;0.8601398468017578
881;0.004656428005546331;0.9650349617004395
882;0.003894333727657795;0.9930070042610168
883;0.0034791482612490654;0.9930070042610168
884;0.003952947445213795;0.9860140085220337
885;0.0045997025445103645;0.9370629191398621
886;0.0041011665016412735;0.9440559148788452
887;0.003725106129422784;0.9370629191398621
888;0.002962410682812333;1.0
889;0.003052185522392392;0.9860140085220337
890;0.0034399384167045355;0.9860140085220337
891;0.0033142101019620895;1.0
892;0.0031845998018980026;0.9930070042610168
893;0.003378329798579216;0.9860140085220337
894;0.0031672606710344553;0.9930070042610168
895;0.003252628492191434;1.0
896;0.0029816257301717997;1.0
897;0.0029434848111122847;1.0
898;0.003346068551763892;1.0
899;0.002934842137619853;1.0
900;0.0029003170784562826;1.0
901;0.0028484673239290714;1.0
902;0.002761464798822999;0.9930070042610168
903;0.0028168263379484415;1.0
904;0.0026428410783410072;1.0
905;0.002641466911882162;0.9930070042610168
906;0.0028663151897490025;0.9930070042610168
907;0.002715757815167308;1.0
908;0.002720487769693136;1.0
909;0.0028021105099469423;1.0
910;0.002386129694059491;0.9930070042610168
911;0.002679747063666582;1.0
912;0.0025182324461638927;0.9930070042610168
913;0.002572453347966075;1.0
914;0.0023200535215437412;0.9930070042610168
915;0.002444242825731635;1.0
916;0.002427047584205866;1.0
917;0.0025933554861694574;1.0
918;0.002449717139825225;0.9860140085220337
919;0.002450894797220826;1.0
920;0.0024505010806024075;1.0
921;0.0025733497459441423;1.0
922;0.0024940301664173603;0.9930070042610168
923;0.00245866971090436;1.0
924;0.0025796503759920597;1.0
925;0.00246775452978909;1.0
926;0.0024586892686784267;1.0
927;0.0027263162191957235;0.9930070042610168
928;0.0023632722441107035;0.9930070042610168
929;0.0023733361158519983;1.0
930;0.0025078910402953625;0.9930070042610168
931;0.0024552741087973118;1.0
932;0.00230112811550498;1.0
933;0.0023815417662262917;1.0
934;0.0023916056379675865;0.9930070042610168
935;0.0024664367083460093;0.9930070042610168
936;0.0023479226510971785;1.0
937;0.0024352737236768007;1.0
938;0.0024488060735166073;1.0
939;0.002396409399807453;0.9930070042610168
940;0.0023581250570714474;1.0
941;0.002219701185822487;1.0
942;0.0025628297589719296;0.9930070042610168
943;0.002049802802503109;1.0
944;0.002577147213742137;1.0
945;0.0023117957171052694;1.0
946;0.0022747793700546026;0.9860140085220337
947;0.002368474844843149;0.9930070042610168
948;0.0023220658767968416;0.9930070042610168
949;0.002256832318380475;0.9790209531784058
950;0.002209753030911088;1.0
951;0.0022746685426682234;1.0
952;0.002394238021224737;1.0
953;0.00231852475553751;1.0
954;0.0022324209567159414;1.0
955;0.0021730836015194654;1.0
956;0.002501934999600053;1.0
957;0.0021777995862066746;1.0
958;0.002260991372168064;1.0
959;0.0023491508327424526;1.0
960;0.0023116397205740213;1.0
961;0.002310399664565921;1.0
962;0.00221230904571712;0.9860140085220337
963;0.0023241620510816574;0.9930070042610168
964;0.00226605380885303;0.9860140085220337
965;0.0024708316195756197;0.9860140085220337
966;0.0022400987800210714;1.0
967;0.002545054303482175;1.0
968;0.0024141380563378334;1.0
969;0.002316194586455822;1.0
970;0.002109370892867446;1.0
971;0.002378631616011262;1.0
972;0.0022468019742518663;1.0
973;0.0021746372804045677;1.0
974;0.0022352924570441246;1.0
975;0.002461089286953211;1.0
976;0.0023026640992611647;1.0
977;0.0022446822840720415;1.0
978;0.0024668981786817312;1.0
979;0.002191015984863043;1.0
980;0.002667501335963607;0.9720279574394226
981;0.002520140027627349;1.0
982;0.0025866120122373104;1.0
983;0.0024190947879105806;1.0
984;0.0024300897493958473;1.0
985;0.0023820693604648113;1.0
986;0.002647597575560212;1.0
987;0.0022378882858902216;1.0
988;0.002228998113423586;1.0
989;0.0023403496015816927;1.0
990;0.0021894555538892746;1.0
991;0.001991510158404708;0.9930070042610168
992;0.001964868512004614;1.0
993;0.0021869756747037172;1.0
994;0.0021239377092570066;1.0
995;0.0022340251598507166;1.0
996;0.0022958465851843357;1.0
997;0.002342729829251766;1.0
998;0.0024974874686449766;1.0
999;0.002258114982396364;1.0
1000;0.0021507986821234226;1.0
1001;0.0022149551659822464;0.9930070042610168
1002;0.0020712532568722963;1.0
1003;0.0023327565286308527;1.0
1004;0.00233256327919662;0.9860140085220337
1005;0.0022208031732589006;0.9860140085220337
1006;0.0022319776471704245;1.0
1007;0.002327272668480873;1.0
1008;0.002211464336141944;1.0
1009;0.0021144815254956484;1.0
1010;0.0021464498713612556;1.0
1011;0.002115236595273018;1.0
1012;0.002082779537886381;1.0
1013;0.00208044215105474;1.0
1014;0.002612981479614973;0.9720279574394226
1015;0.0022702007554471493;1.0
1016;0.002518366789445281;1.0
1017;0.0024116546846926212;1.0
1018;0.002117837779223919;1.0
1019;0.0020083170384168625;1.0
1020;0.0021954665426164865;0.9930070042610168
1021;0.0024094050750136375;0.9860140085220337
1022;0.0020906671416014433;1.0
1023;0.001840690616518259;1.0
1024;0.002194470027461648;1.0
1025;0.0021237863693386316;1.0
1026;0.0021625577937811613;1.0
1027;0.0021233169827610254;1.0
1028;0.0021658947225660086;1.0
1029;0.0022066105157136917;1.0
1030;0.0020236684940755367;1.0
1031;0.002267040079459548;1.0
1032;0.0020040995441377163;1.0
1033;0.0020303872879594564;0.9930070042610168
1034;0.0020850778091698885;1.0
1035;0.0020241285674273968;1.0
1036;0.0020934133790433407;1.0
1037;0.001910481951199472;1.0
1038;0.0019602885004132986;1.0
1039;0.002041309140622616;1.0
1040;0.0019044530345126987;1.0
1041;0.0019240055698901415;1.0
1042;0.002148931846022606;1.0
1043;0.002186299068853259;1.0
1044;0.002102585742250085;1.0
1045;0.0020000545773655176;1.0
1046;0.001969836885109544;1.0
1047;0.0019767500925809145;1.0
1048;0.0021719580981880426;1.0
1049;0.0020503562409430742;1.0
1050;0.002039510291069746;0.9930070042610168
1051;0.0018812255002558231;1.0
1052;0.0022894199937582016;0.9930070042610168
1053;0.002096407813951373;1.0
1054;0.0022095986641943455;1.0
1055;0.001932466053403914;1.0
1056;0.0020328194368630648;1.0
1057;0.0023064492270350456;0.9860140085220337
1058;0.001876494032330811;1.0
1059;0.0020786712411791086;1.0
1060;0.0020339805632829666;1.0
1061;0.0019889273680746555;1.0
1062;0.0018662544898688793;1.0
1063;0.002183016622439027;1.0
1064;0.0018850010819733143;1.0
1065;0.0019233525963500142;0.9930070042610168
1066;0.001970370067283511;1.0
1067;0.0018557363655418158;1.0
1068;0.0019239294342696667;1.0
1069;0.0019416165305301547;1.0
1070;0.0020760982297360897;1.0
1071;0.0018880241550505161;1.0
1072;0.001921827788464725;1.0
1073;0.001987350406125188;1.0
1074;0.0018543751211836934;1.0
1075;0.001888772239908576;1.0
1076;0.002073251409456134;1.0
1077;0.0020287183579057455;1.0
1078;0.0017894047778099775;1.0
1079;0.0019119547214359045;1.0
1080;0.0018285454716533422;1.0
1081;0.0019169733859598637;1.0
1082;0.0019174868939444423;1.0
1083;0.0020229557994753122;1.0
1084;0.0018919827416539192;1.0
1085;0.002010584808886051;1.0
1086;0.0018921303562819958;1.0
1087;0.0019479345064610243;1.0
1088;0.0019662543199956417;1.0
1089;0.0016889930702745914;1.0
1090;0.0018636180320754647;1.0
1091;0.0018457242986187339;1.0
1092;0.002019689418375492;1.0
1093;0.0017947007436305285;1.0
1094;0.001924398122355342;1.0
1095;0.0017791816499084234;1.0
1096;0.001812119735404849;1.0
1097;0.0019516523461788893;1.0
1098;0.0019593394827097654;1.0
1099;0.001964219845831394;1.0
1100;0.0019974689930677414;0.9860140085220337
1101;0.001787159708328545;1.0
1102;0.0021311664022505283;0.9930070042610168
1103;0.002070571994408965;1.0
1104;0.0019631250761449337;1.0
1105;0.0017572817159816623;1.0
1106;0.002021471504122019;0.9930070042610168
1107;0.002160819014534354;1.0
1108;0.0020223534666001797;1.0
1109;0.0019129872089251876;1.0
1110;0.0019662431441247463;1.0
1111;0.0017918023513630033;1.0
1112;0.001917233457788825;1.0
1113;0.002098505850881338;0.9860140085220337
1114;0.002114535542204976;1.0
1115;0.0019228938035666943;1.0
1116;0.0017592620570212603;1.0
1117;0.0021068237256258726;1.0
1118;0.0019827818032354116;1.0
1119;0.001788646331988275;1.0
1120;0.0017719767056405544;1.0
1121;0.0018482526065781713;0.9930070042610168
1122;0.0017053342889994383;1.0
1123;0.0018487167544662952;1.0
1124;0.002005921909585595;0.9860140085220337
1125;0.0017976895906031132;1.0
1126;0.0019828833173960447;1.0
1127;0.0022057988680899143;1.0
1128;0.0018527802312746644;1.0
1129;0.0019692671485245228;1.0
1130;0.002016646321862936;1.0
1131;0.001790411421097815;1.0
1132;0.001994565362110734;1.0
1133;0.0018513797549530864;1.0
1134;0.0018325388664379716;1.0
1135;0.0018208646215498447;1.0
1136;0.0020203290041536093;1.0
1137;0.00187224883120507;1.0
1138;0.0017481627874076366;1.0
1139;0.0018456743564456701;0.9930070042610168
1140;0.0016834038542583585;1.0
1141;0.0015835593221709132;1.0
1142;0.0016048449324443936;1.0
1143;0.0018834051443263888;1.0
1144;0.0017390715656802058;1.0
1145;0.0017302430933341384;1.0
1146;0.0017667892388999462;1.0
1147;0.001700633205473423;1.0
1148;0.0017700454918667674;1.0
1149;0.0017242975300177932;1.0
1150;0.0017855826299637556;1.0
1151;0.001814007293432951;1.0
1152;0.001718201907351613;1.0
1153;0.0016323418822139502;1.0
1154;0.0018965587951242924;1.0
1155;0.0014937726082280278;1.0
1156;0.0017595161916688085;0.9930070042610168
1157;0.0016619343077763915;1.0
1158;0.0017180799040943384;1.0
1159;0.0017824332462623715;1.0
1160;0.0018978455336764455;1.0
1161;0.0017624138854444027;1.0
1162;0.0018066437914967537;1.0
1163;0.0016837870934978127;1.0
1164;0.0016451762057840824;1.0
1165;0.0017767478711903095;1.0
1166;0.0016691818600520492;1.0
1167;0.0017846866976469755;1.0
1168;0.0017239694716408849;1.0
1169;0.001845564809627831;1.0
1170;0.0017581029096618295;1.0
1171;0.0016480603953823447;1.0
1172;0.001840878976508975;0.9930070042610168
1173;0.0016699027037248015;1.0
1174;0.001710941200144589;1.0
1175;0.001693887752480805;1.0
1176;0.0018228187691420317;1.0
1177;0.0017152524087578058;1.0
1178;0.0015914003597572446;1.0
1179;0.0016539013013243675;1.0
1180;0.0019104464445263147;1.0
1181;0.0017816141480579972;1.0
1182;0.001539344433695078;1.0
1183;0.001708475174382329;1.0
1184;0.0017721109325066209;1.0
1185;0.001773141324520111;0.9930070042610168
1186;0.0015849764458835125;1.0
1187;0.0016927042743191123;1.0
1188;0.001731432625092566;1.0
1189;0.0018025588942691684;1.0
1190;0.001711815595626831;1.0
1191;0.0015658112242817879;1.0
1192;0.0018504123436287045;1.0
1193;0.0018158527091145515;1.0
1194;0.0018934299005195498;1.0
1195;0.0017196667613461614;1.0
1196;0.0017594735836610198;1.0
1197;0.0018336725188419223;1.0
1198;0.0018163654021918774;1.0
1199;0.001681768917478621;1.0
1200;0.0016990590374916792;1.0
1201;0.0020733505953103304;1.0
1202;0.0018323120893910527;1.0
1203;0.0018891353392973542;1.0
1204;0.0019570321310311556;0.9860140085220337
1205;0.0019824348855763674;1.0
1206;0.0017985631711781025;0.9860140085220337
1207;0.0018400447443127632;1.0
1208;0.0018334053456783295;1.0
1209;0.0016439742175862193;1.0
1210;0.001864415011368692;1.0
1211;0.001775306067429483;1.0
1212;0.0016595618799328804;1.0
1213;0.0017179289134219289;1.0
1214;0.0018009033519774675;1.0
1215;0.001884269411675632;0.9930070042610168
1216;0.0017868507420644164;1.0
1217;0.0017104155849665403;1.0
1218;0.0017927740700542927;1.0
1219;0.0017245608614757657;1.0
1220;0.0016795959090813994;1.0
1221;0.0016354609979316592;1.0
1222;0.0015827619936317205;1.0
1223;0.001717457314953208;1.0
1224;0.0015830326592549682;1.0
1225;0.001821806887164712;1.0
1226;0.0017730762483552098;1.0
1227;0.0018458376871421933;1.0
1228;0.0017144368030130863;0.9860140085220337
1229;0.0016320447903126478;1.0
1230;0.0016956138424575329;1.0
1231;0.0016610781894996762;1.0
1232;0.0017864516703411937;1.0
1233;0.0016942172078415751;1.0
1234;0.0017088963650166988;1.0
1235;0.0016691706841811538;1.0
1236;0.0015510822413489223;1.0
1237;0.00165469478815794;1.0
1238;0.0016364726470783353;1.0
1239;0.0018690293654799461;0.9930070042610168
1240;0.001827720203436911;1.0
1241;0.0017588448245078325;1.0
1242;0.00167610973585397;1.0
1243;0.001822985359467566;1.0
1244;0.00159465370234102;1.0
1245;0.0016233149217441678;1.0
1246;0.0018450388452038169;1.0
1247;0.0018310736631974578;1.0
1248;0.0016502966172993183;1.0
1249;0.0016884576762095094;1.0
1250;0.001566999708302319;1.0
1251;0.0016061660135164857;1.0
1252;0.001557667856104672;1.0
1253;0.0017402817029505968;1.0
1254;0.001631557010114193;1.0
1255;0.0016929133562371135;1.0
1256;0.0015990351093932986;1.0
1257;0.001578217139467597;1.0
1258;0.0016763467574492097;1.0
1259;0.0015805563889443874;1.0
1260;0.0015048554632812738;1.0
1261;0.0015285132685676217;1.0
1262;0.0019509606063365936;0.9930070042610168
1263;0.0014761306811124086;1.0
1264;0.0016051233978942037;1.0
1265;0.0019177566282451153;1.0
1266;0.0015716934576630592;1.0
1267;0.0015521046007052064;1.0
1268;0.001646996708586812;1.0
1269;0.0015766615979373455;1.0
1270;0.0020048751030117273;1.0
1271;0.0016573300817981362;1.0
1272;0.0017678359290584922;1.0
1273;0.0016648061573505402;1.0
1274;0.0016426743241026998;1.0
1275;0.001582140801474452;1.0
1276;0.0015381930861622095;1.0
1277;0.0015512298559769988;1.0
1278;0.0014405372785404325;1.0
1279;0.001469002803787589;1.0
1280;0.0016484004445374012;1.0
1281;0.001552875037305057;1.0
1282;0.0015280290972441435;1.0
1283;0.0014782639918848872;1.0
1284;0.0016667440067976713;1.0
1285;0.0016253258800134063;1.0
1286;0.0014715029392391443;1.0
1287;0.001574636553414166;1.0
1288;0.0016041598282754421;1.0
1289;0.0017982203280553222;1.0
1290;0.001590201398357749;1.0
1291;0.0015798840904608369;1.0
1292;0.001551379100419581;1.0
1293;0.0014822983648627996;1.0
1294;0.0016944161616265774;1.0
1295;0.0015095584094524384;1.0
1296;0.0015239587519317865;1.0
1297;0.0016406583599746227;1.0
1298;0.001464645378291607;1.0
1299;0.0016699465923011303;1.0
1300;0.0016634028870612383;1.0
1301;0.0016202862607315183;1.0
1302;0.0015054516261443496;1.0
1303;0.001446904381737113;1.0
1304;0.0016664484282955527;1.0
1305;0.0015527510549873114;1.0
1306;0.0014322579372674227;1.0
1307;0.0016903281211853027;1.0
1308;0.0015683413948863745;1.0
1309;0.0016491360729560256;1.0
1310;0.001620728988200426;1.0
1311;0.0016211357433348894;1.0
1312;0.001577944727614522;1.0
1313;0.0015641009667888284;1.0
1314;0.0014902614057064056;1.0
1315;0.0015604664804413915;1.0
1316;0.0014957147650420666;1.0
1317;0.0014646120835095644;1.0
1318;0.0014547285391017795;1.0
1319;0.0015927106142044067;1.0
1320;0.001581127173267305;1.0
1321;0.0015806186711415648;1.0
1322;0.0015343918930739164;1.0
1323;0.001560118980705738;1.0
1324;0.0017470833845436573;1.0
1325;0.0015435877721756697;1.0
1326;0.001615476910956204;1.0
1327;0.0018219412304461002;0.9790209531784058
1328;0.0015566109213978052;1.0
1329;0.0018324826378375292;1.0
1330;0.0017389238346368074;1.0
1331;0.0015067989006638527;1.0
1332;0.001540091005153954;1.0
1333;0.0016241188859567046;1.0
1334;0.0014241629978641868;1.0
1335;0.0016102127265185118;1.0
1336;0.001468847505748272;1.0
1337;0.0014993443619459867;1.0
1338;0.0016177012585103512;1.0
1339;0.0015789088793098927;1.0
1340;0.001529850997030735;1.0
1341;0.001527272630482912;1.0
1342;0.0014464044943451881;1.0
1343;0.001429193653166294;1.0
1344;0.0016348495846614242;1.0
1345;0.0014774086885154247;1.0
1346;0.001411527395248413;1.0
1347;0.0015143976779654622;1.0
1348;0.001627058140002191;1.0
1349;0.001491054194048047;1.0
1350;0.001452470081858337;1.0
1351;0.001463661901652813;1.0
1352;0.0013211689656600356;1.0
1353;0.0014018453657627106;1.0
1354;0.0014482891419902444;1.0
1355;0.0013527108822017908;1.0
1356;0.0014235745184123516;1.0
1357;0.0015064072795212269;1.0
1358;0.0015397268580272794;1.0
1359;0.0013990453444421291;1.0
1360;0.0014918842352926731;1.0
1361;0.0013803798938170075;1.0
1362;0.0016107448609545827;0.9930070042610168
1363;0.001487871864810586;1.0
1364;0.0014389143325388432;1.0
1365;0.0014313815627247095;1.0
1366;0.0016320777358487248;1.0
1367;0.0016136616468429565;1.0
1368;0.0014225638005882502;1.0
1369;0.0015332263428717852;1.0
1370;0.0015329234302043915;1.0
1371;0.00157765147741884;1.0
1372;0.0014083251589909196;1.0
1373;0.0014833695022389293;1.0
1374;0.0013996976194903255;1.0
1375;0.0015869586495682597;1.0
1376;0.0014362819492816925;1.0
1377;0.0015207635005936027;1.0
1378;0.001404978334903717;1.0
1379;0.0014438427751883864;1.0
1380;0.0016164700500667095;1.0
1381;0.0013523483648896217;1.0
1382;0.0014497351367026567;1.0
1383;0.0014090246986597776;1.0
1384;0.0014581723371520638;1.0
1385;0.0015683529200032353;1.0
1386;0.0013783285394310951;1.0
1387;0.0014795423485338688;1.0
1388;0.0013876196462661028;1.0
1389;0.0014309665421023965;1.0
1390;0.00139424588996917;1.0
1391;0.0013001167681068182;1.0
1392;0.0013617462245747447;1.0
1393;0.0014052015030756593;1.0
1394;0.0014426200650632381;1.0
1395;0.0013963384553790092;1.0
1396;0.0015188264660537243;1.0
1397;0.0014278925955295563;1.0
1398;0.0012740507954731584;1.0
1399;0.0014135714154690504;1.0
1400;0.0014755083248019218;1.0
1401;0.0013441885821521282;1.0
1402;0.0013611927861347795;1.0
1403;0.001359853777103126;1.0
1404;0.001337523921392858;1.0
1405;0.0013959337957203388;1.0
1406;0.001372682861983776;1.0
1407;0.001415704027749598;1.0
1408;0.0013524022651836276;1.0
1409;0.0013022016501054168;1.0
1410;0.0014424872351810336;1.0
1411;0.0013973244931548834;1.0
1412;0.0013929292326793075;1.0
1413;0.0013476356398314238;1.0
1414;0.0014100251719355583;1.0
1415;0.0013937520561739802;1.0
1416;0.0014491608599200845;1.0
1417;0.0013458593748509884;1.0
1418;0.0013805616181343794;1.0
1419;0.0013851203257218003;1.0
1420;0.001520155114121735;1.0
1421;0.0013790302909910679;1.0
1422;0.0013098715571686625;1.0
1423;0.0013974535977467895;1.0
1424;0.0013232645578682423;1.0
1425;0.0014001989038661122;1.0
1426;0.0013171194586902857;1.0
1427;0.0014337461907416582;1.0
1428;0.001274605980142951;1.0
1429;0.0013334532268345356;1.0
1430;0.0013536186888813972;1.0
1431;0.0013895401498302817;1.0
1432;0.001472832285799086;1.0
1433;0.0014399838401004672;1.0
1434;0.0013079176424071193;1.0
1435;0.0013813646510243416;1.0
1436;0.0013884962536394596;1.0
1437;0.0012768837623298168;1.0
1438;0.0013983658282086253;1.0
1439;0.001411933801136911;1.0
1440;0.0012472652597352862;1.0
1441;0.0014624196337535977;1.0
1442;0.0016588314902037382;1.0
1443;0.001367195276543498;1.0
1444;0.0014251956017687917;1.0
1445;0.0012560795294120908;1.0
1446;0.0014162054285407066;1.0
1447;0.0016837285365909338;1.0
1448;0.0013586608693003654;1.0
1449;0.001494077150709927;1.0
1450;0.0013626010622829199;1.0
1451;0.00147336779627949;1.0
1452;0.0013695374364033341;1.0
1453;0.0015193799044936895;1.0
1454;0.0012633390724658966;1.0
1455;0.0015381104312837124;1.0
1456;0.0014108186587691307;1.0
1457;0.0012061700690537691;1.0
1458;0.0013632323825731874;1.0
1459;0.0013910793932154775;1.0
1460;0.0015287892892956734;1.0
1461;0.0012872813967987895;1.0
1462;0.0014891085447743535;1.0
1463;0.0014209208311513066;1.0
1464;0.0013525907415896654;1.0
1465;0.00160164013504982;1.0
1466;0.0014947672607377172;1.0
1467;0.0012508115032687783;1.0
1468;0.001400380628183484;1.0
1469;0.0015587343368679285;1.0
1470;0.0012749072629958391;1.0
1471;0.0014544064179062843;1.0
1472;0.001247727544978261;1.0
1473;0.0015257431659847498;1.0
1474;0.0014582774601876736;1.0
1475;0.001436462509445846;1.0
1476;0.0013676733942702413;1.0
1477;0.0015239986823871732;1.0
1478;0.0014593868982046843;1.0
1479;0.0013728945050388575;1.0
1480;0.0013796371640637517;1.0
1481;0.0014164132298901677;1.0
1482;0.0014223229372873902;1.0
1483;0.0013471547281369567;1.0
1484;0.0014723389176651835;1.0
1485;0.0013405131176114082;1.0
1486;0.0012193641159683466;1.0
1487;0.0014420364750549197;1.0
1488;0.0013279190752655268;1.0
1489;0.0015960806049406528;1.0
1490;0.0013463040813803673;1.0
1491;0.001344444346614182;1.0
1492;0.001320911687798798;1.0
1493;0.0014805960236117244;1.0
1494;0.0014421365922316909;1.0
1495;0.0013540207874029875;1.0
1496;0.0012414162047207355;1.0
1497;0.00155798124615103;1.0
1498;0.0014218420255929232;1.0
1499;0.0013208225136622787;1.0
