iteration;loss;accuracy
0;0.03978051245212555;0.08620689809322357
1;0.03734200820326805;0.12068965286016464
2;0.03567915037274361;0.17241379618644714
3;0.034810420125722885;0.23275862634181976
4;0.034538913518190384;0.21551723778247833
5;0.03433365002274513;0.18103447556495667
6;0.0343572236597538;0.22413793206214905
7;0.03425372764468193;0.23275862634181976
8;0.03429558128118515;0.22413793206214905
9;0.03383825346827507;0.21551723778247833
10;0.03389730677008629;0.23275862634181976
11;0.03379414975643158;0.22413793206214905
12;0.03322378545999527;0.2586206793785095
13;0.033484697341918945;0.22413793206214905
14;0.03310852870345116;0.25
15;0.033157724887132645;0.22413793206214905
16;0.03331024572253227;0.25
17;0.03276601433753967;0.26724138855934143
18;0.032717954367399216;0.2844827473163605
19;0.03278106823563576;0.18965516984462738
20;0.03274736553430557;0.2931034564971924
21;0.03221742436289787;0.2931034564971924
22;0.03196381777524948;0.31896552443504333
23;0.032018572092056274;0.32758620381355286
24;0.03141265735030174;0.37068966031074524
25;0.031107241287827492;0.3534482717514038
26;0.030712006613612175;0.4051724076271057
27;0.030635865405201912;0.3965517282485962
28;0.031091326847672462;0.37068966031074524
29;0.030254311859607697;0.3965517282485962
30;0.03021862544119358;0.4051724076271057
31;0.030033854767680168;0.4137931168079376
32;0.029613997787237167;0.42241379618644714
33;0.02951693721115589;0.4568965435028076
34;0.029354196041822433;0.4482758641242981
35;0.028914358466863632;0.4913793206214905
36;0.028636276721954346;0.47413793206214905
37;0.028593843802809715;0.4913793206214905
38;0.028464682400226593;0.5344827771186829
39;0.02828117087483406;0.5344827771186829
40;0.028003502637147903;0.5603448152542114
41;0.02746748737990856;0.5775862336158752
42;0.02744581550359726;0.5344827771186829
43;0.027524780482053757;0.5431034564971924
44;0.02693663164973259;0.568965494632721
45;0.0261960681527853;0.5862069129943848
46;0.02580852247774601;0.6637930870056152
47;0.02636461704969406;0.5603448152542114
48;0.025147849693894386;0.6120689511299133
49;0.024765662848949432;0.6551724076271057
50;0.024482829496264458;0.6206896305084229
51;0.024485377594828606;0.6120689511299133
52;0.023899666965007782;0.6465517282485962
53;0.024579454213380814;0.6120689511299133
54;0.023871464654803276;0.6120689511299133
55;0.023499883711338043;0.6120689511299133
56;0.023119980469346046;0.6551724076271057
57;0.02309260331094265;0.6551724076271057
58;0.02211238443851471;0.681034505367279
59;0.02279343456029892;0.6206896305084229
60;0.0222431942820549;0.6551724076271057
61;0.02225031889975071;0.6465517282485962
62;0.021864403039216995;0.681034505367279
63;0.021762991324067116;0.6637930870056152
64;0.021525681018829346;0.681034505367279
65;0.021912984549999237;0.6637930870056152
66;0.021545639261603355;0.6637930870056152
67;0.020660553127527237;0.6896551847457886
68;0.021333403885364532;0.6637930870056152
69;0.020399706438183784;0.6896551847457886
70;0.020442912355065346;0.6982758641242981
71;0.020618576556444168;0.6896551847457886
72;0.020723070949316025;0.6896551847457886
73;0.019850583747029305;0.7068965435028076
74;0.019559264183044434;0.6982758641242981
75;0.01958451047539711;0.7068965435028076
76;0.01948162540793419;0.7241379022598267
77;0.019623422995209694;0.6896551847457886
78;0.01927570253610611;0.7241379022598267
79;0.01924275979399681;0.6982758641242981
80;0.018925141543149948;0.7155172228813171
81;0.018861638382077217;0.7241379022598267
82;0.019265813753008842;0.6982758641242981
83;0.01798083819448948;0.7155172228813171
84;0.018227476626634598;0.7241379022598267
85;0.01821882650256157;0.7155172228813171
86;0.017832757905125618;0.7413793206214905
87;0.018426526337862015;0.7068965435028076
88;0.018206479027867317;0.7155172228813171
89;0.01753772795200348;0.732758641242981
90;0.017480021342635155;0.7586206793785095
91;0.016691414639353752;0.7758620977401733
92;0.01719842292368412;0.767241358757019
93;0.01740383729338646;0.7413793206214905
94;0.01657954975962639;0.75
95;0.016900308430194855;0.75
96;0.016831515356898308;0.7758620977401733
97;0.016516346484422684;0.767241358757019
98;0.01595885120332241;0.8017241358757019
99;0.015556502155959606;0.8017241358757019
100;0.016575615853071213;0.75
101;0.015964966267347336;0.7931034564971924
102;0.016129853203892708;0.8017241358757019
103;0.015468930825591087;0.818965494632721
104;0.016938362270593643;0.767241358757019
105;0.01560058631002903;0.8362069129943848
106;0.016276931390166283;0.8017241358757019
107;0.015226067043840885;0.8103448152542114
108;0.015476764179766178;0.8017241358757019
109;0.015248551033437252;0.818965494632721
110;0.015454352833330631;0.8017241358757019
111;0.01603323221206665;0.7844827771186829
112;0.015245468355715275;0.818965494632721
113;0.014742065221071243;0.7931034564971924
114;0.015116997994482517;0.818965494632721
115;0.015201342292129993;0.8017241358757019
116;0.015281030908226967;0.818965494632721
117;0.01551518589258194;0.7931034564971924
118;0.014535600319504738;0.7931034564971924
119;0.015274332836270332;0.7931034564971924
120;0.014583305455744267;0.8275862336158752
121;0.014890982769429684;0.8017241358757019
122;0.01541751530021429;0.7931034564971924
123;0.014408792369067669;0.7758620977401733
124;0.0156078627333045;0.767241358757019
125;0.014805903658270836;0.7931034564971924
126;0.015078377909958363;0.7844827771186829
127;0.014523783698678017;0.8103448152542114
128;0.015753986313939095;0.7931034564971924
129;0.014542010612785816;0.8017241358757019
130;0.013834083452820778;0.8448275923728943
131;0.015301303938031197;0.7758620977401733
132;0.014897903427481651;0.767241358757019
133;0.014248942956328392;0.818965494632721
134;0.015549140982329845;0.7931034564971924
135;0.01508643850684166;0.8017241358757019
136;0.01412800420075655;0.7844827771186829
137;0.014145986177027225;0.8103448152542114
138;0.013891566544771194;0.818965494632721
139;0.014188877306878567;0.8017241358757019
140;0.013567997142672539;0.8534482717514038
141;0.013799227774143219;0.8275862336158752
142;0.014629158191382885;0.8103448152542114
143;0.013856884092092514;0.7931034564971924
144;0.013336964882910252;0.8017241358757019
145;0.013324730098247528;0.8017241358757019
146;0.013232283294200897;0.8275862336158752
147;0.013638397678732872;0.818965494632721
148;0.013569695875048637;0.8103448152542114
149;0.013526520691812038;0.8103448152542114
150;0.013000459410250187;0.8534482717514038
151;0.013585750944912434;0.8017241358757019
152;0.01342407613992691;0.8103448152542114
153;0.012845286168158054;0.8017241358757019
154;0.013117499649524689;0.818965494632721
155;0.01349628809839487;0.8275862336158752
156;0.013109338469803333;0.8275862336158752
157;0.012943506240844727;0.8362069129943848
158;0.013436960987746716;0.7844827771186829
159;0.013394833542406559;0.818965494632721
160;0.012930420227348804;0.8275862336158752
161;0.012033275328576565;0.8534482717514038
162;0.012466035783290863;0.8534482717514038
163;0.012202180922031403;0.8362069129943848
164;0.012356957420706749;0.8534482717514038
165;0.012883925810456276;0.8448275923728943
166;0.013064184226095676;0.8275862336158752
167;0.01251148246228695;0.8534482717514038
168;0.0123746981844306;0.8534482717514038
169;0.012153932824730873;0.8620689511299133
170;0.012837898917496204;0.8362069129943848
171;0.011623485013842583;0.8706896305084229
172;0.012909837998449802;0.8017241358757019
173;0.012582805939018726;0.818965494632721
174;0.01123362872749567;0.8793103694915771
175;0.012177449651062489;0.8706896305084229
176;0.012009856291115284;0.8793103694915771
177;0.01261482760310173;0.8793103694915771
178;0.012343036010861397;0.8620689511299133
179;0.01210823655128479;0.8793103694915771
180;0.01141366083174944;0.8706896305084229
181;0.011928056366741657;0.8620689511299133
182;0.01194334402680397;0.8534482717514038
183;0.012451128102838993;0.8362069129943848
184;0.012077313847839832;0.8879310488700867
185;0.012174728326499462;0.818965494632721
186;0.011288520880043507;0.8793103694915771
187;0.011310422793030739;0.8793103694915771
188;0.011340494267642498;0.8879310488700867
189;0.011618099175393581;0.818965494632721
190;0.0110907768830657;0.8965517282485962
191;0.011150219477713108;0.8706896305084229
192;0.012229075655341148;0.8879310488700867
193;0.012756404466927052;0.8448275923728943
194;0.01159556582570076;0.8706896305084229
195;0.012604555115103722;0.8448275923728943
196;0.011995486915111542;0.8793103694915771
197;0.011992820538580418;0.8793103694915771
198;0.011449751444160938;0.8620689511299133
199;0.011382749304175377;0.8448275923728943
200;0.011077645234763622;0.8879310488700867
201;0.011516306549310684;0.8879310488700867
202;0.010935746133327484;0.9224137663841248
203;0.010676535777747631;0.8879310488700867
204;0.010842029005289078;0.8793103694915771
205;0.01100887730717659;0.9051724076271057
206;0.011044315993785858;0.8620689511299133
207;0.01189641933888197;0.8534482717514038
208;0.010719002224504948;0.8793103694915771
209;0.01090816780924797;0.8965517282485962
210;0.011151346378028393;0.9051724076271057
211;0.011111957021057606;0.8706896305084229
212;0.01080603152513504;0.8793103694915771
213;0.01073379721492529;0.8448275923728943
214;0.010833509266376495;0.8620689511299133
215;0.010779393836855888;0.8965517282485962
216;0.010481313802301884;0.9051724076271057
217;0.009872115217149258;0.8965517282485962
218;0.010656062513589859;0.8706896305084229
219;0.010026386938989162;0.9224137663841248
220;0.010038580745458603;0.9051724076271057
221;0.010003546252846718;0.9051724076271057
222;0.01096765324473381;0.8879310488700867
223;0.01016440149396658;0.8965517282485962
224;0.010152087546885014;0.8965517282485962
225;0.0102198775857687;0.9137930870056152
226;0.010115742683410645;0.9051724076271057
227;0.00904381275177002;0.9137930870056152
228;0.010466175153851509;0.8879310488700867
229;0.009947730228304863;0.8706896305084229
230;0.009847074747085571;0.9396551847457886
231;0.009546068497002125;0.9051724076271057
232;0.009800159372389317;0.8965517282485962
233;0.009492679499089718;0.9051724076271057
234;0.00981534831225872;0.9224137663841248
235;0.010505689308047295;0.8879310488700867
236;0.00960572436451912;0.9224137663841248
237;0.010158112272620201;0.9137930870056152
238;0.009565354324877262;0.9137930870056152
239;0.0088840052485466;0.9137930870056152
240;0.009662050753831863;0.9137930870056152
241;0.009781970642507076;0.8879310488700867
242;0.009909017942845821;0.9224137663841248
243;0.01023312471807003;0.9051724076271057
244;0.00981088262051344;0.8965517282485962
245;0.009221071377396584;0.9224137663841248
246;0.009873020462691784;0.9051724076271057
247;0.008910354226827621;0.931034505367279
248;0.009558971039950848;0.9051724076271057
249;0.00961576122790575;0.8965517282485962
250;0.009674564935266972;0.8965517282485962
251;0.009402075782418251;0.931034505367279
252;0.009864837862551212;0.8965517282485962
253;0.00866843480616808;0.931034505367279
254;0.008734004572033882;0.9137930870056152
255;0.009259633719921112;0.9051724076271057
256;0.008847100660204887;0.9224137663841248
257;0.00848972424864769;0.9224137663841248
258;0.008589248172938824;0.931034505367279
259;0.008821716532111168;0.9137930870056152
260;0.009375480003654957;0.9396551847457886
261;0.008323210291564465;0.931034505367279
262;0.008947482332587242;0.9224137663841248
263;0.008676175959408283;0.9051724076271057
264;0.008302753791213036;0.9396551847457886
265;0.008624355308711529;0.931034505367279
266;0.008412372320890427;0.9224137663841248
267;0.008305545896291733;0.9396551847457886
268;0.008293270133435726;0.931034505367279
269;0.00904080644249916;0.9224137663841248
270;0.008207875303924084;0.9224137663841248
271;0.008364569395780563;0.9224137663841248
272;0.008923790417611599;0.9137930870056152
273;0.008088957518339157;0.9137930870056152
274;0.007914367131888866;0.9396551847457886
275;0.007978146895766258;0.9224137663841248
276;0.008837210945785046;0.931034505367279
277;0.00830781739205122;0.931034505367279
278;0.008296828716993332;0.931034505367279
279;0.007608484476804733;0.931034505367279
280;0.00831621140241623;0.931034505367279
281;0.008450722321867943;0.9224137663841248
282;0.008409399539232254;0.9137930870056152
283;0.008163657039403915;0.9224137663841248
284;0.007897314615547657;0.931034505367279
285;0.008305514231324196;0.9137930870056152
286;0.008316300809383392;0.9224137663841248
287;0.008314055390655994;0.9396551847457886
288;0.007909486070275307;0.9396551847457886
289;0.007796070538461208;0.931034505367279
290;0.008039864711463451;0.931034505367279
291;0.008021880872547626;0.931034505367279
292;0.007639816030859947;0.931034505367279
293;0.008013945072889328;0.9224137663841248
294;0.009262730367481709;0.8793103694915771
295;0.007965258322656155;0.9224137663841248
296;0.008572909981012344;0.9051724076271057
297;0.007389852311462164;0.9396551847457886
298;0.007872997783124447;0.931034505367279
299;0.008172119036316872;0.931034505367279
300;0.00857053603976965;0.931034505367279
301;0.006968285888433456;0.9396551847457886
302;0.007633117958903313;0.9137930870056152
303;0.007299389224499464;0.9396551847457886
304;0.007871436886489391;0.9224137663841248
305;0.008352032862603664;0.931034505367279
306;0.007566364482045174;0.931034505367279
307;0.007138426415622234;0.9396551847457886
308;0.008707192726433277;0.9051724076271057
309;0.007421752437949181;0.9396551847457886
310;0.0068641225807368755;0.931034505367279
311;0.007593095768243074;0.9396551847457886
312;0.007612696848809719;0.9224137663841248
313;0.007554767187684774;0.931034505367279
314;0.006993347778916359;0.931034505367279
315;0.0077789705246686935;0.931034505367279
316;0.0074697090312838554;0.9137930870056152
317;0.007633597124367952;0.9396551847457886
318;0.007338258437812328;0.9224137663841248
319;0.007734715472906828;0.9396551847457886
320;0.007556927390396595;0.9396551847457886
321;0.007207883987575769;0.931034505367279
322;0.007896045222878456;0.931034505367279
323;0.007560452446341515;0.9137930870056152
324;0.0077394223771989346;0.9224137663841248
325;0.00780149083584547;0.9137930870056152
326;0.007452428340911865;0.9224137663841248
327;0.0071392059326171875;0.931034505367279
328;0.007274946663528681;0.931034505367279
329;0.007192279677838087;0.9137930870056152
330;0.0070180948823690414;0.931034505367279
331;0.007148201577365398;0.931034505367279
332;0.007264007348567247;0.931034505367279
333;0.007840463891625404;0.9396551847457886
334;0.007204756140708923;0.931034505367279
335;0.0073884474113583565;0.9224137663841248
336;0.006994370371103287;0.931034505367279
337;0.006876189727336168;0.931034505367279
338;0.007084686774760485;0.9224137663841248
339;0.006750086322426796;0.931034505367279
340;0.0070524271577596664;0.931034505367279
341;0.006918154191225767;0.9396551847457886
342;0.006352907977998257;0.931034505367279
343;0.007554621901363134;0.931034505367279
344;0.007659506052732468;0.9224137663841248
345;0.006497350987046957;0.9396551847457886
346;0.006966773886233568;0.931034505367279
347;0.006493726745247841;0.9482758641242981
348;0.006947523448616266;0.9137930870056152
349;0.006965997628867626;0.9396551847457886
350;0.006861748639494181;0.9396551847457886
351;0.007148721721023321;0.9224137663841248
352;0.006478824652731419;0.9224137663841248
353;0.00697077764198184;0.931034505367279
354;0.00678267702460289;0.931034505367279
355;0.00670798122882843;0.9224137663841248
356;0.006968498695641756;0.9224137663841248
357;0.006394664756953716;0.931034505367279
358;0.006563120987266302;0.9224137663841248
359;0.006343130022287369;0.931034505367279
360;0.006668556481599808;0.931034505367279
361;0.0066351257264614105;0.9224137663841248
362;0.00642515579238534;0.931034505367279
363;0.006493908818811178;0.931034505367279
364;0.006996576674282551;0.9224137663841248
365;0.00681693572551012;0.9224137663841248
366;0.006901029497385025;0.931034505367279
367;0.006608147174119949;0.9224137663841248
368;0.006566992029547691;0.9396551847457886
369;0.00635638227686286;0.9224137663841248
370;0.006336165126413107;0.9396551847457886
371;0.006481651216745377;0.9396551847457886
372;0.0064124250784516335;0.931034505367279
373;0.006938276346772909;0.931034505367279
374;0.006911193951964378;0.9137930870056152
375;0.007309815380722284;0.9224137663841248
376;0.006204364821314812;0.9396551847457886
377;0.0061557902954518795;0.931034505367279
378;0.008669394068419933;0.8879310488700867
379;0.008437898010015488;0.8965517282485962
380;0.012154335156083107;0.818965494632721
381;0.007065745536237955;0.9137930870056152
382;0.011274334043264389;0.8620689511299133
383;0.0076331449672579765;0.931034505367279
384;0.0074911294505000114;0.9224137663841248
385;0.010024109855294228;0.8793103694915771
386;0.0098776426166296;0.8879310488700867
387;0.007377509493380785;0.931034505367279
388;0.011183997616171837;0.8448275923728943
389;0.007975470274686813;0.9224137663841248
390;0.007641258649528027;0.9224137663841248
391;0.010218789801001549;0.8965517282485962
392;0.008127185516059399;0.9137930870056152
393;0.0071509419940412045;0.9396551847457886
394;0.00955148134380579;0.8448275923728943
395;0.009738309308886528;0.8448275923728943
396;0.007178685162216425;0.9396551847457886
397;0.008344825357198715;0.9224137663841248
398;0.008756499737501144;0.931034505367279
399;0.007911987602710724;0.9224137663841248
400;0.007017397787421942;0.9396551847457886
401;0.007076835725456476;0.9396551847457886
402;0.007634436711668968;0.931034505367279
403;0.008172061294317245;0.931034505367279
404;0.007508718874305487;0.931034505367279
405;0.007554559037089348;0.9224137663841248
406;0.006734449416399002;0.9396551847457886
407;0.0074783749878406525;0.9137930870056152
408;0.00639091432094574;0.9396551847457886
409;0.006728179287165403;0.931034505367279
410;0.0067169987596571445;0.9396551847457886
411;0.006815092172473669;0.931034505367279
412;0.006966146640479565;0.931034505367279
413;0.006758790463209152;0.9224137663841248
414;0.006644529290497303;0.931034505367279
415;0.0068017905578017235;0.9224137663841248
416;0.007015300914645195;0.931034505367279
417;0.006528881844133139;0.931034505367279
418;0.00602558720856905;0.9396551847457886
419;0.006601737346500158;0.931034505367279
420;0.006494871340692043;0.931034505367279
421;0.006661896128207445;0.9224137663841248
422;0.006551130209118128;0.931034505367279
423;0.0061133806593716145;0.9396551847457886
424;0.006310124881565571;0.9396551847457886
425;0.006064161658287048;0.9396551847457886
426;0.00565593084320426;0.931034505367279
427;0.00649982038885355;0.9396551847457886
428;0.006374191492795944;0.9396551847457886
429;0.006214653141796589;0.9396551847457886
430;0.006138726603239775;0.931034505367279
431;0.006285907234996557;0.931034505367279
432;0.006613535340875387;0.931034505367279
433;0.0058799562975764275;0.931034505367279
434;0.005877335090190172;0.9224137663841248
435;0.0059805987402796745;0.9396551847457886
436;0.005872271489351988;0.931034505367279
437;0.00629532802850008;0.931034505367279
438;0.006055413279682398;0.9224137663841248
439;0.005755577702075243;0.9482758641242981
440;0.006128804758191109;0.931034505367279
441;0.005982100497931242;0.9396551847457886
442;0.006025101523846388;0.931034505367279
443;0.006238881964236498;0.9224137663841248
444;0.005606093909591436;0.9224137663841248
445;0.0057487525045871735;0.931034505367279
446;0.006293322890996933;0.931034505367279
447;0.005994138307869434;0.9482758641242981
448;0.0057900999672710896;0.9224137663841248
449;0.005694366060197353;0.9396551847457886
450;0.005877913907170296;0.9482758641242981
451;0.005940386094152927;0.931034505367279
452;0.00555833475664258;0.931034505367279
453;0.005778010468930006;0.931034505367279
454;0.005565705243498087;0.931034505367279
455;0.00619431771337986;0.931034505367279
456;0.006153978873044252;0.931034505367279
457;0.006003628950566053;0.931034505367279
458;0.006030740216374397;0.931034505367279
459;0.0056765638291835785;0.9224137663841248
460;0.005882929544895887;0.931034505367279
461;0.005583357065916061;0.931034505367279
462;0.005913544446229935;0.9137930870056152
463;0.005759053397923708;0.931034505367279
464;0.005918430630117655;0.9224137663841248
465;0.005499962717294693;0.931034505367279
466;0.005748402327299118;0.931034505367279
467;0.0057330005802214146;0.931034505367279
468;0.006080497521907091;0.9224137663841248
469;0.00530973868444562;0.9482758641242981
470;0.005444543901830912;0.9482758641242981
471;0.005509315058588982;0.931034505367279
472;0.006264661438763142;0.9224137663841248
473;0.005379542242735624;0.9396551847457886
474;0.005934597924351692;0.9224137663841248
475;0.005742544308304787;0.931034505367279
476;0.005603820085525513;0.931034505367279
477;0.005620403680950403;0.931034505367279
478;0.005580021534115076;0.9396551847457886
479;0.005620922893285751;0.931034505367279
480;0.00542162312194705;0.931034505367279
481;0.005557151045650244;0.931034505367279
482;0.005466716829687357;0.9396551847457886
483;0.005407145246863365;0.9396551847457886
484;0.006237903609871864;0.9224137663841248
485;0.005701538175344467;0.9396551847457886
486;0.005655420012772083;0.9224137663841248
487;0.005465280264616013;0.931034505367279
488;0.005907509475946426;0.931034505367279
489;0.005953245330601931;0.931034505367279
490;0.005494211800396442;0.931034505367279
491;0.00575634790584445;0.931034505367279
492;0.0054829660803079605;0.931034505367279
493;0.005614214111119509;0.9137930870056152
494;0.005232092924416065;0.9224137663841248
495;0.005756623111665249;0.931034505367279
496;0.005384283605962992;0.931034505367279
497;0.006340010091662407;0.931034505367279
498;0.005600459408015013;0.9224137663841248
499;0.005598759278655052;0.931034505367279
500;0.005603994242846966;0.931034505367279
501;0.005475735291838646;0.931034505367279
502;0.005564923398196697;0.9482758641242981
503;0.005535798147320747;0.931034505367279
504;0.005282162223011255;0.9396551847457886
505;0.005030900239944458;0.9396551847457886
506;0.005605520214885473;0.9224137663841248
507;0.005629927385598421;0.9137930870056152
508;0.00532887876033783;0.931034505367279
509;0.005730584729462862;0.9137930870056152
510;0.005298188887536526;0.931034505367279
511;0.005944607313722372;0.9137930870056152
512;0.0061061792075634;0.8879310488700867
513;0.005242427811026573;0.9396551847457886
514;0.005503134336322546;0.9224137663841248
515;0.0058853705413639545;0.9224137663841248
516;0.005533961579203606;0.931034505367279
517;0.0057932306081056595;0.9224137663841248
518;0.005641794763505459;0.9396551847457886
519;0.005591724067926407;0.931034505367279
520;0.004775613080710173;0.9482758641242981
521;0.00492584565654397;0.931034505367279
522;0.005429371725767851;0.931034505367279
523;0.005727190990000963;0.931034505367279
524;0.005257240496575832;0.9224137663841248
525;0.005468441639095545;0.931034505367279
526;0.005748952738940716;0.931034505367279
527;0.007324565667659044;0.9051724076271057
528;0.008228326216340065;0.9051724076271057
529;0.011842023581266403;0.8448275923728943
530;0.006106517743319273;0.931034505367279
531;0.005813975352793932;0.931034505367279
532;0.008800143375992775;0.8706896305084229
533;0.006183834280818701;0.9396551847457886
534;0.007498323451727629;0.931034505367279
535;0.0099733155220747;0.8706896305084229
536;0.006987312342971563;0.931034505367279
537;0.007460666820406914;0.9137930870056152
538;0.00715012289583683;0.9137930870056152
539;0.007358950562775135;0.931034505367279
540;0.009269386529922485;0.8793103694915771
541;0.005976957734674215;0.9396551847457886
542;0.005941782612353563;0.9396551847457886
543;0.006793888285756111;0.9224137663841248
544;0.006635751109570265;0.9396551847457886
545;0.006684836931526661;0.931034505367279
546;0.007925648242235184;0.9396551847457886
547;0.006286805961281061;0.9224137663841248
548;0.006114290561527014;0.9396551847457886
549;0.006017149891704321;0.931034505367279
550;0.006256629712879658;0.931034505367279
551;0.006798624526709318;0.931034505367279
552;0.006589330267161131;0.9137930870056152
553;0.00604568375274539;0.931034505367279
554;0.006132403388619423;0.9137930870056152
555;0.00582592049613595;0.9137930870056152
556;0.005961173214018345;0.9137930870056152
557;0.006027394440025091;0.931034505367279
558;0.005614238325506449;0.9224137663841248
559;0.005075307562947273;0.9568965435028076
560;0.00600026361644268;0.9137930870056152
561;0.005431631114333868;0.9137930870056152
562;0.005652314051985741;0.931034505367279
563;0.005833616945892572;0.931034505367279
564;0.005641809664666653;0.931034505367279
565;0.005847718566656113;0.931034505367279
566;0.0053057074546813965;0.9396551847457886
567;0.005286089144647121;0.931034505367279
568;0.005542133003473282;0.931034505367279
569;0.00538043724372983;0.9396551847457886
570;0.006072623655200005;0.9224137663841248
571;0.005518266931176186;0.931034505367279
572;0.005517557263374329;0.9396551847457886
573;0.005488616414368153;0.931034505367279
574;0.0051432037726044655;0.9482758641242981
575;0.005510979797691107;0.931034505367279
576;0.0051568555645644665;0.931034505367279
577;0.005422983784228563;0.931034505367279
578;0.005423352122306824;0.931034505367279
579;0.004780271556228399;0.931034505367279
580;0.0050434828735888;0.9482758641242981
581;0.0057026538997888565;0.931034505367279
582;0.005297469440847635;0.9396551847457886
583;0.005618395749479532;0.9396551847457886
584;0.00489701796323061;0.931034505367279
585;0.005721937865018845;0.931034505367279
586;0.004966896027326584;0.9396551847457886
587;0.005131140351295471;0.9224137663841248
588;0.0053503853268921375;0.9224137663841248
589;0.004769723396748304;0.931034505367279
590;0.004975541960448027;0.931034505367279
591;0.005368408747017384;0.931034505367279
592;0.00533919595181942;0.931034505367279
593;0.005478194914758205;0.931034505367279
594;0.005391950719058514;0.931034505367279
595;0.004800387658178806;0.9396551847457886
596;0.005002893041819334;0.9224137663841248
597;0.005738436710089445;0.931034505367279
598;0.005276049487292767;0.931034505367279
599;0.004817531909793615;0.9137930870056152
600;0.004970702342689037;0.9396551847457886
601;0.004979319870471954;0.9482758641242981
602;0.0047777206636965275;0.931034505367279
603;0.0045038205571472645;0.9568965435028076
604;0.005513104144483805;0.9396551847457886
605;0.005198644939810038;0.931034505367279
606;0.005353363696485758;0.931034505367279
607;0.004960669670253992;0.9224137663841248
608;0.005109293386340141;0.9396551847457886
609;0.005550561938434839;0.9224137663841248
610;0.005189582705497742;0.931034505367279
611;0.005081666633486748;0.9396551847457886
612;0.005172300152480602;0.9396551847457886
613;0.004929476883262396;0.931034505367279
614;0.005073380656540394;0.9396551847457886
615;0.004879506770521402;0.931034505367279
616;0.004924208391457796;0.931034505367279
617;0.004777833819389343;0.931034505367279
618;0.004611672833561897;0.9482758641242981
619;0.004946532193571329;0.9396551847457886
620;0.0055020879954099655;0.9396551847457886
621;0.00520031712949276;0.931034505367279
622;0.005774068180471659;0.9224137663841248
623;0.00504410732537508;0.931034505367279
624;0.005047530401498079;0.9396551847457886
625;0.005542210768908262;0.9137930870056152
626;0.005497751757502556;0.9224137663841248
627;0.00523276487365365;0.9224137663841248
628;0.005177606362849474;0.931034505367279
629;0.004914022516459227;0.9396551847457886
630;0.004820078145712614;0.931034505367279
631;0.004685637541115284;0.931034505367279
632;0.005116358865052462;0.9224137663841248
633;0.005098590161651373;0.9482758641242981
634;0.004719647113233805;0.9482758641242981
635;0.004811246879398823;0.931034505367279
636;0.004875212907791138;0.9396551847457886
637;0.004699218552559614;0.931034505367279
638;0.0049104876816272736;0.9137930870056152
639;0.004969437140971422;0.9482758641242981
640;0.005027743987739086;0.9224137663841248
641;0.004770593252032995;0.931034505367279
642;0.005345829296857119;0.9224137663841248
643;0.004964484367519617;0.9396551847457886
644;0.00469769723713398;0.9482758641242981
645;0.004953683819621801;0.9396551847457886
646;0.004825384821742773;0.9396551847457886
647;0.004696590825915337;0.9396551847457886
648;0.004876980558037758;0.9396551847457886
649;0.004908284638077021;0.931034505367279
650;0.00467406352981925;0.931034505367279
651;0.005236335564404726;0.931034505367279
652;0.004961250349879265;0.931034505367279
653;0.004793227184563875;0.931034505367279
654;0.00536792166531086;0.931034505367279
655;0.0051713441498577595;0.9224137663841248
656;0.0044102417305111885;0.9396551847457886
657;0.005137613508850336;0.9396551847457886
658;0.004926479421555996;0.931034505367279
659;0.005088838282972574;0.9224137663841248
660;0.005364635493606329;0.9396551847457886
661;0.0049866787157952785;0.982758641242981
662;0.004900159314274788;0.9482758641242981
663;0.004608568735420704;0.9396551847457886
664;0.004865280352532864;0.931034505367279
665;0.005257195793092251;0.931034505367279
666;0.004804673604667187;0.931034505367279
667;0.0044954800978302956;0.9396551847457886
668;0.005125971511006355;0.9396551847457886
669;0.004695164505392313;0.9655172228813171
670;0.005094662308692932;0.9482758641242981
671;0.004815215244889259;0.9224137663841248
672;0.0047111110761761665;0.9224137663841248
673;0.004913761280477047;0.9224137663841248
674;0.005129956174641848;0.931034505367279
675;0.005412508267909288;0.931034505367279
676;0.004366050474345684;0.9568965435028076
677;0.0045052794739604;0.9396551847457886
678;0.004583129659295082;0.9224137663841248
679;0.005371217615902424;0.9051724076271057
680;0.005268033593893051;0.9137930870056152
681;0.004507458768785;0.9482758641242981
682;0.004568883217871189;0.9396551847457886
683;0.004565003328025341;0.9396551847457886
684;0.004659812897443771;0.9482758641242981
685;0.004965093918144703;0.931034505367279
686;0.004273617174476385;0.9568965435028076
687;0.0051653217524290085;0.931034505367279
688;0.0042647309601306915;0.9655172228813171
689;0.0047643049620091915;0.9655172228813171
690;0.004602355882525444;0.9396551847457886
691;0.005135727114975452;0.931034505367279
692;0.005693693645298481;0.931034505367279
693;0.005194774363189936;0.931034505367279
694;0.005762156099081039;0.931034505367279
695;0.00497573334723711;0.931034505367279
696;0.004835333675146103;0.9482758641242981
697;0.0050473324954509735;0.9396551847457886
698;0.004859731532633305;0.9482758641242981
699;0.005576860159635544;0.9482758641242981
700;0.004206591751426458;0.9741379022598267
701;0.004874699283391237;0.9137930870056152
702;0.00456232251599431;0.9482758641242981
703;0.00486731668934226;0.9568965435028076
704;0.00482289819046855;0.9396551847457886
705;0.004710158798843622;0.9568965435028076
706;0.004662046208977699;0.9568965435028076
707;0.004687434993684292;0.9482758641242981
708;0.004978470969945192;0.9224137663841248
709;0.005072546191513538;0.931034505367279
710;0.0047900001518428326;0.9568965435028076
711;0.0044698892161250114;0.9655172228813171
712;0.00434087123721838;0.9482758641242981
713;0.004610141739249229;0.9396551847457886
714;0.0046518524177372456;0.9655172228813171
715;0.004507653880864382;0.9396551847457886
716;0.005264293402433395;0.931034505367279
717;0.005056143272668123;0.931034505367279
718;0.004007873125374317;0.9568965435028076
719;0.0054930816404521465;0.9137930870056152
720;0.004154263064265251;0.982758641242981
721;0.0055970195680856705;0.8879310488700867
722;0.004246263299137354;0.9655172228813171
723;0.0049509345553815365;0.931034505367279
724;0.004896489437669516;0.931034505367279
725;0.005153943318873644;0.931034505367279
726;0.004957121796905994;0.9396551847457886
727;0.004914904944598675;0.9482758641242981
728;0.0046998136676847935;0.9482758641242981
729;0.004095980431884527;0.931034505367279
730;0.004168086219578981;0.9741379022598267
731;0.004452470690011978;0.931034505367279
732;0.005361567717045546;0.9137930870056152
733;0.004157368093729019;0.982758641242981
734;0.0043491036631166935;0.9741379022598267
735;0.004386848770081997;0.9655172228813171
736;0.005421311128884554;0.931034505367279
737;0.0038307628128677607;0.9568965435028076
738;0.004696526098996401;0.931034505367279
739;0.005040479823946953;0.9482758641242981
740;0.005549405701458454;0.9224137663841248
741;0.004454642068594694;0.9482758641242981
742;0.004085881169885397;0.9741379022598267
743;0.004410853609442711;0.931034505367279
744;0.005446893163025379;0.931034505367279
745;0.003863212652504444;0.9568965435028076
746;0.004524330608546734;0.9655172228813171
747;0.0042946832254529;0.9568965435028076
748;0.004400917794555426;0.9568965435028076
749;0.005569880828261375;0.9051724076271057
750;0.004415583796799183;0.9482758641242981
751;0.004357209894806147;0.9482758641242981
752;0.004794251173734665;0.9396551847457886
753;0.004773810040205717;0.9482758641242981
754;0.004670785740017891;0.9482758641242981
755;0.0050359684973955154;0.9137930870056152
756;0.0036544466856867075;0.9655172228813171
757;0.004311259835958481;0.9568965435028076
758;0.0041733551770448685;0.9568965435028076
759;0.0044311960227787495;0.9396551847457886
760;0.004285259172320366;0.9568965435028076
761;0.0047364793717861176;0.9741379022598267
762;0.0037392370868474245;0.9655172228813171
763;0.00457772659137845;0.9224137663841248
764;0.004103653132915497;0.9568965435028076
765;0.004330052062869072;0.9568965435028076
766;0.004017096944153309;0.9396551847457886
767;0.0037314617075026035;0.9913793206214905
768;0.0043405573815107346;0.9482758641242981
769;0.0039200615137815475;0.982758641242981
770;0.004036311991512775;0.9741379022598267
771;0.004619205370545387;0.9482758641242981
772;0.004050388932228088;0.9655172228813171
773;0.003741730935871601;0.9741379022598267
774;0.0050087785348296165;0.931034505367279
775;0.004056149162352085;0.9568965435028076
776;0.0061585064977407455;0.9051724076271057
777;0.006201067473739386;0.8706896305084229
778;0.0052160960622131824;0.931034505367279
779;0.004895267076790333;0.9655172228813171
780;0.012037643231451511;0.8448275923728943
781;0.007018302567303181;0.9224137663841248
782;0.0065247369930148125;0.931034505367279
783;0.0052395230159163475;0.9396551847457886
784;0.0064493147656321526;0.8965517282485962
785;0.004841881804168224;0.9741379022598267
786;0.005155765917152166;0.9396551847457886
787;0.005687093827873468;0.931034505367279
788;0.004654586315155029;0.9396551847457886
789;0.004708377178758383;0.9396551847457886
790;0.004591910634189844;0.9655172228813171
791;0.004385239444673061;0.9568965435028076
792;0.004439075477421284;0.9396551847457886
793;0.004597513470798731;0.9482758641242981
794;0.004408909007906914;0.9482758641242981
795;0.005487335845828056;0.931034505367279
796;0.004375965800136328;0.931034505367279
797;0.005220314953476191;0.9224137663841248
798;0.004407687112689018;0.9568965435028076
799;0.0038205068558454514;0.982758641242981
800;0.004320500884205103;0.9655172228813171
801;0.004374662414193153;0.9568965435028076
802;0.004790977109223604;0.9396551847457886
803;0.0044344086199998856;0.9396551847457886
804;0.00498567707836628;0.931034505367279
805;0.004568072501569986;0.9482758641242981
806;0.0048874616622924805;0.9224137663841248
807;0.004351661074906588;0.9655172228813171
808;0.005128057207912207;0.931034505367279
809;0.004859129432588816;0.931034505367279
810;0.006068640388548374;0.931034505367279
811;0.004424411803483963;0.9396551847457886
812;0.005933891050517559;0.9137930870056152
813;0.00494077755138278;0.9482758641242981
814;0.005340001545846462;0.9137930870056152
815;0.0052954209968447685;0.9137930870056152
816;0.0051892343908548355;0.9137930870056152
817;0.004685836844146252;0.9396551847457886
818;0.0048513589426875114;0.931034505367279
819;0.005078396759927273;0.9137930870056152
820;0.004227768629789352;0.9741379022598267
821;0.003823369974270463;0.9741379022598267
822;0.004054147284477949;0.9655172228813171
823;0.004297380335628986;0.9741379022598267
824;0.0045030200853943825;0.9655172228813171
825;0.004137874115258455;0.9482758641242981
826;0.003955780994147062;0.9913793206214905
827;0.0037932523991912603;0.9568965435028076
828;0.004383912310004234;0.9396551847457886
829;0.00427569355815649;0.9482758641242981
830;0.0036188003141433;0.9913793206214905
831;0.003771641291677952;0.9741379022598267
832;0.003742881352081895;0.9655172228813171
833;0.003562734229490161;0.9913793206214905
834;0.004437034483999014;0.931034505367279
835;0.004776253830641508;0.9137930870056152
836;0.005439526867121458;0.8965517282485962
837;0.004873339552432299;0.931034505367279
838;0.005408705677837133;0.9051724076271057
839;0.004481369163841009;0.931034505367279
840;0.003574481699615717;0.982758641242981
841;0.004431497305631638;0.931034505367279
842;0.004099132493138313;0.982758641242981
843;0.0035521353129297495;0.9913793206214905
844;0.004400000441819429;0.9482758641242981
845;0.004282666370272636;0.9655172228813171
846;0.003462640568614006;1.0
847;0.00429631769657135;0.9655172228813171
848;0.005062931217253208;0.931034505367279
849;0.005939183756709099;0.931034505367279
850;0.0037151568103581667;0.9913793206214905
851;0.004422721918672323;0.9568965435028076
852;0.00485982047393918;0.9051724076271057
853;0.003940953873097897;0.9741379022598267
854;0.003261067671701312;1.0
855;0.004307795315980911;0.9482758641242981
856;0.006390795111656189;0.931034505367279
857;0.0042456379160285;0.931034505367279
858;0.004112256690859795;0.982758641242981
859;0.005098291207104921;0.931034505367279
860;0.0057110232301056385;0.9137930870056152
861;0.005523626692593098;0.9224137663841248
862;0.0035067591816186905;0.9741379022598267
863;0.00333274994045496;0.982758641242981
864;0.0037580293137580156;0.9741379022598267
865;0.0047066244296729565;0.931034505367279
866;0.0036107238847762346;0.982758641242981
867;0.003644737880676985;0.982758641242981
868;0.0043913074769079685;0.9655172228813171
869;0.003979523666203022;0.982758641242981
870;0.0050986274145543575;0.9224137663841248
871;0.003907431848347187;0.9655172228813171
872;0.0038878729101270437;0.9655172228813171
873;0.004470876883715391;0.931034505367279
874;0.004045081324875355;0.931034505367279
875;0.003323119366541505;0.982758641242981
876;0.00431331992149353;0.9568965435028076
877;0.003512701950967312;0.9913793206214905
878;0.0034445286728441715;0.9741379022598267
879;0.003645296674221754;0.982758641242981
880;0.003665427677333355;0.9913793206214905
881;0.00311016826890409;1.0
882;0.003405926516279578;0.982758641242981
883;0.0031370960641652346;0.9913793206214905
884;0.003352847881615162;0.9913793206214905
885;0.0034037996083498;1.0
886;0.00308357086032629;1.0
887;0.002797598484903574;1.0
888;0.003851392073556781;0.931034505367279
889;0.0035124197602272034;0.9913793206214905
890;0.002659084275364876;1.0
891;0.0030500951688736677;1.0
892;0.0043528941459953785;0.9568965435028076
893;0.003141126362606883;0.982758641242981
894;0.006701307371258736;0.931034505367279
895;0.0075587378814816475;0.931034505367279
896;0.005098315421491861;0.931034505367279
897;0.0033223170321434736;1.0
898;0.005945784971117973;0.9051724076271057
899;0.005188856739550829;0.9137930870056152
900;0.003304119687527418;1.0
901;0.005754613783210516;0.931034505367279
902;0.006398050580173731;0.9137930870056152
903;0.005667945370078087;0.931034505367279
904;0.005429475102573633;0.931034505367279
905;0.005182015243917704;0.931034505367279
906;0.004706747364252806;0.9396551847457886
907;0.004741969518363476;0.931034505367279
908;0.004951477516442537;0.9482758641242981
909;0.005432507023215294;0.9396551847457886
910;0.004513731691986322;0.9568965435028076
911;0.003924533259123564;0.9655172228813171
912;0.0037253948394209146;0.9913793206214905
913;0.005037716589868069;0.931034505367279
914;0.004529343917965889;0.9655172228813171
915;0.004055942874401808;0.9913793206214905
916;0.004548874218016863;0.931034505367279
917;0.0038662932347506285;0.9741379022598267
918;0.00462732557207346;0.931034505367279
919;0.003846091218292713;0.982758641242981
920;0.0035405862145125866;0.9913793206214905
921;0.004028137307614088;0.9913793206214905
922;0.0036505968309938908;0.9913793206214905
923;0.004014026839286089;0.9655172228813171
924;0.00334687321446836;0.9913793206214905
925;0.00460537476465106;0.9396551847457886
926;0.003851144341751933;0.931034505367279
927;0.003576970426365733;0.9741379022598267
928;0.0031876275315880775;1.0
929;0.003384238574653864;1.0
930;0.0049099489115178585;0.9224137663841248
931;0.002779433038085699;1.0
932;0.0033486036118119955;0.9913793206214905
933;0.006000872235745192;0.931034505367279
934;0.006393867079168558;0.931034505367279
935;0.004129251930862665;0.931034505367279
936;0.004810289014130831;0.931034505367279
937;0.005696266423910856;0.9051724076271057
938;0.006705473177134991;0.9051724076271057
939;0.006430266425013542;0.8965517282485962
940;0.004454546142369509;0.9482758641242981
941;0.0056564644910395145;0.9051724076271057
942;0.0042821504175662994;0.9568965435028076
943;0.005320982541888952;0.931034505367279
944;0.004112539812922478;0.9655172228813171
945;0.0040697334334254265;0.9482758641242981
946;0.004450974054634571;0.982758641242981
947;0.0053964112885296345;0.9655172228813171
948;0.003790003014728427;1.0
949;0.004269685596227646;0.9655172228813171
950;0.00353622785769403;0.9913793206214905
951;0.004246731288731098;0.9568965435028076
952;0.004483000375330448;0.982758641242981
953;0.0037878283765167;0.982758641242981
954;0.003752568969503045;1.0
955;0.004086546134203672;1.0
956;0.0032416782341897488;1.0
957;0.0029923757538199425;0.9913793206214905
958;0.003375172847881913;0.9913793206214905
959;0.003185888519510627;0.9913793206214905
960;0.003265351988375187;1.0
961;0.003649590304121375;0.982758641242981
962;0.0031788412015885115;1.0
963;0.0035604878794401884;0.982758641242981
964;0.0024748335126787424;1.0
965;0.0028018741868436337;1.0
966;0.003227237146347761;1.0
967;0.002924521453678608;0.9913793206214905
968;0.0029854178428649902;1.0
969;0.0028640106320381165;1.0
970;0.0027804477140307426;1.0
971;0.005034972447901964;0.9137930870056152
972;0.0042684851214289665;0.9396551847457886
973;0.004861126653850079;0.931034505367279
974;0.00241542118601501;1.0
975;0.002964864019304514;1.0
976;0.0028726188465952873;1.0
977;0.005746366456151009;0.9051724076271057
978;0.002382129430770874;1.0
979;0.0026266721542924643;1.0
980;0.004130840767174959;0.931034505367279
981;0.00279899756424129;1.0
982;0.002319226274266839;1.0
983;0.0048037683591246605;0.9137930870056152
984;0.004745675716549158;0.9051724076271057
985;0.0027487180195748806;1.0
986;0.002711018081754446;1.0
987;0.004281217232346535;0.931034505367279
988;0.0026861578226089478;1.0
989;0.0026475179474800825;1.0
990;0.004037635866552591;0.9396551847457886
991;0.002251902362331748;1.0
992;0.0026456646155565977;1.0
993;0.0028105326928198338;1.0
994;0.0027662867214530706;0.9913793206214905
995;0.0023616445250809193;1.0
996;0.0028278043027967215;1.0
997;0.0022632672917097807;1.0
998;0.002953367540612817;1.0
999;0.0025907130911946297;1.0
1000;0.0026381120551377535;1.0
1001;0.003650382161140442;0.9568965435028076
1002;0.006284522823989391;0.9051724076271057
1003;0.0025194124318659306;1.0
1004;0.0032441369257867336;1.0
1005;0.0035730761010199785;0.9913793206214905
1006;0.009532968513667583;0.8965517282485962
1007;0.005692146252840757;0.9224137663841248
1008;0.004176509100943804;1.0
1009;0.006355155725032091;0.9741379022598267
1010;0.008901598863303661;0.8362069129943848
1011;0.0075430856086313725;0.9224137663841248
1012;0.004376312252134085;1.0
1013;0.004328420851379633;1.0
1014;0.006835631560534239;0.9913793206214905
1015;0.005960582289844751;1.0
1016;0.004389602225273848;1.0
1017;0.0038646089378744364;1.0
1018;0.003871434135362506;1.0
1019;0.003775971941649914;1.0
1020;0.00396211352199316;1.0
1021;0.003644655691459775;1.0
1022;0.0038545620627701283;0.9913793206214905
1023;0.003841421799734235;0.9913793206214905
1024;0.003475634381175041;1.0
1025;0.0029217491392046213;1.0
1026;0.004178384318947792;0.982758641242981
1027;0.0033367520663887262;1.0
1028;0.0030542323365807533;1.0
1029;0.0030598617158830166;1.0
1030;0.002704397775232792;1.0
1031;0.0036758047062903643;0.9741379022598267
1032;0.007266692351549864;0.931034505367279
1033;0.006918999366462231;0.931034505367279
1034;0.010375884361565113;0.8448275923728943
1035;0.00740183237940073;0.931034505367279
1036;0.017146440222859383;0.7586206793785095
1037;0.014773357659578323;0.8103448152542114
1038;0.008745092898607254;0.9051724076271057
1039;0.00594886252656579;0.9568965435028076
1040;0.00787869468331337;0.9568965435028076
1041;0.004384094849228859;1.0
1042;0.008986538276076317;0.9051724076271057
1043;0.008218868635594845;0.9568965435028076
1044;0.00684882327914238;0.9482758641242981
1045;0.004763517528772354;0.9913793206214905
1046;0.0052468543872237206;1.0
1047;0.00835930835455656;0.931034505367279
1048;0.0077425288036465645;0.931034505367279
1049;0.006871390156447887;0.9137930870056152
1050;0.004388012457638979;1.0
1051;0.008987442590296268;0.8534482717514038
1052;0.005292990710586309;0.982758641242981
1053;0.004467195365577936;0.9913793206214905
1054;0.004410025663673878;1.0
1055;0.0062075890600681305;0.8965517282485962
1056;0.005032100714743137;0.9741379022598267
1057;0.004128333181142807;1.0
1058;0.003377600573003292;1.0
1059;0.004060898441821337;0.9913793206214905
1060;0.002991387154906988;1.0
1061;0.002973211696371436;1.0
1062;0.003300440963357687;1.0
1063;0.003520944155752659;1.0
1064;0.0032205909956246614;1.0
1065;0.00316073140129447;1.0
1066;0.003054100787267089;1.0
1067;0.00263951625674963;1.0
1068;0.0026172795332968235;1.0
1069;0.0026893080212175846;1.0
1070;0.0036434787325561047;0.982758641242981
1071;0.0025760808493942022;1.0
1072;0.0026601001154631376;1.0
1073;0.0027106485795229673;1.0
1074;0.002526975469663739;1.0
1075;0.006320400629192591;0.9051724076271057
1076;0.0026467302814126015;1.0
1077;0.0026326049119234085;1.0
1078;0.0024245167151093483;1.0
1079;0.0024808929301798344;1.0
1080;0.0022818949073553085;1.0
1081;0.0025432584807276726;1.0
1082;0.0022168788127601147;1.0
1083;0.002870516385883093;1.0
1084;0.002100597368553281;1.0
1085;0.002304807072505355;1.0
1086;0.0022590679582208395;1.0
1087;0.0019778497517108917;1.0
1088;0.0017841075314208865;1.0
1089;0.00210894038900733;1.0
1090;0.003601190634071827;0.9741379022598267
1091;0.004182891454547644;0.9568965435028076
1092;0.004637408070266247;0.9137930870056152
1093;0.00220127054490149;1.0
1094;0.007787007838487625;0.931034505367279
1095;0.00927113275974989;0.9137930870056152
1096;0.007648410275578499;0.931034505367279
1097;0.0022794781252741814;1.0
1098;0.004834352061152458;0.982758641242981
1099;0.014358695596456528;0.7844827771186829
1100;0.0037006083875894547;1.0
1101;0.006547821220010519;0.931034505367279
1102;0.006234452594071627;0.931034505367279
1103;0.0068359035067260265;0.931034505367279
1104;0.007292796391993761;0.9051724076271057
1105;0.006354054901748896;0.9137930870056152
1106;0.006587519776076078;0.931034505367279
1107;0.006330131087452173;0.931034505367279
1108;0.0060462672263383865;0.931034505367279
1109;0.004868871066719294;0.9568965435028076
1110;0.005295915063470602;0.931034505367279
1111;0.004615433979779482;0.9482758641242981
1112;0.00481205340474844;0.9655172228813171
1113;0.0037206760607659817;0.9913793206214905
1114;0.0041970969177782536;0.9913793206214905
1115;0.0055063338950276375;0.9568965435028076
1116;0.0040032039396464825;0.982758641242981
1117;0.0037056782748550177;0.9913793206214905
1118;0.003180333413183689;1.0
1119;0.004188404884189367;0.9568965435028076
1120;0.0029006979893893003;1.0
1121;0.003270316170528531;1.0
1122;0.004177012946456671;0.931034505367279
1123;0.003291480941697955;0.9913793206214905
1124;0.00287352642044425;1.0
1125;0.0028526855167001486;1.0
1126;0.00509176030755043;0.931034505367279
1127;0.0028523763176053762;1.0
1128;0.0026429463177919388;1.0
1129;0.0033410382457077503;1.0
1130;0.0029527070000767708;1.0
1131;0.0027066131588071585;1.0
1132;0.0023488712031394243;1.0
1133;0.005103784147650003;0.9137930870056152
1134;0.004069680813699961;0.9396551847457886
1135;0.004471253603696823;0.931034505367279
1136;0.003875638823956251;0.931034505367279
1137;0.004683803766965866;0.931034505367279
1138;0.003468481358140707;0.9655172228813171
1139;0.0025621624663472176;1.0
1140;0.007549134083092213;0.8965517282485962
1141;0.006282998714596033;0.9051724076271057
1142;0.006383344531059265;0.9051724076271057
1143;0.005297678057104349;0.931034505367279
1144;0.0038300687447190285;0.9568965435028076
1145;0.004241704475134611;0.9913793206214905
1146;0.004623302724212408;0.931034505367279
1147;0.003909138962626457;0.9482758641242981
1148;0.006458289455622435;0.931034505367279
1149;0.003876025089994073;0.9482758641242981
1150;0.0037219570949673653;0.9568965435028076
1151;0.0036714926827698946;0.9396551847457886
1152;0.0034088888205587864;0.9655172228813171
1153;0.0033568593207746744;1.0
1154;0.003510618582367897;0.982758641242981
1155;0.004558132961392403;0.931034505367279
1156;0.005599028896540403;0.9051724076271057
1157;0.004244793672114611;0.9655172228813171
1158;0.002893534954637289;1.0
1159;0.003255779156461358;0.9655172228813171
1160;0.002668841974809766;1.0
1161;0.004037699196487665;0.9396551847457886
1162;0.0025152943562716246;1.0
1163;0.002523077419027686;1.0
1164;0.0032179290428757668;0.982758641242981
1165;0.0025923606008291245;1.0
1166;0.002474601613357663;1.0
1167;0.003272945061326027;0.9741379022598267
1168;0.0020678951404988766;1.0
1169;0.003009569365531206;0.982758641242981
1170;0.003308608429506421;0.9482758641242981
1171;0.0025423942133784294;1.0
1172;0.002098385477438569;1.0
1173;0.0030818104278296232;0.9913793206214905
1174;0.0023716846480965614;1.0
1175;0.002333502285182476;1.0
1176;0.0027110448572784662;1.0
1177;0.0023685276973992586;1.0
1178;0.002988190855830908;0.982758641242981
1179;0.002166818594560027;1.0
1180;0.0020372499711811543;1.0
1181;0.00267293443903327;1.0
1182;0.004542262759059668;0.931034505367279
1183;0.0022591871675103903;1.0
1184;0.0026176879182457924;1.0
1185;0.004673452582210302;0.9137930870056152
1186;0.0035448104608803988;0.9396551847457886
1187;0.005048393737524748;0.931034505367279
1188;0.004002571105957031;0.9482758641242981
1189;0.0035691014491021633;0.9568965435028076
1190;0.0022180811502039433;1.0
1191;0.002771628089249134;1.0
1192;0.006542033050209284;0.9051724076271057
1193;0.004890491254627705;0.9051724076271057
1194;0.004770803265273571;0.9051724076271057
1195;0.00309964781627059;1.0
1196;0.0030693814624100924;1.0
1197;0.0033926547039300203;1.0
1198;0.006874273996800184;0.931034505367279
1199;0.00648810900747776;0.931034505367279
1200;0.005406329408288002;0.931034505367279
1201;0.004199333023279905;0.9396551847457886
1202;0.00363067421130836;0.9655172228813171
1203;0.002958162920549512;1.0
1204;0.004636767785996199;0.9137930870056152
1205;0.0040268064476549625;0.9396551847457886
1206;0.00469700014218688;0.9137930870056152
1207;0.0034833974204957485;1.0
1208;0.00235182186588645;1.0
1209;0.002909448929131031;1.0
1210;0.003741514403373003;0.9913793206214905
1211;0.004098131321370602;0.9568965435028076
1212;0.002908164169639349;1.0
1213;0.0027606196235865355;1.0
1214;0.0031988390255719423;0.982758641242981
1215;0.003134976141154766;1.0
1216;0.0032501823734492064;1.0
1217;0.002829875098541379;1.0
1218;0.002567924791947007;1.0
1219;0.0030109204817563295;1.0
1220;0.0027774148620665073;1.0
1221;0.002549580531194806;1.0
1222;0.0025410510133951902;1.0
1223;0.0024071354418992996;1.0
1224;0.0022346151527017355;1.0
1225;0.002350269351154566;1.0
1226;0.002566642826423049;1.0
1227;0.0028954751323908567;1.0
1228;0.0022759148851037025;1.0
1229;0.0024473366793245077;1.0
1230;0.002452397020533681;1.0
1231;0.002395427552983165;1.0
1232;0.0021847733296453953;1.0
1233;0.0019007348455488682;1.0
1234;0.002397016156464815;1.0
1235;0.002044843975454569;1.0
1236;0.0031004822812974453;0.982758641242981
1237;0.002147309947758913;1.0
1238;0.0021850373595952988;1.0
1239;0.0017831830773502588;1.0
1240;0.0026411539874970913;1.0
1241;0.001979588530957699;1.0
1242;0.001865318976342678;1.0
1243;0.0019662417471408844;1.0
1244;0.0025689704343676567;1.0
1245;0.004565333481878042;0.931034505367279
1246;0.001963810296729207;1.0
1247;0.0024878238327801228;1.0
1248;0.004620235413312912;0.9051724076271057
1249;0.002458506030961871;1.0
1250;0.005209911614656448;0.9051724076271057
1251;0.0017452809261158109;1.0
1252;0.007140165660530329;0.931034505367279
1253;0.00827470701187849;0.931034505367279
1254;0.009778072126209736;0.931034505367279
1255;0.007650143466889858;0.931034505367279
1256;0.007704857736825943;0.931034505367279
1257;0.013367006555199623;0.8534482717514038
1258;0.007362646050751209;0.931034505367279
1259;0.0070751435123384;0.9137930870056152
1260;0.006389054004102945;0.931034505367279
1261;0.006480257026851177;0.9396551847457886
1262;0.006295665632933378;0.9482758641242981
1263;0.007091642823070288;0.9224137663841248
1264;0.005865963641554117;0.9482758641242981
1265;0.005572690162807703;0.9568965435028076
1266;0.005296595860272646;0.9655172228813171
1267;0.005932939238846302;0.9396551847457886
1268;0.005452292039990425;0.982758641242981
1269;0.004508452955633402;1.0
1270;0.0037500723265111446;1.0
1271;0.003962983377277851;0.9741379022598267
1272;0.004398415796458721;0.9482758641242981
1273;0.003517044708132744;0.9913793206214905
1274;0.0034823042806237936;1.0
1275;0.004144212231040001;0.9913793206214905
1276;0.003522653365507722;1.0
1277;0.0036570867523550987;1.0
1278;0.0027144707273691893;1.0
1279;0.0029049513395875692;1.0
1280;0.0027820433024317026;1.0
1281;0.0027148518711328506;1.0
1282;0.0026956612709909678;1.0
1283;0.0024281637743115425;1.0
1284;0.0030608319211751223;0.9913793206214905
1285;0.002406845334917307;1.0
1286;0.002107379026710987;1.0
1287;0.0024714828468859196;1.0
1288;0.0026351057458668947;1.0
1289;0.002528800629079342;1.0
1290;0.002340123988687992;1.0
1291;0.002323174849152565;1.0
1292;0.0025099306367337704;1.0
1293;0.0026199123822152615;1.0
1294;0.0021412549540400505;1.0
1295;0.0020889679435640574;1.0
1296;0.002109851222485304;1.0
1297;0.0019390586530789733;1.0
1298;0.0027206637896597385;1.0
1299;0.0017922223778441548;1.0
1300;0.0019345172913745046;1.0
1301;0.0017488895682618022;1.0
1302;0.0019273330690339208;1.0
1303;0.002125187311321497;1.0
1304;0.002235410502180457;1.0
1305;0.002031972398981452;1.0
1306;0.0017258870648220181;1.0
1307;0.0021162875927984715;1.0
1308;0.0018358506495133042;1.0
1309;0.0018117502331733704;1.0
1310;0.0020875660702586174;1.0
1311;0.0018948949873447418;1.0
1312;0.001782739069312811;1.0
1313;0.0018475317629054189;1.0
1314;0.0017506948206573725;1.0
1315;0.0015620064223185182;1.0
1316;0.0015997193986549973;1.0
1317;0.0018230032874271274;1.0
1318;0.0015282710082828999;1.0
1319;0.0020093920174986124;1.0
1320;0.00187146186362952;1.0
1321;0.0016357030253857374;1.0
1322;0.0016453448915854096;1.0
1323;0.001771746319718659;1.0
1324;0.0016730320639908314;1.0
1325;0.0016059625195339322;1.0
1326;0.001697446801699698;1.0
1327;0.0017321520717814565;1.0
1328;0.0017858771607279778;1.0
1329;0.0016810671659186482;1.0
1330;0.0015492304228246212;1.0
1331;0.001680702087469399;1.0
1332;0.0015390116022899747;1.0
1333;0.0015748132718726993;1.0
1334;0.001635320601053536;1.0
1335;0.001759789534844458;1.0
1336;0.0015922359889373183;1.0
1337;0.0016116272890940309;1.0
1338;0.0018081961898133159;1.0
1339;0.001649127108976245;1.0
1340;0.001465768669731915;1.0
1341;0.0018775996286422014;1.0
1342;0.0015953157562762499;1.0
1343;0.0017951333429664373;1.0
1344;0.0014102705754339695;1.0
1345;0.0019142825622111559;1.0
1346;0.0016393400728702545;1.0
1347;0.001460676547139883;1.0
1348;0.0016339203575626016;1.0
1349;0.001783497049473226;1.0
1350;0.0015662291552871466;1.0
1351;0.001578544033691287;1.0
1352;0.001625338103622198;1.0
1353;0.001570107531733811;1.0
1354;0.0014256950234994292;1.0
1355;0.0015404773876070976;1.0
1356;0.0014423760585486889;1.0
1357;0.0016242580022662878;1.0
1358;0.0015711188316345215;1.0
1359;0.0014750565169379115;1.0
1360;0.0013956312322989106;1.0
1361;0.0015556658618152142;1.0
1362;0.0017317539313808084;1.0
1363;0.001723455497995019;1.0
1364;0.0016874730354174972;1.0
1365;0.0014770292909815907;1.0
1366;0.001541712787002325;1.0
1367;0.00152546854224056;1.0
1368;0.0015355430077761412;1.0
1369;0.0014523774152621627;1.0
1370;0.0015312869800254703;1.0
1371;0.0014814171008765697;1.0
1372;0.001661109970882535;1.0
1373;0.001383010414429009;1.0
1374;0.002541653113439679;1.0
1375;0.0018916703993454576;1.0
1376;0.002251064870506525;1.0
1377;0.0018155393190681934;1.0
1378;0.0015807758318260312;1.0
1379;0.0016443750355392694;1.0
1380;0.001532557769678533;1.0
1381;0.0017851395532488823;1.0
1382;0.0016262211138382554;1.0
1383;0.001771322451531887;1.0
1384;0.001891527441330254;1.0
1385;0.0013736400287598372;1.0
1386;0.0014277604641392827;1.0
1387;0.001614551991224289;1.0
1388;0.001336368964985013;1.0
1389;0.0014997093239799142;1.0
1390;0.0015820774715393782;1.0
1391;0.0015415438683703542;1.0
1392;0.0013581962557509542;1.0
1393;0.0014973756624385715;1.0
1394;0.0013591151218861341;1.0
1395;0.0013933287700638175;1.0
1396;0.0013815402053296566;1.0
1397;0.001738762017339468;1.0
1398;0.0014117739629000425;1.0
1399;0.0015917426208034158;1.0
1400;0.0014465872664004564;1.0
1401;0.0014194637769833207;1.0
1402;0.0015085519989952445;1.0
1403;0.0013534358004108071;1.0
1404;0.0013505176175385714;1.0
1405;0.001592888031154871;1.0
1406;0.0015216338215395808;1.0
1407;0.0013241736451163888;1.0
1408;0.0016002614283934236;1.0
1409;0.0015715471236035228;1.0
1410;0.001292769331485033;1.0
1411;0.0014663850888609886;1.0
1412;0.0015844686422497034;1.0
1413;0.0012851001229137182;1.0
1414;0.0014126304304227233;1.0
1415;0.0014638007851317525;1.0
1416;0.0014721059706062078;1.0
1417;0.0013614599592983723;1.0
1418;0.0016863783821463585;1.0
1419;0.0012757307849824429;1.0
1420;0.001364727271720767;1.0
1421;0.0012999646132811904;1.0
1422;0.0014338574837893248;1.0
1423;0.0012081317836418748;1.0
1424;0.00140987744089216;1.0
1425;0.0015443149022758007;1.0
1426;0.0014811361907050014;1.0
1427;0.0014911798061802983;1.0
1428;0.0016218015225604177;1.0
1429;0.0013869631802663207;1.0
1430;0.0013354846742004156;1.0
1431;0.0013929852284491062;1.0
1432;0.0012839911505579948;1.0
1433;0.0014343300135806203;1.0
1434;0.0013306252658367157;1.0
1435;0.001407752512022853;1.0
1436;0.0012747186701744795;1.0
1437;0.00118562625721097;1.0
1438;0.0013519487110897899;1.0
1439;0.0013470931444317102;1.0
1440;0.0013956082984805107;1.0
1441;0.0012615747982636094;1.0
1442;0.0014596210094168782;1.0
1443;0.0013388028601184487;1.0
1444;0.0016646735602989793;1.0
1445;0.0012849766062572598;1.0
1446;0.001392379286698997;1.0
1447;0.001438773120753467;1.0
1448;0.0014489461900666356;1.0
1449;0.0016557113267481327;1.0
1450;0.0013063685037195683;1.0
1451;0.0013163351686671376;1.0
1452;0.0012967460788786411;1.0
1453;0.0012811811175197363;1.0
1454;0.0016225069994106889;1.0
1455;0.0012654013698920608;1.0
1456;0.0012716925702989101;1.0
1457;0.0013832771219313145;1.0
1458;0.0016527381958439946;1.0
1459;0.0012876124819740653;1.0
1460;0.001893121749162674;1.0
1461;0.0016919123008847237;1.0
1462;0.001377734704874456;1.0
1463;0.0012829791521653533;1.0
1464;0.001586330123245716;1.0
1465;0.0014011403545737267;1.0
1466;0.0012900341534987092;1.0
1467;0.001534721814095974;1.0
1468;0.0013211139012128115;1.0
1469;0.0012118772137910128;1.0
1470;0.0011689247330650687;1.0
1471;0.0011123945005238056;1.0
1472;0.0013590347953140736;1.0
1473;0.0012966395588591695;1.0
1474;0.0012524367775768042;1.0
1475;0.0013834466226398945;1.0
1476;0.0011476686922833323;1.0
1477;0.0013400432653725147;1.0
1478;0.0012512232642620802;1.0
1479;0.0012306226417422295;1.0
1480;0.0013463221257552505;1.0
1481;0.0015594002325087786;1.0
1482;0.0014970703050494194;1.0
1483;0.001333508756943047;1.0
1484;0.0013863600324839354;1.0
1485;0.0013753462117165327;1.0
1486;0.0012453808449208736;1.0
1487;0.0012147667584940791;1.0
1488;0.001265690429136157;1.0
1489;0.0013608495937660336;1.0
1490;0.0013851545518264174;1.0
1491;0.0013302648440003395;1.0
1492;0.0013254384975880384;1.0
1493;0.0013898222241550684;1.0
1494;0.001166552072390914;1.0
1495;0.0013068439438939095;1.0
1496;0.0011874728370457888;1.0
1497;0.001374493702314794;1.0
1498;0.00115450459998101;1.0
1499;0.001343295443803072;1.0
