iteration;loss;accuracy
0;0.09567903727293015;0.32258063554763794
1;0.08657076209783554;0.25806450843811035
2;0.07665684074163437;0.29032257199287415
3;0.06956333667039871;0.25806450843811035
4;0.06671608239412308;0.35483869910240173
5;0.07111826539039612;0.3870967626571655
6;0.06924722343683243;0.32258063554763794
7;0.06369118392467499;0.5161290168762207
8;0.0642423927783966;0.3870967626571655
9;0.06649085134267807;0.32258063554763794
10;0.06363622099161148;0.3870967626571655
11;0.06408742815256119;0.4838709533214569
12;0.0629219338297844;0.4838709533214569
13;0.06320392340421677;0.5161290168762207
14;0.06359085440635681;0.4193548262119293
15;0.06152866408228874;0.5161290168762207
16;0.06137324497103691;0.35483869910240173
17;0.059642963111400604;0.4838709533214569
18;0.05765504017472267;0.5806451439857483
19;0.05907442048192024;0.4838709533214569
20;0.05606750398874283;0.6129032373428345
21;0.05608941987156868;0.6129032373428345
22;0.05422522500157356;0.6129032373428345
23;0.05120276287198067;0.6774193644523621
24;0.04618256911635399;0.774193525314331
25;0.04700632020831108;0.774193525314331
26;0.04198049381375313;0.7419354915618896
27;0.038830410689115524;0.8387096524238586
28;0.040917493402957916;0.774193525314331
29;0.04084131866693497;0.7096773982048035
30;0.03770710527896881;0.8387096524238586
31;0.038376789540052414;0.774193525314331
32;0.034636128693819046;0.8709677457809448
33;0.036687351763248444;0.7419354915618896
34;0.03209914267063141;0.8064516186714172
35;0.031108785420656204;0.8709677457809448
36;0.030235931277275085;0.8709677457809448
37;0.02808678336441517;0.8709677457809448
38;0.026068834587931633;0.9032257795333862
39;0.028709761798381805;0.9032257795333862
40;0.026211287826299667;0.8709677457809448
41;0.027069848030805588;0.8709677457809448
42;0.02156725339591503;1.0
43;0.022468671202659607;0.9677419066429138
44;0.019787684082984924;0.9354838728904724
45;0.01799059472978115;1.0
46;0.016752010211348534;1.0
47;0.021379949524998665;0.9032257795333862
48;0.029644185677170753;0.8709677457809448
49;0.01892753317952156;1.0
50;0.029035162180662155;0.8387096524238586
51;0.024546436965465546;0.9032257795333862
52;0.0168676245957613;0.9677419066429138
53;0.016004670411348343;1.0
54;0.017894601449370384;1.0
55;0.018265465274453163;1.0
56;0.014757943339645863;1.0
57;0.015666771680116653;0.9677419066429138
58;0.01570088043808937;0.9677419066429138
59;0.016990212723612785;0.9354838728904724
60;0.013215329498052597;0.9677419066429138
61;0.012022310867905617;1.0
62;0.010215666145086288;1.0
63;0.011689185164868832;1.0
64;0.011275708675384521;1.0
65;0.011776148341596127;1.0
66;0.010060617700219154;1.0
67;0.010685312561690807;1.0
68;0.010794843547046185;1.0
69;0.00801929272711277;1.0
70;0.008759320713579655;1.0
71;0.008553225547075272;1.0
72;0.008937282487750053;1.0
73;0.007787351496517658;1.0
74;0.009584575891494751;1.0
75;0.008770043961703777;1.0
76;0.008436060510575771;1.0
77;0.006890110205858946;1.0
78;0.0057640112936496735;1.0
79;0.006707983557134867;1.0
80;0.006153287831693888;1.0
81;0.006154089700430632;1.0
82;0.006454735528677702;1.0
83;0.0061506652273237705;1.0
84;0.007659117691218853;1.0
85;0.007322949822992086;1.0
86;0.004932093434035778;1.0
87;0.006875204388052225;1.0
88;0.006218382157385349;1.0
89;0.005002789665013552;1.0
90;0.007873861119151115;1.0
91;0.007119584828615189;1.0
92;0.005236216355115175;1.0
93;0.0055356258526444435;1.0
94;0.006268903613090515;1.0
95;0.0063402424566447735;1.0
96;0.006462829187512398;1.0
97;0.00596600491553545;1.0
98;0.005470940377563238;1.0
99;0.005967656150460243;1.0
100;0.005561445374041796;1.0
101;0.006922327447682619;1.0
102;0.0054650455713272095;1.0
103;0.004466979764401913;1.0
104;0.004745143000036478;1.0
105;0.006765756756067276;1.0
106;0.005505518987774849;1.0
107;0.004797228612005711;1.0
108;0.004859305452555418;1.0
109;0.005699284840375185;1.0
110;0.00548988813534379;1.0
111;0.004627704154700041;1.0
112;0.004648493602871895;1.0
113;0.004658592399209738;1.0
114;0.004729752894490957;1.0
115;0.005164851434528828;1.0
116;0.00487172557041049;1.0
117;0.0034783354494720697;1.0
118;0.00416475860401988;1.0
119;0.0038931614253669977;1.0
120;0.0062752836383879185;1.0
121;0.004214796237647533;1.0
122;0.002680441364645958;1.0
123;0.005442942958325148;1.0
124;0.004887557588517666;1.0
125;0.004705231171101332;1.0
126;0.0038180220872163773;1.0
127;0.0044744922779500484;1.0
128;0.004034035373479128;1.0
129;0.004612595308572054;1.0
130;0.0038931909948587418;1.0
131;0.0044395108707249165;1.0
132;0.0038620985578745604;1.0
133;0.005164323840290308;1.0
134;0.00317495409399271;1.0
135;0.004035420250147581;1.0
136;0.00366185512393713;1.0
137;0.004154294263571501;1.0
138;0.004434086848050356;1.0
139;0.0031779787968844175;1.0
140;0.005567488260567188;1.0
141;0.0036613550037145615;1.0
142;0.003125960472971201;1.0
143;0.003727661445736885;1.0
144;0.0031184060499072075;1.0
145;0.003217589808627963;1.0
146;0.0037578705232590437;1.0
147;0.0038970059249550104;1.0
148;0.0032677152194082737;1.0
149;0.003384261392056942;1.0
150;0.004009420983493328;1.0
151;0.0031714069191366434;1.0
152;0.0035213232040405273;1.0
153;0.0039033317007124424;1.0
154;0.0026747374795377254;1.0
155;0.0034483589697629213;1.0
156;0.004202556796371937;1.0
157;0.0034320098347961903;1.0
158;0.003004089230671525;1.0
159;0.0027844812721014023;1.0
160;0.0029252476524561644;1.0
161;0.0042150248773396015;1.0
162;0.0029086675494909286;1.0
163;0.004989544861018658;1.0
164;0.003472201293334365;1.0
165;0.00309294112958014;1.0
166;0.0032698330469429493;1.0
167;0.0026413481682538986;1.0
168;0.002413887297734618;1.0
169;0.0024766966234892607;1.0
170;0.0035396560560911894;1.0
171;0.0035856592003256083;1.0
172;0.002169533632695675;1.0
173;0.004068097565323114;1.0
174;0.0030848486348986626;1.0
175;0.0029160224366933107;1.0
176;0.00364106148481369;1.0
177;0.002950782421976328;1.0
178;0.002397130476310849;1.0
179;0.0025758245028555393;1.0
180;0.0029578718822449446;1.0
181;0.002658493584021926;1.0
182;0.0027720413636416197;1.0
183;0.0033732575830072165;1.0
184;0.0035367668606340885;1.0
185;0.003148674964904785;1.0
186;0.003987373784184456;1.0
187;0.003662211587652564;1.0
188;0.0030792029574513435;1.0
189;0.004160585347563028;1.0
190;0.005166498478502035;1.0
191;0.003570672357454896;1.0
192;0.003468064358457923;1.0
193;0.00403529591858387;1.0
194;0.0032617151737213135;1.0
195;0.003554343478754163;1.0
196;0.0037404948379844427;1.0
197;0.002753258915618062;1.0
198;0.003001687815412879;1.0
199;0.003572160378098488;1.0
200;0.0024975319392979145;1.0
201;0.002315911464393139;1.0
202;0.003323987824842334;1.0
203;0.0037970382254570723;1.0
204;0.0036235065199434757;1.0
205;0.0037479824386537075;1.0
206;0.0034518709871917963;1.0
207;0.003218752332031727;1.0
208;0.002381822792813182;1.0
209;0.002961544319987297;1.0
210;0.003063538344576955;1.0
211;0.002623233012855053;1.0
212;0.0018908370984718204;1.0
213;0.0024954599794000387;1.0
214;0.0026553093921393156;1.0
215;0.003979525063186884;1.0
216;0.002764758188277483;1.0
217;0.003254914889112115;1.0
218;0.0036753779277205467;1.0
219;0.00234765512868762;1.0
220;0.002191714243963361;1.0
221;0.0026465151458978653;1.0
222;0.0026679644361138344;1.0
223;0.002561519155278802;1.0
224;0.0028502540662884712;1.0
225;0.002648306777700782;1.0
226;0.0025488061364740133;1.0
227;0.0026864311657845974;1.0
228;0.0026249715592712164;1.0
229;0.001992229837924242;1.0
230;0.0024371182080358267;1.0
231;0.0023853403981775045;1.0
232;0.002359578851610422;1.0
233;0.0022456117440015078;1.0
234;0.0019499968038871884;1.0
235;0.002228955738246441;1.0
236;0.002690063090994954;1.0
237;0.00230429251678288;1.0
238;0.0033777961507439613;1.0
239;0.0023562691640108824;1.0
240;0.002522379392758012;1.0
241;0.00213416013866663;1.0
242;0.0019516517641022801;1.0
243;0.0022441623732447624;1.0
244;0.002041311003267765;1.0
245;0.0028901260811835527;1.0
246;0.0018993758130818605;1.0
247;0.0022945532109588385;1.0
248;0.0014226565835997462;1.0
249;0.0015506616327911615;1.0
250;0.002450150204822421;1.0
251;0.0024803250562399626;1.0
252;0.002380935475230217;1.0
253;0.0018932354869320989;1.0
254;0.00275151408277452;1.0
255;0.0021388521417975426;1.0
256;0.0018344229320064187;1.0
257;0.0019085711101070046;1.0
258;0.003027302213013172;1.0
259;0.0018531590467318892;1.0
260;0.001658163615502417;1.0
261;0.0018917671404778957;1.0
262;0.0015177375171333551;1.0
263;0.0023291613906621933;1.0
264;0.0017123594880104065;1.0
265;0.001947607146576047;1.0
266;0.002120007760822773;1.0
267;0.002194809028878808;1.0
268;0.0022021897602826357;1.0
269;0.0018622450297698379;1.0
270;0.0021962993778288364;1.0
271;0.0017683218466117978;1.0
272;0.0018070812802761793;1.0
273;0.0017414375906810164;1.0
274;0.0019132785964757204;1.0
275;0.0018677704501897097;1.0
276;0.002158574527129531;1.0
277;0.0024943531025201082;1.0
278;0.002226809971034527;1.0
279;0.002033867873251438;1.0
280;0.0015331944450736046;1.0
281;0.0016422546468675137;1.0
282;0.0017727217637002468;1.0
283;0.002255047904327512;1.0
284;0.0024179131723940372;1.0
285;0.001851275097578764;1.0
286;0.0013873402494937181;1.0
287;0.001613369444385171;1.0
288;0.00169653061311692;1.0
289;0.0016128552379086614;1.0
290;0.001982505898922682;1.0
291;0.0014103673165664077;1.0
292;0.001481587765738368;1.0
293;0.0015615050215274096;1.0
294;0.0013495581224560738;1.0
295;0.0021859081462025642;1.0
296;0.002279029693454504;1.0
297;0.002133752219378948;1.0
298;0.0019782409071922302;1.0
299;0.0016488549299538136;1.0
300;0.0014439350925385952;1.0
301;0.0018582661869004369;1.0
302;0.0015825891168788075;1.0
303;0.0019773549865931273;1.0
304;0.0014257202856242657;1.0
305;0.0014899092493578792;1.0
306;0.001144014997407794;1.0
307;0.0016505150124430656;1.0
308;0.0014819353818893433;1.0
309;0.0016452152049168944;1.0
310;0.0017844042740762234;1.0
311;0.0013613638002425432;1.0
312;0.001545766252093017;1.0
313;0.0011202110908925533;1.0
314;0.0012291654711589217;1.0
315;0.0006683169049210846;1.0
316;0.0011013946495950222;1.0
317;0.0014396585756912827;1.0
318;0.002039781305938959;1.0
319;0.0016892008716240525;1.0
320;0.0012155006406828761;1.0
321;0.0015120708849281073;1.0
322;0.0014057860244065523;1.0
323;0.0013436191948130727;1.0
324;0.001543632009997964;1.0
325;0.0014871062012389302;1.0
326;0.0011244084453210235;1.0
327;0.0012452397495508194;1.0
328;0.0015441797440871596;1.0
329;0.0014690399402752519;1.0
330;0.0012343315174803138;1.0
331;0.0010452051647007465;1.0
332;0.001298247603699565;1.0
333;0.00122758315410465;1.0
334;0.0013613105984404683;1.0
335;0.0014706883812323213;1.0
336;0.0011804625391960144;1.0
337;0.0018063976895064116;1.0
338;0.0013113367604091763;1.0
339;0.0011407326674088836;1.0
340;0.001891391584649682;1.0
341;0.0015692086890339851;1.0
342;0.0009409868507646024;1.0
343;0.002096167765557766;1.0
344;0.001160964835435152;1.0
345;0.0009660596260800958;1.0
346;0.0009687172714620829;1.0
347;0.0011207060888409615;1.0
348;0.0011948992032557726;1.0
349;0.0010222462005913258;1.0
350;0.0014750956324860454;1.0
351;0.0009335908107459545;1.0
352;0.0009041859884746373;1.0
353;0.0012594795553013682;1.0
354;0.0011651773238554597;1.0
355;0.0011847220594063401;1.0
356;0.0010798543225973845;1.0
357;0.0009540509199723601;1.0
358;0.001229019369930029;1.0
359;0.0010545284021645784;1.0
360;0.0013549233553931117;1.0
361;0.0007420788751915097;1.0
362;0.001358425011858344;1.0
363;0.0012027882039546967;1.0
364;0.0009745476418174803;1.0
365;0.0011458179214969277;1.0
366;0.0015994255663827062;1.0
367;0.0011870719026774168;1.0
368;0.0008797744521871209;1.0
369;0.0011700696777552366;1.0
370;0.0011069657048210502;1.0
371;0.0010502793593332171;1.0
372;0.000766438664868474;1.0
373;0.0011446644784882665;1.0
374;0.000931059941649437;1.0
375;0.0008085250156000257;1.0
376;0.0009481933084316552;1.0
377;0.0009160180925391614;1.0
378;0.001462407992221415;1.0
379;0.0009504859335720539;1.0
380;0.001000201446004212;1.0
381;0.0012626126408576965;1.0
382;0.0009910683147609234;1.0
383;0.0008271863916888833;1.0
384;0.0007529206341132522;1.0
385;0.0013504480011761189;1.0
386;0.0006882655434310436;1.0
387;0.0007721126894466579;1.0
388;0.0007522659725509584;1.0
389;0.0006896802806295455;1.0
390;0.0008448990993201733;1.0
391;0.0007807902293279767;1.0
392;0.0008155477698892355;1.0
393;0.0010169155430048704;1.0
394;0.0012803244171664119;1.0
395;0.00125792040489614;1.0
396;0.0009513991535641253;1.0
397;0.0009250108851119876;1.0
398;0.0008263395866379142;1.0
399;0.0009709774167276919;1.0
400;0.0007654689834453166;1.0
401;0.0006260467926040292;1.0
402;0.0006997766904532909;1.0
403;0.0008709984249435365;1.0
404;0.000717686431016773;1.0
405;0.000928575755096972;1.0
406;0.000821594730950892;1.0
407;0.0004664678417611867;1.0
408;0.001108362339437008;1.0
409;0.0007489808485843241;1.0
410;0.0008423192775808275;1.0
411;0.0005116491229273379;1.0
412;0.0011685683857649565;1.0
413;0.0006362274289131165;1.0
414;0.0009289204608649015;1.0
415;0.0007028982508927584;1.0
416;0.0007252506329677999;1.0
417;0.0008281260961666703;1.0
418;0.0010135459015145898;1.0
419;0.000653532799333334;1.0
420;0.0006778038223274052;1.0
421;0.0007384089403785765;1.0
422;0.0007980931550264359;1.0
423;0.0010332083329558372;1.0
424;0.0008171202498488128;1.0
425;0.0006506420904770494;1.0
426;0.000830948119983077;1.0
427;0.0005612243548966944;1.0
428;0.0007035320159047842;1.0
429;0.0005012539913877845;1.0
430;0.0007316622650250793;1.0
431;0.0005429572775028646;1.0
432;0.0006035784026607871;1.0
433;0.0007718210108578205;1.0
434;0.0007904390804469585;1.0
435;0.0010841774055734277;1.0
436;0.0007025556988082826;1.0
437;0.0005878249066881835;1.0
438;0.000729550258256495;1.0
439;0.0007180829416029155;1.0
440;0.0007263313746079803;1.0
441;0.0006753670168109238;1.0
442;0.0008138535195030272;1.0
443;0.0006709168665111065;1.0
444;0.0006168231484480202;1.0
445;0.0009616597671993077;1.0
446;0.000666836800519377;1.0
447;0.0006366439047269523;1.0
448;0.0007319373544305563;1.0
449;0.0007535605691373348;1.0
450;0.000727821490727365;1.0
451;0.0006710714078508317;1.0
452;0.0005664894124493003;1.0
453;0.0007016064482741058;1.0
454;0.0005604414618574083;1.0
455;0.0005655603599734604;1.0
456;0.0008087843889370561;1.0
457;0.0005023989360779524;1.0
458;0.0009498998406343162;1.0
459;0.0008412213064730167;1.0
460;0.0006873290403746068;1.0
461;0.0009200084023177624;1.0
462;0.0007900048512965441;1.0
463;0.0006115960422903299;1.0
464;0.0005784011445939541;1.0
465;0.00046409989590756595;1.0
466;0.0006888979114592075;1.0
467;0.0007580280071124434;1.0
468;0.0006280046072788537;1.0
469;0.00105618208181113;1.0
470;0.0007861746125854552;1.0
471;0.0006472784443758428;1.0
472;0.0005172055098228157;1.0
473;0.0006743939011357725;1.0
474;0.0006246958510018885;1.0
475;0.0006483490578830242;1.0
476;0.0005576140829361975;1.0
477;0.0005782105727121234;1.0
478;0.0006628805422224104;1.0
479;0.0005551985232159495;1.0
480;0.0005716269952245057;1.0
481;0.0005085786688141525;1.0
482;0.0005240040482021868;1.0
483;0.0007976102060638368;1.0
484;0.0006052121170796454;1.0
485;0.0005748470430262387;1.0
486;0.0005795704782940447;1.0
487;0.0007161848479881883;1.0
488;0.0007029675180092454;1.0
489;0.0006655502365902066;1.0
490;0.0006246321136131883;1.0
491;0.0004497875343076885;1.0
492;0.0007269634515978396;1.0
493;0.0006155221490189433;1.0
494;0.0004812633851543069;1.0
495;0.0007341813179664314;1.0
496;0.0006754174246452749;1.0
497;0.0007160375243984163;1.0
498;0.00046043359907343984;1.0
499;0.0006319258827716112;1.0
500;0.00039893045322969556;1.0
501;0.00046522964839823544;1.0
502;0.00037625819095410407;1.0
503;0.00047807107330299914;1.0
504;0.0005925478762947023;1.0
505;0.00047605112195014954;1.0
506;0.0005053048953413963;1.0
507;0.00045948970364406705;1.0
508;0.0004910426214337349;1.0
509;0.0006132297567091882;1.0
510;0.00041370149119757116;1.0
511;0.0005206132191233337;1.0
512;0.0005502172280102968;1.0
513;0.000749626022297889;1.0
514;0.0005815275944769382;1.0
515;0.0006836061947979033;1.0
516;0.0004423726350069046;1.0
517;0.0005179514409974217;1.0
518;0.0004351688257884234;1.0
519;0.0006218415801413357;1.0
520;0.0008427019347436726;1.0
521;0.0004486202378757298;1.0
522;0.0005328750121407211;1.0
523;0.00041796546429395676;1.0
524;0.00036365201231092215;1.0
525;0.000552114041056484;1.0
526;0.0005318915355019271;1.0
527;0.00042763567762449384;1.0
528;0.000379990873625502;1.0
529;0.0004379964666441083;1.0
530;0.00038491992745548487;1.0
531;0.0004565948620438576;1.0
532;0.0004326054477132857;1.0
533;0.0004601051623467356;1.0
534;0.0004804626223631203;1.0
535;0.000628044770564884;1.0
536;0.0004597680235747248;1.0
537;0.0005784412496723235;1.0
538;0.0005463262205012143;1.0
539;0.0005172781529836357;1.0
540;0.000477237394079566;1.0
541;0.0003881530137732625;1.0
542;0.00045488600153476;1.0
543;0.0004890027921646833;1.0
544;0.0003604117373470217;1.0
545;0.0005037529626861215;1.0
546;0.000617426645476371;1.0
547;0.0003905374323949218;1.0
548;0.00062430405523628;1.0
549;0.0004155835777055472;1.0
550;0.0005096603417769074;1.0
551;0.0005514443037100136;1.0
552;0.0006488693761639297;1.0
553;0.00038639846025034785;1.0
554;0.0005439633969217539;1.0
555;0.0003561680787242949;1.0
556;0.0005305877421051264;1.0
557;0.0005162865854799747;1.0
558;0.0006998946773819625;1.0
559;0.00045408180449157953;1.0
560;0.0002901742118410766;1.0
561;0.0005024457932449877;1.0
562;0.00038393281283788383;1.0
563;0.0005589984357357025;1.0
564;0.0004506246477831155;1.0
565;0.0004388161760289222;1.0
566;0.0004260379064362496;1.0
567;0.0004137289652135223;1.0
568;0.0006045279442332685;1.0
569;0.00048133908421732485;1.0
570;0.0004906282410956919;1.0
571;0.00046342669520527124;1.0
572;0.0003749376046471298;1.0
573;0.0004794270789716393;1.0
574;0.0004142001271247864;1.0
575;0.0004789935774169862;1.0
576;0.0003288795705884695;1.0
577;0.0005103612202219665;1.0
578;0.00035826474777422845;1.0
579;0.0004368737281765789;1.0
580;0.00042481604032218456;1.0
581;0.00035139478859491646;1.0
582;0.0003432204539421946;1.0
583;0.00033767984132282436;1.0
584;0.0003911064122803509;1.0
585;0.00035153637873008847;1.0
586;0.0005026569124311209;1.0
587;0.0003374172083567828;1.0
588;0.00039028225000947714;1.0
589;0.0002968433836940676;1.0
590;0.0004095425538253039;1.0
591;0.0004890100099146366;1.0
592;0.00044832128332927823;1.0
593;0.0003435859107412398;1.0
594;0.00044947126298211515;1.0
595;0.00038087458233349025;1.0
596;0.0002862614346668124;1.0
597;0.00039454083889722824;1.0
598;0.0003774893411900848;1.0
599;0.0004209993057884276;1.0
600;0.0003239735960960388;1.0
601;0.00043369297054596245;1.0
602;0.0003323993587400764;1.0
603;0.00043936350266449153;1.0
604;0.00042955242679454386;1.0
605;0.0003945718635804951;1.0
606;0.0003377843531779945;1.0
607;0.0003320240939501673;1.0
608;0.00038643484003841877;1.0
609;0.00043943588389083743;1.0
610;0.0003935183340217918;1.0
611;0.0005227624787949026;1.0
612;0.00032828908297233284;1.0
613;0.00045937966206111014;1.0
614;0.0003703864640556276;1.0
615;0.0003037930291611701;1.0
616;0.00040480177267454565;1.0
617;0.0003553782880771905;1.0
618;0.00033549588988535106;1.0
619;0.00025714526418596506;1.0
620;0.0004952543531544507;1.0
621;0.0005137094995006919;1.0
622;0.00039164640475064516;1.0
623;0.0005194233381189406;1.0
624;0.00036111450754106045;1.0
625;0.00034538834006525576;1.0
626;0.00042349760769866407;1.0
627;0.0004610395699273795;1.0
628;0.0003026275662705302;1.0
629;0.00045696046436205506;1.0
630;0.0004454420995898545;1.0
631;0.00034875739947892725;1.0
632;0.0003652994055300951;1.0
633;0.00042015916551463306;1.0
634;0.00030084996251389384;1.0
635;0.0002871265751309693;1.0
636;0.0003731445176526904;1.0
637;0.0003038761205971241;1.0
638;0.00025163646205328405;1.0
639;0.0002725551894400269;1.0
640;0.000285680522210896;1.0
641;0.0003218880156055093;1.0
642;0.0002228714874945581;1.0
643;0.00024394832144025713;1.0
644;0.0002464965800754726;1.0
645;0.0003781690320465714;1.0
646;0.00043771194759756327;1.0
647;0.0002543521113693714;1.0
648;0.0004556397325359285;1.0
649;0.00043140852358192205;1.0
650;0.00033669156255200505;1.0
651;0.0004259777197148651;1.0
652;0.00046803176519460976;1.0
653;0.0002345299581065774;1.0
654;0.00043920811731368303;1.0
655;0.0002330245333723724;1.0
656;0.00023783747747074813;1.0
657;0.00022029882529750466;1.0
658;0.0004460203635971993;1.0
659;0.0003608647675719112;1.0
660;0.00034276311635039747;1.0
661;0.00033180482569150627;1.0
662;0.00029417104087769985;1.0
663;0.00026968313613906503;1.0
664;0.0003348194295540452;1.0
665;0.0003069010563194752;1.0
666;0.00027548251091502607;1.0
667;0.00023195167887024581;1.0
668;0.00035720609594136477;1.0
669;0.00034436548594385386;1.0
670;0.00036332503077574074;1.0
671;0.00029836740577593446;1.0
672;0.00022247704328037798;1.0
673;0.0003384151787031442;1.0
674;0.00022903231729287654;1.0
675;0.00023211847292259336;1.0
676;0.00032973155612125993;1.0
677;0.00018820379045791924;1.0
678;0.0003039282455574721;1.0
679;0.0002812464954331517;1.0
680;0.00026782709755934775;1.0
681;0.0003066129866056144;1.0
682;0.00035071055754087865;1.0
683;0.0003521111502777785;1.0
684;0.0002502147399354726;1.0
685;0.00028600075165741146;1.0
686;0.0003317628870718181;1.0
687;0.00030501827131956816;1.0
688;0.000342182902386412;1.0
689;0.00033125359914265573;1.0
690;0.0002878485538531095;1.0
691;0.00033772981259971857;1.0
692;0.0002756122557912022;1.0
693;0.0003165471425745636;1.0
694;0.000263302237726748;1.0
695;0.0003360070986673236;1.0
696;0.0002470160252414644;1.0
697;0.00021423450380098075;1.0
698;0.00029994684155099094;1.0
699;0.00037768593756482005;1.0
700;0.00021782588737551123;1.0
701;0.0004367193905636668;1.0
702;0.0004154349153395742;1.0
703;0.0003091174876317382;1.0
704;0.00028055437724106014;1.0
705;0.00027533466345630586;1.0
706;0.0003143227950204164;1.0
707;0.00022271495254244655;1.0
708;0.00034351483918726444;1.0
709;0.00022714899387210608;1.0
710;0.00022233722847886384;1.0
711;0.00025174941401928663;1.0
712;0.000333362229866907;1.0
713;0.0003512989787850529;1.0
714;0.00023025207337923348;1.0
715;0.0004457954200915992;1.0
716;0.00033363926922902465;1.0
717;0.00029877095948904753;1.0
718;0.00031533281435258687;1.0
719;0.0003105483774561435;1.0
720;0.00023927348956931382;1.0
721;0.00024223786022048444;1.0
722;0.0003473882388789207;1.0
723;0.00017861806554719806;1.0
724;0.00026398274349048734;1.0
725;0.0003257586795371026;1.0
726;0.00022734992671757936;1.0
727;0.0003544217033777386;1.0
728;0.00017919469974003732;1.0
729;0.00020974205108359456;1.0
730;0.0003270563902333379;1.0
731;0.0002866038994397968;1.0
732;0.0003252506721764803;1.0
733;0.0002865144342649728;1.0
734;0.0004123252583667636;1.0
735;0.00024182120978366584;1.0
736;0.0003055705747101456;1.0
737;0.0002348029665881768;1.0
738;0.00033133086981251836;1.0
739;0.0002466080186422914;1.0
740;0.0003917495778296143;1.0
741;0.0002863425179384649;1.0
742;0.0002926054294221103;1.0
743;0.0002042003470705822;1.0
744;0.00023504778800997883;1.0
745;0.00024972285609692335;1.0
746;0.00022514216834679246;1.0
747;0.00021099773584865034;1.0
748;0.00020607573969755322;1.0
749;0.0002500017290003598;1.0
750;0.0002208857622463256;1.0
751;0.0001622844283701852;1.0
752;0.00028321624267846346;1.0
753;0.00025540072238072753;1.0
754;0.00016731294454075396;1.0
755;0.0002643876650836319;1.0
756;0.00013677611423190683;1.0
757;0.0002281706256326288;1.0
758;0.00020896368368994445;1.0
759;0.00027548029902391136;1.0
760;0.00022757536498829722;1.0
761;0.00021144103084225208;1.0
762;0.00022811423696111888;1.0
763;0.00022678541427012533;1.0
764;0.0001845897495513782;1.0
765;0.00021176147856749594;1.0
766;0.00027814629720523953;1.0
767;0.0002366102416999638;1.0
768;0.0002481613773852587;1.0
769;0.0002375499898334965;1.0
770;0.00026677362620830536;1.0
771;0.0001954202598426491;1.0
772;0.00017214917170349509;1.0
773;0.00035951397148892283;1.0
774;0.00023777216847520322;1.0
775;0.00023418190539814532;1.0
776;0.00017549414769746363;1.0
777;0.0002412014437140897;1.0
778;0.00017738327733241022;1.0
779;0.00029777109739370644;1.0
780;0.00024438538821414113;1.0
781;0.00025912123965099454;1.0
782;0.0002119523851433769;1.0
783;0.00019367832283023745;1.0
784;0.00016692379722371697;1.0
785;0.00020885445701424032;1.0
786;0.00025781593285501003;1.0
787;0.00022762540902476758;1.0
788;0.0002864769194275141;1.0
789;0.00022795534459874034;1.0
790;0.00013958968338556588;1.0
791;0.0001805278443498537;1.0
792;0.00022905338846612722;1.0
793;0.00019676006922964007;1.0
794;0.00023456651251763105;1.0
795;0.0002048034075414762;1.0
796;0.00019277038518339396;1.0
797;0.0002381426456850022;1.0
798;0.00030005243024788797;1.0
799;0.00029164558509364724;1.0
800;0.00016659311950206757;1.0
801;0.0002481317787896842;1.0
802;0.00024074636166915298;1.0
803;0.0002582435554359108;1.0
804;0.0002222556504420936;1.0
805;0.00019273556245025247;1.0
806;0.00029783378704451025;1.0
807;0.0002226063224952668;1.0
808;0.0002065147418761626;1.0
809;0.0001873488654382527;1.0
810;0.00024176384613383561;1.0
811;0.00023646545014344156;1.0
812;0.00016081387002486736;1.0
813;0.00017136865062639117;1.0
814;0.00025498156901448965;1.0
815;0.00015037089178804308;1.0
816;0.00023688533110544086;1.0
817;0.00020790174312423915;1.0
818;0.00023229651560541242;1.0
819;0.00020774513541255146;1.0
820;0.00027760816738009453;1.0
821;0.00021024302986916155;1.0
822;0.0002459693932905793;1.0
823;0.0001281783333979547;1.0
824;0.00022043805802240968;1.0
825;0.00031911712721921504;1.0
826;0.0001855653536040336;1.0
827;0.00019584043184295297;1.0
828;0.0002634379197843373;1.0
829;0.00019470666302368045;1.0
830;0.00044841892668046057;1.0
831;0.00019669689936563373;1.0
832;0.0001700606371741742;1.0
833;0.00021584985370282084;1.0
834;0.00024803969427011907;1.0
835;0.00022943451767787337;1.0
836;0.00017257712897844613;1.0
837;0.0002478797687217593;1.0
838;0.00025757236289791763;1.0
839;0.00021196749003138393;1.0
840;0.00027467156178317964;1.0
841;0.00018443340377416462;1.0
842;0.00012590954429470003;1.0
843;0.00019036451703868806;1.0
844;0.00026498764054849744;1.0
845;0.00022802162857260555;1.0
846;0.00016000951291061938;1.0
847;0.0001551330933580175;1.0
848;0.0002299847692484036;1.0
849;0.00026811810676008463;1.0
850;0.0001773136609699577;1.0
851;0.00021467386977747083;1.0
852;0.00013849842071067542;1.0
853;0.00022686863667331636;1.0
854;0.00016974739264696836;1.0
855;0.00022106252436060458;1.0
856;0.00015171233098953962;1.0
857;0.00017902110994327813;1.0
858;0.00021364667918533087;1.0
859;0.00023938655795063823;1.0
860;0.00015122855256777257;1.0
861;0.00019695903756655753;1.0
862;0.00024448111071251333;1.0
863;0.00017956610827241093;1.0
864;0.00017283509077969939;1.0
865;0.0001626146986382082;1.0
866;0.00018863921286538243;1.0
867;0.00016187220171559602;1.0
868;0.00021729549916926771;1.0
869;0.0002841749810613692;1.0
870;0.00020651903469115496;1.0
871;0.00017823815869633108;1.0
872;0.00014224866754375398;1.0
873;0.00021898621344007552;1.0
874;0.0001817753363866359;1.0
875;0.00015387054008897394;1.0
876;0.0001453339500585571;1.0
877;0.00017671511159278452;1.0
878;0.00020965006842743605;1.0
879;0.0002636672288645059;1.0
880;0.00014702684711664915;1.0
881;0.0001773858821252361;1.0
882;0.00014112930512055755;1.0
883;0.00016463121573906392;1.0
884;0.0002589341893326491;1.0
885;0.00018585026555228978;1.0
886;0.00016678968677297235;1.0
887;0.00017304510402027518;1.0
888;0.00015581479237880558;1.0
889;0.0002001093525905162;1.0
890;0.00022165864356793463;1.0
891;0.00021020024723839015;1.0
892;0.00014523444406222552;1.0
893;0.00017599873535800725;1.0
894;0.00017246865900233388;1.0
895;0.0001634017244214192;1.0
896;0.0002253809798276052;1.0
897;0.0001563959231134504;1.0
898;0.0001394714054185897;1.0
899;0.00012963870540261269;1.0
900;0.00016778393182903528;1.0
901;0.00017592312360648066;1.0
902;0.00018846336752176285;1.0
903;0.00013947964180260897;1.0
904;0.00022321808501146734;1.0
905;0.00018008438928518444;1.0
906;0.0001405365765094757;1.0
907;0.00012160153710283339;1.0
908;0.0001624055439606309;1.0
909;0.00020728132221847773;1.0
910;0.00011162576993228868;1.0
911;0.00015894068928901106;1.0
912;0.00031188331195153296;1.0
913;0.00018241666839458048;1.0
914;0.0001531336602056399;1.0
915;0.0002364117099205032;1.0
916;0.00020043419499415904;1.0
917;0.0002075907977996394;1.0
918;0.00013495127495843917;1.0
919;0.00020476091594900936;1.0
920;0.0002257422311231494;1.0
921;0.00017138075781986117;1.0
922;0.00020430394215509295;1.0
923;0.00017026264686137438;1.0
924;0.0001669532066443935;1.0
925;0.0002860293607227504;1.0
926;0.00017796184692997485;1.0
927;0.00018431719217915088;1.0
928;0.00014665430353488773;1.0
929;0.0001272348454222083;1.0
930;0.00016019551549106836;1.0
931;0.00016971163859125227;1.0
932;0.00013773181126452982;1.0
933;0.00012839902774430811;1.0
934;0.00010247907630400732;1.0
935;0.00015757745131850243;1.0
936;0.0002160225558327511;1.0
937;0.0001836975134210661;1.0
938;0.0001106311465264298;1.0
939;0.00018853599613066763;1.0
940;0.0001349392405245453;1.0
941;0.00020600449352059513;1.0
942;0.0001350263337371871;1.0
943;0.00014955228834878653;1.0
944;0.00021372674382291734;1.0
945;0.0001644691510591656;1.0
946;0.00021738969371654093;1.0
947;0.00014673150144517422;1.0
948;0.0001771380048012361;1.0
949;0.00016126535774674267;1.0
950;0.00019534530292730778;1.0
951;0.0001068663113983348;1.0
952;0.00012090164818800986;1.0
953;0.00017321434279438108;1.0
954;0.0001672072394285351;1.0
955;0.0001528782449895516;1.0
956;0.00011347272084094584;1.0
957;0.00019937199249397963;1.0
958;0.00016564695397391915;1.0
959;0.00015138566959649324;1.0
960;0.00013547560956794769;1.0
961;0.0001325656339759007;1.0
962;0.0001371239050058648;1.0
963;0.00013123624376021326;1.0
964;0.00012922741007059813;1.0
965;0.00015638543118257076;1.0
966;0.00014096756058279425;1.0
967;0.00011841062223538756;1.0
968;0.00015751899627503008;1.0
969;0.00015234130842145532;1.0
970;0.0001598700910108164;1.0
971;0.00011612086382228881;1.0
972;0.00015842590073589236;1.0
973;0.00012238987255841494;1.0
974;0.00014540291158482432;1.0
975;0.00010817030124599114;1.0
976;0.00011880213423864916;1.0
977;0.00014332095452118665;1.0
978;0.00012775053619407117;1.0
979;0.00013835109712090343;1.0
980;0.00015747282304801047;1.0
981;0.00010696119716158137;1.0
982;0.00013158991350792348;1.0
983;0.00010866831871680915;1.0
984;0.00011188918870175257;1.0
985;0.00011758050095522776;1.0
986;0.00010486879182280973;1.0
987;0.00012075702397851273;1.0
988;0.0001703548477962613;1.0
989;0.00017020298400893807;1.0
990;0.00010206806473433971;1.0
991;0.00013852935808245093;1.0
992;0.00016570815932936966;1.0
993;9.536397556075826e-05;1.0
994;0.0001363320043310523;1.0
995;0.00024151083198376;1.0
996;0.00023419065109919757;1.0
997;0.00010450766421854496;1.0
998;0.0001928419223986566;1.0
999;0.00010241628478979692;1.0
1000;0.00012526092177722603;1.0
1001;0.0001336580899078399;1.0
1002;9.185235830955207e-05;1.0
1003;0.0001453793520340696;1.0
1004;0.00015796688967384398;1.0
1005;0.0001720010332064703;1.0
1006;9.705631237011403e-05;1.0
1007;0.0001126878778450191;1.0
1008;0.00011788182746386155;1.0
1009;0.00014752495917491615;1.0
1010;0.0001307433849433437;1.0
1011;0.00018369943427387625;1.0
1012;0.00011470293975435197;1.0
1013;0.00015663310477975756;1.0
1014;8.594217069912702e-05;1.0
1015;0.00010069416020996869;1.0
1016;0.00011664099292829633;1.0
1017;0.000146391277667135;1.0
1018;0.00017031772586051375;1.0
1019;0.00013950016000308096;1.0
1020;0.00017351066344417632;1.0
1021;0.00014188913337420672;1.0
1022;0.00010146480781259015;1.0
1023;0.00011212305980734527;1.0
1024;0.00010914702579611912;1.0
1025;0.00012166379019618034;1.0
1026;0.00013609837333206087;1.0
1027;0.00011685334902722389;1.0
1028;0.00022844223713036627;1.0
1029;0.00011882612307090312;1.0
1030;0.00012518855510279536;1.0
1031;9.974159183911979e-05;1.0
1032;0.00013767566997557878;1.0
1033;0.00012964243069291115;1.0
1034;0.00012652769510168582;1.0
1035;0.00012126785441068932;1.0
1036;0.00012451598013285547;1.0
1037;0.00014748865214642137;1.0
1038;8.518386312061921e-05;1.0
1039;0.00011212139361305162;1.0
1040;0.00010544474207563326;1.0
1041;8.516140223946422e-05;1.0
1042;0.00014625198673456907;1.0
1043;0.00010798782750498503;1.0
1044;0.0001037792389979586;1.0
1045;0.00011950957559747621;1.0
1046;0.0001446795795345679;1.0
1047;0.00013957207556813955;1.0
1048;0.0001020268100546673;1.0
1049;0.00011964880832238123;1.0
1050;0.00036745594115927815;1.0
1051;9.68268868746236e-05;1.0
1052;0.00010779353033285588;1.0
1053;9.849920024862513e-05;1.0
1054;0.00016966229304671288;1.0
1055;0.0001229689660249278;1.0
1056;0.00015793894999660552;1.0
1057;0.0001094421895686537;1.0
1058;9.964939090423286e-05;1.0
1059;0.0001652428472880274;1.0
1060;0.00010873167047975585;1.0
1061;0.00015516046551056206;1.0
1062;0.0001106781346607022;1.0
1063;0.00013990681327413768;1.0
1064;0.00011064573482144624;1.0
1065;0.00012868289195466787;1.0
1066;0.00011536685633473098;1.0
1067;0.0001398934400640428;1.0
1068;0.00028132996521890163;1.0
1069;0.00010969087452394888;1.0
1070;0.00011270173126831651;1.0
1071;0.0001516058691777289;1.0
1072;0.00012024554598610848;1.0
1073;0.00011759474000427872;1.0
1074;0.000186743083759211;1.0
1075;0.00013043597573414445;1.0
1076;0.00010985802509821951;1.0
1077;0.00018301341333426535;1.0
1078;0.00016645956202410161;1.0
1079;0.00010008324170485139;1.0
1080;0.0001610192412044853;1.0
1081;0.00011745563097065315;1.0
1082;9.340118413092569e-05;1.0
1083;0.00012094267003703862;1.0
1084;0.00013675112859345973;1.0
1085;0.0001750840019667521;1.0
1086;7.683488365728408e-05;1.0
1087;0.00013008785026613623;1.0
1088;0.00011939483374590054;1.0
1089;0.00012016576511086896;1.0
1090;0.00010674217628547922;1.0
1091;0.00012974576384294778;1.0
1092;0.0001006942693493329;1.0
1093;0.00014652492245659232;1.0
1094;0.00013626368308905512;1.0
1095;0.00010485796519787982;1.0
1096;0.00010217536328127608;1.0
1097;0.00012677970516961068;1.0
1098;0.00013832446711603552;1.0
1099;8.378899656236172e-05;1.0
1100;0.0001111795863835141;1.0
1101;0.0002107073669321835;1.0
1102;0.0001338289148407057;1.0
1103;9.810798655962572e-05;1.0
1104;0.0001270977663807571;1.0
1105;0.00013035738083999604;1.0
1106;0.00011973808432230726;1.0
1107;0.00011337069008732215;1.0
1108;0.0001337445282842964;1.0
1109;0.00010871761332964525;1.0
1110;8.586897456552833e-05;1.0
1111;6.409636989701539e-05;1.0
1112;0.00012552613043226302;1.0
1113;0.00014204859326127917;1.0
1114;0.00014560898125637323;1.0
1115;8.743509533815086e-05;1.0
1116;0.00017328577814623713;1.0
1117;0.00011789191194111481;1.0
1118;0.00014983047731220722;1.0
1119;0.00011994577653240412;1.0
1120;0.00010377007856732234;1.0
1121;0.00012433933443389833;1.0
1122;0.00011562882718862966;1.0
1123;0.00010384265624452382;1.0
1124;9.665561083238572e-05;1.0
1125;0.00012645487731788307;1.0
1126;0.00010908109834417701;1.0
1127;0.0001228080946020782;1.0
1128;0.0001386111107422039;1.0
1129;9.024584869621322e-05;1.0
1130;7.806341454852372e-05;1.0
1131;7.45457291486673e-05;1.0
1132;8.288664685096592e-05;1.0
1133;0.00013522016524802893;1.0
1134;8.06968382676132e-05;1.0
1135;0.00011104642180725932;1.0
1136;0.0001558859512442723;1.0
1137;0.00011928735330002382;1.0
1138;0.00010379448212916031;1.0
1139;0.00012550198880489916;1.0
1140;0.00014281939365901053;1.0
1141;9.646245598560199e-05;1.0
1142;0.00010564843250904232;1.0
1143;0.0001089211436919868;1.0
1144;0.00014780895435251296;1.0
1145;9.345526632387191e-05;1.0
1146;0.00011070704931626096;1.0
1147;0.00011363767407601699;1.0
1148;0.00012063796020811424;1.0
1149;0.00011582733714021742;1.0
1150;0.00013530119031202048;1.0
1151;0.00012054933176841587;1.0
1152;8.412124589085579e-05;1.0
1153;0.0001062513911165297;1.0
1154;0.00011207498755538836;1.0
1155;8.792047447059304e-05;1.0
1156;5.657731162500568e-05;1.0
1157;9.602206409908831e-05;1.0
1158;0.00010198661766480654;1.0
1159;0.00017817631305661052;1.0
1160;9.106458310270682e-05;1.0
1161;9.88590472843498e-05;1.0
1162;7.050468411762267e-05;1.0
1163;0.00010675189696485177;1.0
1164;0.00012665938993450254;1.0
1165;0.00015425086894538254;1.0
1166;0.00012120491737732664;1.0
1167;7.355053094215691e-05;1.0
1168;0.00010675442172214389;1.0
1169;0.0001330178347416222;1.0
1170;9.893863170873374e-05;1.0
1171;8.219603478210047e-05;1.0
1172;8.772649016464129e-05;1.0
1173;0.00010060623026220128;1.0
1174;9.587038221070543e-05;1.0
1175;0.00012968541705049574;1.0
1176;8.599745342507958e-05;1.0
1177;0.00014034181367605925;1.0
1178;0.00011188492499059066;1.0
1179;0.00012096136197214946;1.0
1180;0.00011132063082186505;1.0
1181;0.00013500370550900698;1.0
1182;8.509038889314979e-05;1.0
1183;6.884725007694215e-05;1.0
1184;0.00014345886302180588;1.0
1185;9.519662125967443e-05;1.0
1186;7.233126234496012e-05;1.0
1187;8.316531602758914e-05;1.0
1188;0.00010099182691192254;1.0
1189;0.00017300383478868753;1.0
1190;0.000131787674035877;1.0
1191;9.689915896160528e-05;1.0
1192;7.197046943474561e-05;1.0
1193;0.0001697447878541425;1.0
1194;9.22774343052879e-05;1.0
1195;8.401132799917832e-05;1.0
1196;5.610272637568414e-05;1.0
1197;0.0001041881914716214;1.0
1198;7.536211342085153e-05;1.0
1199;7.608799933223054e-05;1.0
1200;7.696438842685893e-05;1.0
1201;0.00011285173968644813;1.0
1202;7.534317410318181e-05;1.0
1203;0.00010455685696797445;1.0
1204;9.978071466321126e-05;1.0
1205;8.631863602204248e-05;1.0
1206;0.00012412259820848703;1.0
1207;9.16555363801308e-05;1.0
1208;8.095028897514567e-05;1.0
1209;0.00011109584011137486;1.0
1210;0.00019554268510546535;1.0
1211;9.345681610284373e-05;1.0
1212;9.69668835750781e-05;1.0
1213;8.790822903392836e-05;1.0
1214;0.00010960406507365406;1.0
1215;6.537503941217437e-05;1.0
1216;0.00010111531446455047;1.0
1217;7.046053360681981e-05;1.0
1218;8.34142483654432e-05;1.0
1219;5.406511991168372e-05;1.0
1220;9.504114859737456e-05;1.0
1221;7.531660230597481e-05;1.0
1222;5.937926107435487e-05;1.0
1223;7.712007209192961e-05;1.0
1224;9.330698958365247e-05;1.0
1225;7.39589668228291e-05;1.0
1226;0.0001086258635041304;1.0
1227;7.620843825861812e-05;1.0
1228;7.970587466843426e-05;1.0
1229;0.00010707983892643824;1.0
1230;8.047914161579683e-05;1.0
1231;7.355983689194545e-05;1.0
1232;8.090432675089687e-05;1.0
1233;9.401110582984984e-05;1.0
1234;9.68144740909338e-05;1.0
1235;0.00010191952605964616;1.0
1236;7.677233952563256e-05;1.0
1237;9.543953638058156e-05;1.0
1238;0.00010133560135727748;1.0
1239;9.13096810108982e-05;1.0
1240;7.814278069417924e-05;1.0
1241;8.170134969986975e-05;1.0
1242;8.867235737852752e-05;1.0
1243;0.00010487612598808482;1.0
1244;8.947132300818339e-05;1.0
1245;0.00015459343558177352;1.0
1246;7.322768215090036e-05;1.0
1247;9.866175969364122e-05;1.0
1248;0.00012827155296690762;1.0
1249;9.135792060988024e-05;1.0
1250;6.365803710650653e-05;1.0
1251;9.535978460917249e-05;1.0
1252;6.2369137594942e-05;1.0
1253;7.682816794840619e-05;1.0
1254;8.870827878126875e-05;1.0
1255;7.843913772376254e-05;1.0
1256;0.0001453516451874748;1.0
1257;6.167472020024434e-05;1.0
1258;5.2296094509074464e-05;1.0
1259;6.699768709950149e-05;1.0
1260;6.70067238388583e-05;1.0
1261;9.209652489516884e-05;1.0
1262;8.824617543723434e-05;1.0
1263;6.400047277566046e-05;1.0
1264;6.726812716806307e-05;1.0
1265;7.994442421477288e-05;1.0
1266;0.00010681673302315176;1.0
1267;9.578966273693368e-05;1.0
1268;6.784954894101247e-05;1.0
1269;7.154766353778541e-05;1.0
1270;6.436368130380288e-05;1.0
1271;9.782760753296316e-05;1.0
1272;7.592803740408272e-05;1.0
1273;7.22565600881353e-05;1.0
1274;6.416843098122627e-05;1.0
1275;6.610123091377318e-05;1.0
1276;6.165527156554163e-05;1.0
1277;8.626973431091756e-05;1.0
1278;5.8412686485098675e-05;1.0
1279;6.205869431141764e-05;1.0
1280;7.928162085590884e-05;1.0
1281;6.701561505906284e-05;1.0
1282;8.698160672793165e-05;1.0
1283;6.0131424106657505e-05;1.0
1284;7.49549362808466e-05;1.0
1285;8.695657015778124e-05;1.0
1286;7.431083213305101e-05;1.0
1287;7.140212983358651e-05;1.0
1288;6.755960203008726e-05;1.0
1289;8.940729458117858e-05;1.0
1290;7.5806092354469e-05;1.0
1291;7.307402120204642e-05;1.0
1292;7.154444028856233e-05;1.0
1293;6.415157986339182e-05;1.0
1294;8.260345930466428e-05;1.0
1295;7.92613354860805e-05;1.0
1296;9.601905185263604e-05;1.0
1297;6.446513725677505e-05;1.0
1298;8.03561633802019e-05;1.0
1299;0.00012421104474924505;1.0
1300;8.737675671000034e-05;1.0
1301;7.13247136445716e-05;1.0
1302;8.853075269144028e-05;1.0
1303;5.6140688684536144e-05;1.0
1304;6.568770913872868e-05;1.0
1305;6.77857460686937e-05;1.0
1306;9.313687769463286e-05;1.0
1307;5.354343375074677e-05;1.0
1308;8.714263094589114e-05;1.0
1309;9.396639507031068e-05;1.0
1310;0.00011364073725417256;1.0
1311;9.734145714901388e-05;1.0
1312;6.550132093252614e-05;1.0
1313;9.315145143773407e-05;1.0
1314;8.43935486045666e-05;1.0
1315;7.856353477109224e-05;1.0
1316;5.8482786698732525e-05;1.0
1317;6.871576624689624e-05;1.0
1318;0.00010300307621946558;1.0
1319;8.271725528175011e-05;1.0
1320;7.312149682547897e-05;1.0
1321;0.00012964622874278575;1.0
1322;8.532690117135644e-05;1.0
1323;4.7231809730874375e-05;1.0
1324;6.097913137637079e-05;1.0
1325;0.00010730303620221093;1.0
1326;8.243883348768577e-05;1.0
1327;6.53462193440646e-05;1.0
1328;7.370773528236896e-05;1.0
1329;5.0836693844757974e-05;1.0
1330;4.992073081666604e-05;1.0
1331;0.00010269275662722066;1.0
1332;9.673394379206002e-05;1.0
1333;6.060166924726218e-05;1.0
1334;6.231273437151685e-05;1.0
1335;4.824111601919867e-05;1.0
1336;6.129237590357661e-05;1.0
1337;7.787049253238365e-05;1.0
1338;7.170833123382181e-05;1.0
1339;7.68080135458149e-05;1.0
1340;6.183769437484443e-05;1.0
1341;6.591941928490996e-05;1.0
1342;6.851313082734123e-05;1.0
1343;7.248562906170264e-05;1.0
1344;5.9481182688614354e-05;1.0
1345;7.785919297020882e-05;1.0
1346;4.31013795605395e-05;1.0
1347;6.638752529397607e-05;1.0
1348;6.417268741643056e-05;1.0
1349;0.00010894714068854228;1.0
1350;5.8234621974406764e-05;1.0
1351;5.770807183580473e-05;1.0
1352;9.323963604401797e-05;1.0
1353;8.13088845461607e-05;1.0
1354;7.697881665080786e-05;1.0
1355;5.4540258133783937e-05;1.0
1356;7.590065069962293e-05;1.0
1357;0.00010054569429485127;1.0
1358;6.013127858750522e-05;1.0
1359;6.829183257650584e-05;1.0
1360;5.389052603277378e-05;1.0
1361;5.979287379886955e-05;1.0
1362;8.12658472568728e-05;1.0
1363;6.934755219845101e-05;1.0
1364;7.857009768486023e-05;1.0
1365;6.961442704778165e-05;1.0
1366;6.682582170469686e-05;1.0
1367;7.027366518741474e-05;1.0
1368;4.321147207519971e-05;1.0
1369;4.2463489080546424e-05;1.0
1370;9.228997078025714e-05;1.0
1371;5.332516593625769e-05;1.0
1372;4.8049449105747044e-05;1.0
1373;7.45050492696464e-05;1.0
1374;9.106145444093272e-05;1.0
1375;0.00010917346662608907;1.0
1376;0.00014306881348602474;1.0
1377;7.85345837357454e-05;1.0
1378;6.524076161440462e-05;1.0
1379;0.00010453109280206263;1.0
1380;9.44287603488192e-05;1.0
1381;5.023905396228656e-05;1.0
1382;6.165052036521956e-05;1.0
1383;6.433743692468852e-05;1.0
1384;0.00010104735702043399;1.0
1385;7.461332279490307e-05;1.0
1386;8.445825369562954e-05;1.0
1387;6.344419671222568e-05;1.0
1388;5.080635310150683e-05;1.0
1389;9.308660082751885e-05;1.0
1390;7.501570507884026e-05;1.0
1391;6.662642408628017e-05;1.0
1392;5.721189882024191e-05;1.0
1393;9.684049291536212e-05;1.0
1394;0.00015040171274449676;1.0
1395;6.591354758711532e-05;1.0
1396;8.328571857418865e-05;1.0
1397;7.140183151932433e-05;1.0
1398;0.00010914395534200594;1.0
1399;8.099463593680412e-05;1.0
1400;7.151557656470686e-05;1.0
1401;0.00017454827320761979;1.0
1402;7.634020585101098e-05;1.0
1403;6.865317118354142e-05;1.0
1404;6.878247222630307e-05;1.0
1405;6.276932981563732e-05;1.0
1406;6.698720244457945e-05;1.0
1407;6.972640403546393e-05;1.0
1408;7.544472464360297e-05;1.0
1409;7.69457474234514e-05;1.0
1410;5.979611160000786e-05;1.0
1411;6.458529242081568e-05;1.0
1412;5.882471668883227e-05;1.0
1413;8.050060569075868e-05;1.0
1414;6.095450953580439e-05;1.0
1415;0.0001154089841293171;1.0
1416;6.940246385056525e-05;1.0
1417;4.548352808342315e-05;1.0
1418;6.325411959551275e-05;1.0
1419;4.330494994064793e-05;1.0
1420;5.6736815167823806e-05;1.0
1421;4.34325156675186e-05;1.0
1422;7.40451505407691e-05;1.0
1423;4.85265081806574e-05;1.0
1424;6.530142127303407e-05;1.0
1425;0.00010601885878713802;1.0
1426;4.3478943553054705e-05;1.0
1427;5.418296132120304e-05;1.0
1428;9.487525676377118e-05;1.0
1429;5.666469587595202e-05;1.0
1430;4.841013651457615e-05;1.0
1431;8.047005394473672e-05;1.0
1432;0.00010914997255895287;1.0
1433;7.972244929987937e-05;1.0
1434;5.8585672377375886e-05;1.0
1435;7.740240835119039e-05;1.0
1436;6.997464515734464e-05;1.0
1437;6.850218051113188e-05;1.0
1438;6.36755139566958e-05;1.0
1439;6.881895387778059e-05;1.0
1440;6.37608754914254e-05;1.0
1441;8.19933193270117e-05;1.0
1442;8.524332224624231e-05;1.0
1443;9.789430623641238e-05;1.0
1444;5.881325705558993e-05;1.0
1445;5.896956645301543e-05;1.0
1446;5.946960300207138e-05;1.0
1447;7.461243512807414e-05;1.0
1448;8.82130116224289e-05;1.0
1449;7.346845086431131e-05;1.0
1450;4.747146158479154e-05;1.0
1451;6.661805673502386e-05;1.0
1452;5.658082591253333e-05;1.0
1453;5.927171150688082e-05;1.0
1454;5.1214727136539295e-05;1.0
1455;6.354135257424787e-05;1.0
1456;6.876850966364145e-05;1.0
1457;4.609534880728461e-05;1.0
1458;6.216432666406035e-05;1.0
1459;7.490528514608741e-05;1.0
1460;5.418261935119517e-05;1.0
1461;7.309512875508517e-05;1.0
1462;5.4366333642974496e-05;1.0
1463;5.205514753470197e-05;1.0
1464;5.728613177780062e-05;1.0
1465;5.34806058567483e-05;1.0
1466;5.469271491165273e-05;1.0
1467;6.04807173658628e-05;1.0
1468;4.8730787966633216e-05;1.0
1469;7.734776590950787e-05;1.0
1470;5.151546429260634e-05;1.0
1471;5.017160947318189e-05;1.0
1472;4.7400491894222796e-05;1.0
1473;5.5175380111904815e-05;1.0
1474;4.599745079758577e-05;1.0
1475;4.97035107400734e-05;1.0
1476;0.00014497374650090933;1.0
1477;4.566495772451162e-05;1.0
1478;5.8118188462685794e-05;1.0
1479;7.636773079866543e-05;1.0
1480;5.036918446421623e-05;1.0
1481;4.03407757403329e-05;1.0
1482;4.764865661854856e-05;1.0
1483;5.031394903198816e-05;1.0
1484;4.8532594519201666e-05;1.0
1485;6.311005563475192e-05;1.0
1486;4.48805330961477e-05;1.0
1487;5.6428383686579764e-05;1.0
1488;5.228619556874037e-05;1.0
1489;5.404115654528141e-05;1.0
1490;8.303826325573027e-05;1.0
1491;6.341123662423342e-05;1.0
1492;5.5774962675059214e-05;1.0
1493;0.00018639085465110838;1.0
1494;5.485094152390957e-05;1.0
1495;6.395754462573677e-05;1.0
1496;5.599182622972876e-05;1.0
1497;7.643622666364536e-05;1.0
1498;4.4953067117603496e-05;1.0
1499;6.018056956236251e-05;1.0
