iteration;loss;accuracy
0;0.009460150264203548;0.019305018708109856
1;0.009599206037819386;0.04633204638957977
2;0.009253843687474728;0.054054055362939835
3;0.009224873036146164;0.048262547701597214
4;0.009243638254702091;0.07335907220840454
5;0.00923954788595438;0.0617760606110096
6;0.009191649965941906;0.050193049013614655
7;0.00915823969990015;0.054054055362939835
8;0.009171946905553341;0.050193049013614655
9;0.009145828895270824;0.05984555929899216
10;0.009134272113442421;0.057915057986974716
11;0.009101789444684982;0.06949806958436966
12;0.009083729237318039;0.06949806958436966
13;0.009080902673304081;0.07335907220840454
14;0.00906776636838913;0.07915057986974716
15;0.009055615402758121;0.07335907220840454
16;0.009057635441422462;0.08301158249378204
17;0.009032503701746464;0.07528957724571228
18;0.009031090885400772;0.06949806958436966
19;0.009005296044051647;0.08494208753108978
20;0.009009351953864098;0.07528957724571228
21;0.00898424256592989;0.10038609802722931
22;0.008969047106802464;0.08494208753108978
23;0.008953029289841652;0.10231660306453705
24;0.008953305892646313;0.07528957724571228
25;0.008930525742471218;0.11196911334991455
26;0.008904973044991493;0.09459459781646729
27;0.008896971121430397;0.10038609802722931
28;0.008878057822585106;0.10231660306453705
29;0.008873578161001205;0.09652509540319443
30;0.008829656057059765;0.1138996109366417
31;0.008824911899864674;0.09845560044050217
32;0.00879532191902399;0.10810811072587967
33;0.008765202015638351;0.1332046389579773
34;0.008783640339970589;0.09845560044050217
35;0.008820388466119766;0.11583011597394943
36;0.008746800944209099;0.12162162363529205
37;0.008729582652449608;0.12741312384605408
38;0.008709508925676346;0.1428571492433548
39;0.008688664063811302;0.13513512909412384
40;0.00867824163287878;0.13513512909412384
41;0.008622721768915653;0.1525096595287323
42;0.008614818565547466;0.16409265995025635
43;0.008573686704039574;0.14092664420604706
44;0.0085750138387084;0.16023166477680206
45;0.008518094196915627;0.17374517023563385
46;0.00851836334913969;0.1853281855583191
47;0.008472917601466179;0.15637065470218658
48;0.008520451374351978;0.17374517023563385
49;0.00846085511147976;0.1332046389579773
50;0.008418923243880272;0.1756756752729416
51;0.00836872961372137;0.1949806958436966
52;0.008400021120905876;0.1621621549129486
53;0.008366390131413937;0.17374517023563385
54;0.008369768038392067;0.18918919563293457
55;0.008313165046274662;0.16409265995025635
56;0.008332420140504837;0.20077219605445862
57;0.0082549424842;0.19884170591831207
58;0.00825874786823988;0.23166023194789886
59;0.00822766125202179;0.21235521137714386
60;0.008222789503633976;0.18918919563293457
61;0.00822253618389368;0.18339768052101135
62;0.008240703493356705;0.20077219605445862
63;0.008196947164833546;0.20656371116638184
64;0.008178467862308025;0.1949806958436966
65;0.008207648061215878;0.20270270109176636
66;0.008234046399593353;0.1814671754837036
67;0.008266937918961048;0.16795367002487183
68;0.008172402158379555;0.2471042424440384
69;0.008148109540343285;0.21814671158790588
70;0.008189987391233444;0.19691120088100433
71;0.008135359734296799;0.19884170591831207
72;0.00811455212533474;0.23938223719596863
73;0.008119647391140461;0.21042470633983612
74;0.008126219734549522;0.21814671158790588
75;0.008096521720290184;0.2046332061290741
76;0.008068222552537918;0.21235521137714386
77;0.008121060207486153;0.21621622145175934
78;0.008067687973380089;0.2374517321586609
79;0.008038630709052086;0.24903474748134613
80;0.008078543469309807;0.23166023194789886
81;0.00804084911942482;0.23552124202251434
82;0.008021330460906029;0.25482624769210815
83;0.008002000860869884;0.24903474748134613
84;0.007986773736774921;0.2528957426548004
85;0.00798557698726654;0.25482624769210815
86;0.007991427555680275;0.2664092779159546
87;0.008013620041310787;0.2471042424440384
88;0.007991201244294643;0.24131274223327637
89;0.008014666847884655;0.2277992218732834
90;0.007951912470161915;0.24517375230789185
91;0.007956880144774914;0.27413126826286316
92;0.0079600028693676;0.25482624769210815
93;0.007933075539767742;0.2760617733001709
94;0.007910288870334625;0.2722007632255554
95;0.007912046276032925;0.2992278039455414
96;0.007915887050330639;0.27413126826286316
97;0.007935362868010998;0.2702702581882477
98;0.007904036901891232;0.27799227833747864
99;0.007876107469201088;0.2857142984867096
100;0.00792204774916172;0.2760617733001709
101;0.007889218628406525;0.2857142984867096
102;0.007879494689404964;0.2895752787590027
103;0.007907968945801258;0.28378379344940186
104;0.00784943625330925;0.27799227833747864
105;0.007860169745981693;0.27413126826286316
106;0.007818277925252914;0.3185328245162964
107;0.007808673195540905;0.3281853199005127
108;0.007833016104996204;0.2799227833747864
109;0.007824589498341084;0.28764477372169495
110;0.007751802913844585;0.32239383459091187
111;0.007745143957436085;0.3513513505458832
112;0.0077579207718372345;0.3436293303966522
113;0.0077138072811067104;0.3513513505458832
114;0.007772074546664953;0.3204633295536041
115;0.007683951407670975;0.3571428656578064
116;0.007770752999931574;0.3339768350124359
117;0.00778299430385232;0.32239383459091187
118;0.007728812284767628;0.3571428656578064
119;0.007810205686837435;0.3513513505458832
120;0.007846920751035213;0.33976835012435913
121;0.00772600993514061;0.3764478862285614
122;0.0078049092553555965;0.3243243098258972
123;0.007700570859014988;0.3629343509674072
124;0.0076453243382275105;0.35907337069511414
125;0.007752208039164543;0.34942084550857544
126;0.007629786618053913;0.38223937153816223
127;0.007628344465047121;0.3861003816127777
128;0.007640219293534756;0.35521236062049866
129;0.007615525741130114;0.3532818555831909
130;0.007582763209939003;0.41698840260505676
131;0.00755360908806324;0.41698840260505676
132;0.007554993499070406;0.41312742233276367
133;0.007565709296613932;0.40154439210891724
134;0.00753716891631484;0.41119691729545593
135;0.007535531651228666;0.403474897146225
136;0.007450086530297995;0.40733590722084045
137;0.0074222818948328495;0.4189189076423645
138;0.0075109233148396015;0.38223937153816223
139;0.0074340421706438065;0.44015443325042725
140;0.0074170660227537155;0.4478764533996582
141;0.007423057686537504;0.44980695843696594
142;0.007446761708706617;0.42277991771698
143;0.0077117858454585075;0.3861003816127777
144;0.007372591644525528;0.4749034643173218
145;0.007505619432777166;0.4189189076423645
146;0.007435196079313755;0.39768341183662415
147;0.007458288688212633;0.41119691729545593
148;0.007461958099156618;0.4092664122581482
149;0.007535542827099562;0.4285714328289032
150;0.007481738924980164;0.40154439210891724
151;0.0075038764625787735;0.41119691729545593
152;0.007303248625248671;0.48262548446655273
153;0.007401193492114544;0.4247104227542877
154;0.0072649880312383175;0.4536679685115814
155;0.0073456657119095325;0.4150579273700714
156;0.007223612628877163;0.44980695843696594
157;0.007194555830210447;0.4536679685115814
158;0.007219979539513588;0.4961389899253845
159;0.007189156953245401;0.4440154433250427
160;0.007128892000764608;0.45945945382118225
161;0.0071131144650280476;0.4749034643173218
162;0.007114729378372431;0.4671814739704132
163;0.007059188559651375;0.4845559895038605
164;0.007082098163664341;0.4575289487838745
165;0.007007453590631485;0.4961389899253845
166;0.0070579880848526955;0.46525096893310547
167;0.006966501008719206;0.5212355256080627
168;0.0069730328395962715;0.4749034643173218
169;0.006903210189193487;0.507722020149231
170;0.00692184641957283;0.5019304752349854
171;0.007006756495684385;0.48262548446655273
172;0.006826708093285561;0.5347490310668945
173;0.006868651602417231;0.5173745155334473
174;0.0068090809509158134;0.530888020992279
175;0.006856061052531004;0.49806949496269226
176;0.006962934043258429;0.4942084848880768
177;0.007295133080333471;0.3918918967247009
178;0.007160809822380543;0.43629342317581177
179;0.007276123855262995;0.4440154433250427
180;0.007295691873878241;0.4150579273700714
181;0.007063041906803846;0.4555984437465668
182;0.007071072235703468;0.5289575457572937
183;0.006951498333364725;0.5019304752349854
184;0.006918417289853096;0.5096524953842163
185;0.006909181363880634;0.4864864945411682
186;0.006952786352485418;0.5212355256080627
187;0.006848004646599293;0.5250965356826782
188;0.00679950462654233;0.5347490310668945
189;0.006830049678683281;0.5115830302238464
190;0.006752300076186657;0.5212355256080627
191;0.006785864941775799;0.5212355256080627
192;0.00664527015760541;0.5752895474433899
193;0.0067126150242984295;0.5173745155334473
194;0.006576334126293659;0.5637065768241882
195;0.006689507979899645;0.5057914853096008
196;0.006555891130119562;0.5521235466003418
197;0.006572238635271788;0.5501930713653564
198;0.006468753796070814;0.57722008228302
199;0.006458530202507973;0.5830115675926208
200;0.006533792242407799;0.5637065768241882
201;0.0064872559159994125;0.584942102432251
202;0.006421616300940514;0.57722008228302
203;0.006326484493911266;0.6216216087341309
204;0.0063581629656255245;0.5907335877418518
205;0.006284796167165041;0.6196911334991455
206;0.006297653540968895;0.61583012342453
207;0.006366563029587269;0.623552143573761
208;0.006190983112901449;0.6312741041183472
209;0.00641811266541481;0.5907335877418518
210;0.006294491235166788;0.5926640629768372
211;0.006245853845030069;0.6100386381149292
212;0.0062543852254748344;0.5888031125068665
213;0.006327131297439337;0.5984556078910828
214;0.006268708035349846;0.6177605986595154
215;0.006281386595219374;0.5868725776672363
216;0.006155586801469326;0.6023166179656982
217;0.006053844466805458;0.6332046389579773
218;0.006081568077206612;0.623552143573761
219;0.006070035509765148;0.6216216087341309
220;0.006113079842180014;0.6119691133499146
221;0.006280858069658279;0.5559845566749573
222;0.006086299195885658;0.6100386381149292
223;0.006268834695219994;0.6216216087341309
224;0.006023718044161797;0.6061776280403137
225;0.006165985018014908;0.6042470932006836
226;0.006158411502838135;0.6023166179656982
227;0.00598596828058362;0.6332046389579773
228;0.006060464773327112;0.6023166179656982
229;0.0060812728479504585;0.5868725776672363
230;0.005815012846142054;0.6505791544914246
231;0.00591244176030159;0.6332046389579773
232;0.005846394691616297;0.6602316498756409
233;0.005788395181298256;0.6640926599502563
234;0.00570152560248971;0.6776061654090881
235;0.005875942297279835;0.6370656490325928
236;0.005726775154471397;0.6698841452598572
237;0.005749567877501249;0.6563706398010254
238;0.005800868850201368;0.6428571343421936
239;0.005902609322220087;0.6312741041183472
240;0.00580735644325614;0.6447876691818237
241;0.005685760173946619;0.65444016456604
242;0.005833399947732687;0.6351351141929626
243;0.0057128979824483395;0.662162184715271
244;0.005794099997729063;0.6447876691818237
245;0.005721364635974169;0.662162184715271
246;0.005563472397625446;0.6660231947898865
247;0.0056203086860477924;0.6525096297264099
248;0.005579621065407991;0.6969112157821655
249;0.005502821411937475;0.7162162065505981
250;0.00551788741722703;0.6698841452598572
251;0.005445309914648533;0.6969112157821655
252;0.005376970395445824;0.700772225856781
253;0.005570170469582081;0.6776061654090881
254;0.0055606854148209095;0.6756756901741028
255;0.005546764936298132;0.6872586607933044
256;0.005343384109437466;0.7027027010917664
257;0.005383057985454798;0.7162162065505981
258;0.005352861247956753;0.7200772166252136
259;0.00532230781391263;0.7123551964759827
260;0.005267745815217495;0.6718146800994873
261;0.005300115328282118;0.6776061654090881
262;0.005120058543980122;0.7277992367744446
263;0.005276212468743324;0.7027027010917664
264;0.0051091392524540424;0.7277992367744446
265;0.005218492820858955;0.7374517321586609
266;0.00520586920902133;0.7258687019348145
267;0.0052153305150568485;0.7277992367744446
268;0.0051301009953022;0.7239382266998291
269;0.00512345414608717;0.7046331763267517
270;0.00510934554040432;0.7432432174682617
271;0.0054907784797251225;0.6737451553344727
272;0.005736282095313072;0.662162184715271
273;0.0055493139661848545;0.6274131536483765
274;0.005867452826350927;0.6505791544914246
275;0.005353950429707766;0.7046331763267517
276;0.005360715556889772;0.6814671754837036
277;0.005400340538471937;0.6814671754837036
278;0.00530804879963398;0.6988416910171509
279;0.005183943081647158;0.7142857313156128
280;0.0051687126979231834;0.7046331763267517
281;0.005149918608367443;0.7123551964759827
282;0.0051543209701776505;0.7239382266998291
283;0.005172397941350937;0.7335907220840454
284;0.005207207053899765;0.6872586607933044
285;0.005036673974245787;0.7200772166252136
286;0.005198990926146507;0.7104247212409973
287;0.004960840567946434;0.7490347623825073
288;0.005026692524552345;0.7413127422332764
289;0.00480338791385293;0.7432432174682617
290;0.004864005837589502;0.7490347623825073
291;0.00481038074940443;0.7413127422332764
292;0.004858175292611122;0.7548262476921082
293;0.0048149581998586655;0.7528957724571228
294;0.004788242746144533;0.7625482678413391
295;0.004860162269324064;0.7683397531509399
296;0.004868011921644211;0.7471042275428772
297;0.004835194442421198;0.7683397531509399
298;0.004829013254493475;0.7432432174682617
299;0.005004312843084335;0.7123551964759827
300;0.004896737169474363;0.7702702879905701
301;0.004672159440815449;0.7953668236732483
302;0.00479954294860363;0.7528957724571228
303;0.00490264967083931;0.7664092779159546
304;0.004724615719169378;0.7683397531509399
305;0.004682636819779873;0.7374517321586609
306;0.004773973021656275;0.7335907220840454
307;0.004586067050695419;0.7837837934494019
308;0.004679115489125252;0.7722007632255554
309;0.004590315744280815;0.7857142686843872
310;0.004640740342438221;0.7509652376174927
311;0.004461696837097406;0.7895752787590027
312;0.0045564426109194756;0.8011583089828491
313;0.004502894356846809;0.7722007632255554
314;0.004600105807185173;0.7683397531509399
315;0.004464635159820318;0.7664092779159546
316;0.0044990479946136475;0.7818532586097717
317;0.004400018136948347;0.799227774143219
318;0.004507075063884258;0.7702702879905701
319;0.004285944160073996;0.8127413392066956
320;0.004358537029474974;0.7953668236732483
321;0.00444736098870635;0.7741312980651855
322;0.004327831789851189;0.7857142686843872
323;0.004235599655658007;0.8397683501243591
324;0.0043458412401378155;0.7857142686843872
325;0.004367034882307053;0.8011583089828491
326;0.004451964050531387;0.8030887842178345
327;0.00420374283567071;0.8223938345909119
328;0.00428810017183423;0.80694979429245
329;0.004296660888940096;0.799227774143219
330;0.004294886719435453;0.8108108043670654
331;0.004283655900508165;0.799227774143219
332;0.004292243625968695;0.7953668236732483
333;0.0041967169381678104;0.8030887842178345
334;0.004257629159837961;0.8088803291320801
335;0.004205410834401846;0.8301158547401428
336;0.004111452493816614;0.8359073400497437
337;0.00429996382445097;0.7972972989082336
338;0.0043493518605828285;0.7915058135986328
339;0.004567865747958422;0.7528957724571228
340;0.004566018469631672;0.7837837934494019
341;0.004195634741336107;0.8436293601989746
342;0.004421527031809092;0.7471042275428772
343;0.00411343714222312;0.7953668236732483
344;0.004341223742812872;0.8108108043670654
345;0.004304228350520134;0.8030887842178345
346;0.004115033894777298;0.8050193190574646
347;0.004249409772455692;0.7876448035240173
348;0.0040717595256865025;0.8339768052101135
349;0.004138696938753128;0.8204632997512817
350;0.004134505055844784;0.8436293601989746
351;0.004140252247452736;0.8030887842178345
352;0.0041188932955265045;0.8108108043670654
353;0.004140334669500589;0.8397683501243591
354;0.004475146997720003;0.7857142686843872
355;0.004300856497138739;0.7760617733001709
356;0.0044602639973163605;0.760617733001709
357;0.004299791995435953;0.7915058135986328
358;0.004390713293105364;0.7779922485351562
359;0.004478058312088251;0.7953668236732483
360;0.004209248349070549;0.8030887842178345
361;0.0041495379991829395;0.8416988253593445
362;0.004222813993692398;0.8108108043670654
363;0.0039018364623188972;0.8494208455085754
364;0.0040644207037985325;0.8243243098258972
365;0.004048596136271954;0.8571428656578064
366;0.00400971993803978;0.8166022896766663
367;0.004042787477374077;0.799227774143219
368;0.00394403887912631;0.8359073400497437
369;0.0039010061882436275;0.8416988253593445
370;0.00394354946911335;0.8359073400497437
371;0.003929035272449255;0.84555983543396
372;0.0038817627355456352;0.8339768052101135
373;0.0038481601513922215;0.84555983543396
374;0.0038443647790700197;0.84555983543396
375;0.003725782036781311;0.8880308866500854
376;0.003819291479885578;0.8725868463516235
377;0.0037653667386621237;0.8494208455085754
378;0.0038370348047465086;0.8552123308181763
379;0.0036680344492197037;0.876447856426239
380;0.0037122827488929033;0.8397683501243591
381;0.003772532567381859;0.876447856426239
382;0.0036384209524840117;0.8610038757324219
383;0.003696704749017954;0.8648648858070374
384;0.003687700256705284;0.8687258958816528
385;0.0035693631507456303;0.8861004114151001
386;0.0035583835560828447;0.8552123308181763
387;0.0036277847830206156;0.8667953610420227
388;0.0035936010535806417;0.8725868463516235
389;0.003682816866785288;0.8436293601989746
390;0.0035658252891153097;0.8552123308181763
391;0.0036018211394548416;0.8880308866500854
392;0.0035806235391646624;0.8783783912658691
393;0.003601469099521637;0.8552123308181763
394;0.003641067538410425;0.8706563711166382
395;0.003624432021752;0.8416988253593445
396;0.00365532748401165;0.88416987657547
397;0.003548363223671913;0.8648648858070374
398;0.003715390805155039;0.8725868463516235
399;0.0034845122136175632;0.88416987657547
400;0.0035044592805206776;0.8918918967247009
401;0.003599178744480014;0.8513513803482056
402;0.0034308042377233505;0.8861004114151001
403;0.00348829198628664;0.8938223719596863
404;0.0034302151761949062;0.8822394013404846
405;0.003458977909758687;0.8976833820343018
406;0.003455325961112976;0.8745173811912537
407;0.0034648687578737736;0.8667953610420227
408;0.0033631054684519768;0.8783783912658691
409;0.003354553831741214;0.8976833820343018
410;0.003449014388024807;0.88416987657547
411;0.0033596805296838284;0.8822394013404846
412;0.0033395113423466682;0.8803088665008545
413;0.003257268574088812;0.8803088665008545
414;0.003288374049589038;0.8976833820343018
415;0.003251241985708475;0.9015443921089172
416;0.0032568899914622307;0.8918918967247009
417;0.003259043674916029;0.8725868463516235
418;0.0032128009479492903;0.8880308866500854
419;0.0032203092705458403;0.8861004114151001
420;0.0033262649085372686;0.8783783912658691
421;0.0032001554500311613;0.9247104525566101
422;0.0031936608720570803;0.9092664122581482
423;0.003186330897733569;0.8996139168739319
424;0.003134111175313592;0.9189189076423645
425;0.0031773617956787348;0.8803088665008545
426;0.0032682863529771566;0.8822394013404846
427;0.0034842118620872498;0.8590733408927917
428;0.0032812487334012985;0.9015443921089172
429;0.0032009868882596493;0.915057897567749
430;0.0032653361558914185;0.8590733408927917
431;0.003096179338172078;0.9073359370231628
432;0.003350673709064722;0.8803088665008545
433;0.0033273836597800255;0.8957529067993164
434;0.003056564135476947;0.9131274223327637
435;0.003213292919099331;0.876447856426239
436;0.0031006690114736557;0.9073359370231628
437;0.0032935955096036196;0.876447856426239
438;0.003279069671407342;0.8976833820343018
439;0.0031635817140340805;0.9073359370231628
440;0.0032405341044068336;0.9169884324073792
441;0.0031280266121029854;0.9111968874931335
442;0.0031676781363785267;0.9015443921089172
443;0.003555981907993555;0.8552123308181763
444;0.0030419386457651854;0.9131274223327637
445;0.003237372264266014;0.8880308866500854
446;0.003073760075494647;0.9073359370231628
447;0.003468806156888604;0.88416987657547
448;0.0031219557859003544;0.9054054021835327
449;0.0031984886154532433;0.9073359370231628
450;0.0030401682015508413;0.8996139168739319
451;0.0031057866290211678;0.8725868463516235
452;0.002967685693874955;0.9015443921089172
453;0.0034044652711600065;0.8938223719596863
454;0.0032449797727167606;0.8938223719596863
455;0.0031221613753587008;0.9208494424819946
456;0.003078186884522438;0.9189189076423645
457;0.003254255047068;0.9054054021835327
458;0.003103708615526557;0.9285714030265808
459;0.003260195953771472;0.9054054021835327
460;0.002992314752191305;0.9131274223327637
461;0.003317081369459629;0.8957529067993164
462;0.002982406411319971;0.9362934231758118
463;0.003140493994578719;0.8996139168739319
464;0.0031660660170018673;0.8918918967247009
465;0.002948962850496173;0.8976833820343018
466;0.0029243857134133577;0.9401544332504272
467;0.0029632323421537876;0.9285714030265808
468;0.0030113912653177977;0.915057897567749
469;0.002925046719610691;0.9266409277915955
470;0.002998448209837079;0.9343629479408264
471;0.0029446769040077925;0.9247104525566101
472;0.0030184718780219555;0.9208494424819946
473;0.0029104796703904867;0.9343629479408264
474;0.0028824014589190483;0.9285714030265808
475;0.0029790648259222507;0.9401544332504272
476;0.002927651396021247;0.9111968874931335
477;0.0028876808937639;0.92277991771698
478;0.0030021346174180508;0.9073359370231628
479;0.002898953855037689;0.9305019378662109
480;0.0028601009398698807;0.9247104525566101
481;0.002981531899422407;0.9092664122581482
482;0.0029158361721783876;0.9034749269485474
483;0.002802432281896472;0.9343629479408264
484;0.0028509271796792746;0.9420849680900574
485;0.0029081765096634626;0.9343629479408264
486;0.003197013633325696;0.8783783912658691
487;0.00338930101133883;0.8880308866500854
488;0.0030903134029358625;0.9111968874931335
489;0.0030976736452430487;0.8957529067993164
490;0.003115694271400571;0.9092664122581482
491;0.0031927877571433783;0.9189189076423645
492;0.0029350309632718563;0.9324324131011963
493;0.002950729802250862;0.9073359370231628
494;0.002905392087996006;0.9324324131011963
495;0.003082845127210021;0.9169884324073792
496;0.0027925928588956594;0.9324324131011963
497;0.002808154793456197;0.9266409277915955
498;0.0030350068118423223;0.915057897567749
499;0.0028303060680627823;0.9054054021835327
500;0.0028218538500368595;0.9517374634742737
501;0.0029392344877123833;0.9343629479408264
502;0.0027949947398155928;0.9343629479408264
503;0.002741853706538677;0.9382239580154419
504;0.002740913536399603;0.9285714030265808
505;0.00282014487311244;0.9266409277915955
506;0.0027239262126386166;0.9401544332504272
507;0.0027056101243942976;0.9343629479408264
508;0.0026286127977073193;0.9478764533996582
509;0.0026457877829670906;0.9343629479408264
510;0.002711797598749399;0.915057897567749
511;0.002546914154663682;0.9459459185600281
512;0.002620288636535406;0.9440154433250427
513;0.0026039141230285168;0.9440154433250427
514;0.002679095370694995;0.9343629479408264
515;0.002695568837225437;0.9362934231758118
516;0.002480225171893835;0.9440154433250427
517;0.002547500655055046;0.9362934231758118
518;0.002551835961639881;0.9362934231758118
519;0.002547741634771228;0.9247104525566101
520;0.002587324008345604;0.9382239580154419
521;0.0025203656405210495;0.9498069286346436
522;0.002567168092355132;0.9459459185600281
523;0.0024328494910150766;0.9517374634742737
524;0.0025344225578010082;0.9362934231758118
525;0.002577169332653284;0.9305019378662109
526;0.0024237006437033415;0.9594594836235046
527;0.002502681687474251;0.9575289487838745
528;0.002482765354216099;0.9575289487838745
529;0.0024572021793574095;0.9420849680900574
530;0.002511231694370508;0.9440154433250427
531;0.00246689491905272;0.9401544332504272
532;0.0025840424932539463;0.915057897567749
533;0.0027405782602727413;0.9054054021835327
534;0.0023713416885584593;0.9478764533996582
535;0.0025731369387358427;0.9324324131011963
536;0.0024378716479986906;0.9633204340934753
537;0.0024382066912949085;0.953667938709259
538;0.0024641570635139942;0.9517374634742737
539;0.0025157553609460592;0.9362934231758118
540;0.0025035899598151445;0.9420849680900574
541;0.0024613437708467245;0.9285714030265808
542;0.0026107931043952703;0.9305019378662109
543;0.0024472814984619617;0.9517374634742737
544;0.002514997497200966;0.9324324131011963
545;0.0025096172466874123;0.953667938709259
546;0.0024129077792167664;0.9478764533996582
547;0.0023420972283929586;0.9594594836235046
548;0.0024584794882684946;0.9459459185600281
549;0.0024625768419355154;0.9498069286346436
550;0.0023482157848775387;0.9517374634742737
551;0.0023793764412403107;0.9517374634742737
552;0.002330382587388158;0.9420849680900574
553;0.002300380263477564;0.9575289487838745
554;0.0022938770707696676;0.9710424542427063
555;0.002187715843319893;0.9555984735488892
556;0.0022621299140155315;0.9498069286346436
557;0.0022996251937001944;0.9440154433250427
558;0.0023505552671849728;0.953667938709259
559;0.0023402804508805275;0.9594594836235046
560;0.0023265904746949673;0.9440154433250427
561;0.0022508869878947735;0.96138995885849
562;0.0022562623489648104;0.9459459185600281
563;0.0022105465177446604;0.9594594836235046
564;0.002294754609465599;0.9517374634742737
565;0.002231838181614876;0.9594594836235046
566;0.0021324448753148317;0.96138995885849
567;0.0022270677145570517;0.9478764533996582
568;0.0021824752911925316;0.96138995885849
569;0.0021370642352849245;0.953667938709259
570;0.0022042118944227695;0.9498069286346436
571;0.002174374647438526;0.9575289487838745
572;0.002193722641095519;0.9401544332504272
573;0.002119818702340126;0.9652509689331055
574;0.002152714179828763;0.96138995885849
575;0.0021337619982659817;0.953667938709259
576;0.0022516422905027866;0.9459459185600281
577;0.002082196995615959;0.9575289487838745
578;0.002094006398692727;0.953667938709259
579;0.0021871463395655155;0.9633204340934753
580;0.002062557265162468;0.9555984735488892
581;0.0021549710072577;0.9594594836235046
582;0.002044158987700939;0.9671814441680908
583;0.0020812624134123325;0.9401544332504272
584;0.00207871594466269;0.9633204340934753
585;0.0021094048861414194;0.953667938709259
586;0.0021426230669021606;0.9671814441680908
587;0.0020939549431204796;0.9652509689331055
588;0.0020384415984153748;0.9555984735488892
589;0.0021096421405673027;0.9652509689331055
590;0.0020594135858118534;0.9633204340934753
591;0.0020693051628768444;0.9555984735488892
592;0.002004351932555437;0.969111979007721
593;0.0020494433119893074;0.9652509689331055
594;0.00208096532151103;0.9633204340934753
595;0.0020522631239145994;0.9459459185600281
596;0.0019845301285386086;0.96138995885849
597;0.001976643456146121;0.9517374634742737
598;0.001986777875572443;0.9575289487838745
599;0.0019679784309118986;0.9575289487838745
600;0.001958387903869152;0.9652509689331055
601;0.0020131822675466537;0.9710424542427063
602;0.0019865427166223526;0.96138995885849
603;0.0019917464815080166;0.9575289487838745
604;0.0019539331551641226;0.9671814441680908
605;0.001957631902769208;0.96138995885849
606;0.0019612011965364218;0.969111979007721
607;0.0019280362175777555;0.9594594836235046
608;0.0019114732276648283;0.9710424542427063
609;0.0020412043668329716;0.9343629479408264
610;0.002551083918660879;0.9111968874931335
611;0.002218910027295351;0.9594594836235046
612;0.0022169314324855804;0.9517374634742737
613;0.002247878583148122;0.9517374634742737
614;0.0024517904967069626;0.9517374634742737
615;0.0034003034234046936;0.837837815284729
616;0.002288027899339795;0.9285714030265808
617;0.002731930697336793;0.9208494424819946
618;0.0025508550461381674;0.9247104525566101
619;0.002895510522648692;0.8899613618850708
620;0.00513429706916213;0.7374517321586609
621;0.004548747092485428;0.7683397531509399
622;0.004585711285471916;0.7432432174682617
623;0.003919924609363079;0.8571428656578064
624;0.003815257456153631;0.8513513803482056
625;0.0036995429545640945;0.8494208455085754
626;0.0034502502530813217;0.8822394013404846
627;0.0037000549491494894;0.8803088665008545
628;0.0036601931788027287;0.8552123308181763
629;0.0031109368428587914;0.9015443921089172
630;0.0033166154753416777;0.915057897567749
631;0.0029070384334772825;0.9266409277915955
632;0.0031031763646751642;0.9111968874931335
633;0.002793921623378992;0.953667938709259
634;0.0028368800412863493;0.9401544332504272
635;0.002884678775444627;0.92277991771698
636;0.002675203373655677;0.9459459185600281
637;0.002757388399913907;0.9401544332504272
638;0.002391899935901165;0.96138995885849
639;0.0024721005465835333;0.9555984735488892
640;0.0025034986902028322;0.9555984735488892
641;0.0025263384450227022;0.9459459185600281
642;0.002261494519189;0.9555984735488892
643;0.002395645249634981;0.953667938709259
644;0.002454244066029787;0.953667938709259
645;0.0022283217404037714;0.969111979007721
646;0.002180182607844472;0.9555984735488892
647;0.002183175180107355;0.9594594836235046
648;0.00225462787784636;0.9420849680900574
649;0.002151245716959238;0.9555984735488892
650;0.002086270833387971;0.9517374634742737
651;0.002079596510156989;0.969111979007721
652;0.002171022119000554;0.9671814441680908
653;0.0020754453726112843;0.9652509689331055
654;0.00202589831314981;0.9652509689331055
655;0.001993783749639988;0.9575289487838745
656;0.0019368133507668972;0.96138995885849
657;0.00196201098151505;0.9652509689331055
658;0.0020282987970858812;0.9633204340934753
659;0.0019080709898844361;0.969111979007721
660;0.0019087470136582851;0.9633204340934753
661;0.001905564102344215;0.9671814441680908
662;0.0019287592731416225;0.9633204340934753
663;0.0018598292954266071;0.969111979007721
664;0.001916480716317892;0.9594594836235046
665;0.0018888317281380296;0.9498069286346436
666;0.0018681578803807497;0.9671814441680908
667;0.0018369609024375677;0.9575289487838745
668;0.001900013186968863;0.9633204340934753
669;0.001812891336157918;0.9633204340934753
670;0.0018415157683193684;0.9633204340934753
671;0.0017985942540690303;0.9729729890823364
672;0.0018747615395113826;0.9594594836235046
673;0.001743936212733388;0.9729729890823364
674;0.0018275046022608876;0.9575289487838745
675;0.0017483287956565619;0.96138995885849
676;0.0017968564061447978;0.9729729890823364
677;0.0017690883250907063;0.9710424542427063
678;0.0017892088508233428;0.9710424542427063
679;0.0017772557912394404;0.9710424542427063
680;0.0018174179131165147;0.9633204340934753
681;0.001821223646402359;0.9671814441680908
682;0.0018427051836624742;0.953667938709259
683;0.0017477275105193257;0.9710424542427063
684;0.0017752917483448982;0.9652509689331055
685;0.0017949232133105397;0.96138995885849
686;0.0017131305066868663;0.9710424542427063
687;0.0017988687613978982;0.9652509689331055
688;0.0017991906497627497;0.9710424542427063
689;0.0017450415762141347;0.9710424542427063
690;0.001723104272969067;0.9652509689331055
691;0.0017153241205960512;0.9633204340934753
692;0.0017026179702952504;0.9710424542427063
693;0.0017433867324143648;0.9594594836235046
694;0.0017078049713745713;0.969111979007721
695;0.0016992734745144844;0.9671814441680908
696;0.0017140761483460665;0.969111979007721
697;0.0017027950379997492;0.9729729890823364
698;0.0017013580072671175;0.9555984735488892
699;0.0017085830913856626;0.9652509689331055
700;0.0017561858985573053;0.9633204340934753
701;0.0017356753814965487;0.9729729890823364
702;0.0016683328431099653;0.9729729890823364
703;0.0017235703999176621;0.9633204340934753
704;0.0017052339389920235;0.9768339991569519
705;0.0016984555404633284;0.9729729890823364
706;0.0016498439945280552;0.969111979007721
707;0.0016528391279280186;0.969111979007721
708;0.001697244355455041;0.9729729890823364
709;0.0017113737994804978;0.9633204340934753
710;0.0016854405403137207;0.9729729890823364
711;0.0016754610696807504;0.9671814441680908
712;0.0016700512496754527;0.9671814441680908
713;0.001711277524009347;0.9633204340934753
714;0.0016426637303084135;0.9633204340934753
715;0.0016321496805176139;0.969111979007721
716;0.0017271694960072637;0.9749034643173218
717;0.0016521773068234324;0.9633204340934753
718;0.0016645891591906548;0.9729729890823364
719;0.0016880546463653445;0.969111979007721
720;0.0016111773438751698;0.9729729890823364
721;0.0016230589244514704;0.969111979007721
722;0.0016203549457713962;0.9633204340934753
723;0.0016446475638076663;0.9671814441680908
724;0.001647219993174076;0.9575289487838745
725;0.0016853897832334042;0.9710424542427063
726;0.0016847050283104181;0.969111979007721
727;0.001620550057850778;0.969111979007721
728;0.0016146193956956267;0.9478764533996582
729;0.001639629597775638;0.9652509689331055
730;0.0016560277435928583;0.9652509689331055
731;0.0015986469807103276;0.9652509689331055
732;0.0016412526601925492;0.9633204340934753
733;0.0016612154431641102;0.9594594836235046
734;0.0016271780477836728;0.9652509689331055
735;0.0016757120611146092;0.9749034643173218
736;0.0016023308271542192;0.9710424542427063
737;0.0016081095673143864;0.9710424542427063
738;0.001663303468376398;0.96138995885849
739;0.0015595548320561647;0.9671814441680908
740;0.0015469193458557129;0.9710424542427063
741;0.0015797971282154322;0.9710424542427063
742;0.0015718580689281225;0.9729729890823364
743;0.0016057864995673299;0.9671814441680908
744;0.0015622763894498348;0.969111979007721
745;0.0015921330777928233;0.9652509689331055
746;0.0015876139514148235;0.969111979007721
747;0.0015318234218284488;0.9633204340934753
748;0.0015443426091223955;0.9729729890823364
749;0.0015640920028090477;0.9652509689331055
750;0.0015789903700351715;0.9729729890823364
751;0.0015640936326235533;0.969111979007721
752;0.00156043516471982;0.969111979007721
753;0.0015744965057820082;0.9652509689331055
754;0.0015575040597468615;0.9729729890823364
755;0.0016526721883565187;0.9652509689331055
756;0.001551841851323843;0.9710424542427063
757;0.0016301944851875305;0.9710424542427063
758;0.0015685929683968425;0.9710424542427063
759;0.0016726357862353325;0.9594594836235046
760;0.0015949709340929985;0.9575289487838745
761;0.001604925375431776;0.9652509689331055
762;0.0016451290575787425;0.953667938709259
763;0.001592530868947506;0.969111979007721
764;0.0015908728819340467;0.9555984735488892
765;0.0015452681109309196;0.9729729890823364
766;0.001615286455489695;0.969111979007721
767;0.0015675072791054845;0.9652509689331055
768;0.001610493054613471;0.9594594836235046
769;0.0015289571601897478;0.9749034643173218
770;0.0015941002639010549;0.9633204340934753
771;0.0015800019027665257;0.9671814441680908
772;0.0015510953962802887;0.9671814441680908
773;0.0015774533385410905;0.9749034643173218
774;0.001612395397387445;0.9594594836235046
775;0.0015638932818546891;0.9729729890823364
776;0.0015437585534527898;0.9671814441680908
777;0.0015016538091003895;0.9787644743919373
778;0.0015110441017895937;0.9729729890823364
779;0.0015068954089656472;0.9671814441680908
780;0.0015108654042705894;0.969111979007721
781;0.0015394299989566207;0.9633204340934753
782;0.0014836741611361504;0.9671814441680908
783;0.0015286793932318687;0.969111979007721
784;0.0014819781063124537;0.9671814441680908
785;0.0015185218071565032;0.9633204340934753
786;0.001523131038993597;0.969111979007721
787;0.0014610065845772624;0.9652509689331055
788;0.0015221661888062954;0.969111979007721
789;0.0014491910114884377;0.9710424542427063
790;0.0014644274488091469;0.9729729890823364
791;0.001507640932686627;0.969111979007721
792;0.00145296985283494;0.9729729890823364
793;0.0014966048765927553;0.96138995885849
794;0.0014793525915592909;0.9671814441680908
795;0.0015879182610660791;0.9652509689331055
796;0.0014526930171996355;0.969111979007721
797;0.001451291493140161;0.9710424542427063
798;0.0015205044765025377;0.9555984735488892
799;0.0014004387194290757;0.969111979007721
800;0.001449694624170661;0.9710424542427063
801;0.0014502896228805184;0.9652509689331055
802;0.0014662444591522217;0.96138995885849
803;0.001533965114504099;0.96138995885849
804;0.0014729676768183708;0.96138995885849
805;0.0014917394146323204;0.9671814441680908
806;0.0014520924305543303;0.9749034643173218
807;0.001366756740026176;0.9768339991569519
808;0.0014651812380179763;0.9671814441680908
809;0.0014579055132344365;0.9710424542427063
810;0.0014993346994742751;0.969111979007721
811;0.0014592207735404372;0.9671814441680908
812;0.0015158633468672633;0.9652509689331055
813;0.0015253241872414947;0.9671814441680908
814;0.0014155902899801731;0.9652509689331055
815;0.001461907522752881;0.9652509689331055
816;0.0015212434809654951;0.9652509689331055
817;0.0014621004229411483;0.969111979007721
818;0.0014444240368902683;0.9652509689331055
819;0.0014845323748886585;0.9710424542427063
820;0.001495871227234602;0.9768339991569519
821;0.0014151408104225993;0.9710424542427063
822;0.0015087851788848639;0.9575289487838745
823;0.0014197449199855328;0.9652509689331055
824;0.001530650071799755;0.9633204340934753
825;0.0015593873104080558;0.9594594836235046
826;0.001479225349612534;0.969111979007721
827;0.0015936387935653329;0.9594594836235046
828;0.001625379896722734;0.9671814441680908
829;0.0014850482111796737;0.9671814441680908
830;0.0015100284945219755;0.969111979007721
831;0.0014674258418381214;0.9652509689331055
832;0.0015184361254796386;0.9633204340934753
833;0.001458108308725059;0.9671814441680908
834;0.0015205395175144076;0.9671814441680908
835;0.0015371477929875255;0.9710424542427063
836;0.001535302959382534;0.9633204340934753
837;0.001458235434256494;0.9729729890823364
838;0.0014287472004070878;0.969111979007721
839;0.0014769920380786061;0.969111979007721
840;0.0014677077997475863;0.9633204340934753
841;0.0014220476150512695;0.9710424542427063
842;0.0014272482367232442;0.969111979007721
843;0.0014865983976051211;0.953667938709259
844;0.0014373812591657043;0.9594594836235046
845;0.0014294551219791174;0.9729729890823364
846;0.0013749991776421666;0.9652509689331055
847;0.0013904757797718048;0.9633204340934753
848;0.0014498216332867742;0.9594594836235046
849;0.0014741782797500491;0.9671814441680908
850;0.0013763232855126262;0.9749034643173218
851;0.0016028368845582008;0.9478764533996582
852;0.0014379072235897183;0.9671814441680908
853;0.0016101798973977566;0.9420849680900574
854;0.0014075697399675846;0.9729729890823364
855;0.0015881364233791828;0.9729729890823364
856;0.001428584335371852;0.969111979007721
857;0.0014485851861536503;0.9749034643173218
858;0.0016543078236281872;0.9710424542427063
859;0.0014450016897171736;0.9710424542427063
860;0.0015242359368130565;0.9768339991569519
861;0.0015910135116428137;0.9594594836235046
862;0.0015559860039502382;0.9710424542427063
863;0.0022557300981134176;0.9169884324073792
864;0.004202042706310749;0.8108108043670654
865;0.0033354151528328657;0.8532818555831909
866;0.0055419402197003365;0.6814671754837036
867;0.00689443526789546;0.5405405163764954
868;0.005297369789332151;0.6988416910171509
869;0.004686793312430382;0.7451737523078918
870;0.005377303808927536;0.7239382266998291
871;0.0044530476443469524;0.8166022896766663
872;0.004871603567153215;0.739382266998291
873;0.004171486012637615;0.8127413392066956
874;0.003846803680062294;0.8532818555831909
875;0.003703672206029296;0.8899613618850708
876;0.003329357597976923;0.8783783912658691
877;0.0030938638374209404;0.8861004114151001
878;0.0029101124964654446;0.9266409277915955
879;0.0033703860826790333;0.8880308866500854
880;0.002731957472860813;0.9305019378662109
881;0.0026874763425439596;0.9285714030265808
882;0.002861592685803771;0.9305019378662109
883;0.002691964851692319;0.9459459185600281
884;0.002849834505468607;0.9111968874931335
885;0.0028882024344056845;0.915057897567749
886;0.0024308012798428535;0.9498069286346436
887;0.0021982952021062374;0.9652509689331055
888;0.002579975174739957;0.9189189076423645
889;0.002189843449741602;0.9671814441680908
890;0.0021665524691343307;0.9671814441680908
891;0.002135792514309287;0.9575289487838745
892;0.0019870446994900703;0.969111979007721
893;0.00197593797929585;0.9575289487838745
894;0.0019959863275289536;0.9652509689331055
895;0.0018497956916689873;0.9729729890823364
896;0.0018946299096569419;0.9729729890823364
897;0.0018494570394977927;0.9749034643173218
898;0.001732701319269836;0.9633204340934753
899;0.0017223599134013057;0.9671814441680908
900;0.001675156643614173;0.9671814441680908
901;0.0017256013816222548;0.9652509689331055
902;0.001670167432166636;0.969111979007721
903;0.00166607485152781;0.9594594836235046
904;0.0016140907537192106;0.9729729890823364
905;0.0015219971537590027;0.969111979007721
906;0.00156291457824409;0.9729729890823364
907;0.0015874328091740608;0.9652509689331055
908;0.001581008080393076;0.969111979007721
909;0.0015535688726231456;0.969111979007721
910;0.0015273713506758213;0.9594594836235046
911;0.0014987358590587974;0.9710424542427063
912;0.0015079521108418703;0.9652509689331055
913;0.00149148004129529;0.9710424542427063
914;0.001460396102629602;0.9729729890823364
915;0.0014340501511469483;0.9633204340934753
916;0.0014370883582159877;0.9729729890823364
917;0.001462153042666614;0.969111979007721
918;0.001464859233237803;0.9710424542427063
919;0.0014066611183807254;0.9710424542427063
920;0.0014467219589278102;0.969111979007721
921;0.0014002085663378239;0.9729729890823364
922;0.0013798832660540938;0.9749034643173218
923;0.0014213897520676255;0.9671814441680908
924;0.0014255077112466097;0.9652509689331055
925;0.0013428740203380585;0.9729729890823364
926;0.0013337107375264168;0.9749034643173218
927;0.0013582531828433275;0.969111979007721
928;0.0013729323400184512;0.9710424542427063
929;0.001400200417265296;0.9671814441680908
930;0.0014125859597697854;0.9652509689331055
931;0.0013339918805286288;0.9729729890823364
932;0.0013269729679450393;0.9749034643173218
933;0.0013375148409977555;0.969111979007721
934;0.001321985269896686;0.9749034643173218
935;0.0013268382754176855;0.969111979007721
936;0.0013336814008653164;0.9710424542427063
937;0.0013449272373691201;0.969111979007721
938;0.0013261231360957026;0.9633204340934753
939;0.0013111396692693233;0.9729729890823364
940;0.0012996149016544223;0.9729729890823364
941;0.0013573174364864826;0.9749034643173218
942;0.0013312874361872673;0.9749034643173218
943;0.001307574799284339;0.9710424542427063
944;0.0012540180468931794;0.9768339991569519
945;0.0013116404879838228;0.969111979007721
946;0.0012952719116583467;0.969111979007721
947;0.0012413657968863845;0.9749034643173218
948;0.0012892406666651368;0.9671814441680908
949;0.0012966927606612444;0.9729729890823364
950;0.0012592192506417632;0.9749034643173218
951;0.001336323912255466;0.9787644743919373
952;0.0012659213971346617;0.9729729890823364
953;0.0012782923877239227;0.969111979007721
954;0.001300572301261127;0.969111979007721
955;0.001257117954082787;0.9768339991569519
956;0.001309458864852786;0.9729729890823364
957;0.0012773468624800444;0.9768339991569519
958;0.0012718567159026861;0.9749034643173218
959;0.0012811892665922642;0.9729729890823364
960;0.0012757916701957583;0.969111979007721
961;0.0012297846842557192;0.9729729890823364
962;0.0013085376704111695;0.9768339991569519
963;0.0012457137927412987;0.9729729890823364
964;0.0012913873651996255;0.9729729890823364
965;0.001245540683157742;0.9729729890823364
966;0.001254090922884643;0.9729729890823364
967;0.0012228937121108174;0.9749034643173218
968;0.0012051964877173305;0.9729729890823364
969;0.0012764936545863748;0.9729729890823364
970;0.0011772915022447705;0.9749034643173218
971;0.001241303514689207;0.9749034643173218
972;0.001186085632070899;0.9768339991569519
973;0.0012323701521381736;0.9768339991569519
974;0.0012502005556598306;0.9729729890823364
975;0.0012018285924568772;0.969111979007721
976;0.001223477185703814;0.9671814441680908
977;0.001204889384098351;0.9710424542427063
978;0.0012791600311174989;0.9749034643173218
979;0.0012275497429072857;0.9729729890823364
980;0.0012660389766097069;0.9671814441680908
981;0.0012243513483554125;0.9671814441680908
982;0.0012677008053287864;0.969111979007721
983;0.0012316616484895349;0.9710424542427063
984;0.001207677531056106;0.9749034643173218
985;0.0011907631997019053;0.9768339991569519
986;0.0012447406770661473;0.9729729890823364
987;0.001186282723210752;0.9768339991569519
988;0.0012464614119380713;0.9671814441680908
989;0.0012537476141005754;0.9768339991569519
990;0.0013098018243908882;0.9652509689331055
991;0.001230844296514988;0.9826254844665527
992;0.0014821343356743455;0.9575289487838745
993;0.0013406419893726707;0.969111979007721
994;0.001411719131283462;0.969111979007721
995;0.0013088529231026769;0.9710424542427063
996;0.0013096496695652604;0.9710424542427063
997;0.0014424290275201201;0.9710424542427063
998;0.0012906594201922417;0.9768339991569519
999;0.0016985801048576832;0.9594594836235046
1000;0.0014696598518639803;0.9671814441680908
1001;0.0014198666904121637;0.9652509689331055
1002;0.001580305746756494;0.9498069286346436
1003;0.0015945659251883626;0.953667938709259
1004;0.0013564733089879155;0.969111979007721
1005;0.0019932750146836042;0.9401544332504272
1006;0.001508842222392559;0.969111979007721
1007;0.0015970219392329454;0.9729729890823364
1008;0.001595600857399404;0.9517374634742737
1009;0.0018274359172210097;0.9362934231758118
1010;0.0018282275414094329;0.953667938709259
1011;0.0016767068300396204;0.969111979007721
1012;0.0014900416135787964;0.9806950092315674
1013;0.0016079730121418834;0.9710424542427063
1014;0.001726672169752419;0.9594594836235046
1015;0.001623878488317132;0.96138995885849
1016;0.001567071652971208;0.9749034643173218
1017;0.0015428232727572322;0.9710424542427063
1018;0.0016363374888896942;0.9729729890823364
1019;0.001619296963326633;0.9806950092315674
1020;0.001453403732739389;0.9710424542427063
1021;0.0014408889692276716;0.9749034643173218
1022;0.0014526390004903078;0.9749034643173218
1023;0.0015161168994382024;0.9710424542427063
1024;0.0014919904060661793;0.9749034643173218
1025;0.0015398834366351366;0.9710424542427063
1026;0.001477316953241825;0.9671814441680908
1027;0.001417343271896243;0.9806950092315674
1028;0.0014819498173892498;0.9671814441680908
1029;0.0014137104153633118;0.9768339991569519
1030;0.0013361924793571234;0.9806950092315674
1031;0.0013358844444155693;0.969111979007721
1032;0.0013859078753739595;0.969111979007721
1033;0.001386552001349628;0.9729729890823364
1034;0.001321520539931953;0.9768339991569519
1035;0.001247428241185844;0.9768339991569519
1036;0.0012984989443793893;0.9768339991569519
1037;0.0012804747093468904;0.9768339991569519
1038;0.0012889776844531298;0.9768339991569519
1039;0.0013016123557463288;0.9710424542427063
1040;0.0012506964849308133;0.9671814441680908
1041;0.001280136057175696;0.969111979007721
1042;0.0012449267087504268;0.9710424542427063
1043;0.0012569054961204529;0.9710424542427063
1044;0.001238567871041596;0.9710424542427063
1045;0.0012279372895136476;0.9787644743919373
1046;0.001217182376421988;0.9729729890823364
1047;0.0012288914294913411;0.9749034643173218
1048;0.0011934374924749136;0.9729729890823364
1049;0.0012123861815780401;0.9671814441680908
1050;0.0012084485497325659;0.9749034643173218
1051;0.0011921150144189596;0.9787644743919373
1052;0.0012035241816192865;0.9749034643173218
1053;0.001178415142931044;0.9806950092315674
1054;0.001175589393824339;0.9749034643173218
1055;0.0011735197622328997;0.969111979007721
1056;0.0011779938358813524;0.9787644743919373
1057;0.0011677094735205173;0.9749034643173218
1058;0.0011664122575893998;0.9749034643173218
1059;0.0011251787655055523;0.9729729890823364
1060;0.0011005561100319028;0.9749034643173218
1061;0.0011257961159572005;0.969111979007721
1062;0.0011747791431844234;0.9749034643173218
1063;0.0011523894499987364;0.9787644743919373
1064;0.0011394370812922716;0.9749034643173218
1065;0.001125624869018793;0.9710424542427063
1066;0.0011176492553204298;0.9768339991569519
1067;0.0011385236866772175;0.9710424542427063
1068;0.0011490103788673878;0.9710424542427063
1069;0.0011822228552773595;0.969111979007721
1070;0.001138673396781087;0.969111979007721
1071;0.001131013734266162;0.9729729890823364
1072;0.001096297288313508;0.9806950092315674
1073;0.0011536128586158156;0.9749034643173218
1074;0.001102360663935542;0.9749034643173218
1075;0.0011236976133659482;0.9710424542427063
1076;0.0011812362354248762;0.9729729890823364
1077;0.0011371925938874483;0.9787644743919373
1078;0.0011248363880440593;0.9787644743919373
1079;0.001120164291933179;0.9806950092315674
1080;0.001105621107853949;0.9729729890823364
1081;0.0011125109158456326;0.9768339991569519
1082;0.0011414538603276014;0.9826254844665527
1083;0.0011149034835398197;0.9768339991569519
1084;0.0011440629605203867;0.9710424542427063
1085;0.001115397666580975;0.9768339991569519
1086;0.0011115707457065582;0.9806950092315674
1087;0.0010958613129332662;0.9787644743919373
1088;0.001103907823562622;0.9768339991569519
1089;0.001107867807149887;0.9749034643173218
1090;0.001120522152632475;0.9710424542427063
1091;0.0010856231674551964;0.9787644743919373
1092;0.0011314797447994351;0.969111979007721
1093;0.0012251948937773705;0.9652509689331055
1094;0.0011289726244285703;0.9729729890823364
1095;0.0012186141684651375;0.9768339991569519
1096;0.0011104377917945385;0.9710424542427063
1097;0.0011509088799357414;0.9749034643173218
1098;0.0011309057008475065;0.9729729890823364
1099;0.0011102771386504173;0.9806950092315674
1100;0.001079920562915504;0.9787644743919373
1101;0.0011631128145381808;0.9729729890823364
1102;0.0011391444131731987;0.9749034643173218
1103;0.0011533161159604788;0.9768339991569519
1104;0.0011070779291912913;0.9806950092315674
1105;0.0010895722080022097;0.9787644743919373
1106;0.00112017965875566;0.9826254844665527
1107;0.0011011954629793763;0.9787644743919373
1108;0.00111540243960917;0.9787644743919373
1109;0.0011042014230042696;0.9729729890823364
1110;0.001098228502087295;0.9768339991569519
1111;0.0011125104501843452;0.9729729890823364
1112;0.0010562603129073977;0.9806950092315674
1113;0.0010889373952522874;0.9729729890823364
1114;0.0011339507764205337;0.9787644743919373
1115;0.0011651992099359632;0.9749034643173218
1116;0.001072936225682497;0.9787644743919373
1117;0.0010656362865120173;0.9729729890823364
1118;0.0010600611567497253;0.9787644743919373
1119;0.00110622588545084;0.969111979007721
1120;0.0010575770866125822;0.9787644743919373
1121;0.0010667720343917608;0.9806950092315674
1122;0.0010476693278178573;0.9768339991569519
1123;0.0010700636776164174;0.9845559597015381
1124;0.001070504542440176;0.9768339991569519
1125;0.0010637855157256126;0.9787644743919373
1126;0.0010528562124818563;0.9768339991569519
1127;0.0010866760276257992;0.9768339991569519
1128;0.0010433801217004657;0.9787644743919373
1129;0.0010668145259842277;0.9806950092315674
1130;0.0010906776878982782;0.9787644743919373
1131;0.0010679938131943345;0.9806950092315674
1132;0.0010393043048679829;0.9845559597015381
1133;0.001065696938894689;0.9787644743919373
1134;0.0010567072313278913;0.9787644743919373
1135;0.0010195639915764332;0.9806950092315674
1136;0.001065847696736455;0.9749034643173218
1137;0.0010377654107287526;0.9806950092315674
1138;0.0010256763780489564;0.9768339991569519
1139;0.0010546374833211303;0.9749034643173218
1140;0.0010338088031858206;0.9806950092315674
1141;0.00107125798240304;0.9845559597015381
1142;0.0010823140619322658;0.9806950092315674
1143;0.0010116591583937407;0.9787644743919373
1144;0.0010261512361466885;0.9749034643173218
1145;0.001016621827147901;0.9806950092315674
1146;0.0010206961305812001;0.9826254844665527
1147;0.0010769438231363893;0.9864864945411682
1148;0.0010454743169248104;0.9903475046157837
1149;0.0010159168159589171;0.9806950092315674
1150;0.001044076168909669;0.9845559597015381
1151;0.00112027523573488;0.9749034643173218
1152;0.0010641025146469474;0.9864864945411682
1153;0.001056843320839107;0.9787644743919373
1154;0.0010504351230338216;0.9864864945411682
1155;0.0011717039160430431;0.9729729890823364
1156;0.0011078719981014729;0.9768339991569519
1157;0.0014024765696376562;0.9420849680900574
1158;0.001057975459843874;0.9826254844665527
1159;0.001197107252664864;0.9768339991569519
1160;0.0013576734345406294;0.9652509689331055
1161;0.0010733878007158637;0.9884169697761536
1162;0.0011424439726397395;0.9806950092315674
1163;0.0012831224594265223;0.9864864945411682
1164;0.001169687951914966;0.9787644743919373
1165;0.0010994351468980312;0.9806950092315674
1166;0.001156532671302557;0.9826254844665527
1167;0.0011424189433455467;0.9806950092315674
1168;0.0011171388905495405;0.9826254844665527
1169;0.0011016131611540914;0.9749034643173218
1170;0.0010069753043353558;0.9845559597015381
1171;0.0012695457553490996;0.9710424542427063
1172;0.0010970020666718483;0.9884169697761536
1173;0.001244105165824294;0.969111979007721
1174;0.0011470845201984048;0.9884169697761536
1175;0.0011204746551811695;0.9768339991569519
1176;0.0011857057688757777;0.9729729890823364
1177;0.0011474520433694124;0.9806950092315674
1178;0.0011559765553101897;0.9845559597015381
1179;0.0011455966159701347;0.9826254844665527
1180;0.0013664962025359273;0.969111979007721
1181;0.0012413422809913754;0.9826254844665527
1182;0.0014858893118798733;0.969111979007721
1183;0.0011351298307999969;0.9903475046157837
1184;0.0015030491631478071;0.9594594836235046
1185;0.001202438841573894;0.9826254844665527
1186;0.0017771178390830755;0.9517374634742737
1187;0.0015116750728338957;0.9845559597015381
1188;0.0014456844655796885;0.9633204340934753
1189;0.002004823414608836;0.9305019378662109
1190;0.0015670405700802803;0.969111979007721
1191;0.0013979243813082576;0.9806950092315674
1192;0.001480080303736031;0.9845559597015381
1193;0.0016265239100903273;0.9864864945411682
1194;0.0016512441216036677;0.9594594836235046
1195;0.001914639608003199;0.9478764533996582
1196;0.0021076640114188194;0.9266409277915955
1197;0.0023518111556768417;0.9189189076423645
1198;0.0026459430810064077;0.8938223719596863
1199;0.001617199624888599;0.9826254844665527
1200;0.0023849145509302616;0.9324324131011963
1201;0.0016132666496559978;0.969111979007721
1202;0.0017486740835011005;0.9768339991569519
1203;0.0015641100471839309;0.9864864945411682
1204;0.0016392451943829656;0.9787644743919373
1205;0.0017898805672302842;0.9594594836235046
1206;0.0015239694621413946;0.9768339991569519
1207;0.001515127019956708;0.969111979007721
1208;0.0015037724515423179;0.9826254844665527
1209;0.0017219246365129948;0.9710424542427063
1210;0.0013918372569605708;0.9845559597015381
1211;0.0015980732860043645;0.9806950092315674
1212;0.001877324189990759;0.9440154433250427
1213;0.001271966379135847;0.9845559597015381
1214;0.0013431255938485265;0.9884169697761536
1215;0.0016447246307507157;0.9652509689331055
1216;0.0014022761024534702;0.9826254844665527
1217;0.001536736497655511;0.9729729890823364
1218;0.0013619119999930263;0.9845559597015381
1219;0.0012873433297500014;0.9806950092315674
1220;0.0014112869976088405;0.9710424542427063
1221;0.0014713931595906615;0.9729729890823364
1222;0.0013525763060897589;0.9787644743919373
1223;0.0012860936112701893;0.9845559597015381
1224;0.0013164138654246926;0.9768339991569519
1225;0.0012188417604193091;0.9768339991569519
1226;0.001254307571798563;0.9903475046157837
1227;0.001245055696927011;0.9787644743919373
1228;0.0012292437022551894;0.9749034643173218
1229;0.0012085293419659138;0.9806950092315674
1230;0.0011075210059061646;0.9864864945411682
1231;0.0011253589764237404;0.9768339991569519
1232;0.0011140583083033562;0.9903475046157837
1233;0.0011440657544881105;0.9884169697761536
1234;0.001120322966016829;0.9826254844665527
1235;0.001111630816012621;0.9961389899253845
1236;0.0010478375479578972;0.9864864945411682
1237;0.0010761960875242949;0.9864864945411682
1238;0.0010709261987358332;0.9826254844665527
1239;0.0010442460188642144;0.9864864945411682
1240;0.0010121274972334504;0.9845559597015381
1241;0.0010461262427270412;0.9845559597015381
1242;0.0010942107765004039;0.9864864945411682
1243;0.001034578657709062;0.9942085146903992
1244;0.0010218387469649315;0.9903475046157837
1245;0.0009903688915073872;0.9826254844665527
1246;0.0010269266786053777;0.9806950092315674
1247;0.0010031228885054588;0.9845559597015381
1248;0.001056014676578343;0.9768339991569519
1249;0.0010052529396489263;0.9806950092315674
1250;0.0009927930077537894;0.9884169697761536
1251;0.0010542423697188497;0.9864864945411682
1252;0.0010025912197306752;0.9884169697761536
1253;0.0009731498430483043;0.9884169697761536
1254;0.0009764607530087233;0.9864864945411682
1255;0.0009673518943600357;0.9845559597015381
1256;0.0009785025613382459;0.9903475046157837
1257;0.0009641171782277524;0.9942085146903992
1258;0.0009461200097575784;0.9884169697761536
1259;0.0009517474682070315;0.9864864945411682
1260;0.0009831188945099711;0.9903475046157837
1261;0.0009456051629967988;0.9903475046157837
1262;0.0009698153007775545;0.992277979850769
1263;0.0009615591843612492;0.9903475046157837
1264;0.0009382517891936004;0.9903475046157837
1265;0.0009503152687102556;0.9845559597015381
1266;0.0009661425137892365;0.9864864945411682
1267;0.0009741609683260322;0.9864864945411682
1268;0.0009350940817967057;0.9942085146903992
1269;0.0009097932488657534;0.992277979850769
1270;0.000963991682510823;0.992277979850769
1271;0.0009547072113491595;0.9942085146903992
1272;0.0009718183428049088;0.9826254844665527
1273;0.0009330575121566653;0.9806950092315674
1274;0.000957667245529592;0.9903475046157837
1275;0.0009398838155902922;0.9864864945411682
1276;0.0009342099656350911;0.9884169697761536
1277;0.0009243993554264307;0.9864864945411682
1278;0.0009258067584596574;0.992277979850769
1279;0.0009430346544831991;0.9864864945411682
1280;0.0009281930397264659;0.9884169697761536
1281;0.0009195812745019794;0.9864864945411682
1282;0.0009643001831136644;0.992277979850769
1283;0.0009128446690738201;0.9884169697761536
1284;0.0009496595012024045;0.9884169697761536
1285;0.0009600230841897428;0.9884169697761536
1286;0.0009327854495495558;0.9942085146903992
1287;0.0009143975330516696;0.992277979850769
1288;0.0009186577517539263;0.9903475046157837
1289;0.0009401142597198486;0.9864864945411682
1290;0.0009866284672170877;0.9864864945411682
1291;0.0008868576842360198;0.9903475046157837
1292;0.001060003531165421;0.9768339991569519
1293;0.0009120123577304184;0.992277979850769
1294;0.0009483210742473602;0.9845559597015381
1295;0.0010787025094032288;0.9749034643173218
1296;0.0008888522279448807;0.9942085146903992
1297;0.0009732192847877741;0.9942085146903992
1298;0.0011069237953051925;0.9787644743919373
1299;0.0009050595690496266;0.9903475046157837
1300;0.0010068063857033849;0.9749034643173218
1301;0.00108399020973593;0.9749034643173218
1302;0.0009680464281700552;0.9884169697761536
1303;0.0009419333073310554;0.992277979850769
1304;0.0009920470183715224;0.9864864945411682
1305;0.0010340360458940268;0.9845559597015381
1306;0.000946162617765367;0.9961389899253845
1307;0.0009674674365669489;0.9942085146903992
1308;0.00096472492441535;0.992277979850769
1309;0.0009684690739959478;0.9845559597015381
1310;0.0009556306176818907;0.9884169697761536
1311;0.0008995410171337426;0.9942085146903992
1312;0.0009664537501521409;0.9884169697761536
1313;0.0009291030000895262;0.992277979850769
1314;0.0009117948357015848;0.9826254844665527
1315;0.0009115583961829543;0.9903475046157837
1316;0.0009623997029848397;0.9864864945411682
1317;0.0009150622645393014;0.9864864945411682
1318;0.0009584769723005593;0.9864864945411682
1319;0.0009207441471517086;0.9864864945411682
1320;0.0008580452995374799;0.9903475046157837
1321;0.0009178214240819216;0.9884169697761536
1322;0.0009012887021526694;0.9942085146903992
1323;0.0008790666470304132;0.9903475046157837
1324;0.0009427231270819902;0.992277979850769
1325;0.0008756275638006628;0.992277979850769
1326;0.0008678738959133625;0.992277979850769
1327;0.000955316296312958;0.9884169697761536
1328;0.0009169171680696309;0.992277979850769
1329;0.0008654692210257053;0.9942085146903992
1330;0.0008574087987653911;0.9903475046157837
1331;0.0009046529303304851;0.992277979850769
1332;0.0008840588270686567;0.9942085146903992
1333;0.0008654425037093461;0.9884169697761536
1334;0.0009127858211286366;0.9903475046157837
1335;0.0009130725520662963;0.9884169697761536
1336;0.0009302023099735379;0.9884169697761536
1337;0.0008849519654177129;0.9980695247650146
1338;0.0009249839931726456;0.9884169697761536
1339;0.0010326644405722618;0.9826254844665527
1340;0.000912134419195354;0.9961389899253845
1341;0.0008973979274742305;0.9903475046157837
1342;0.001395172905176878;0.9594594836235046
1343;0.0012258753413334489;0.9787644743919373
1344;0.003533953335136175;0.8262548446655273
1345;0.002039846032857895;0.9401544332504272
1346;0.0024250776041299105;0.9073359370231628
1347;0.0028349487110972404;0.8899613618850708
1348;0.0019220532849431038;0.9420849680900574
1349;0.0038328359369188547;0.80694979429245
1350;0.004843534901738167;0.7200772166252136
1351;0.004740104544907808;0.7413127422332764
1352;0.004511293955147266;0.7779922485351562
1353;0.005288942251354456;0.6814671754837036
1354;0.0051343850791454315;0.739382266998291
1355;0.003883343655616045;0.8667953610420227
1356;0.0034061609767377377;0.88416987657547
1357;0.0035844442900270224;0.8899613618850708
1358;0.003853730857372284;0.8783783912658691
1359;0.0035580741241574287;0.9034749269485474
1360;0.003021340584382415;0.9671814441680908
1361;0.0031884813215583563;0.9440154433250427
1362;0.00310206925496459;0.9247104525566101
1363;0.0027438753750175238;0.9208494424819946
1364;0.002872695215046406;0.9247104525566101
1365;0.0026994056534022093;0.9555984735488892
1366;0.002492002211511135;0.9575289487838745
1367;0.0024642832577228546;0.9710424542427063
1368;0.0023571087513118982;0.9729729890823364
1369;0.0021261884830892086;0.9806950092315674
1370;0.002097869524732232;0.9806950092315674
1371;0.0021176107693463564;0.9806950092315674
1372;0.0018171301344409585;0.9787644743919373
1373;0.0017025081906467676;0.9864864945411682
1374;0.0017151075880974531;0.9864864945411682
1375;0.0017033618642017245;0.9884169697761536
1376;0.0016709038754925132;0.9826254844665527
1377;0.0015202724607661366;0.992277979850769
1378;0.0014873866457492113;0.9864864945411682
1379;0.0014381353976204991;0.9903475046157837
1380;0.0015402607386931777;0.9768339991569519
1381;0.001374878454953432;0.992277979850769
1382;0.0013962179655209184;0.9806950092315674
1383;0.001310868887230754;0.992277979850769
1384;0.0012848713668063283;0.9961389899253845
1385;0.0013059400953352451;0.9864864945411682
1386;0.0012296854984015226;0.9864864945411682
1387;0.0011945911683142185;0.9903475046157837
1388;0.0012344417627900839;0.9864864945411682
1389;0.0011878530494868755;0.9884169697761536
1390;0.001178013626486063;0.992277979850769
1391;0.0011163020972162485;0.992277979850769
1392;0.0011517928214743733;0.9884169697761536
1393;0.0011099341791123152;0.9903475046157837
1394;0.0011052325135096908;0.9903475046157837
1395;0.0010428496170789003;0.9884169697761536
1396;0.0010689288610592484;0.992277979850769
1397;0.001005078200250864;0.992277979850769
1398;0.0010509421117603779;0.9903475046157837
1399;0.0010492627043277025;0.9903475046157837
1400;0.001011075102724135;0.992277979850769
1401;0.0010004729265347123;0.9884169697761536
1402;0.0009910471271723509;0.9942085146903992
1403;0.0010511360596865416;0.9864864945411682
1404;0.0010083616944029927;0.992277979850769
1405;0.0009966231882572174;0.9884169697761536
1406;0.0009573352290317416;0.992277979850769
1407;0.001003152341581881;0.9961389899253845
1408;0.0009332477347925305;0.992277979850769
1409;0.0009838809492066503;0.992277979850769
1410;0.0009716185159049928;0.992277979850769
1411;0.0009731373866088688;0.9942085146903992
1412;0.00096511171432212;0.992277979850769
1413;0.0009098646114580333;0.9961389899253845
1414;0.0009315322386100888;0.992277979850769
1415;0.0009376257658004761;0.9942085146903992
1416;0.0009122361079789698;0.9942085146903992
1417;0.0009512653923593462;0.9961389899253845
1418;0.0009510336094535887;0.9884169697761536
1419;0.0009094737470149994;0.9903475046157837
1420;0.0009532325784675777;0.9864864945411682
1421;0.000914421456400305;0.992277979850769
1422;0.0009000928839668632;0.9903475046157837
1423;0.0008939384133554995;0.9884169697761536
1424;0.000879010243806988;0.992277979850769
1425;0.000880280276760459;0.992277979850769
1426;0.000889002752956003;0.9942085146903992
1427;0.0008382516098208725;0.9942085146903992
1428;0.0008948825998231769;0.9942085146903992
1429;0.0008830612059682608;0.9903475046157837
1430;0.0008829156868159771;0.9942085146903992
1431;0.0008633962133899331;0.9942085146903992
1432;0.0009117850568145514;0.992277979850769
1433;0.0008700643666088581;0.9903475046157837
1434;0.0008707911474630237;0.9942085146903992
1435;0.0008624065667390823;0.9942085146903992
1436;0.0008836606866680086;0.9884169697761536
1437;0.0008423033286817372;0.9942085146903992
1438;0.0008432571776211262;0.992277979850769
1439;0.0008516738307662308;0.9942085146903992
1440;0.0008471268229186535;0.992277979850769
1441;0.0009154465515166521;0.992277979850769
1442;0.0008735915762372315;0.9942085146903992
1443;0.0009890510700643063;0.9806950092315674
1444;0.0008691760012879968;0.9942085146903992
1445;0.0008890887256711721;0.9884169697761536
1446;0.0008917988161556423;0.9903475046157837
1447;0.00088879355462268;0.9980695247650146
1448;0.0008299815817736089;0.9942085146903992
1449;0.0008859650115482509;0.992277979850769
1450;0.0008335885941050947;0.9942085146903992
1451;0.0008189251529984176;0.9884169697761536
1452;0.0008840402006171644;0.9942085146903992
1453;0.0008622567402198911;0.992277979850769
1454;0.0008153934613801539;0.9942085146903992
1455;0.0008176194969564676;0.9942085146903992
1456;0.0008673257543705404;0.9942085146903992
1457;0.0008600292494520545;0.9961389899253845
1458;0.0008876786450855434;0.9845559597015381
1459;0.0008867747383192182;0.9884169697761536
1460;0.0008584244060330093;0.9961389899253845
1461;0.0008713402785360813;0.992277979850769
1462;0.0008391014998778701;0.9961389899253845
1463;0.0008795585599727929;0.992277979850769
1464;0.0008489065803587437;0.9942085146903992
1465;0.0008268571109510958;0.9903475046157837
1466;0.0008249745005741715;0.9961389899253845
1467;0.000857182836625725;0.9942085146903992
1468;0.0008108036126941442;0.9942085146903992
1469;0.00083666987484321;0.992277979850769
1470;0.0008440715027973056;0.992277979850769
1471;0.0008095941739156842;0.9942085146903992
1472;0.0008037721272557974;0.9903475046157837
1473;0.0008319372427649796;0.992277979850769
1474;0.0007785123307257891;0.992277979850769
1475;0.0007776653510518372;0.9942085146903992
1476;0.0008234578999690711;0.9942085146903992
1477;0.0008087504538707435;0.9942085146903992
1478;0.0007999441004358232;0.992277979850769
1479;0.0007754115504212677;0.992277979850769
1480;0.0008398605859838426;0.992277979850769
1481;0.0008123188745230436;0.9903475046157837
1482;0.0007724887109361589;0.9961389899253845
1483;0.0007565778214484453;0.9961389899253845
1484;0.0007434688741341233;0.9980695247650146
1485;0.0008116074022836983;0.9961389899253845
1486;0.000777641253080219;0.9942085146903992
1487;0.0007775647682137787;0.9942085146903992
1488;0.0007770407246425748;0.9961389899253845
1489;0.0007849136600270867;0.9961389899253845
1490;0.0007858853205107152;0.9961389899253845
1491;0.0007873601280152798;0.9942085146903992
1492;0.0007916958420537412;0.9961389899253845
1493;0.0008005026029422879;0.9903475046157837
1494;0.0007867501117289066;0.9942085146903992
1495;0.0007994018960744143;0.9961389899253845
1496;0.0007561992388218641;0.9942085146903992
1497;0.0007576234056614339;0.9961389899253845
1498;0.0007496734033338726;0.9942085146903992
1499;0.0007544633117504418;0.9961389899253845
