iteration;loss;accuracy
0;0.009460150264203548;0.019305018708109856
1;0.009418400004506111;0.019305018708109856
2;0.00924156978726387;0.052123550325632095
3;0.009217617101967335;0.048262547701597214
4;0.009206748567521572;0.052123550325632095
5;0.009194042533636093;0.03861003741621971
6;0.009154821746051311;0.06756756454706192
7;0.009146532043814659;0.07915057986974716
8;0.009146721102297306;0.04440154507756233
9;0.009121304377913475;0.06370656192302704
10;0.009095106273889542;0.0617760606110096
11;0.009078944101929665;0.050193049013614655
12;0.009067804552614689;0.0617760606110096
13;0.009054373949766159;0.04633204638957977
14;0.009035144001245499;0.06563706696033478
15;0.009021058678627014;0.08687258511781693
16;0.008999116718769073;0.07915057986974716
17;0.008986194618046284;0.0907335877418518
18;0.008985841646790504;0.07915057986974716
19;0.00897715613245964;0.0714285746216774
20;0.008958118967711926;0.09266409277915955
21;0.008956918492913246;0.10231660306453705
22;0.00894364807754755;0.0810810774564743
23;0.00892502348870039;0.0810810774564743
24;0.008888735435903072;0.09652509540319443
25;0.008890839293599129;0.0714285746216774
26;0.008866996504366398;0.09459459781646729
27;0.008850888349115849;0.11196911334991455
28;0.008828866295516491;0.11003860831260681
29;0.008823682554066181;0.11196911334991455
30;0.008789357729256153;0.12741312384605408
31;0.008763795718550682;0.12741312384605408
32;0.008761133998632431;0.1332046389579773
33;0.008713644929230213;0.14478763937950134
34;0.00869877077639103;0.15057915449142456
35;0.008692465722560883;0.13513512909412384
36;0.008664176799356937;0.13513512909412384
37;0.008683331310749054;0.14478763937950134
38;0.008584730327129364;0.16988417506217957
39;0.008624761365354061;0.14864864945411682
40;0.008584069088101387;0.1660231649875641
41;0.008562523871660233;0.1814671754837036
42;0.008553601801395416;0.1525096595287323
43;0.008521836251020432;0.15444014966487885
44;0.00851809699088335;0.13706563413143158
45;0.008474964648485184;0.16795367002487183
46;0.00843794271349907;0.17374517023563385
47;0.008446619845926762;0.17953668534755707
48;0.008404095657169819;0.1949806958436966
49;0.008423790335655212;0.17374517023563385
50;0.008379965089261532;0.16795367002487183
51;0.008400528691709042;0.17374517023563385
52;0.008343459106981754;0.19305019080638885
53;0.008303677663207054;0.20077219605445862
54;0.008305864408612251;0.19305019080638885
55;0.008269806392490864;0.20270270109176636
56;0.008283613249659538;0.20077219605445862
57;0.008246185258030891;0.19111968576908112
58;0.008219415321946144;0.22972972691059113
59;0.0082067446783185;0.20849420130252838
60;0.008187958039343357;0.22972972691059113
61;0.008194352500140667;0.2142857164144516
62;0.00820127222687006;0.18918919563293457
63;0.008181693032383919;0.2277992218732834
64;0.008150302805006504;0.22972972691059113
65;0.008116522803902626;0.23166023194789886
66;0.00811432022601366;0.23938223719596863
67;0.008144481107592583;0.22586873173713684
68;0.008101196028292179;0.24131274223327637
69;0.008057299070060253;0.25482624769210815
70;0.008047964423894882;0.23552124202251434
71;0.008049395866692066;0.26447877287864685
72;0.00803676713258028;0.2528957426548004
73;0.008062374778091908;0.2374517321586609
74;0.007997880689799786;0.2799227833747864
75;0.008033945225179195;0.24903474748134613
76;0.008012977428734303;0.26833978295326233
77;0.008031923323869705;0.24903474748134613
78;0.007975487969815731;0.2702702581882477
79;0.007949099875986576;0.2818532884120941
80;0.007948110811412334;0.25868725776672363
81;0.008005522191524506;0.25868725776672363
82;0.007949617691338062;0.2857142984867096
83;0.007911790162324905;0.29729729890823364
84;0.007943342439830303;0.28378379344940186
85;0.007940280251204967;0.3281853199005127
86;0.00785840768367052;0.3088802993297577
87;0.007926245220005512;0.3146718144416809
88;0.007875737734138966;0.3571428656578064
89;0.007862480357289314;0.3281853199005127
90;0.007817530073225498;0.36486485600471497
91;0.00783749669790268;0.3204633295536041
92;0.007812661118805408;0.3281853199005127
93;0.0078585771843791;0.33011582493782043
94;0.007780503481626511;0.3378378450870514
95;0.007818182930350304;0.3474903404712677
96;0.007708934135735035;0.39768341183662415
97;0.0077292416244745255;0.3532818555831909
98;0.007713986095041037;0.36486485600471497
99;0.00777549808844924;0.3610038757324219
100;0.008360324427485466;0.2722007632255554
101;0.00816822424530983;0.2567567527294159
102;0.008251063525676727;0.2664092779159546
103;0.008042331784963608;0.29343628883361816
104;0.007971145212650299;0.33976835012435913
105;0.00804603286087513;0.26447877287864685
106;0.007960873655974865;0.3243243098258972
107;0.007968452759087086;0.3281853199005127
108;0.007898908108472824;0.3378378450870514
109;0.007908903062343597;0.31274130940437317
110;0.007887962274253368;0.3339768350124359
111;0.007834001444280148;0.3610038757324219
112;0.007847425527870655;0.3339768350124359
113;0.007828147150576115;0.34942084550857544
114;0.007815103977918625;0.33011582493782043
115;0.007723468355834484;0.37451738119125366
116;0.007743924856185913;0.3571428656578064
117;0.007710425648838282;0.3725868761539459
118;0.007690318860113621;0.3706563711166382
119;0.007653597742319107;0.34555983543395996
120;0.007665134035050869;0.40154439210891724
121;0.007652682717889547;0.3629343509674072
122;0.0076450686901807785;0.3803088665008545
123;0.0076113552786409855;0.37837839126586914
124;0.007543238811194897;0.4343629479408264
125;0.007530372589826584;0.40733590722084045
126;0.007567035499960184;0.40154439210891724
127;0.007457934785634279;0.4092664122581482
128;0.007461952976882458;0.41119691729545593
129;0.007416382897645235;0.40733590722084045
130;0.007422036956995726;0.4285714328289032
131;0.007419963367283344;0.4054054021835327
132;0.0074269711039960384;0.4285714328289032
133;0.00736272893846035;0.4247104227542877
134;0.007381341885775328;0.403474897146225
135;0.00735010439530015;0.442084938287735
136;0.007313247304409742;0.4285714328289032
137;0.007255168166011572;0.4150579273700714
138;0.007273722905665636;0.442084938287735
139;0.007241097744554281;0.4382239282131195
140;0.007258554920554161;0.41698840260505676
141;0.007194721605628729;0.46138995885849
142;0.007255455944687128;0.4536679685115814
143;0.007185566239058971;0.4440154433250427
144;0.007149470970034599;0.480694979429245
145;0.0070574283599853516;0.4903475046157837
146;0.007091098465025425;0.4382239282131195
147;0.007069837301969528;0.4749034643173218
148;0.007131330203264952;0.44015443325042725
149;0.007255529053509235;0.4575289487838745
150;0.007187886629253626;0.4343629479408264
151;0.007101895287632942;0.4536679685115814
152;0.007113433443009853;0.4189189076423645
153;0.007099051959812641;0.4555984437465668
154;0.00708804652094841;0.4285714328289032
155;0.00701366551220417;0.480694979429245
156;0.006966961547732353;0.4845559895038605
157;0.006895279977470636;0.49227797985076904
158;0.006995769217610359;0.44594594836235046
159;0.006920869927853346;0.49227797985076904
160;0.006931732874363661;0.46332046389579773
161;0.006886288058012724;0.5
162;0.006863642483949661;0.5173745155334473
163;0.006861685309559107;0.4942084848880768
164;0.006819822825491428;0.5115830302238464
165;0.006796572357416153;0.48841699957847595
166;0.006819325033575296;0.5154440402984619
167;0.00681226747110486;0.4942084848880768
168;0.0067149256356060505;0.5250965356826782
169;0.006735190283507109;0.5328185558319092
170;0.006772547494620085;0.5096524953842163
171;0.0066664074547588825;0.49806949496269226
172;0.006761470809578896;0.4864864945411682
173;0.006734536960721016;0.4864864945411682
174;0.006680512800812721;0.5444015264511108
175;0.006824972573667765;0.507722020149231
176;0.006743013858795166;0.5096524953842163
177;0.0067336587235331535;0.5096524953842163
178;0.006669493392109871;0.49806949496269226
179;0.0066032810136675835;0.5250965356826782
180;0.0065724789164960384;0.5038610100746155
181;0.006606427486985922;0.5328185558319092
182;0.006502969656139612;0.5656370520591736
183;0.006565155927091837;0.5482625365257263
184;0.006500231102108955;0.5598455667495728
185;0.0066238343715667725;0.4768339693546295
186;0.0064498852007091045;0.546332061290741
187;0.006495810113847256;0.5231660008430481
188;0.006423201411962509;0.5424710512161255
189;0.006430300418287516;0.5424710512161255
190;0.0064447480253875256;0.5405405163764954
191;0.006354073993861675;0.5733590722084045
192;0.006365035194903612;0.5482625365257263
193;0.006325393449515104;0.5675675868988037
194;0.006501105614006519;0.5193049907684326
195;0.006554861087352037;0.5289575457572937
196;0.006732052192091942;0.5019304752349854
197;0.006435741204768419;0.5231660008430481
198;0.006866103503853083;0.48262548446655273
199;0.006283789873123169;0.5733590722084045
200;0.006489105988293886;0.5154440402984619
201;0.0064818356186151505;0.53861004114151
202;0.006268838420510292;0.5965250730514526
203;0.006407410372048616;0.5559845566749573
204;0.006243482697755098;0.5907335877418518
205;0.006217175628989935;0.6100386381149292
206;0.0062156314961612225;0.5868725776672363
207;0.006171056069433689;0.5637065768241882
208;0.006147177889943123;0.5830115675926208
209;0.006162931211292744;0.6100386381149292
210;0.006080432329326868;0.5791505575180054
211;0.006198247894644737;0.5752895474433899
212;0.006178034003823996;0.5810810923576355
213;0.006004950497299433;0.6138995885848999
214;0.006160150747746229;0.5984556078910828
215;0.006085193250328302;0.6100386381149292
216;0.0060583604499697685;0.5907335877418518
217;0.006030118092894554;0.5926640629768372
218;0.0059457803145051;0.6138995885848999
219;0.005959479603916407;0.6447876691818237
220;0.0059021697379648685;0.6293436288833618
221;0.0059247626923024654;0.6563706398010254
222;0.005950544960796833;0.6100386381149292
223;0.005880838260054588;0.6293436288833618
224;0.005785492714494467;0.6525096297264099
225;0.0059399716556072235;0.623552143573761
226;0.005864051170647144;0.6042470932006836
227;0.00598939647898078;0.6216216087341309
228;0.006151890382170677;0.5617760419845581
229;0.005916003603488207;0.6254826188087463
230;0.005954338237643242;0.6023166179656982
231;0.005936773028224707;0.6081081032752991
232;0.005821744911372662;0.6100386381149292
233;0.005935835186392069;0.6274131536483765
234;0.0058361804112792015;0.6100386381149292
235;0.005863742902874947;0.6196911334991455
236;0.005692644510418177;0.6351351141929626
237;0.005852699279785156;0.6833977103233337
238;0.005727690644562244;0.6312741041183472
239;0.005752934142947197;0.6351351141929626
240;0.005705516319721937;0.6042470932006836
241;0.005548122338950634;0.6737451553344727
242;0.0056649791076779366;0.662162184715271
243;0.005543736275285482;0.6679536700248718
244;0.0054969037882983685;0.6583011746406555
245;0.0056419032625854015;0.6293436288833618
246;0.005586439277976751;0.6370656490325928
247;0.005655232816934586;0.6370656490325928
248;0.005445749964565039;0.6756756901741028
249;0.0054092491045594215;0.6911196708679199
250;0.005414586514234543;0.6756756901741028
251;0.005440026056021452;0.662162184715271
252;0.0054191662929952145;0.69305020570755
253;0.005372790619730949;0.6563706398010254
254;0.005436225328594446;0.6756756901741028
255;0.005423507187515497;0.6640926599502563
256;0.005334892775863409;0.6911196708679199
257;0.005291619338095188;0.6795367002487183
258;0.005430683493614197;0.6332046389579773
259;0.005218652077019215;0.7181467413902283
260;0.005445227026939392;0.6718146800994873
261;0.005441063083708286;0.6660231947898865
262;0.005286728963255882;0.7027027010917664
263;0.005288511514663696;0.6737451553344727
264;0.005232257768511772;0.6949806809425354
265;0.005149215925484896;0.6969112157821655
266;0.0052274311892688274;0.6911196708679199
267;0.005294916685670614;0.700772225856781
268;0.005121244583278894;0.6853281855583191
269;0.005423018243163824;0.6640926599502563
270;0.005497789941728115;0.6467181444168091
271;0.005429794080555439;0.6351351141929626
272;0.005411474499851465;0.6563706398010254
273;0.00523629505187273;0.700772225856781
274;0.005343805532902479;0.6756756901741028
275;0.005157211795449257;0.6853281855583191
276;0.005078209564089775;0.6872586607933044
277;0.005157356150448322;0.700772225856781
278;0.005029839463531971;0.6911196708679199
279;0.005197675433009863;0.700772225856781
280;0.005014585331082344;0.7142857313156128
281;0.005156295839697123;0.7027027010917664
282;0.005086509510874748;0.7104247212409973
283;0.00516705634072423;0.69305020570755
284;0.005001852288842201;0.7046331763267517
285;0.005068396218121052;0.7104247212409973
286;0.004967791028320789;0.7277992367744446
287;0.004911481868475676;0.7181467413902283
288;0.00493165198713541;0.7316602468490601
289;0.004922475200146437;0.7181467413902283
290;0.0049981544725596905;0.7316602468490601
291;0.004870978649705648;0.7432432174682617
292;0.004895439837127924;0.7316602468490601
293;0.00498242350295186;0.6814671754837036
294;0.004883799701929092;0.7084941864013672
295;0.004836098290979862;0.7297297120094299
296;0.00467804167419672;0.7548262476921082
297;0.004834343213587999;0.7046331763267517
298;0.004698333330452442;0.7297297120094299
299;0.0047959391959011555;0.7335907220840454
300;0.00474645895883441;0.7220077514648438
301;0.0048276823945343494;0.7084941864013672
302;0.004551583901047707;0.7432432174682617
303;0.0047476268373429775;0.7181467413902283
304;0.004707358777523041;0.7374517321586609
305;0.0046727717854082584;0.7509652376174927
306;0.004603470675647259;0.7355212569236755
307;0.00458846241235733;0.7509652376174927
308;0.004804518073797226;0.7335907220840454
309;0.004622204229235649;0.7548262476921082
310;0.004817495122551918;0.7297297120094299
311;0.004617543425410986;0.760617733001709
312;0.004737850744277239;0.7258687019348145
313;0.004530620761215687;0.7586872577667236
314;0.004643414169549942;0.7277992367744446
315;0.004874987527728081;0.7084941864013672
316;0.0049526272341609;0.7239382266998291
317;0.004609159659594297;0.7567567825317383
318;0.004940149374306202;0.7277992367744446
319;0.004629509057849646;0.7741312980651855
320;0.0049065472558140755;0.7374517321586609
321;0.004713886883109808;0.7683397531509399
322;0.0045606945641338825;0.7413127422332764
323;0.004695371724665165;0.7490347623825073
324;0.004728454165160656;0.7432432174682617
325;0.00456062238663435;0.7644787430763245
326;0.0045832423493266106;0.7316602468490601
327;0.004645194858312607;0.7722007632255554
328;0.004759642295539379;0.7355212569236755
329;0.004514849279075861;0.7528957724571228
330;0.004616015590727329;0.7702702879905701
331;0.004533958155661821;0.7451737523078918
332;0.004550065379589796;0.7567567825317383
333;0.004480828531086445;0.7586872577667236
334;0.004452260211110115;0.7779922485351562
335;0.00451101828366518;0.7586872577667236
336;0.004452358931303024;0.7683397531509399
337;0.004339767154306173;0.7722007632255554
338;0.004376554861664772;0.7644787430763245
339;0.004408933222293854;0.7548262476921082
340;0.004334279801696539;0.760617733001709
341;0.004304097965359688;0.7644787430763245
342;0.004265368450433016;0.7528957724571228
343;0.0042413752526044846;0.8030887842178345
344;0.004280692897737026;0.7741312980651855
345;0.004193997476249933;0.7779922485351562
346;0.004146554507315159;0.7779922485351562
347;0.004192776046693325;0.7548262476921082
348;0.004138326272368431;0.7876448035240173
349;0.004139888100326061;0.7915058135986328
350;0.004215499851852655;0.760617733001709
351;0.004085852298885584;0.799227774143219
352;0.004118158016353846;0.799227774143219
353;0.004030351527035236;0.7779922485351562
354;0.0041101183742284775;0.7760617733001709
355;0.004040099214762449;0.7837837934494019
356;0.004062941763550043;0.7722007632255554
357;0.00409768195822835;0.7818532586097717
358;0.00411561131477356;0.7760617733001709
359;0.004106137901544571;0.760617733001709
360;0.004010094795376062;0.7760617733001709
361;0.0039796773344278336;0.7934362888336182
362;0.003923866432160139;0.7953668236732483
363;0.0039729769341647625;0.7818532586097717
364;0.0039593931287527084;0.7972972989082336
365;0.00407422473654151;0.7741312980651855
366;0.0038586659356951714;0.7934362888336182
367;0.003985971212387085;0.7818532586097717
368;0.0039295777678489685;0.7760617733001709
369;0.004099792800843716;0.7934362888336182
370;0.003859437070786953;0.7895752787590027
371;0.00399474473670125;0.7702702879905701
372;0.0038186644669622183;0.8011583089828491
373;0.003877651412039995;0.8030887842178345
374;0.003921334631741047;0.7876448035240173
375;0.0037820362485945225;0.799227774143219
376;0.0038634114898741245;0.8030887842178345
377;0.003785745706409216;0.80694979429245
378;0.00429364200681448;0.7567567825317383
379;0.00404913816601038;0.7857142686843872
380;0.0037418296560645103;0.7972972989082336
381;0.003929898142814636;0.7818532586097717
382;0.003941251430660486;0.7915058135986328
383;0.00392304128035903;0.8011583089828491
384;0.004049602895975113;0.7837837934494019
385;0.0038446560502052307;0.7895752787590027
386;0.003834167495369911;0.7895752787590027
387;0.0038011788856238127;0.80694979429245
388;0.003949935548007488;0.7799227833747864
389;0.003917232621461153;0.7876448035240173
390;0.0037545105442404747;0.8088803291320801
391;0.0037765216547995806;0.80694979429245
392;0.0038156863301992416;0.7972972989082336
393;0.003921030554920435;0.7837837934494019
394;0.0037128396797925234;0.8204632997512817
395;0.003842367324978113;0.7876448035240173
396;0.0038266689516603947;0.7760617733001709
397;0.003821322927251458;0.8030887842178345
398;0.003820624900981784;0.7818532586097717
399;0.003686179406940937;0.799227774143219
400;0.0036367306020110846;0.8127413392066956
401;0.003675606334581971;0.7953668236732483
402;0.0038232465740293264;0.8185328245162964
403;0.0035785927902907133;0.8146718144416809
404;0.0037081530317664146;0.8030887842178345
405;0.0035605516750365496;0.8050193190574646
406;0.0035930618178099394;0.8050193190574646
407;0.003698371583595872;0.80694979429245
408;0.0036903906147927046;0.8108108043670654
409;0.003648481098935008;0.8436293601989746
410;0.0035586110316216946;0.8185328245162964
411;0.003582555567845702;0.7953668236732483
412;0.003616652451455593;0.8108108043670654
413;0.0035127222072333097;0.8050193190574646
414;0.0035758493468165398;0.8108108043670654
415;0.003577197901904583;0.8011583089828491
416;0.0036162040196359158;0.799227774143219
417;0.0037202294915914536;0.7837837934494019
418;0.003505983157083392;0.8185328245162964
419;0.003644995391368866;0.837837815284729
420;0.00344198290258646;0.837837815284729
421;0.003576637478545308;0.8050193190574646
422;0.003578278934583068;0.8204632997512817
423;0.003528666216880083;0.8204632997512817
424;0.003472345881164074;0.8281853199005127
425;0.003446276532486081;0.8339768052101135
426;0.003466961905360222;0.8185328245162964
427;0.003545210463926196;0.8320463299751282
428;0.0034319069236516953;0.8166022896766663
429;0.00351487728767097;0.8243243098258972
430;0.0035613831132650375;0.8320463299751282
431;0.0037416357081383467;0.7857142686843872
432;0.0037215149495750666;0.799227774143219
433;0.0036633482668548822;0.7953668236732483
434;0.0038578214589506388;0.799227774143219
435;0.003552214475348592;0.8339768052101135
436;0.004043729044497013;0.7702702879905701
437;0.003754539880901575;0.8127413392066956
438;0.003948369063436985;0.7857142686843872
439;0.0038324808701872826;0.799227774143219
440;0.004367695190012455;0.7509652376174927
441;0.0036146980710327625;0.7895752787590027
442;0.004484568722546101;0.7741312980651855
443;0.0036689273547381163;0.8166022896766663
444;0.004709734581410885;0.7335907220840454
445;0.0038447075057774782;0.7799227833747864
446;0.005504491273313761;0.6505791544914246
447;0.007516656536608934;0.48841699957847595
448;0.007239705417305231;0.4845559895038605
449;0.0073047662153840065;0.46525096893310547
450;0.006660014390945435;0.5424710512161255
451;0.006707374006509781;0.49227797985076904
452;0.005858014803379774;0.6138995885848999
453;0.006089137867093086;0.623552143573761
454;0.005868698935955763;0.65444016456604
455;0.00572871882468462;0.6583011746406555
456;0.005637648515403271;0.6988416910171509
457;0.0051836492493748665;0.7413127422332764
458;0.005017213057726622;0.760617733001709
459;0.004857462365180254;0.7702702879905701
460;0.004728412721306086;0.7779922485351562
461;0.004436537157744169;0.7972972989082336
462;0.004587535280734301;0.7567567825317383
463;0.004326132126152515;0.799227774143219
464;0.004253711551427841;0.8146718144416809
465;0.00420367019250989;0.8204632997512817
466;0.004129922483116388;0.8204632997512817
467;0.0040366146713495255;0.8243243098258972
468;0.003957818262279034;0.8262548446655273
469;0.003949251025915146;0.8011583089828491
470;0.003889757674187422;0.8185328245162964
471;0.003851092653349042;0.7934362888336182
472;0.0037184967659413815;0.8223938345909119
473;0.0036869931500405073;0.8243243098258972
474;0.0037104457151144743;0.8320463299751282
475;0.0036775055341422558;0.8108108043670654
476;0.003600061172619462;0.8494208455085754
477;0.003636633977293968;0.8416988253593445
478;0.0035232382360845804;0.8474903702735901
479;0.003403994720429182;0.8474903702735901
480;0.003545504529029131;0.8320463299751282
481;0.003388523356989026;0.8397683501243591
482;0.0033270567655563354;0.8494208455085754
483;0.0034805582836270332;0.8359073400497437
484;0.0034111670684069395;0.84555983543396
485;0.0033387886360287666;0.8571428656578064
486;0.003295946167781949;0.8436293601989746
487;0.003217443125322461;0.8513513803482056
488;0.0033547061029821634;0.8416988253593445
489;0.0031315928790718317;0.8648648858070374
490;0.0031660967506468296;0.8590733408927917
491;0.003225497202947736;0.8610038757324219
492;0.003217169316485524;0.8532818555831909
493;0.003138910047709942;0.8552123308181763
494;0.003130279714241624;0.8552123308181763
495;0.0031237881630659103;0.8667953610420227
496;0.003173422534018755;0.8648648858070374
497;0.0032157949171960354;0.8513513803482056
498;0.0030952072702348232;0.8861004114151001
499;0.003107359167188406;0.8629343509674072
500;0.003055532230064273;0.8610038757324219
501;0.0031286960002034903;0.8629343509674072
502;0.003099290654063225;0.8552123308181763
503;0.003149004653096199;0.8532818555831909
504;0.003132155630737543;0.8532818555831909
505;0.003081445349380374;0.8571428656578064
506;0.003052916144952178;0.8494208455085754
507;0.003156856866553426;0.8494208455085754
508;0.003056531772017479;0.876447856426239
509;0.003056152258068323;0.8552123308181763
510;0.0029912733007222414;0.8629343509674072
511;0.0030658231116831303;0.8648648858070374
512;0.0031017547007650137;0.8571428656578064
513;0.0029241645243018866;0.8938223719596863
514;0.002973655704408884;0.8822394013404846
515;0.00294161937199533;0.8706563711166382
516;0.002992657944560051;0.876447856426239
517;0.0029242706950753927;0.8822394013404846
518;0.0029948323499411345;0.8745173811912537
519;0.002938691293820739;0.8861004114151001
520;0.0028788354247808456;0.8725868463516235
521;0.0029322572518140078;0.876447856426239
522;0.002891103271394968;0.8667953610420227
523;0.0028647244907915592;0.8745173811912537
524;0.0028327128384262323;0.88416987657547
525;0.00283439876511693;0.8803088665008545
526;0.002898282604292035;0.876447856426239
527;0.0029135546647012234;0.8745173811912537
528;0.002904058201238513;0.8803088665008545
529;0.0027969153597950935;0.8783783912658691
530;0.0028316134121268988;0.8938223719596863
531;0.002972549991682172;0.8783783912658691
532;0.0028921770863234997;0.8745173811912537
533;0.0029360821936279535;0.8629343509674072
534;0.0027953023090958595;0.8725868463516235
535;0.0028230948373675346;0.8822394013404846
536;0.0029082593973726034;0.8803088665008545
537;0.0028353340458124876;0.8880308866500854
538;0.0028027198277413845;0.8725868463516235
539;0.0032220000866800547;0.84555983543396
540;0.0033724114764481783;0.8243243098258972
541;0.0034124976955354214;0.8262548446655273
542;0.0030850679613649845;0.84555983543396
543;0.0031534263398498297;0.8513513803482056
544;0.002918560290709138;0.8783783912658691
545;0.0031889595557004213;0.8667953610420227
546;0.002966548316180706;0.8745173811912537
547;0.0028787674382328987;0.8706563711166382
548;0.003096770728006959;0.8803088665008545
549;0.0028680774848908186;0.8803088665008545
550;0.0028122609946876764;0.8861004114151001
551;0.0028792554512619972;0.8938223719596863
552;0.002855773316696286;0.876447856426239
553;0.0029044090770184994;0.876447856426239
554;0.0027657521422952414;0.88416987657547
555;0.0029384398367255926;0.876447856426239
556;0.0028761818539351225;0.8725868463516235
557;0.0028512030839920044;0.8687258958816528
558;0.0031069808173924685;0.8571428656578064
559;0.0027028191834688187;0.8880308866500854
560;0.002964623970910907;0.8725868463516235
561;0.00303767342120409;0.8552123308181763
562;0.002772791776806116;0.8803088665008545
563;0.002833540551364422;0.8938223719596863
564;0.0028376474510878325;0.8976833820343018
565;0.00283870124258101;0.876447856426239
566;0.002699226839467883;0.8745173811912537
567;0.002884151879698038;0.8590733408927917
568;0.00264140497893095;0.88416987657547
569;0.002740008756518364;0.8861004114151001
570;0.0027134744450449944;0.8957529067993164
571;0.0027113992255181074;0.8918918967247009
572;0.0027960361912846565;0.8667953610420227
573;0.0028195923659950495;0.8706563711166382
574;0.0026208607014268637;0.8918918967247009
575;0.0025994316674768925;0.9015443921089172
576;0.0028439427260309458;0.8648648858070374
577;0.0030147461220622063;0.8610038757324219
578;0.0034281155094504356;0.8223938345909119
579;0.003319205017760396;0.8243243098258972
580;0.004769342485815287;0.7142857313156128
581;0.0033080740831792355;0.8629343509674072
582;0.005323333665728569;0.6814671754837036
583;0.004641278646886349;0.7413127422332764
584;0.0035773953422904015;0.8436293601989746
585;0.003999967128038406;0.8050193190574646
586;0.0038767748046666384;0.8281853199005127
587;0.0038303686305880547;0.8204632997512817
588;0.0034069810062646866;0.8667953610420227
589;0.003334000939503312;0.8745173811912537
590;0.0032798510510474443;0.8725868463516235
591;0.003647122299298644;0.8532818555831909
592;0.003413616446778178;0.8552123308181763
593;0.0034620454534888268;0.8783783912658691
594;0.003144441870972514;0.8803088665008545
595;0.003105606185272336;0.876447856426239
596;0.0030326962005347013;0.876447856426239
597;0.0030851957853883505;0.8783783912658691
598;0.002936618635430932;0.876447856426239
599;0.0030176257714629173;0.8976833820343018
600;0.002837550127878785;0.8938223719596863
601;0.0028750919736921787;0.8899613618850708
602;0.00277137104421854;0.8899613618850708
603;0.002716156654059887;0.88416987657547
604;0.0027784036938101053;0.8803088665008545
605;0.0027626685332506895;0.8861004114151001
606;0.0027236088644713163;0.8803088665008545
607;0.002736534457653761;0.8803088665008545
608;0.0026341823395341635;0.9015443921089172
609;0.002855810336768627;0.8822394013404846
610;0.0026806143578141928;0.8938223719596863
611;0.002656353171914816;0.8899613618850708
612;0.0026061921380460262;0.8938223719596863
613;0.0026436925400048494;0.88416987657547
614;0.002693962538614869;0.9054054021835327
615;0.0025901123881340027;0.9092664122581482
616;0.0025956558529287577;0.8861004114151001
617;0.0025499025359749794;0.8918918967247009
618;0.00269489292986691;0.8918918967247009
619;0.00261319219134748;0.8861004114151001
620;0.002588238101452589;0.8861004114151001
621;0.0025703683495521545;0.8938223719596863
622;0.0026017522905021906;0.8976833820343018
623;0.0026004943065345287;0.8938223719596863
624;0.0023886552080512047;0.9054054021835327
625;0.002562725218012929;0.8880308866500854
626;0.0024738102219998837;0.8938223719596863
627;0.002432305132970214;0.8880308866500854
628;0.002447892213240266;0.8957529067993164
629;0.0024406106676906347;0.8918918967247009
630;0.0024353484623134136;0.8996139168739319
631;0.0024529569782316685;0.8822394013404846
632;0.0025714063085615635;0.8803088665008545
633;0.0024593749549239874;0.8957529067993164
634;0.0024782614782452583;0.8899613618850708
635;0.0023746045771986246;0.9092664122581482
636;0.0023421121295541525;0.9189189076423645
637;0.0024532226379960775;0.8880308866500854
638;0.002461835741996765;0.8822394013404846
639;0.002337412443011999;0.8996139168739319
640;0.0024635554291307926;0.8938223719596863
641;0.002337976126000285;0.9131274223327637
642;0.00238165445625782;0.8957529067993164
643;0.0022714182268828154;0.9131274223327637
644;0.002416759729385376;0.8899613618850708
645;0.0023123696446418762;0.9034749269485474
646;0.00227028108201921;0.9247104525566101
647;0.002368655288591981;0.8996139168739319
648;0.0024239460472017527;0.8822394013404846
649;0.002235082909464836;0.9073359370231628
650;0.0023026654962450266;0.9054054021835327
651;0.0023016498889774084;0.915057897567749
652;0.002281362423673272;0.9092664122581482
653;0.002240278758108616;0.9208494424819946
654;0.002334271091967821;0.9054054021835327
655;0.002396926051005721;0.88416987657547
656;0.0022365872282534838;0.9169884324073792
657;0.0023046256974339485;0.9015443921089172
658;0.0024913763627409935;0.8918918967247009
659;0.002382923848927021;0.8899613618850708
660;0.0023289683740586042;0.9015443921089172
661;0.002266737399622798;0.9034749269485474
662;0.002320734318345785;0.9092664122581482
663;0.0023098690435290337;0.9054054021835327
664;0.0022820099256932735;0.9073359370231628
665;0.0022710927296429873;0.9073359370231628
666;0.0022497305180877447;0.9015443921089172
667;0.0022702948190271854;0.9015443921089172
668;0.0022774829994887114;0.8996139168739319
669;0.002164304256439209;0.9034749269485474
670;0.0023315020371228456;0.8976833820343018
671;0.002313365926966071;0.8976833820343018
672;0.002147416351363063;0.9208494424819946
673;0.002259505447000265;0.9034749269485474
674;0.002389855682849884;0.8996139168739319
675;0.002286202274262905;0.8957529067993164
676;0.002654886804521084;0.8745173811912537
677;0.0023384541273117065;0.8899613618850708
678;0.0023161605931818485;0.9111968874931335
679;0.0024010990746319294;0.8899613618850708
680;0.0023802893701940775;0.8957529067993164
681;0.002261393005028367;0.9189189076423645
682;0.0023908433504402637;0.9073359370231628
683;0.0025024539791047573;0.8783783912658691
684;0.0022739700507372618;0.9054054021835327
685;0.002300235675647855;0.9054054021835327
686;0.0023704878985881805;0.9073359370231628
687;0.002339051105082035;0.9054054021835327
688;0.002275363774970174;0.9054054021835327
689;0.002314925892278552;0.8996139168739319
690;0.0022100876085460186;0.9111968874931335
691;0.002154786139726639;0.9015443921089172
692;0.002203725976869464;0.9131274223327637
693;0.002206609584391117;0.915057897567749
694;0.002186403376981616;0.9073359370231628
695;0.00207864330150187;0.9189189076423645
696;0.002105472609400749;0.92277991771698
697;0.0021833914797753096;0.8976833820343018
698;0.0021664260420948267;0.9131274223327637
699;0.002138149691745639;0.9169884324073792
700;0.002052216324955225;0.9169884324073792
701;0.0021146496292203665;0.9111968874931335
702;0.0021191800478845835;0.9189189076423645
703;0.0021257391199469566;0.9092664122581482
704;0.0021266434341669083;0.9034749269485474
705;0.0021570096723735332;0.92277991771698
706;0.0021295216865837574;0.9111968874931335
707;0.002027037087827921;0.9208494424819946
708;0.002101298188790679;0.9169884324073792
709;0.0021819635294377804;0.9169884324073792
710;0.0020718565210700035;0.9247104525566101
711;0.0019830239471048117;0.92277991771698
712;0.0021028961054980755;0.915057897567749
713;0.0022124680690467358;0.9034749269485474
714;0.0019751652143895626;0.9208494424819946
715;0.0021308332215994596;0.9054054021835327
716;0.0021122461184859276;0.9208494424819946
717;0.0020025246776640415;0.9266409277915955
718;0.0021661033388227224;0.9247104525566101
719;0.0020408504642546177;0.9092664122581482
720;0.0020552962087094784;0.9285714030265808
721;0.0020682532340288162;0.915057897567749
722;0.002185892779380083;0.9054054021835327
723;0.002002343302592635;0.9343629479408264
724;0.0022293219808489084;0.9208494424819946
725;0.0021648567635565996;0.9131274223327637
726;0.002004357986152172;0.915057897567749
727;0.0020979202818125486;0.9208494424819946
728;0.0021106014028191566;0.9111968874931335
729;0.0020392921287566423;0.915057897567749
730;0.00216475035995245;0.9169884324073792
731;0.002016907325014472;0.9208494424819946
732;0.0020330685656517744;0.9092664122581482
733;0.0021379149984568357;0.9208494424819946
734;0.001996344653889537;0.9266409277915955
735;0.0021161690820008516;0.9054054021835327
736;0.0019283646252006292;0.9247104525566101
737;0.0021030926145613194;0.92277991771698
738;0.0020636001136153936;0.9169884324073792
739;0.002140704309567809;0.9073359370231628
740;0.0019571438897401094;0.9266409277915955
741;0.002064619679003954;0.92277991771698
742;0.0019819887820631266;0.9247104525566101
743;0.002019783016294241;0.9169884324073792
744;0.0020275870338082314;0.9343629479408264
745;0.0020519637037068605;0.915057897567749
746;0.0019583196844905615;0.9285714030265808
747;0.0019616694189608097;0.92277991771698
748;0.002084324136376381;0.9092664122581482
749;0.001952618476934731;0.9285714030265808
750;0.0020083212293684483;0.9420849680900574
751;0.0020112418569624424;0.9169884324073792
752;0.001894684974104166;0.9131274223327637
753;0.001910126768052578;0.9189189076423645
754;0.0019655399955809116;0.9189189076423645
755;0.0019448368111625314;0.915057897567749
756;0.0019750280771404505;0.9247104525566101
757;0.001926960190758109;0.9324324131011963
758;0.0019503348739817739;0.9266409277915955
759;0.0018915390828624368;0.9382239580154419
760;0.0018852314678952098;0.9382239580154419
761;0.0018775842618197203;0.9343629479408264
762;0.0019706501625478268;0.9305019378662109
763;0.001839355332776904;0.9382239580154419
764;0.0018373511265963316;0.9324324131011963
765;0.0019213180057704449;0.9247104525566101
766;0.0018707055132836103;0.9305019378662109
767;0.001891653286293149;0.9285714030265808
768;0.0018399165710434318;0.9343629479408264
769;0.001879091840237379;0.9324324131011963
770;0.0019017187878489494;0.9247104525566101
771;0.0018441699212417006;0.9343629479408264
772;0.0019112254958599806;0.9305019378662109
773;0.0019290714990347624;0.9208494424819946
774;0.0019004918867722154;0.92277991771698
775;0.0018967159558087587;0.9362934231758118
776;0.001962105743587017;0.9054054021835327
777;0.0020032073371112347;0.9034749269485474
778;0.0019065943779423833;0.9285714030265808
779;0.0019173820037394762;0.9324324131011963
780;0.0020091834012418985;0.9131274223327637
781;0.002565494505688548;0.8899613618850708
782;0.002342754043638706;0.9169884324073792
783;0.002172727370634675;0.9208494424819946
784;0.002423863159492612;0.8880308866500854
785;0.002101158257573843;0.9382239580154419
786;0.0020287400111556053;0.9343629479408264
787;0.0022033373825252056;0.9092664122581482
788;0.0021110998932272196;0.915057897567749
789;0.002225953619927168;0.8976833820343018
790;0.002106052590534091;0.9305019378662109
791;0.002132999710738659;0.9111968874931335
792;0.0019180551171302795;0.9305019378662109
793;0.0020765054505318403;0.92277991771698
794;0.002036465797573328;0.9189189076423645
795;0.0019193165935575962;0.9420849680900574
796;0.0020693049300462008;0.9208494424819946
797;0.001999041298404336;0.9343629479408264
798;0.002069255569949746;0.9285714030265808
799;0.0020925693679600954;0.9189189076423645
800;0.0018965578638017178;0.9285714030265808
801;0.0020251336973160505;0.9189189076423645
802;0.001967156305909157;0.9420849680900574
803;0.002020425396040082;0.92277991771698
804;0.0019044053042307496;0.9401544332504272
805;0.0019253576174378395;0.9459459185600281
806;0.0018733288161456585;0.9440154433250427
807;0.0019895730074495077;0.9266409277915955
808;0.0019425484351813793;0.9324324131011963
809;0.00187280576210469;0.9478764533996582
810;0.0018987547373399138;0.9343629479408264
811;0.0018668519333004951;0.9440154433250427
812;0.0019355355761945248;0.9343629479408264
813;0.001987996743991971;0.9208494424819946
814;0.0018500980222597718;0.9247104525566101
815;0.002019608626142144;0.9169884324073792
816;0.0019432983826845884;0.9247104525566101
817;0.0018647164106369019;0.9266409277915955
818;0.001957099884748459;0.9247104525566101
819;0.001838947064243257;0.9247104525566101
820;0.0019390855450183153;0.9169884324073792
821;0.0017830117139965296;0.9362934231758118
822;0.0017612720839679241;0.9420849680900574
823;0.0017548230243846774;0.9459459185600281
824;0.0017578363185748458;0.9343629479408264
825;0.0016942806541919708;0.953667938709259
826;0.0017723208293318748;0.9440154433250427
827;0.00176740693859756;0.9382239580154419
828;0.0017293216660618782;0.9324324131011963
829;0.0017323886277154088;0.9440154433250427
830;0.0017782096983864903;0.9401544332504272
831;0.0017052394105121493;0.9401544332504272
832;0.0017436194466426969;0.9382239580154419
833;0.001729775220155716;0.9382239580154419
834;0.001754379365593195;0.9324324131011963
835;0.0016883378848433495;0.9594594836235046
836;0.0017128399340435863;0.9440154433250427
837;0.0017004911787807941;0.9420849680900574
838;0.0017362184589728713;0.9305019378662109
839;0.001696388004347682;0.9285714030265808
840;0.001713719917461276;0.9266409277915955
841;0.0018002977594733238;0.9305019378662109
842;0.0017527258023619652;0.9478764533996582
843;0.0016664857976138592;0.9498069286346436
844;0.0016854886198416352;0.9498069286346436
845;0.0017362401122227311;0.9498069286346436
846;0.001747009577229619;0.9401544332504272
847;0.0018501973245292902;0.9478764533996582
848;0.0016914886655285954;0.9305019378662109
849;0.0017617723206058145;0.9478764533996582
850;0.0016105256509035826;0.953667938709259
851;0.0017494898056611419;0.9343629479408264
852;0.0016921520000323653;0.9517374634742737
853;0.0017030888702720404;0.9343629479408264
854;0.0017336583696305752;0.9343629479408264
855;0.0017089333850890398;0.9266409277915955
856;0.0016231666086241603;0.9498069286346436
857;0.0016842400655150414;0.9517374634742737
858;0.001660359906964004;0.9575289487838745
859;0.0016123432433232665;0.9478764533996582
860;0.0016995227197185159;0.9459459185600281
861;0.0016563849058002234;0.9459459185600281
862;0.0016553679015487432;0.9459459185600281
863;0.0016919500194489956;0.9555984735488892
864;0.0016399684827774763;0.9498069286346436
865;0.0015911171212792397;0.9594594836235046
866;0.0016769608482718468;0.9440154433250427
867;0.001698788721114397;0.9498069286346436
868;0.0016997115453705192;0.9382239580154419
869;0.001661741640418768;0.9324324131011963
870;0.0018007871694862843;0.9459459185600281
871;0.0016496452735736966;0.9343629479408264
872;0.0017240612069144845;0.9517374634742737
873;0.0017657690914347768;0.9555984735488892
874;0.001714434358291328;0.9459459185600281
875;0.0017487589502707124;0.9478764533996582
876;0.00164026056881994;0.9343629479408264
877;0.001671371515840292;0.9478764533996582
878;0.0017468273872509599;0.9420849680900574
879;0.0016436406876891851;0.9555984735488892
880;0.001697201863862574;0.9401544332504272
881;0.0016062738141044974;0.96138995885849
882;0.0016431749099865556;0.96138995885849
883;0.001582515425980091;0.9459459185600281
884;0.001562983845360577;0.9555984735488892
885;0.0016548085259273648;0.9517374634742737
886;0.0015984465135261416;0.9594594836235046
887;0.0015773673076182604;0.9555984735488892
888;0.001542543526738882;0.9575289487838745
889;0.0016108545241877437;0.9555984735488892
890;0.0015515596605837345;0.9459459185600281
891;0.0015681307995691895;0.9420849680900574
892;0.0015673261368647218;0.9382239580154419
893;0.0016625452553853393;0.9633204340934753
894;0.0015436565736308694;0.953667938709259
895;0.0015843594446778297;0.9594594836235046
896;0.001527979038655758;0.9498069286346436
897;0.0015127445803955197;0.96138995885849
898;0.0015644305385649204;0.9633204340934753
899;0.0016431009862571955;0.953667938709259
900;0.0015609808033332229;0.9517374634742737
901;0.0017657577991485596;0.9285714030265808
902;0.0016811491223052144;0.9594594836235046
903;0.0018395729130133986;0.9382239580154419
904;0.0017379741184413433;0.9498069286346436
905;0.0017288593808189034;0.9459459185600281
906;0.0017672502435743809;0.9362934231758118
907;0.0015655742026865482;0.9633204340934753
908;0.0016399298328906298;0.9575289487838745
909;0.0017515129875391722;0.9498069286346436
910;0.001596442423760891;0.9498069286346436
911;0.0017299663741141558;0.9401544332504272
912;0.0017207614146173;0.9498069286346436
913;0.0015586477238684893;0.9555984735488892
914;0.0015426926547661424;0.96138995885849
915;0.0017829517601057887;0.9420849680900574
916;0.0015556494472548366;0.9633204340934753
917;0.0016118857311084867;0.9440154433250427
918;0.0015609273687005043;0.9555984735488892
919;0.0016928347758948803;0.9594594836235046
920;0.0015864341985434294;0.953667938709259
921;0.0015741741517558694;0.9555984735488892
922;0.0016395429847761989;0.9459459185600281
923;0.0015462770825251937;0.9633204340934753
924;0.001505199121311307;0.96138995885849
925;0.0015393096255138516;0.9575289487838745
926;0.001552461413666606;0.953667938709259
927;0.0015268927672877908;0.9555984735488892
928;0.0015005236491560936;0.9671814441680908
929;0.0015200057532638311;0.9517374634742737
930;0.0015355898067355156;0.9575289487838745
931;0.0016516245668753982;0.9440154433250427
932;0.0015602948842570186;0.9517374634742737
933;0.0015222791116684675;0.96138995885849
934;0.0018780215177685022;0.9343629479408264
935;0.002821324160322547;0.8629343509674072
936;0.0033185856882482767;0.8687258958816528
937;0.002403463702648878;0.9111968874931335
938;0.002825507428497076;0.8687258958816528
939;0.003504645312204957;0.8204632997512817
940;0.0028034094721078873;0.9111968874931335
941;0.0021511446684598923;0.9478764533996582
942;0.0031731126364320517;0.88416987657547
943;0.0038289413787424564;0.8204632997512817
944;0.003157456172630191;0.8513513803482056
945;0.0048311855643987656;0.6969112157821655
946;0.0035425638779997826;0.8725868463516235
947;0.0064415656961500645;0.5907335877418518
948;0.00372510589659214;0.8532818555831909
949;0.004056944046169519;0.8030887842178345
950;0.004618581850081682;0.7548262476921082
951;0.0038448739796876907;0.8301158547401428
952;0.00300529389642179;0.8918918967247009
953;0.003698498010635376;0.8397683501243591
954;0.003537876298651099;0.8803088665008545
955;0.0030049937777221203;0.9362934231758118
956;0.003204824635758996;0.8957529067993164
957;0.004536360036581755;0.7760617733001709
958;0.004260414279997349;0.799227774143219
959;0.0031488221138715744;0.9015443921089172
960;0.004089239053428173;0.8204632997512817
961;0.0029840979259461164;0.9054054021835327
962;0.0030047628097236156;0.9034749269485474
963;0.0027118423022329807;0.9343629479408264
964;0.0032286779023706913;0.9169884324073792
965;0.002915342804044485;0.9305019378662109
966;0.0027715309988707304;0.8880308866500854
967;0.0024387268349528313;0.9305019378662109
968;0.002791754202917218;0.8745173811912537
969;0.0024530640803277493;0.9266409277915955
970;0.0022321282885968685;0.9440154433250427
971;0.002399410819634795;0.9189189076423645
972;0.002390606328845024;0.9247104525566101
973;0.002240821486338973;0.9440154433250427
974;0.002128640888258815;0.9498069286346436
975;0.002132319612428546;0.9440154433250427
976;0.002171742031350732;0.9401544332504272
977;0.002033212222158909;0.9362934231758118
978;0.0019822127651423216;0.9401544332504272
979;0.0020618606358766556;0.9382239580154419
980;0.0019640307873487473;0.9440154433250427
981;0.0021424663718789816;0.9440154433250427
982;0.0021487786434590816;0.9247104525566101
983;0.0017921538092195988;0.9498069286346436
984;0.0018255987670272589;0.9555984735488892
985;0.0019954557064920664;0.9498069286346436
986;0.0018572404514998198;0.9594594836235046
987;0.0020010746084153652;0.9420849680900574
988;0.0017202539602294564;0.9594594836235046
989;0.001852532965131104;0.9343629479408264
990;0.001733838813379407;0.9633204340934753
991;0.0017000171355903149;0.96138995885849
992;0.0018836887320503592;0.9555984735488892
993;0.0017451565945520997;0.9440154433250427
994;0.0018492756644263864;0.9594594836235046
995;0.0016383661422878504;0.9594594836235046
996;0.0016473503783345222;0.96138995885849
997;0.001716031925752759;0.9459459185600281
998;0.0016294317319989204;0.9594594836235046
999;0.001628779573366046;0.9498069286346436
1000;0.001736052450723946;0.9575289487838745
1001;0.0017140379641205072;0.9555984735488892
1002;0.0015918536810204387;0.9575289487838745
1003;0.0015819570980966091;0.9768339991569519
1004;0.0018651678692549467;0.9382239580154419
1005;0.0017500173998996615;0.9420849680900574
1006;0.0017437697388231754;0.9555984735488892
1007;0.001612369087524712;0.9594594836235046
1008;0.0016054644947871566;0.9517374634742737
1009;0.0015988392988219857;0.9594594836235046
1010;0.0015889847418293357;0.9652509689331055
1011;0.0015708766877651215;0.96138995885849
1012;0.0016994865145534277;0.9440154433250427
1013;0.0015930100344121456;0.96138995885849
1014;0.0014659640146419406;0.969111979007721
1015;0.0015644632512703538;0.96138995885849
1016;0.0015743124531581998;0.9575289487838745
1017;0.0014692384283989668;0.953667938709259
1018;0.001643229159526527;0.9440154433250427
1019;0.0014387565897777677;0.9671814441680908
1020;0.0014653902035206556;0.969111979007721
1021;0.0015141634503379464;0.9671814441680908
1022;0.0015009097987785935;0.9633204340934753
1023;0.0014690801035612822;0.9633204340934753
1024;0.0014614993706345558;0.969111979007721
1025;0.0014847263228148222;0.9555984735488892
1026;0.0013595963828265667;0.9652509689331055
1027;0.0014542501885443926;0.9575289487838745
1028;0.0014145663008093834;0.969111979007721
1029;0.0014030416496098042;0.96138995885849
1030;0.001432141405530274;0.9652509689331055
1031;0.001402618014253676;0.9633204340934753
1032;0.0013806837378069758;0.9633204340934753
1033;0.0014116584789007902;0.9710424542427063
1034;0.0013344819890335202;0.969111979007721
1035;0.0013791475212201476;0.969111979007721
1036;0.0013634919887408614;0.9671814441680908
1037;0.001375681720674038;0.9710424542427063
1038;0.0013917143223807216;0.9710424542427063
1039;0.0013680488336831331;0.9671814441680908
1040;0.0013357010902836919;0.9710424542427063
1041;0.0013920802157372236;0.96138995885849
1042;0.0013543333625420928;0.9710424542427063
1043;0.0013711079955101013;0.9652509689331055
1044;0.001349564059637487;0.9768339991569519
1045;0.0013480755733326077;0.9710424542427063
1046;0.0013222811976447701;0.9633204340934753
1047;0.0014408589340746403;0.9633204340934753
1048;0.001310609164647758;0.96138995885849
1049;0.001347104785963893;0.9768339991569519
1050;0.0013169506564736366;0.9633204340934753
1051;0.0012840377166867256;0.969111979007721
1052;0.001310892403125763;0.9710424542427063
1053;0.001353542902506888;0.9652509689331055
1054;0.001276339404284954;0.969111979007721
1055;0.0012624796945601702;0.9806950092315674
1056;0.0012849110644310713;0.9787644743919373
1057;0.0013122865930199623;0.9787644743919373
1058;0.0013293895171955228;0.969111979007721
1059;0.0012529820669442415;0.969111979007721
1060;0.0012857784749940038;0.9749034643173218
1061;0.0013201117981225252;0.9749034643173218
1062;0.001272879191674292;0.9729729890823364
1063;0.001267843646928668;0.9749034643173218
1064;0.00124697748105973;0.969111979007721
1065;0.0012261425144970417;0.9806950092315674
1066;0.001260547898709774;0.9633204340934753
1067;0.0013314771931618452;0.969111979007721
1068;0.0013027990935370326;0.9749034643173218
1069;0.0012757879449054599;0.969111979007721
1070;0.0012738476507365704;0.9671814441680908
1071;0.0012308424338698387;0.9768339991569519
1072;0.0013171704486012459;0.9787644743919373
1073;0.001252350164577365;0.9652509689331055
1074;0.001214772230014205;0.9903475046157837
1075;0.001263689249753952;0.9729729890823364
1076;0.001257444149814546;0.969111979007721
1077;0.0013274181401357055;0.969111979007721
1078;0.0013037174940109253;0.9768339991569519
1079;0.001297326642088592;0.9806950092315674
1080;0.0012821548152714968;0.969111979007721
1081;0.0012699626386165619;0.969111979007721
1082;0.0012474005343392491;0.9749034643173218
1083;0.0012505992781370878;0.9729729890823364
1084;0.00134361966047436;0.9710424542427063
1085;0.0012606090167537332;0.9729729890823364
1086;0.0012072453973814845;0.9710424542427063
1087;0.0012498662108555436;0.9768339991569519
1088;0.001230312860570848;0.9768339991569519
1089;0.0012280745431780815;0.9710424542427063
1090;0.0012749559246003628;0.969111979007721
1091;0.0012388341128826141;0.9710424542427063
1092;0.0011757280444726348;0.9652509689331055
1093;0.0012407806934788823;0.9768339991569519
1094;0.0012728646397590637;0.9749034643173218
1095;0.0012549024540930986;0.9768339991569519
1096;0.0012136002769693732;0.9749034643173218
1097;0.0011695444118231535;0.9768339991569519
1098;0.0013232668861746788;0.969111979007721
1099;0.0012616415042430162;0.9749034643173218
1100;0.001226742984727025;0.9787644743919373
1101;0.001281239790841937;0.9729729890823364
1102;0.0013096971670165658;0.9671814441680908
1103;0.0014364877715706825;0.9575289487838745
1104;0.0012459626886993647;0.9768339991569519
1105;0.0012933496618643403;0.9710424542427063
1106;0.0012338481610640883;0.9710424542427063
1107;0.001295285066589713;0.9652509689331055
1108;0.00135256617795676;0.9652509689331055
1109;0.0013769487850368023;0.9729729890823364
1110;0.0016729129711166024;0.9478764533996582
1111;0.0014139882987365127;0.969111979007721
1112;0.0023610664065927267;0.9034749269485474
1113;0.001673039747402072;0.9459459185600281
1114;0.0016436624573543668;0.953667938709259
1115;0.0015748948790133;0.9594594836235046
1116;0.001968130934983492;0.9285714030265808
1117;0.0018027612240985036;0.9633204340934753
1118;0.0022995180916041136;0.9189189076423645
1119;0.0021725257392972708;0.9247104525566101
1120;0.0015819375403225422;0.9633204340934753
1121;0.0022302886936813593;0.9305019378662109
1122;0.001849536900408566;0.953667938709259
1123;0.0014470687601715326;0.9768339991569519
1124;0.001665016752667725;0.969111979007721
1125;0.0019572298042476177;0.9343629479408264
1126;0.0015717351343482733;0.9787644743919373
1127;0.0019369993824511766;0.9420849680900574
1128;0.001831665518693626;0.9382239580154419
1129;0.0015654240269213915;0.969111979007721
1130;0.001700602937489748;0.9555984735488892
1131;0.0018197684548795223;0.9498069286346436
1132;0.001603064127266407;0.9633204340934753
1133;0.0014503630809485912;0.9729729890823364
1134;0.0015150532126426697;0.9710424542427063
1135;0.001576855662278831;0.9729729890823364
1136;0.0014700316824018955;0.9864864945411682
1137;0.001524347928352654;0.9826254844665527
1138;0.0015352463815361261;0.9729729890823364
1139;0.001450402894988656;0.9749034643173218
1140;0.0014733358984813094;0.9710424542427063
1141;0.0014121885178610682;0.9671814441680908
1142;0.0014020077651366591;0.9749034643173218
1143;0.0013640756951645017;0.9826254844665527
1144;0.0014239737065508962;0.9768339991569519
1145;0.0014076699735596776;0.9768339991569519
1146;0.0013734139502048492;0.9710424542427063
1147;0.001310217659920454;0.9749034643173218
1148;0.0012858835980296135;0.9864864945411682
1149;0.0012762979604303837;0.9729729890823364
1150;0.0013526557013392448;0.9768339991569519
1151;0.001248639659024775;0.9768339991569519
1152;0.00124486128333956;0.9826254844665527
1153;0.0012799677206203341;0.9787644743919373
1154;0.001233014976605773;0.9787644743919373
1155;0.0012189841363579035;0.9749034643173218
1156;0.0012077797437086701;0.9826254844665527
1157;0.0012100100284442306;0.9845559597015381
1158;0.0012470202054828405;0.9710424542427063
1159;0.0011951582273468375;0.9787644743919373
1160;0.0011997231049463153;0.9787644743919373
1161;0.0012391649652272463;0.9787644743919373
1162;0.0011415621265769005;0.9845559597015381
1163;0.0011973974760621786;0.9806950092315674
1164;0.0011555994860827923;0.9845559597015381
1165;0.0012255425099283457;0.969111979007721
1166;0.0011849845759570599;0.9787644743919373
1167;0.0011542721185833216;0.9826254844665527
1168;0.0011491276090964675;0.9749034643173218
1169;0.0011541900457814336;0.9768339991569519
1170;0.0011737555032595992;0.9710424542427063
1171;0.0011638053692877293;0.9729729890823364
1172;0.0011597814736887813;0.9749034643173218
1173;0.0011045588180422783;0.9806950092315674
1174;0.0011538664111867547;0.969111979007721
1175;0.0011389420833438635;0.9787644743919373
1176;0.0011642413446679711;0.9749034643173218
1177;0.0011501963017508388;0.9787644743919373
1178;0.001101017347536981;0.9826254844665527
1179;0.001057400950230658;0.9787644743919373
1180;0.0011252093827351928;0.9826254844665527
1181;0.001100353430956602;0.9864864945411682
1182;0.0011263670166954398;0.9710424542427063
1183;0.0010559632210060954;0.9806950092315674
1184;0.0011072098277509212;0.9845559597015381
1185;0.001083662617020309;0.9787644743919373
1186;0.0010483176447451115;0.9787644743919373
1187;0.0010632887715473771;0.9787644743919373
1188;0.0010998428333550692;0.9710424542427063
1189;0.0011048472952097654;0.9768339991569519
1190;0.0010845582000911236;0.9806950092315674
1191;0.0010599205270409584;0.9826254844665527
1192;0.001071066944859922;0.9806950092315674
1193;0.0010314633836969733;0.9768339991569519
1194;0.001065470278263092;0.9826254844665527
1195;0.0010670420015230775;0.9768339991569519
1196;0.0011694262502714992;0.9787644743919373
1197;0.0011328678810968995;0.9749034643173218
1198;0.00111936847679317;0.9652509689331055
1199;0.0010930282296612859;0.9749034643173218
1200;0.0010233491193503141;0.9826254844665527
1201;0.001082135713659227;0.9787644743919373
1202;0.001122768735513091;0.9729729890823364
1203;0.0010560264345258474;0.9768339991569519
1204;0.0010325878392904997;0.9787644743919373
1205;0.0010945636313408613;0.9768339991569519
1206;0.0010681267594918609;0.9768339991569519
1207;0.0010376621503382921;0.9806950092315674
1208;0.0010268399491906166;0.9806950092315674
1209;0.0011211484670639038;0.9787644743919373
1210;0.0010732370428740978;0.9787644743919373
1211;0.0010712712537497282;0.9729729890823364
1212;0.0010825727367773652;0.9806950092315674
1213;0.0010452093556523323;0.9768339991569519
1214;0.0010545945260673761;0.9845559597015381
1215;0.001055265194736421;0.9710424542427063
1216;0.0010195940267294645;0.9729729890823364
1217;0.0010231174528598785;0.9768339991569519
1218;0.0010057443287223577;0.9768339991569519
1219;0.0010021439520642161;0.9806950092315674
1220;0.0010787136852741241;0.9749034643173218
1221;0.001035690656863153;0.9787644743919373
1222;0.001053773332387209;0.9749034643173218
1223;0.0010467832908034325;0.9768339991569519
1224;0.0010131497401744127;0.9826254844665527
1225;0.0010330115910619497;0.9806950092315674
1226;0.0009788279421627522;0.9826254844665527
1227;0.0009988124947994947;0.9806950092315674
1228;0.0010773270623758435;0.9806950092315674
1229;0.0010691354982554913;0.969111979007721
1230;0.0010180271929129958;0.9806950092315674
1231;0.0010179787641391158;0.9768339991569519
1232;0.001006728271022439;0.9826254844665527
1233;0.0010162102989852428;0.9749034643173218
1234;0.0009873859817162156;0.9826254844665527
1235;0.0009764198330231011;0.9768339991569519
1236;0.0010117747588083148;0.9749034643173218
1237;0.0010030209086835384;0.9768339991569519
1238;0.00101813196670264;0.9768339991569519
1239;0.0010040526976808906;0.9826254844665527
1240;0.0010281341383233666;0.9768339991569519
1241;0.0009949597297236323;0.9787644743919373
1242;0.0010315543040633202;0.9787644743919373
1243;0.0009774444624781609;0.9864864945411682
1244;0.0009615157032385468;0.9845559597015381
1245;0.001028240891173482;0.9787644743919373
1246;0.000981906894594431;0.9806950092315674
1247;0.0010231047635897994;0.9749034643173218
1248;0.000973591348156333;0.9806950092315674
1249;0.0010128646390512586;0.9768339991569519
1250;0.0009613023139536381;0.9826254844665527
1251;0.0009936185088008642;0.9806950092315674
1252;0.0009106391808018088;0.9845559597015381
1253;0.0010425286600366235;0.9806950092315674
1254;0.0009737381478771567;0.9768339991569519
1255;0.0010556039633229375;0.9864864945411682
1256;0.0009682494564913213;0.9845559597015381
1257;0.0009755776263773441;0.9826254844665527
1258;0.000996786984615028;0.9787644743919373
1259;0.0009028490167111158;0.9884169697761536
1260;0.0010064332745969296;0.9806950092315674
1261;0.000981516670435667;0.9826254844665527
1262;0.0009398082038387656;0.9806950092315674
1263;0.0009955394780263305;0.9768339991569519
1264;0.000985921360552311;0.9787644743919373
1265;0.0009917158167809248;0.9787644743919373
1266;0.0009360217954963446;0.9787644743919373
1267;0.0009369738399982452;0.9768339991569519
1268;0.0009539821767248213;0.9787644743919373
1269;0.0010310016805306077;0.969111979007721
1270;0.0009708228753879666;0.9806950092315674
1271;0.001025369274429977;0.9845559597015381
1272;0.0009491383098065853;0.9845559597015381
1273;0.001011936110444367;0.9787644743919373
1274;0.000959342869464308;0.9768339991569519
1275;0.0009794917423278093;0.9826254844665527
1276;0.0011992993531748652;0.969111979007721
1277;0.0009481901070103049;0.9806950092315674
1278;0.0009710243903100491;0.9768339991569519
1279;0.0010542741511017084;0.9671814441680908
1280;0.0009644555975683033;0.9768339991569519
1281;0.0009792712517082691;0.9787644743919373
1282;0.0010221804259344935;0.9826254844665527
1283;0.0009140464826487005;0.9787644743919373
1284;0.0009956629946827888;0.9729729890823364
1285;0.0010388034861534834;0.9768339991569519
1286;0.0009706634446047246;0.9845559597015381
1287;0.0009405902237631381;0.9826254844665527
1288;0.0010156248463317752;0.9806950092315674
1289;0.0009693807223811746;0.9768339991569519
1290;0.0010102071100845933;0.9768339991569519
1291;0.0009177569299936295;0.9826254844665527
1292;0.0009599891491234303;0.9845559597015381
1293;0.0009328521555289626;0.9826254844665527
1294;0.0009532003896310925;0.9826254844665527
1295;0.0010130335576832294;0.9787644743919373
1296;0.0009729411685839295;0.9787644743919373
1297;0.0009053497924469411;0.9787644743919373
1298;0.000978725147433579;0.9826254844665527
1299;0.001017925562337041;0.9768339991569519
1300;0.0009357553790323436;0.9826254844665527
1301;0.0009432038641534746;0.9845559597015381
1302;0.0009306669235229492;0.9806950092315674
1303;0.0009492246899753809;0.9884169697761536
1304;0.0009690823499113321;0.9826254844665527
1305;0.000914833159185946;0.9787644743919373
1306;0.0009041369776241481;0.9864864945411682
1307;0.0009353084024041891;0.9845559597015381
1308;0.0010836290894076228;0.9787644743919373
1309;0.0009427227778360248;0.9806950092315674
1310;0.0009490145021118224;0.9845559597015381
1311;0.0011797863990068436;0.9806950092315674
1312;0.0009343998390249908;0.9864864945411682
1313;0.001578755211085081;0.9478764533996582
1314;0.002152250614017248;0.9208494424819946
1315;0.0038285977207124233;0.7876448035240173
1316;0.004557678941637278;0.7895752787590027
1317;0.005120614543557167;0.7509652376174927
1318;0.0046723331324756145;0.7490347623825073
1319;0.003934037405997515;0.8127413392066956
1320;0.0053430963307619095;0.6911196708679199
1321;0.004864848684519529;0.7258687019348145
1322;0.004095901269465685;0.7895752787590027
1323;0.003787398338317871;0.8146718144416809
1324;0.004260925576090813;0.7683397531509399
1325;0.0035160116385668516;0.8513513803482056
1326;0.0030476641841232777;0.8976833820343018
1327;0.003301711054518819;0.8745173811912537
1328;0.0032575991936028004;0.8745173811912537
1329;0.002858550287783146;0.9015443921089172
1330;0.0030323504470288754;0.8648648858070374
1331;0.003206271445378661;0.8687258958816528
1332;0.0026905080303549767;0.9054054021835327
1333;0.0025977790355682373;0.9111968874931335
1334;0.0030240463092923164;0.8667953610420227
1335;0.0024100332520902157;0.9285714030265808
1336;0.002125401748344302;0.9285714030265808
1337;0.0025713196955621243;0.8976833820343018
1338;0.002136628143489361;0.9478764533996582
1339;0.0021757101640105247;0.9440154433250427
1340;0.002428732579573989;0.9054054021835327
1341;0.0018138192826882005;0.953667938709259
1342;0.002302988665178418;0.9498069286346436
1343;0.002644188702106476;0.9015443921089172
1344;0.0025259703397750854;0.9111968874931335
1345;0.0019483283394947648;0.953667938709259
1346;0.0017881583189591765;0.9768339991569519
1347;0.001935865031555295;0.9555984735488892
1348;0.0016430708346888423;0.9806950092315674
1349;0.0015892296796664596;0.9710424542427063
1350;0.0015309930313378572;0.9826254844665527
1351;0.001605519326403737;0.9710424542427063
1352;0.0015254504978656769;0.9710424542427063
1353;0.0014773651491850615;0.9806950092315674
1354;0.0015337681397795677;0.9652509689331055
1355;0.0015379509422928095;0.9710424542427063
1356;0.0012726630084216595;0.9845559597015381
1357;0.0013220100663602352;0.9826254844665527
1358;0.0014314306899905205;0.9671814441680908
1359;0.0013271159259602427;0.9787644743919373
1360;0.0012458922574296594;0.9787644743919373
1361;0.0011870189337059855;0.9864864945411682
1362;0.0011752367718145251;0.9806950092315674
1363;0.0014095089863985777;0.9806950092315674
1364;0.0011342987418174744;0.9884169697761536
1365;0.0012010206701233983;0.9787644743919373
1366;0.0012250448344275355;0.9806950092315674
1367;0.0011549220653250813;0.9806950092315674
1368;0.001132881036028266;0.9826254844665527
1369;0.001105769770219922;0.9884169697761536
1370;0.0011091267224401236;0.9845559597015381
1371;0.0010816623689606786;0.9864864945411682
1372;0.0010059719206765294;0.9864864945411682
1373;0.0010135150514543056;0.9864864945411682
1374;0.0010058066109195352;0.9864864945411682
1375;0.0010186220752075315;0.9864864945411682
1376;0.0009821768617257476;0.9806950092315674
1377;0.001019936054944992;0.9845559597015381
1378;0.001013819477520883;0.9884169697761536
1379;0.0009603562066331506;0.9864864945411682
1380;0.0009500040323473513;0.9787644743919373
1381;0.0009738683584146202;0.9845559597015381
1382;0.000963654660154134;0.9884169697761536
1383;0.0009530631941743195;0.9826254844665527
1384;0.0010074286255985498;0.9845559597015381
1385;0.000928614055737853;0.9845559597015381
1386;0.0009614216396585107;0.9826254844665527
1387;0.0009108295780606568;0.9826254844665527
1388;0.0009463259484618902;0.9845559597015381
1389;0.0009420471615158021;0.9864864945411682
1390;0.0009424255113117397;0.9826254844665527
1391;0.0009169375407509506;0.9806950092315674
1392;0.0009495173580944538;0.9806950092315674
1393;0.0008918614475987852;0.9884169697761536
1394;0.0009079042938537896;0.9826254844665527
1395;0.000912441115360707;0.9864864945411682
1396;0.0008983603911474347;0.9845559597015381
1397;0.0009047357016243041;0.9884169697761536
1398;0.0008922338602133095;0.9884169697761536
1399;0.0008994096424430609;0.9806950092315674
1400;0.0008819345384836197;0.9884169697761536
1401;0.0008755390299484134;0.9884169697761536
1402;0.0008890745812095702;0.9787644743919373
1403;0.0008536441018804908;0.9864864945411682
1404;0.0009151737904176116;0.9826254844665527
1405;0.0008961886051110923;0.9903475046157837
1406;0.0008813678286969662;0.9884169697761536
1407;0.0008821722003631294;0.9787644743919373
1408;0.0009050950175151229;0.9864864945411682
1409;0.0008897589286789298;0.9903475046157837
1410;0.0009170318371616304;0.9864864945411682
1411;0.0008430235320702195;0.9884169697761536
1412;0.0008840004447847605;0.9845559597015381
1413;0.000865392736159265;0.9826254844665527
1414;0.0008501858101226389;0.9884169697761536
1415;0.000839858956169337;0.9864864945411682
1416;0.0008322907378897071;0.9845559597015381
1417;0.0008528303587809205;0.9903475046157837
1418;0.0008525883895345032;0.9826254844665527
1419;0.0008107576286420226;0.9903475046157837
1420;0.0008647541981190443;0.9884169697761536
1421;0.0008478708332404494;0.9884169697761536
1422;0.0008223572513088584;0.9903475046157837
1423;0.0008286429801955819;0.9845559597015381
1424;0.000837712490465492;0.9884169697761536
1425;0.0008308019023388624;0.992277979850769
1426;0.0008136406540870667;0.9903475046157837
1427;0.0008326865499839187;0.9864864945411682
1428;0.0008276450680568814;0.992277979850769
1429;0.0008402734529227018;0.9826254844665527
1430;0.000812393962405622;0.9845559597015381
1431;0.0008013624465093017;0.9884169697761536
1432;0.0007978841895237565;0.9845559597015381
1433;0.0008338151383213699;0.9864864945411682
1434;0.0008092985954135656;0.9845559597015381
1435;0.0008146576001308858;0.9903475046157837
1436;0.0008180426084436476;0.9826254844665527
1437;0.0008368199924007058;0.9864864945411682
1438;0.0007963760290294886;0.9903475046157837
1439;0.0008275973959825933;0.9806950092315674
1440;0.0007904937374405563;0.9864864945411682
1441;0.0007920663338154554;0.9903475046157837
1442;0.0008561044232919812;0.9845559597015381
1443;0.0008477037190459669;0.9845559597015381
1444;0.0008022056426852942;0.9864864945411682
1445;0.0008257414447143674;0.9826254844665527
1446;0.0008609952637925744;0.9864864945411682
1447;0.00085085240425542;0.9826254844665527
1448;0.0007979635847732425;0.9864864945411682
1449;0.0008039028034545481;0.9903475046157837
1450;0.0008300899062305689;0.9864864945411682
1451;0.0007672171341255307;0.9903475046157837
1452;0.0008775385213084519;0.9845559597015381
1453;0.0008823736570775509;0.9768339991569519
1454;0.000981972087174654;0.9768339991569519
1455;0.000788170553278178;0.9864864945411682
1456;0.0008180498844012618;0.9845559597015381
1457;0.0008511659689247608;0.9806950092315674
1458;0.0008403430692851543;0.9826254844665527
1459;0.0008415322517976165;0.9806950092315674
1460;0.0008070624899119139;0.9826254844665527
1461;0.000786155229434371;0.9826254844665527
1462;0.0008100590202957392;0.9845559597015381
1463;0.000837945262901485;0.992277979850769
1464;0.0008243532502092421;0.9903475046157837
1465;0.0008375190664082766;0.9884169697761536
1466;0.0008410753798671067;0.9806950092315674
1467;0.0008213017717935145;0.9864864945411682
1468;0.0007849326939322054;0.9845559597015381
1469;0.0008296383894048631;0.9787644743919373
1470;0.0008087570895440876;0.9826254844665527
1471;0.0008361554355360568;0.9845559597015381
1472;0.0007977413479238749;0.9806950092315674
1473;0.0008448026492260396;0.9768339991569519
1474;0.0007706266478635371;0.9884169697761536
1475;0.0008123388979583979;0.9903475046157837
1476;0.0008230910170823336;0.9845559597015381
1477;0.0008428572327829897;0.9826254844665527
1478;0.0007610677857883275;0.9864864945411682
1479;0.0007879827753640711;0.9826254844665527
1480;0.0007875041919760406;0.992277979850769
1481;0.0007948769489303231;0.992277979850769
1482;0.000781868991907686;0.9884169697761536
1483;0.0007699342677369714;0.9845559597015381
1484;0.0007666483288630843;0.9884169697761536
1485;0.0007732901722192764;0.9806950092315674
1486;0.000746603065636009;0.9942085146903992
1487;0.0008277465240098536;0.9710424542427063
1488;0.0007389495731331408;0.992277979850769
1489;0.0007475942256860435;0.9903475046157837
1490;0.0008137255790643394;0.9864864945411682
1491;0.0007804171764291823;0.9884169697761536
1492;0.0008379325736314058;0.9806950092315674
1493;0.0008143261075019836;0.9845559597015381
1494;0.000871970085427165;0.9806950092315674
1495;0.000838105974253267;0.9845559597015381
1496;0.0008116140379570425;0.9787644743919373
1497;0.0007845056243240833;0.9884169697761536
1498;0.0008513583452440798;0.9864864945411682
1499;0.0007927838596515357;0.9903475046157837
