iteration;loss;accuracy
0;0.09567903727293015;0.32258063554763794
1;0.08806981891393661;0.35483869910240173
2;0.07982964813709259;0.29032257199287415
3;0.07185277342796326;0.29032257199287415
4;0.06718969345092773;0.29032257199287415
5;0.07256762683391571;0.4193548262119293
6;0.06798376142978668;0.4516128897666931
7;0.06635963916778564;0.25806450843811035
8;0.06500501930713654;0.4516128897666931
9;0.06295903027057648;0.4193548262119293
10;0.06340548396110535;0.4838709533214569
11;0.060950055718421936;0.4838709533214569
12;0.06413909047842026;0.4193548262119293
13;0.060114696621894836;0.4516128897666931
14;0.06125347316265106;0.4516128897666931
15;0.05737407132983208;0.6451612710952759
16;0.05806778743863106;0.5483871102333069
17;0.056934699416160583;0.5161290168762207
18;0.05498124286532402;0.6451612710952759
19;0.054596494883298874;0.6129032373428345
20;0.05194073170423508;0.6451612710952759
21;0.0507739782333374;0.6774193644523621
22;0.04714727774262428;0.774193525314331
23;0.04552106559276581;0.7096773982048035
24;0.04657229036092758;0.6774193644523621
25;0.03962356597185135;0.774193525314331
26;0.03904741257429123;0.774193525314331
27;0.040296267718076706;0.774193525314331
28;0.04228925332427025;0.7419354915618896
29;0.040428586304187775;0.7096773982048035
30;0.03679120913147926;0.774193525314331
31;0.03204067796468735;0.8709677457809448
32;0.03432597219944;0.9032257795333862
33;0.03305269405245781;0.8064516186714172
34;0.03443647548556328;0.8709677457809448
35;0.03398063778877258;0.7419354915618896
36;0.028994347900152206;0.8064516186714172
37;0.02815345488488674;0.9032257795333862
38;0.027320172637701035;0.8709677457809448
39;0.026758303865790367;0.8709677457809448
40;0.028032030910253525;0.9354838728904724
41;0.026672136038541794;0.9032257795333862
42;0.02271139807999134;0.9677419066429138
43;0.021802164614200592;0.9677419066429138
44;0.020246639847755432;1.0
45;0.023366732522845268;0.9354838728904724
46;0.01664794608950615;1.0
47;0.020403660833835602;0.9677419066429138
48;0.015341994352638721;1.0
49;0.015656758099794388;1.0
50;0.014207168482244015;1.0
51;0.01742302067577839;1.0
52;0.014958697371184826;1.0
53;0.01506862137466669;1.0
54;0.015942776575684547;1.0
55;0.013438872061669827;1.0
56;0.013731813058257103;1.0
57;0.011265251785516739;1.0
58;0.010573208332061768;1.0
59;0.01179042924195528;1.0
60;0.009464197792112827;1.0
61;0.011223659850656986;1.0
62;0.010405226610600948;1.0
63;0.010481424629688263;1.0
64;0.01054193452000618;1.0
65;0.008160247467458248;1.0
66;0.010140310972929;1.0
67;0.0072145406156778336;1.0
68;0.007568118162453175;1.0
69;0.008085413835942745;1.0
70;0.007208751980215311;1.0
71;0.0058434284292161465;1.0
72;0.008802482858300209;1.0
73;0.006674815434962511;1.0
74;0.010835778899490833;1.0
75;0.008402172476053238;1.0
76;0.008079562336206436;1.0
77;0.010255918838083744;1.0
78;0.006207800004631281;1.0
79;0.006546598859131336;1.0
80;0.007009944412857294;1.0
81;0.00718603003770113;1.0
82;0.006044390611350536;1.0
83;0.006480200681835413;1.0
84;0.0067206211388111115;1.0
85;0.006635267287492752;1.0
86;0.006787549704313278;1.0
87;0.004753622226417065;1.0
88;0.006272822618484497;1.0
89;0.006373253650963306;1.0
90;0.006624599918723106;1.0
91;0.005521623883396387;1.0
92;0.004768164828419685;1.0
93;0.00422723637893796;1.0
94;0.0039047154132276773;1.0
95;0.0052463156171143055;1.0
96;0.005046357400715351;1.0
97;0.005415494553744793;1.0
98;0.004423872567713261;1.0
99;0.004290644079446793;1.0
100;0.004014638252556324;1.0
101;0.003881384152919054;1.0
102;0.0046620359644293785;1.0
103;0.005166941322386265;1.0
104;0.00507814297452569;1.0
105;0.004356933292001486;1.0
106;0.00460703345015645;1.0
107;0.003295416943728924;1.0
108;0.004325337242335081;1.0
109;0.003923268057405949;1.0
110;0.0033891210332512856;1.0
111;0.0033428389579057693;1.0
112;0.003352497238665819;1.0
113;0.0034701272379606962;1.0
114;0.003148783463984728;1.0
115;0.004531350452452898;1.0
116;0.003222120925784111;1.0
117;0.003460912499576807;1.0
118;0.0034710243344306946;1.0
119;0.0026197500992566347;1.0
120;0.0037345311138778925;1.0
121;0.002821291098371148;1.0
122;0.002542066853493452;1.0
123;0.004572060890495777;1.0
124;0.0038803713396191597;1.0
125;0.003220961894840002;1.0
126;0.004636269062757492;1.0
127;0.0036750619765371084;1.0
128;0.0032867034897208214;1.0
129;0.0024482093285769224;1.0
130;0.0032342339400202036;1.0
131;0.0031936324667185545;1.0
132;0.0025722086429595947;1.0
133;0.0024179164320230484;1.0
134;0.003275726456195116;1.0
135;0.002279315609484911;1.0
136;0.003608038416132331;1.0
137;0.003928491845726967;1.0
138;0.0022448846139013767;1.0
139;0.0030005858279764652;1.0
140;0.0026154727675020695;1.0
141;0.0025362425949424505;1.0
142;0.0019070575945079327;1.0
143;0.0026537806261330843;1.0
144;0.002039042767137289;1.0
145;0.0026803582441061735;1.0
146;0.0026883939281105995;1.0
147;0.002668272238224745;1.0
148;0.0029087357688695192;1.0
149;0.0028590154834091663;1.0
150;0.0026144685689359903;1.0
151;0.003187431488186121;1.0
152;0.003478131489828229;1.0
153;0.0027841851115226746;1.0
154;0.0027287902776151896;1.0
155;0.0022835335694253445;1.0
156;0.003832129528746009;1.0
157;0.0030379698146134615;1.0
158;0.002630076138302684;1.0
159;0.003264897270128131;1.0
160;0.0020705319475382566;1.0
161;0.004190440755337477;1.0
162;0.002300126478075981;1.0
163;0.002083730883896351;1.0
164;0.0027282366063445807;1.0
165;0.0023397402837872505;1.0
166;0.0021009447518736124;1.0
167;0.0022358642891049385;1.0
168;0.0023264673072844744;1.0
169;0.0024107876233756542;1.0
170;0.002611494390293956;1.0
171;0.0023647986818104982;1.0
172;0.002484216820448637;1.0
173;0.0018355791689828038;1.0
174;0.002170809544622898;1.0
175;0.0021224350202828646;1.0
176;0.002099535660818219;1.0
177;0.0020447978749871254;1.0
178;0.001517810975201428;1.0
179;0.0018186956876888871;1.0
180;0.001963601913303137;1.0
181;0.0026462101377546787;1.0
182;0.0028307416941970587;1.0
183;0.0019609194714576006;1.0
184;0.00242053484544158;1.0
185;0.0019181625684723258;1.0
186;0.002122469712048769;1.0
187;0.0012919099535793066;1.0
188;0.0016368734650313854;1.0
189;0.002056222641840577;1.0
190;0.003119453089311719;1.0
191;0.0020523839630186558;1.0
192;0.0019121798686683178;1.0
193;0.001713721314445138;1.0
194;0.002159038558602333;1.0
195;0.0028702097479254007;1.0
196;0.002527964301407337;1.0
197;0.0023358589969575405;1.0
198;0.0023567003663629293;1.0
199;0.0016202382976189256;1.0
200;0.0021694255992770195;1.0
201;0.0027908706106245518;1.0
202;0.0023064743727445602;1.0
203;0.002979001961648464;1.0
204;0.0023428001441061497;1.0
205;0.0027635525912046432;1.0
206;0.00248043704777956;1.0
207;0.0017185594188049436;1.0
208;0.001913040759973228;1.0
209;0.0016331529477611184;1.0
210;0.0020908331498503685;1.0
211;0.002522001275792718;1.0
212;0.0021928567439317703;1.0
213;0.0019547396805137396;1.0
214;0.0016003686469048262;1.0
215;0.0012752726906910539;1.0
216;0.0019350112415850163;1.0
217;0.001530707930214703;1.0
218;0.001531741814687848;1.0
219;0.00161751767154783;1.0
220;0.002648045774549246;1.0
221;0.0015565810026600957;1.0
222;0.0016656452789902687;1.0
223;0.0021090274676680565;1.0
224;0.0016153379110619426;1.0
225;0.001982766669243574;1.0
226;0.001594160101376474;1.0
227;0.0017410368891432881;1.0
228;0.0015688802814111114;1.0
229;0.0014759924961254;1.0
230;0.0015011559007689357;1.0
231;0.0012177490862086415;1.0
232;0.0014618708519265056;1.0
233;0.0024000469129532576;1.0
234;0.0014199684374034405;1.0
235;0.0015445646131411195;1.0
236;0.001865002908743918;1.0
237;0.0011659297160804272;1.0
238;0.0012384215369820595;1.0
239;0.0015986525686457753;1.0
240;0.0016767233610153198;1.0
241;0.0017376525793224573;1.0
242;0.0011440234957262874;1.0
243;0.00154441362246871;1.0
244;0.0011309175752103329;1.0
245;0.0014633085811510682;1.0
246;0.0015834759688004851;1.0
247;0.0010364832123741508;1.0
248;0.000949788314756006;1.0
249;0.0016171432798728347;1.0
250;0.0010699857957661152;1.0
251;0.0016352030215784907;1.0
252;0.001049452694132924;1.0
253;0.0011130758794024587;1.0
254;0.0021228198893368244;1.0
255;0.0011647819774225354;1.0
256;0.0010741263395175338;1.0
257;0.0007483657682314515;1.0
258;0.0014168019406497478;1.0
259;0.0009645128739066422;1.0
260;0.0012752115726470947;1.0
261;0.0008087081369012594;1.0
262;0.0009346762089990079;1.0
263;0.0011948846513405442;1.0
264;0.0011940865078940988;1.0
265;0.0009797450620681047;1.0
266;0.0011009128065779805;1.0
267;0.0010328416246920824;1.0
268;0.0012654704041779041;1.0
269;0.001710573909804225;1.0
270;0.001378288958221674;1.0
271;0.0010620076209306717;1.0
272;0.000887738773599267;1.0
273;0.0011638724245131016;1.0
274;0.0010875510051846504;1.0
275;0.0008962497813627124;1.0
276;0.0013326628832146525;1.0
277;0.0014121804852038622;1.0
278;0.0010950231226161122;1.0
279;0.0008373372838832438;1.0
280;0.0012030841317027807;1.0
281;0.0009192865109071136;1.0
282;0.0015530264936387539;1.0
283;0.0010930101852864027;1.0
284;0.0010187025181949139;1.0
285;0.0010029417462646961;1.0
286;0.0010902377543970942;1.0
287;0.0014742666389793158;1.0
288;0.0014056111685931683;1.0
289;0.0008613047539256513;1.0
290;0.0007300705183297396;1.0
291;0.0010789603693410754;1.0
292;0.0010589490411803126;1.0
293;0.0017816976178437471;1.0
294;0.0008740225457586348;1.0
295;0.0012239845236763358;1.0
296;0.0012218524934723973;1.0
297;0.0012264507822692394;1.0
298;0.0006781592965126038;1.0
299;0.0006920485757291317;1.0
300;0.0012261088704690337;1.0
301;0.0005831273156218231;1.0
302;0.0010845372453331947;1.0
303;0.0010275717359036207;1.0
304;0.0008214506669901311;1.0
305;0.0006619121413677931;1.0
306;0.0009054878610186279;1.0
307;0.0008682822226546705;1.0
308;0.0011936011724174023;1.0
309;0.0011041694087907672;1.0
310;0.0009179682238027453;1.0
311;0.0008050859905779362;1.0
312;0.0006466683698818088;1.0
313;0.0009164679213427007;1.0
314;0.0008582336595281959;1.0
315;0.0007795481942594051;1.0
316;0.0011570032220333815;1.0
317;0.0007403425988741219;1.0
318;0.000778256799094379;1.0
319;0.0006232103332877159;1.0
320;0.0008477178052999079;1.0
321;0.0008807936101220548;1.0
322;0.0008678344893269241;1.0
323;0.0012837122194468975;1.0
324;0.000732462911400944;1.0
325;0.0008362576481886208;1.0
326;0.0007538521895185113;1.0
327;0.0009258717764168978;1.0
328;0.0007857880555093288;1.0
329;0.0008833997417241335;1.0
330;0.00048166789929382503;1.0
331;0.0008325388771481812;1.0
332;0.0009981871116906404;1.0
333;0.0009075309499166906;1.0
334;0.0009544969070702791;1.0
335;0.0010544105898588896;1.0
336;0.0009330114698968828;1.0
337;0.0006816269597038627;1.0
338;0.0006420542486011982;1.0
339;0.001062388182617724;1.0
340;0.0006457354174926877;1.0
341;0.0004602107801474631;1.0
342;0.0007688927580602467;1.0
343;0.0011116012465208769;1.0
344;0.0007976070628501475;1.0
345;0.000611401628702879;1.0
346;0.0008287072414532304;1.0
347;0.000617462967056781;1.0
348;0.0010052709840238094;1.0
349;0.0009913155809044838;1.0
350;0.0006005497998557985;1.0
351;0.0005991978105157614;1.0
352;0.0008302922360599041;1.0
353;0.0008314189035445452;1.0
354;0.0008944976143538952;1.0
355;0.000859133608173579;1.0
356;0.000634157273452729;1.0
357;0.0006565031944774091;1.0
358;0.0008391037699766457;1.0
359;0.0007972754538059235;1.0
360;0.0009553469717502594;1.0
361;0.0007556264754384756;1.0
362;0.0005884047131985426;1.0
363;0.0005582114099524915;1.0
364;0.0007313732639886439;1.0
365;0.00044710570364259183;1.0
366;0.0007115062908269465;1.0
367;0.0006713306065648794;1.0
368;0.0005820993101224303;1.0
369;0.0005515464581549168;1.0
370;0.0006434360984712839;1.0
371;0.0005811408045701683;1.0
372;0.0008995789103209972;1.0
373;0.0006387329194694757;1.0
374;0.0007005889783613384;1.0
375;0.0005945864832028747;1.0
376;0.000564739340916276;1.0
377;0.0006365228327922523;1.0
378;0.0009726425050757825;1.0
379;0.0005988767952658236;1.0
380;0.0008251161780208349;1.0
381;0.0009151914855465293;1.0
382;0.0005731685669161379;1.0
383;0.0011217485880479217;1.0
384;0.000624745967797935;1.0
385;0.0005273162387311459;1.0
386;0.0007350689265877008;1.0
387;0.0006886140909045935;1.0
388;0.0006630998104810715;1.0
389;0.000859293038956821;1.0
390;0.0003529326932039112;1.0
391;0.0006316851358860731;1.0
392;0.0005885176942683756;1.0
393;0.0006228385027498007;1.0
394;0.0005852979957126081;1.0
395;0.0004517927300184965;1.0
396;0.0006524071795865893;1.0
397;0.0007553681498393416;1.0
398;0.0005711819976568222;1.0
399;0.0009092760155908763;1.0
400;0.0005849241279065609;1.0
401;0.0006270360318012536;1.0
402;0.0005983702139928937;1.0
403;0.0005325125530362129;1.0
404;0.0004986263811588287;1.0
405;0.0007237512618303299;1.0
406;0.0006186406826600432;1.0
407;0.0004931475850753486;1.0
408;0.0006107518565841019;1.0
409;0.0007416302687488496;1.0
410;0.000743588141631335;1.0
411;0.00045800715452060103;1.0
412;0.00049004697939381;1.0
413;0.00046915572602301836;1.0
414;0.0006291017052717507;1.0
415;0.0004968334687873721;1.0
416;0.0007239190745167434;1.0
417;0.0008329448173753917;1.0
418;0.0006912819226272404;1.0
419;0.0004832690174225718;1.0
420;0.0007382191251963377;1.0
421;0.000661147409118712;1.0
422;0.00043394346721470356;1.0
423;0.0004670560301747173;1.0
424;0.0005865131388418376;1.0
425;0.0004127265128772706;1.0
426;0.0005245266947895288;1.0
427;0.00043576539610512555;1.0
428;0.00033719110069796443;1.0
429;0.0004161064571235329;1.0
430;0.0005144925671629608;1.0
431;0.00042145090992562473;1.0
432;0.00038034291355870664;1.0
433;0.00045572887756861746;1.0
434;0.0005013524787500501;1.0
435;0.000350461108610034;1.0
436;0.0004011479904875159;1.0
437;0.00040788602200336754;1.0
438;0.00036640523467212915;1.0
439;0.00046694796765223145;1.0
440;0.0003897236310876906;1.0
441;0.00029979649116285145;1.0
442;0.0003444250614847988;1.0
443;0.00046916824067011476;1.0
444;0.0004315158003009856;1.0
445;0.0005246829823590815;1.0
446;0.0003399504057597369;1.0
447;0.0005558631964959204;1.0
448;0.00042601869790814817;1.0
449;0.00043484929483383894;1.0
450;0.0004469430132303387;1.0
451;0.0004582837864290923;1.0
452;0.00035061652306467295;1.0
453;0.000392910442315042;1.0
454;0.0003581447235774249;1.0
455;0.00049500452587381;1.0
456;0.00047079796786420047;1.0
457;0.000327287387335673;1.0
458;0.0003626752586569637;1.0
459;0.00033886823803186417;1.0
460;0.0002949222980532795;1.0
461;0.00033832737244665623;1.0
462;0.0004210815532132983;1.0
463;0.0003800012927968055;1.0
464;0.00031914145802147686;1.0
465;0.0003654226893559098;1.0
466;0.0006120148464106023;1.0
467;0.00061973457923159;1.0
468;0.0004081827064510435;1.0
469;0.0004346877976786345;1.0
470;0.0002905359142459929;1.0
471;0.00031349665368907154;1.0
472;0.0005160801811143756;1.0
473;0.00038544059498235583;1.0
474;0.00045559703721664846;1.0
475;0.0004074537428095937;1.0
476;0.0003952333063352853;1.0
477;0.0003763021668419242;1.0
478;0.0005179878207854927;1.0
479;0.0004306076152715832;1.0
480;0.0003401999128982425;1.0
481;0.00041909507126547396;1.0
482;0.0003916335990652442;1.0
483;0.00038597031380049884;1.0
484;0.0002815017360262573;1.0
485;0.0005377394263632596;1.0
486;0.0002974319795612246;1.0
487;0.00037837427225895226;1.0
488;0.0004435921728145331;1.0
489;0.0005061315023340285;1.0
490;0.00038252625381574035;1.0
491;0.0003145960799884051;1.0
492;0.0003459178551565856;1.0
493;0.00028859981102868915;1.0
494;0.00048199365846812725;1.0
495;0.00044411010458134115;1.0
496;0.0005866391584277153;1.0
497;0.0005066543235443532;1.0
498;0.000475308857858181;1.0
499;0.0004009860276710242;1.0
500;0.0002084067091345787;1.0
501;0.0004190246690995991;1.0
502;0.00045256366138346493;1.0
503;0.00039669082616455853;1.0
504;0.0003775126242544502;1.0
505;0.00029459845973178744;1.0
506;0.00046352908248081803;1.0
507;0.0004030045820400119;1.0
508;0.00034538007457740605;1.0
509;0.0002494772197678685;1.0
510;0.0002848619478754699;1.0
511;0.0004167573060840368;1.0
512;0.00038689016946591437;1.0
513;0.00031375090475194156;1.0
514;0.00020204935572110116;1.0
515;0.0003150154952891171;1.0
516;0.00038794137071818113;1.0
517;0.0003245004918426275;1.0
518;0.0001880275522125885;1.0
519;0.00027823675191029906;1.0
520;0.000282506545772776;1.0
521;0.0004858296306338161;1.0
522;0.00031793187372386456;1.0
523;0.00026246230117976665;1.0
524;0.0002910712792072445;1.0
525;0.00028648378793150187;1.0
526;0.0003542193735484034;1.0
527;0.00029576499946415424;1.0
528;0.00026624544989317656;1.0
529;0.00035226589534431696;1.0
530;0.00032233953243121505;1.0
531;0.00034842267632484436;1.0
532;0.0003365945303812623;1.0
533;0.0003286464780103415;1.0
534;0.0004914519377052784;1.0
535;0.00036521453876048326;1.0
536;0.00030241883359849453;1.0
537;0.00035243050660938025;1.0
538;0.00036527824704535306;1.0
539;0.000273702695267275;1.0
540;0.00037770363269373775;1.0
541;0.0003154858131892979;1.0
542;0.0002170359221054241;1.0
543;0.0003766450972761959;1.0
544;0.00034645438427105546;1.0
545;0.0003156155289616436;1.0
546;0.0003270526940468699;1.0
547;0.00045539290294982493;1.0
548;0.00027514263638295233;1.0
549;0.0003041751915588975;1.0
550;0.00022446505317930132;1.0
551;0.00033084210008382797;1.0
552;0.0002528761688154191;1.0
553;0.0003619106428232044;1.0
554;0.00038445464451797307;1.0
555;0.00037719481042586267;1.0
556;0.00023319957836065441;1.0
557;0.000526039453689009;1.0
558;0.00027569133089855313;1.0
559;0.0002654670679476112;1.0
560;0.00025595680926926434;1.0
561;0.0002426105784252286;1.0
562;0.00023959370446391404;1.0
563;0.00038469076389446855;1.0
564;0.0003189338312949985;1.0
565;0.00015266891568899155;1.0
566;0.00033147394424304366;1.0
567;0.00030431905179284513;1.0
568;0.0002001081738853827;1.0
569;0.00024769280571490526;1.0
570;0.00035086169373244047;1.0
571;0.00039219908649101853;1.0
572;0.0002661600010469556;1.0
573;0.0002478450769558549;1.0
574;0.0002842538815457374;1.0
575;0.00030431972118094563;1.0
576;0.00029760797042399645;1.0
577;0.0003368709294591099;1.0
578;0.0001641297130845487;1.0
579;0.00023438531206920743;1.0
580;0.00023721471370663494;1.0
581;0.00024878489784896374;1.0
582;0.00024411760387010872;1.0
583;0.0002823905961122364;1.0
584;0.0002877483784686774;1.0
585;0.0005091759958304465;1.0
586;0.00036977219861000776;1.0
587;0.00018840935081243515;1.0
588;0.00024058784765657037;1.0
589;0.0002074250514851883;1.0
590;0.0002551627403590828;1.0
591;0.0002245152572868392;1.0
592;0.000322727340972051;1.0
593;0.00024197551829274744;1.0
594;0.00017718516755849123;1.0
595;0.00018821960838977247;1.0
596;0.0004455277230590582;1.0
597;0.00025631222524680197;1.0
598;0.00030495066312141716;1.0
599;0.00037176109617576003;1.0
600;0.00029749274835921824;1.0
601;0.00021946565539110452;1.0
602;0.00019525588140822947;1.0
603;0.0003621648356784135;1.0
604;0.0002961768477689475;1.0
605;0.00024134860723279417;1.0
606;0.00026550423353910446;1.0
607;0.00030464434530586004;1.0
608;0.00028755568200722337;1.0
609;0.00022677952074445784;1.0
610;0.00034462555777281523;1.0
611;0.00020818923076149076;1.0
612;0.0002491213963367045;1.0
613;0.0002628943766467273;1.0
614;0.00025845764321275055;1.0
615;0.0002445279387757182;1.0
616;0.00025388694484718144;1.0
617;0.0002634208940435201;1.0
618;0.00039966817712411284;1.0
619;0.00025065630325116217;1.0
620;0.00024863117141649127;1.0
621;0.0002883576089516282;1.0
622;0.00027280746144242585;1.0
623;0.00025879251188598573;1.0
624;0.00026962163974530995;1.0
625;0.00019275608065072447;1.0
626;0.0002646728535182774;1.0
627;0.00025444015045650303;1.0
628;0.0003214920579921454;1.0
629;0.0002722055360209197;1.0
630;0.00023075145145412534;1.0
631;0.00029072570032440126;1.0
632;0.0003606845566537231;1.0
633;0.0002644352207425982;1.0
634;0.0001836902811191976;1.0
635;0.00025225873105227947;1.0
636;0.0002448480518069118;1.0
637;0.000194014108274132;1.0
638;0.0003783073043450713;1.0
639;0.00026190149947069585;1.0
640;0.00022605519916396588;1.0
641;0.00019969147979281843;1.0
642;0.00023676283308304846;1.0
643;0.00025639645173214376;1.0
644;0.00047786004142835736;1.0
645;0.00022031435219105333;1.0
646;0.00017212472448591143;1.0
647;0.00018757868383545429;1.0
648;0.0002179308794438839;1.0
649;0.0003935874265152961;1.0
650;0.0003369339683558792;1.0
651;0.00016562223026994616;1.0
652;0.00026142981369048357;1.0
653;0.0001824090286390856;1.0
654;0.0002016141079366207;1.0
655;0.00023618222621735185;1.0
656;0.00022306379105430096;1.0
657;0.0001611221523489803;1.0
658;0.0002309691481059417;1.0
659;0.00034230377059429884;1.0
660;0.00022099459602031857;1.0
661;0.0002549688797444105;1.0
662;0.00019343558233231306;1.0
663;0.00017722934717312455;1.0
664;0.0003008998464792967;1.0
665;0.00026042491663247347;1.0
666;0.00025453188573010266;1.0
667;0.0003473430115263909;1.0
668;0.00022473085846286267;1.0
669;0.00022723925940226763;1.0
670;0.00030411843908950686;1.0
671;0.00029320456087589264;1.0
672;0.0002578939020168036;1.0
673;0.00020404494716785848;1.0
674;0.000275719678029418;1.0
675;0.0002686750376597047;1.0
676;0.0002601527376100421;1.0
677;0.00019393739057704806;1.0
678;0.0002143188612535596;1.0
679;0.00021518784342333674;1.0
680;0.00021346556604839861;1.0
681;0.00025964315864257514;1.0
682;0.00020442628010641783;1.0
683;0.00018521463789511472;1.0
684;0.00025149615248665214;1.0
685;0.00015047284250613302;1.0
686;0.00016501924255862832;1.0
687;0.00012686602713074535;1.0
688;0.00017997996474150568;1.0
689;0.0001467492984374985;1.0
690;0.0002021228865487501;1.0
691;0.0002808275166898966;1.0
692;0.00022629887098446488;1.0
693;0.00024516021949239075;1.0
694;0.00020755475270561874;1.0
695;0.0002719323383644223;1.0
696;0.00023541849805042148;1.0
697;0.00019586300186347216;1.0
698;0.0001404221693519503;1.0
699;0.0002817364875227213;1.0
700;0.0001386790390824899;1.0
701;0.00021550703968387097;1.0
702;0.0001730012008920312;1.0
703;0.00019356110715307295;1.0
704;0.00017101231787819415;1.0
705;0.00015456021355930716;1.0
706;0.00015320772945415229;1.0
707;0.0002335265453439206;1.0
708;0.0002012845507124439;1.0
709;0.00017542802379466593;1.0
710;0.0001612804626347497;1.0
711;0.00012623352813534439;1.0
712;0.0001754420663928613;1.0
713;0.00015888614871073514;1.0
714;0.00016930527635850012;1.0
715;0.00022598182840738446;1.0
716;0.00014875305350869894;1.0
717;0.0002138018171535805;1.0
718;0.00017679356096778065;1.0
719;0.0002880654064938426;1.0
720;0.0001940703805303201;1.0
721;0.00020273773407097906;1.0
722;0.00017290087998844683;1.0
723;0.00020352100546006113;1.0
724;0.0001628696045372635;1.0
725;0.0001458915794501081;1.0
726;0.00016904693620745093;1.0
727;0.0002054500946542248;1.0
728;0.00024070778454188257;1.0
729;0.00019724520097952336;1.0
730;0.00012448470806702971;1.0
731;0.00024000872508622706;1.0
732;0.00019180243543814868;1.0
733;0.00015785553841851652;1.0
734;0.0002213304105680436;1.0
735;0.00016020642942748964;1.0
736;0.0001873822184279561;1.0
737;0.00015999114839360118;1.0
738;0.00016024794604163617;1.0
739;0.00020519238023553044;1.0
740;0.0002506154414732009;1.0
741;0.00014279651804827154;1.0
742;0.0001397089654346928;1.0
743;0.00022669433383271098;1.0
744;0.00017836397455539554;1.0
745;0.0001584574783919379;1.0
746;0.0001596696238266304;1.0
747;0.00022626567806582898;1.0
748;0.00017985045269597322;1.0
749;0.0001697211409918964;1.0
750;0.00016375017003156245;1.0
751;0.00019307494221720845;1.0
752;0.00018541193276178092;1.0
753;0.0001344300981145352;1.0
754;0.00013973016757518053;1.0
755;0.00012501879245974123;1.0
756;0.00017100626428145915;1.0
757;0.00012349066673777997;1.0
758;0.00013030151603743434;1.0
759;0.00016148769645951688;1.0
760;0.00014517302042804658;1.0
761;0.00017435064364690334;1.0
762;0.00020328661776147783;1.0
763;0.00014900277892593294;1.0
764;0.00015725434059277177;1.0
765;0.00014291517436504364;1.0
766;0.00016536218754481524;1.0
767;0.00021306374401319772;1.0
768;0.00013552377640735358;1.0
769;0.00013198352826293558;1.0
770;0.00016852287808433175;1.0
771;0.00015436881221830845;1.0
772;0.00015135490684770048;1.0
773;0.00020523826242424548;1.0
774;0.00011962825374212116;1.0
775;0.0001756257697707042;1.0
776;0.0001895659079309553;1.0
777;0.00015073473332449794;1.0
778;0.00012424896704033017;1.0
779;0.00020656888955272734;1.0
780;0.00014846588601358235;1.0
781;0.00013689104525838047;1.0
782;0.00012989126844331622;1.0
783;0.00016226146544795483;1.0
784;0.0001177878220914863;1.0
785;8.785112004261464e-05;1.0
786;0.00018751510651782155;1.0
787;0.00015511928359046578;1.0
788;0.00010792849934659898;1.0
789;0.00010014385043177754;1.0
790;0.00015521369641646743;1.0
791;0.0001882835349533707;1.0
792;0.00019292188517283648;1.0
793;0.00015033737872727215;1.0
794;0.00016195887292269617;1.0
795;0.00014295248547568917;1.0
796;0.00012215676542837173;1.0
797;0.00017512941849417984;1.0
798;0.00017031969036906958;1.0
799;0.0001783353218343109;1.0
800;0.00012128006346756592;1.0
801;0.0001645122974878177;1.0
802;0.00010190499597229064;1.0
803;0.00011079616524511948;1.0
804;0.00019004959904123098;1.0
805;0.000120663593406789;1.0
806;0.00011504061694722623;1.0
807;0.0001403891365043819;1.0
808;0.00014381505025085062;1.0
809;0.0001217900135088712;1.0
810;0.00017327701789326966;1.0
811;0.00014628813369199634;1.0
812;0.00015073323447722942;1.0
813;0.0002841487876139581;1.0
814;0.00011776733299484476;1.0
815;0.00011757369065890089;1.0
816;0.0001465137320337817;1.0
817;0.0001775253622327;1.0
818;0.00012779550161212683;1.0
819;0.00012369903561193496;1.0
820;0.00014046896831132472;1.0
821;0.00011345452367095277;1.0
822;0.00012223936209920794;1.0
823;0.00013322736776899546;1.0
824;9.696557390270755e-05;1.0
825;0.0001360070746159181;1.0
826;0.00012519274605438113;1.0
827;0.00013202631089370698;1.0
828;0.00012874839012511075;1.0
829;0.00023199203133117408;1.0
830;0.00012581631017383188;1.0
831;0.0001668609183980152;1.0
832;0.00012676183541771024;1.0
833;0.00012384739238768816;1.0
834;0.0001679326087469235;1.0
835;0.0001271536893909797;1.0
836;0.00020015078189317137;1.0
837;0.00016522819350939244;1.0
838;0.00011235587589908391;1.0
839;0.00010240847041131929;1.0
840;0.00014858593931421638;1.0
841;0.0001323867036262527;1.0
842;0.00020237913122400641;1.0
843;0.00011966712190769613;1.0
844;0.00014734048454556614;1.0
845;0.00011478347005322576;1.0
846;0.00017547933384776115;1.0
847;0.00013254601799417287;1.0
848;0.00010073598241433501;1.0
849;9.156842133961618e-05;1.0
850;0.0001822213816922158;1.0
851;0.00023487232101615518;1.0
852;0.00010685776214813814;1.0
853;0.0001330419472651556;1.0
854;0.00013740401482209563;1.0
855;0.00016519348719157279;1.0
856;0.00011910171451745555;1.0
857;0.000187775629456155;1.0
858;0.00010722249862737954;1.0
859;0.00012666617112699896;1.0
860;9.833535295911133e-05;1.0
861;0.00010271053179167211;1.0
862;9.416492684977129e-05;1.0
863;8.940304542193189e-05;1.0
864;0.00012796865485142916;1.0
865;0.00011086062295362353;1.0
866;0.00011735699808923528;1.0
867;0.00010165269486606121;1.0
868;9.275363117922097e-05;1.0
869;8.788719424046576e-05;1.0
870;0.00014500896213576198;1.0
871;7.595601346110925e-05;1.0
872;0.00015048701607156545;1.0
873;0.00011110398918390274;1.0
874;0.0001457695907447487;1.0
875;0.0001245392340933904;1.0
876;0.00017998083785641938;1.0
877;0.00010038309847004712;1.0
878;9.313761256635189e-05;1.0
879;0.00017445605772081763;1.0
880;0.00013898023462388664;1.0
881;0.00018758760415948927;1.0
882;0.00014223107427824289;1.0
883;0.000140691758133471;1.0
884;0.00010476649913471192;1.0
885;0.00018445881141815335;1.0
886;9.022180893225595e-05;1.0
887;0.00013702636351808906;1.0
888;0.00010142910468857735;1.0
889;0.00015948987856972963;1.0
890;8.850112499203533e-05;1.0
891;0.00011077696399297565;1.0
892;0.00013895398296881467;1.0
893;0.00018443941371515393;1.0
894;0.00016059415065683424;1.0
895;0.00013114044850226492;1.0
896;0.00011878977238666266;1.0
897;0.00013258375111036003;1.0
898;0.00010763850877992809;1.0
899;0.000114775488327723;1.0
900;0.00012239294301252812;1.0
901;0.0001011835120152682;1.0
902;0.00011638901196420193;1.0
903;8.520949631929398e-05;1.0
904;0.00013742403825744987;1.0
905;8.139728743117303e-05;1.0
906;9.821059211390093e-05;1.0
907;0.00012216888717375696;1.0
908;0.00013209036842454225;1.0
909;0.00013468226825352758;1.0
910;0.00013219533138908446;1.0
911;9.296977077610791e-05;1.0
912;0.00010322563321096823;1.0
913;0.00011480716784717515;1.0
914;0.00013257154205348343;1.0
915;0.00012064900511177257;1.0
916;7.051294960547239e-05;1.0
917;8.763381629250944e-05;1.0
918;9.746420982992277e-05;1.0
919;0.00011034911585738882;1.0
920;0.00016615520871710032;1.0
921;9.018655691761523e-05;1.0
922;9.6846379165072e-05;1.0
923;0.00011361376527929679;1.0
924;9.797722304938361e-05;1.0
925;0.0001398385502398014;1.0
926;0.00012136702571297064;1.0
927;0.00015837707906030118;1.0
928;0.00011909749446203932;1.0
929;9.898593998514116e-05;1.0
930;0.00011985938181169331;1.0
931;9.339285315945745e-05;1.0
932;0.00012850627535954118;1.0
933;0.0001557403738843277;1.0
934;0.00014518712123390287;1.0
935;0.00015610047557856888;1.0
936;0.00010929097334155813;1.0
937;0.00012247107224538922;1.0
938;0.00010432748968014494;1.0
939;0.00020032648171763867;1.0
940;0.00011640986485872418;1.0
941;8.512575004715472e-05;1.0
942;0.00011777019972214475;1.0
943;8.98968501132913e-05;1.0
944;0.00012481753947213292;1.0
945;0.00011480812827358022;1.0
946;9.161780326394364e-05;1.0
947;7.610338070662692e-05;1.0
948;7.702176662860438e-05;1.0
949;9.88173414953053e-05;1.0
950;0.00010278847184963524;1.0
951;9.111896360991523e-05;1.0
952;0.0001030324274324812;1.0
953;0.0001058899360941723;1.0
954;0.00011510556214489043;1.0
955;0.00013162990217097104;1.0
956;9.587796375853941e-05;1.0
957;0.00016120387590490282;1.0
958;8.241679461207241e-05;1.0
959;0.0001796303695300594;1.0
960;0.00011225472553633153;1.0
961;0.0001239646808244288;1.0
962;0.00012953561963513494;1.0
963;8.1925856648013e-05;1.0
964;0.00010849851969396695;1.0
965;0.00010725214815465733;1.0
966;8.80908191902563e-05;1.0
967;0.0001409472752129659;1.0
968;0.00010391182877356187;1.0
969;0.0001363611372653395;1.0
970;8.20238419692032e-05;1.0
971;8.163631719071418e-05;1.0
972;9.54558709054254e-05;1.0
973;0.00010246461897622794;1.0
974;9.34876807150431e-05;1.0
975;8.352891745744273e-05;1.0
976;0.00014319043839350343;1.0
977;8.5407831647899e-05;1.0
978;8.430078742094338e-05;1.0
979;0.00011666059435810894;1.0
980;0.00010849532554857433;1.0
981;0.00016042467905208468;1.0
982;7.11923639755696e-05;1.0
983;0.00010593625484034419;1.0
984;8.182729652617127e-05;1.0
985;0.00010817713337019086;1.0
986;8.577247353969142e-05;1.0
987;8.393591269850731e-05;1.0
988;8.345543756149709e-05;1.0
989;8.99084479897283e-05;1.0
990;8.806595724308863e-05;1.0
991;7.026214734651148e-05;1.0
992;0.00010051183198811486;1.0
993;7.794878183631226e-05;1.0
994;5.681869515683502e-05;1.0
995;0.0001528303837403655;1.0
996;0.00012838355905842036;1.0
997;7.861539052100852e-05;1.0
998;8.216271817218512e-05;1.0
999;8.991204958874732e-05;1.0
1000;9.508052607998252e-05;1.0
1001;6.552582635777071e-05;1.0
1002;0.0001142993351095356;1.0
1003;8.120976417558268e-05;1.0
1004;0.00010752940579550341;1.0
1005;7.632109918631613e-05;1.0
1006;0.0001272803929168731;1.0
1007;9.764385322341695e-05;1.0
1008;0.00013432798732537776;1.0
1009;0.00011592460941756144;1.0
1010;9.109235543292016e-05;1.0
1011;5.870144741493277e-05;1.0
1012;8.307868847623467e-05;1.0
1013;7.236006786115468e-05;1.0
1014;0.00010217347153229639;1.0
1015;7.131601159926504e-05;1.0
1016;8.118440746329725e-05;1.0
1017;8.221029565902427e-05;1.0
1018;9.859151032287627e-05;1.0
1019;9.425960161024705e-05;1.0
1020;0.00011464071576483548;1.0
1021;5.033971683587879e-05;1.0
1022;9.037417476065457e-05;1.0
1023;0.00010203143756370991;1.0
1024;9.689412399893627e-05;1.0
1025;7.005959923844784e-05;1.0
1026;6.874599785078317e-05;1.0
1027;8.35097671370022e-05;1.0
1028;7.380324677797034e-05;1.0
1029;9.218963532475755e-05;1.0
1030;5.635023626382463e-05;1.0
1031;0.00011650878877844661;1.0
1032;9.076282731257379e-05;1.0
1033;9.02908795978874e-05;1.0
1034;8.795860048849136e-05;1.0
1035;8.25694078230299e-05;1.0
1036;0.0001225048181368038;1.0
1037;7.258753612404689e-05;1.0
1038;9.736817446537316e-05;1.0
1039;6.72709138598293e-05;1.0
1040;9.46445288718678e-05;1.0
1041;6.400672282325104e-05;1.0
1042;7.072459993651137e-05;1.0
1043;4.379869278636761e-05;1.0
1044;0.000134685353259556;1.0
1045;7.987275603227317e-05;1.0
1046;8.81269370438531e-05;1.0
1047;9.067729843081906e-05;1.0
1048;6.66683554300107e-05;1.0
1049;5.822144157718867e-05;1.0
1050;0.0001119573789765127;1.0
1051;7.551442104158923e-05;1.0
1052;8.960444392869249e-05;1.0
1053;6.437692354666069e-05;1.0
1054;0.00010469705739524215;1.0
1055;5.739998596254736e-05;1.0
1056;8.668342343298718e-05;1.0
1057;6.122779450379312e-05;1.0
1058;0.00013479044719133526;1.0
1059;7.674020162085071e-05;1.0
1060;0.00014467033906839788;1.0
1061;6.987278902670369e-05;1.0
1062;8.674115088069811e-05;1.0
1063;0.000109874177724123;1.0
1064;0.00015069959044922143;1.0
1065;7.405671931337565e-05;1.0
1066;7.065039972076192e-05;1.0
1067;5.6068773119477555e-05;1.0
1068;7.647057645954192e-05;1.0
1069;6.797521928092465e-05;1.0
1070;8.141309808706865e-05;1.0
1071;6.299207598203793e-05;1.0
1072;9.451393998460844e-05;1.0
1073;6.483590550487861e-05;1.0
1074;6.0087604651926085e-05;1.0
1075;7.88297038525343e-05;1.0
1076;7.307220221264288e-05;1.0
1077;5.7525070587871596e-05;1.0
1078;7.308548811124638e-05;1.0
1079;9.259449143428355e-05;1.0
1080;0.00010880953777814284;1.0
1081;0.00012422747386153787;1.0
1082;5.406262062024325e-05;1.0
1083;8.122449071379378e-05;1.0
1084;0.00010280530113959685;1.0
1085;5.344748933566734e-05;1.0
1086;6.11089781159535e-05;1.0
1087;7.50043909647502e-05;1.0
1088;9.255408076569438e-05;1.0
1089;6.412922812160105e-05;1.0
1090;6.196250615175813e-05;1.0
1091;5.2470393711701035e-05;1.0
1092;7.510391878895462e-05;1.0
1093;9.610561392037198e-05;1.0
1094;8.708950190339237e-05;1.0
1095;6.940851744730026e-05;1.0
1096;9.481256711296737e-05;1.0
1097;7.726040348643437e-05;1.0
1098;6.307355943135917e-05;1.0
1099;7.188711606431752e-05;1.0
1100;7.467444083886221e-05;1.0
1101;6.345552537823096e-05;1.0
1102;0.00010041772475233302;1.0
1103;7.438267493853346e-05;1.0
1104;7.611796900164336e-05;1.0
1105;6.636122998315841e-05;1.0
1106;4.868828546022996e-05;1.0
1107;8.198626164812595e-05;1.0
1108;7.101797382347286e-05;1.0
1109;7.126262062229216e-05;1.0
1110;8.403422543779016e-05;1.0
1111;8.14419545349665e-05;1.0
1112;6.981638580327854e-05;1.0
1113;0.0001260687567992136;1.0
1114;0.0001048730846378021;1.0
1115;6.865261821076274e-05;1.0
1116;5.8395187807036564e-05;1.0
1117;6.0253776609897614e-05;1.0
1118;7.063259545248002e-05;1.0
1119;6.392755312845111e-05;1.0
1120;5.4297885071719065e-05;1.0
1121;5.580443030339666e-05;1.0
1122;6.739035598002374e-05;1.0
1123;6.417132681235671e-05;1.0
1124;7.16044960427098e-05;1.0
1125;4.9876827688422054e-05;1.0
1126;6.251822924241424e-05;1.0
1127;6.54335308354348e-05;1.0
1128;5.756749305874109e-05;1.0
1129;6.825284071965143e-05;1.0
1130;6.583314097952098e-05;1.0
1131;9.572171256877482e-05;1.0
1132;8.198073919629678e-05;1.0
1133;8.868878649082035e-05;1.0
1134;5.8553076087264344e-05;1.0
1135;7.7082819188945e-05;1.0
1136;8.400819933740422e-05;1.0
1137;7.320802978938445e-05;1.0
1138;6.534151907544583e-05;1.0
1139;8.860013622324914e-05;1.0
1140;8.956904639489949e-05;1.0
1141;6.748196756234393e-05;1.0
1142;5.7475972425891086e-05;1.0
1143;5.3366202337201685e-05;1.0
1144;7.492833537980914e-05;1.0
1145;5.987816984998062e-05;1.0
1146;6.370806659106165e-05;1.0
1147;8.3639555668924e-05;1.0
1148;7.315791299333796e-05;1.0
1149;6.704369297949597e-05;1.0
1150;7.385855860775337e-05;1.0
1151;6.815512460889295e-05;1.0
1152;5.37633677595295e-05;1.0
1153;5.883195990463719e-05;1.0
1154;8.307430834975094e-05;1.0
1155;6.998787284828722e-05;1.0
1156;7.524388638557866e-05;1.0
1157;6.59673023619689e-05;1.0
1158;0.0002448063751216978;1.0
1159;7.882455247454345e-05;1.0
1160;6.730196764692664e-05;1.0
1161;0.00010028628457803279;1.0
1162;8.909640746423975e-05;1.0
1163;7.0601912739221e-05;1.0
1164;8.177340350812301e-05;1.0
1165;7.149127486627549e-05;1.0
1166;6.122421473264694e-05;1.0
1167;5.697345841326751e-05;1.0
1168;9.43150298553519e-05;1.0
1169;8.029579475987703e-05;1.0
1170;6.612527067773044e-05;1.0
1171;7.549470319645479e-05;1.0
1172;0.00010285603639204055;1.0
1173;7.856902811909094e-05;1.0
1174;7.339439616771415e-05;1.0
1175;0.0001492639712523669;1.0
1176;8.137020631693304e-05;1.0
1177;7.63041534810327e-05;1.0
1178;5.291471825330518e-05;1.0
1179;6.232110172277316e-05;1.0
1180;5.8261364756617695e-05;1.0
1181;6.107360968599096e-05;1.0
1182;7.776979327900335e-05;1.0
1183;4.629437898984179e-05;1.0
1184;5.2446288464125246e-05;1.0
1185;0.00010572241444606334;1.0
1186;5.940439223195426e-05;1.0
1187;6.506458157673478e-05;1.0
1188;6.76481649861671e-05;1.0
1189;8.138010889524594e-05;1.0
1190;7.683415606152266e-05;1.0
1191;5.743321162299253e-05;1.0
1192;5.373440217226744e-05;1.0
1193;5.8538764278637245e-05;1.0
1194;6.492978718597442e-05;1.0
1195;5.2164497901685536e-05;1.0
1196;7.798731530783698e-05;1.0
1197;5.129876080900431e-05;1.0
1198;6.0620939621003345e-05;1.0
1199;0.00011409173021093011;1.0
1200;7.432017446262762e-05;1.0
1201;6.415024108719081e-05;1.0
1202;7.57289890316315e-05;1.0
1203;8.21631183498539e-05;1.0
1204;6.286645657382905e-05;1.0
1205;8.52449593367055e-05;1.0
1206;9.152304119197652e-05;1.0
1207;0.00011301653285045177;1.0
1208;4.6249228034866974e-05;1.0
1209;5.978276385576464e-05;1.0
1210;5.527782559511252e-05;1.0
1211;0.00029172952054068446;1.0
1212;4.886234819423407e-05;1.0
1213;5.746618990087882e-05;1.0
1214;8.07700416771695e-05;1.0
1215;4.839737084694207e-05;1.0
1216;5.976228567305952e-05;1.0
1217;6.896149716340005e-05;1.0
1218;6.924429180799052e-05;1.0
1219;8.669208909850568e-05;1.0
1220;6.647773989243433e-05;1.0
1221;6.824015872552991e-05;1.0
1222;6.901629967615008e-05;1.0
1223;6.984462379477918e-05;1.0
1224;6.11783325439319e-05;1.0
1225;7.089203427312896e-05;1.0
1226;5.8953090046998113e-05;1.0
1227;9.178949403576553e-05;1.0
1228;6.675138138234615e-05;1.0
1229;0.00010238640970783308;1.0
1230;5.2448180213104934e-05;1.0
1231;6.440441939048469e-05;1.0
1232;4.9935231800191104e-05;1.0
1233;5.954355947324075e-05;1.0
1234;5.4543299484066665e-05;1.0
1235;4.6872239181539044e-05;1.0
1236;5.046552178100683e-05;1.0
1237;4.557771535473876e-05;1.0
1238;6.402053259080276e-05;1.0
1239;8.676426659803838e-05;1.0
1240;5.534071897272952e-05;1.0
1241;8.741431520320475e-05;1.0
1242;4.536294363788329e-05;1.0
1243;7.08257794030942e-05;1.0
1244;6.724258128087968e-05;1.0
1245;8.374478784389794e-05;1.0
1246;5.7515451771905646e-05;1.0
1247;4.5612781832460314e-05;1.0
1248;4.943984458805062e-05;1.0
1249;0.00010866924276342615;1.0
1250;5.461219552671537e-05;1.0
1251;5.60281660000328e-05;1.0
1252;5.625436097034253e-05;1.0
1253;6.079593367758207e-05;1.0
1254;5.8699104556581005e-05;1.0
1255;4.658629768528044e-05;1.0
1256;6.337474042084068e-05;1.0
1257;5.048683306085877e-05;1.0
1258;4.582641486194916e-05;1.0
1259;6.73548347549513e-05;1.0
1260;4.476576214074157e-05;1.0
1261;5.043770943302661e-05;1.0
1262;4.175223511992954e-05;1.0
1263;6.484639015980065e-05;1.0
1264;5.237430377746932e-05;1.0
1265;5.4405812988989055e-05;1.0
1266;4.135483322897926e-05;1.0
1267;4.1335100831929594e-05;1.0
1268;5.78656472498551e-05;1.0
1269;5.129694545757957e-05;1.0
1270;5.571442670770921e-05;1.0
1271;5.8031360822496936e-05;1.0
1272;4.8767979023978114e-05;1.0
1273;5.094008520245552e-05;1.0
1274;5.7984216255135834e-05;1.0
1275;5.539327685255557e-05;1.0
1276;6.016439147060737e-05;1.0
1277;5.620905722025782e-05;1.0
1278;6.40107537037693e-05;1.0
1279;5.117747787153348e-05;1.0
1280;5.577543197432533e-05;1.0
1281;4.8576403059996665e-05;1.0
1282;5.5749507737345994e-05;1.0
1283;4.375370190246031e-05;1.0
1284;5.8573627029545605e-05;1.0
1285;6.361622945405543e-05;1.0
1286;3.992435449617915e-05;1.0
1287;6.23782179900445e-05;1.0
1288;5.176650665816851e-05;1.0
1289;5.545051317312755e-05;1.0
1290;5.0904891395475715e-05;1.0
1291;4.452637949725613e-05;1.0
1292;5.85526431677863e-05;1.0
1293;5.418311775429174e-05;1.0
1294;4.383834675536491e-05;1.0
1295;5.6208675232483074e-05;1.0
1296;4.839975736103952e-05;1.0
1297;5.6863245845306665e-05;1.0
1298;5.887861334485933e-05;1.0
1299;3.614983506849967e-05;1.0
1300;4.980994708603248e-05;1.0
1301;5.236174911260605e-05;1.0
1302;4.630519470083527e-05;1.0
1303;4.022823486593552e-05;1.0
1304;4.2843123083002865e-05;1.0
1305;4.1013845475390553e-05;1.0
1306;6.409017078112811e-05;1.0
1307;5.5314994824584574e-05;1.0
1308;6.204206147231162e-05;1.0
1309;5.873851841897704e-05;1.0
1310;4.70657178084366e-05;1.0
1311;6.171910354169086e-05;1.0
1312;4.546845957520418e-05;1.0
1313;3.921107781934552e-05;1.0
1314;5.092218634672463e-05;1.0
1315;6.089866656111553e-05;1.0
1316;4.553262988338247e-05;1.0
1317;3.59823607141152e-05;1.0
1318;4.052799704368226e-05;1.0
1319;4.202228956273757e-05;1.0
1320;5.1419199735391885e-05;1.0
1321;5.1625309424707666e-05;1.0
1322;4.1643608710728586e-05;1.0
1323;3.397099135327153e-05;1.0
1324;4.38137176388409e-05;1.0
1325;5.191555101191625e-05;1.0
1326;3.938577719964087e-05;1.0
1327;3.851730434689671e-05;1.0
1328;3.970498073613271e-05;1.0
1329;4.098317731404677e-05;1.0
1330;4.263376831659116e-05;1.0
1331;4.9730231694411486e-05;1.0
1332;5.275220246403478e-05;1.0
1333;6.951145041966811e-05;1.0
1334;5.2582301577785984e-05;1.0
1335;5.539264020626433e-05;1.0
1336;4.4154206989333034e-05;1.0
1337;3.7524056097026914e-05;1.0
1338;5.2181600040057674e-05;1.0
1339;6.495563866337761e-05;1.0
1340;4.3705782445613295e-05;1.0
1341;6.751079490641132e-05;1.0
1342;4.967048153048381e-05;1.0
1343;5.0302194722462445e-05;1.0
1344;7.982857641763985e-05;1.0
1345;8.324353257194161e-05;1.0
1346;5.592040179180913e-05;1.0
1347;5.5832639191066846e-05;1.0
1348;5.6784316257108e-05;1.0
1349;4.7569828893756494e-05;1.0
1350;4.23757046519313e-05;1.0
1351;5.4978638218017295e-05;1.0
1352;3.053697582799941e-05;1.0
1353;3.764058055821806e-05;1.0
1354;5.298508040141314e-05;1.0
1355;4.909717972623184e-05;1.0
1356;4.53319626103621e-05;1.0
1357;3.53536888724193e-05;1.0
1358;6.15669196122326e-05;1.0
1359;6.688598659820855e-05;1.0
1360;3.612292857724242e-05;1.0
1361;4.644880027626641e-05;1.0
1362;5.1098093535983935e-05;1.0
1363;6.791257328586653e-05;1.0
1364;4.5917047827970237e-05;1.0
1365;4.5225275243865326e-05;1.0
1366;3.8236641557887197e-05;1.0
1367;3.135285442112945e-05;1.0
1368;3.997519161202945e-05;1.0
1369;4.623838322004303e-05;1.0
1370;5.433497062767856e-05;1.0
1371;7.085158722475171e-05;1.0
1372;2.9541834010160528e-05;1.0
1373;3.5808930988423526e-05;1.0
1374;4.3260737584205344e-05;1.0
1375;5.641961615765467e-05;1.0
1376;2.5466031729592942e-05;1.0
1377;4.676693060901016e-05;1.0
1378;4.548276410787366e-05;1.0
1379;4.285386603442021e-05;1.0
1380;4.3023101170547307e-05;1.0
1381;4.0926566725829616e-05;1.0
1382;5.0403905333951116e-05;1.0
1383;3.7094432627782226e-05;1.0
1384;3.372721403138712e-05;1.0
1385;3.63813123840373e-05;1.0
1386;5.482032065629028e-05;1.0
1387;4.015202648588456e-05;1.0
1388;4.6423203457379714e-05;1.0
1389;4.33268905908335e-05;1.0
1390;8.568703924538568e-05;1.0
1391;4.993781840312295e-05;1.0
1392;4.175799404038116e-05;1.0
1393;6.281925016082823e-05;1.0
1394;4.7262692532967776e-05;1.0
1395;4.8682864871807396e-05;1.0
1396;4.470233398023993e-05;1.0
1397;4.366965004010126e-05;1.0
1398;5.110206257086247e-05;1.0
1399;4.886357419309206e-05;1.0
1400;3.45506559824571e-05;1.0
1401;3.415913670323789e-05;1.0
1402;6.585630762856454e-05;1.0
1403;3.5397912142798305e-05;1.0
1404;6.0273850976955146e-05;1.0
1405;4.537959102890454e-05;1.0
1406;5.370481812860817e-05;1.0
1407;4.3907839426537976e-05;1.0
1408;4.919352431898005e-05;1.0
1409;6.514532287837937e-05;1.0
1410;6.225179095054045e-05;1.0
1411;3.9748418203089386e-05;1.0
1412;3.7937967135803774e-05;1.0
1413;3.7659629015251994e-05;1.0
1414;4.076728146173991e-05;1.0
1415;3.286629726062529e-05;1.0
1416;4.8935464292299e-05;1.0
1417;3.066624776693061e-05;1.0
1418;4.942401938023977e-05;1.0
1419;8.39883359731175e-05;1.0
1420;3.689805089379661e-05;1.0
1421;3.625120370998047e-05;1.0
1422;5.46862356713973e-05;1.0
1423;3.86084575438872e-05;1.0
1424;4.693340451922268e-05;1.0
1425;4.0423041355097666e-05;1.0
1426;4.7757363063283265e-05;1.0
1427;5.306909224600531e-05;1.0
1428;4.7399578761542216e-05;1.0
1429;4.775060006068088e-05;1.0
1430;5.282389611238614e-05;1.0
1431;5.869087908649817e-05;1.0
1432;3.313204433652572e-05;1.0
1433;4.952097879140638e-05;1.0
1434;0.00018553636618889868;1.0
1435;3.967800148529932e-05;1.0
1436;5.287211388349533e-05;1.0
1437;3.675349580589682e-05;1.0
1438;4.983431790606119e-05;1.0
1439;6.818661495344713e-05;1.0
1440;3.92707806895487e-05;1.0
1441;5.917328962823376e-05;1.0
1442;5.457626684801653e-05;1.0
1443;3.984650538768619e-05;1.0
1444;5.8169374824501574e-05;1.0
1445;4.332261232775636e-05;1.0
1446;6.566417869180441e-05;1.0
1447;7.304154860321432e-05;1.0
1448;3.504591586533934e-05;1.0
1449;3.643792661023326e-05;1.0
1450;5.4020885727368295e-05;1.0
1451;7.034670852590352e-05;1.0
1452;2.7715737815015018e-05;1.0
1453;5.473800774780102e-05;1.0
1454;7.687402103329077e-05;1.0
1455;5.7335259043611586e-05;1.0
1456;3.840240242425352e-05;1.0
1457;6.093151023378596e-05;1.0
1458;5.077257810626179e-05;1.0
1459;3.671291415230371e-05;1.0
1460;4.379547681310214e-05;1.0
1461;5.108906771056354e-05;1.0
1462;4.611547410604544e-05;1.0
1463;4.12570771004539e-05;1.0
1464;4.837522283196449e-05;1.0
1465;6.209935963852331e-05;1.0
1466;4.812948463950306e-05;1.0
1467;4.2020707041956484e-05;1.0
1468;3.5657310945680365e-05;1.0
1469;4.7321096644736826e-05;1.0
1470;4.01374272769317e-05;1.0
1471;8.543616422684863e-05;1.0
1472;5.118357512401417e-05;1.0
1473;5.065319055574946e-05;1.0
1474;4.3362859287299216e-05;1.0
1475;3.7061035982333124e-05;1.0
1476;4.19585412601009e-05;1.0
1477;4.644887667382136e-05;1.0
1478;7.787141657900065e-05;1.0
1479;4.1703977331053466e-05;1.0
1480;3.218734491383657e-05;1.0
1481;3.8115467759780586e-05;1.0
1482;3.790698610828258e-05;1.0
1483;3.123290298390202e-05;1.0
1484;5.353133019525558e-05;1.0
1485;5.883910125703551e-05;1.0
1486;3.5625263990368694e-05;1.0
1487;6.270215817494318e-05;1.0
1488;4.218003596179187e-05;1.0
1489;4.710319626610726e-05;1.0
1490;3.842385558527894e-05;1.0
1491;6.321277760434896e-05;1.0
1492;3.127250965917483e-05;1.0
1493;5.353704182198271e-05;1.0
1494;6.196458707563579e-05;1.0
1495;2.6027291823993437e-05;1.0
1496;5.0260652642464265e-05;1.0
1497;4.7776626161066815e-05;1.0
1498;2.7931988370255567e-05;1.0
1499;3.757134254556149e-05;1.0
