iteration;loss;accuracy
0;0.03978051245212555;0.08620689809322357
1;0.03759763389825821;0.13793103396892548
2;0.036114562302827835;0.16379310190677643
3;0.03502200171351433;0.18103447556495667
4;0.03480391949415207;0.18103447556495667
5;0.03436525911092758;0.17241379618644714
6;0.03420736640691757;0.2068965584039688
7;0.034047409892082214;0.22413793206214905
8;0.03403233364224434;0.1982758641242981
9;0.03382955864071846;0.2586206793785095
10;0.033855196088552475;0.26724138855934143
11;0.0334484800696373;0.24137930572032928
12;0.033365894109010696;0.2586206793785095
13;0.0330553762614727;0.2586206793785095
14;0.03358756750822067;0.1982758641242981
15;0.03304888308048248;0.2586206793785095
16;0.03281548619270325;0.2931034564971924
17;0.03274495154619217;0.24137930572032928
18;0.032740965485572815;0.24137930572032928
19;0.03237568959593773;0.26724138855934143
20;0.03247711807489395;0.24137930572032928
21;0.031952179968357086;0.3017241358757019
22;0.031530436128377914;0.3362068831920624
23;0.03166823089122772;0.2586206793785095
24;0.031390875577926636;0.3534482717514038
25;0.03126094490289688;0.3017241358757019
26;0.031052757054567337;0.36206895112991333
27;0.030521756038069725;0.32758620381355286
28;0.030689606443047523;0.32758620381355286
29;0.0304530318826437;0.3362068831920624
30;0.030127516016364098;0.38793104887008667
31;0.02967291884124279;0.42241379618644714
32;0.029689574614167213;0.38793104887008667
33;0.029692042618989944;0.4051724076271057
34;0.02950776182115078;0.42241379618644714
35;0.029056677594780922;0.4137931168079376
36;0.02887822687625885;0.4051724076271057
37;0.02845979854464531;0.48275861144065857
38;0.028708186000585556;0.4482758641242981
39;0.028450341895222664;0.4655172526836395
40;0.027561383321881294;0.5086206793785095
41;0.027222715318202972;0.517241358757019
42;0.02678079530596733;0.5086206793785095
43;0.026373038068413734;0.5344827771186829
44;0.026600316166877747;0.5775862336158752
45;0.026008501648902893;0.5862069129943848
46;0.02591688558459282;0.5775862336158752
47;0.025405192747712135;0.5775862336158752
48;0.025086715817451477;0.568965494632721
49;0.02448229491710663;0.5948275923728943
50;0.024460159242153168;0.6034482717514038
51;0.024011295288801193;0.5948275923728943
52;0.024185121059417725;0.5948275923728943
53;0.02360028587281704;0.5603448152542114
54;0.023816855624318123;0.6120689511299133
55;0.023569803684949875;0.6120689511299133
56;0.022781215608119965;0.6206896305084229
57;0.02300429157912731;0.6293103694915771
58;0.022576184943318367;0.6379310488700867
59;0.022434385493397713;0.6120689511299133
60;0.022120516747236252;0.6293103694915771
61;0.02148396708071232;0.681034505367279
62;0.021680327132344246;0.6637930870056152
63;0.021202445030212402;0.6465517282485962
64;0.020984897390007973;0.6637930870056152
65;0.021033620461821556;0.6724137663841248
66;0.020907830446958542;0.6551724076271057
67;0.020167963579297066;0.6724137663841248
68;0.020669367164373398;0.6724137663841248
69;0.020624935626983643;0.6896551847457886
70;0.019818726927042007;0.6982758641242981
71;0.019826669245958328;0.7155172228813171
72;0.02005312219262123;0.6896551847457886
73;0.019303038716316223;0.7068965435028076
74;0.01906588301062584;0.7413793206214905
75;0.019521914422512054;0.7758620977401733
76;0.018963512033224106;0.7586206793785095
77;0.019443906843662262;0.7413793206214905
78;0.018976392224431038;0.7586206793785095
79;0.018369488418102264;0.767241358757019
80;0.018276285380125046;0.767241358757019
81;0.018627794459462166;0.7758620977401733
82;0.018246423453092575;0.732758641242981
83;0.018099777400493622;0.7758620977401733
84;0.01810217648744583;0.7844827771186829
85;0.017463557422161102;0.767241358757019
86;0.018555745482444763;0.75
87;0.017741188406944275;0.7844827771186829
88;0.01735440082848072;0.7844827771186829
89;0.01747429370880127;0.7758620977401733
90;0.016712583601474762;0.7931034564971924
91;0.017326408997178078;0.7931034564971924
92;0.016734397038817406;0.7931034564971924
93;0.016592789441347122;0.767241358757019
94;0.016967132687568665;0.7844827771186829
95;0.016675811260938644;0.7758620977401733
96;0.016870900988578796;0.7758620977401733
97;0.016282331198453903;0.8103448152542114
98;0.016847100108861923;0.7758620977401733
99;0.015947364270687103;0.7758620977401733
100;0.01677064783871174;0.8017241358757019
101;0.015675364062190056;0.8103448152542114
102;0.01598907634615898;0.8017241358757019
103;0.015952439978718758;0.8017241358757019
104;0.015967698767781258;0.7931034564971924
105;0.015360354445874691;0.7931034564971924
106;0.016288431361317635;0.8017241358757019
107;0.015611412934958935;0.7758620977401733
108;0.014871085993945599;0.8017241358757019
109;0.01595725305378437;0.7931034564971924
110;0.015233784914016724;0.7758620977401733
111;0.015515780076384544;0.8017241358757019
112;0.014977977611124516;0.8017241358757019
113;0.014727912843227386;0.7931034564971924
114;0.014288358390331268;0.8103448152542114
115;0.014389787800610065;0.818965494632721
116;0.014854413457214832;0.7931034564971924
117;0.014139379374682903;0.7931034564971924
118;0.015092202462255955;0.8103448152542114
119;0.01451820693910122;0.818965494632721
120;0.014771328307688236;0.7844827771186829
121;0.014708638191223145;0.7844827771186829
122;0.013752024620771408;0.8103448152542114
123;0.015086055733263493;0.75
124;0.01399250142276287;0.8103448152542114
125;0.013971787877380848;0.7931034564971924
126;0.014329062774777412;0.8275862336158752
127;0.01360041368752718;0.7931034564971924
128;0.013825619593262672;0.8103448152542114
129;0.014010157436132431;0.818965494632721
130;0.013791854493319988;0.7931034564971924
131;0.013890014961361885;0.8103448152542114
132;0.013673079200088978;0.7931034564971924
133;0.013395775109529495;0.8103448152542114
134;0.013302688486874104;0.8448275923728943
135;0.01315715815871954;0.8103448152542114
136;0.013282469473779202;0.818965494632721
137;0.013407405465841293;0.818965494632721
138;0.012638109736144543;0.8620689511299133
139;0.013350247405469418;0.8103448152542114
140;0.012334463186562061;0.8448275923728943
141;0.01268455758690834;0.8448275923728943
142;0.012778840027749538;0.818965494632721
143;0.012561802752315998;0.818965494632721
144;0.012831265106797218;0.818965494632721
145;0.012676024809479713;0.8103448152542114
146;0.012532046064734459;0.8534482717514038
147;0.012541715055704117;0.8103448152542114
148;0.012226037681102753;0.8275862336158752
149;0.012634184211492538;0.8362069129943848
150;0.012292389757931232;0.8362069129943848
151;0.011549816466867924;0.8362069129943848
152;0.012343768030405045;0.8448275923728943
153;0.01170969009399414;0.8275862336158752
154;0.011916053481400013;0.818965494632721
155;0.012072947807610035;0.8534482717514038
156;0.011769257485866547;0.8362069129943848
157;0.011530277319252491;0.818965494632721
158;0.012430322356522083;0.8362069129943848
159;0.011845537461340427;0.8793103694915771
160;0.012079950422048569;0.8017241358757019
161;0.01135750487446785;0.8275862336158752
162;0.011755980551242828;0.8275862336158752
163;0.011698455549776554;0.8362069129943848
164;0.011455020867288113;0.8275862336158752
165;0.011726033873856068;0.8362069129943848
166;0.011420488357543945;0.8706896305084229
167;0.011470160447061062;0.8706896305084229
168;0.011532597243785858;0.8362069129943848
169;0.01144957821816206;0.8534482717514038
170;0.01110483892261982;0.8620689511299133
171;0.010842724703252316;0.8793103694915771
172;0.010882114060223103;0.8706896305084229
173;0.010976854711771011;0.8534482717514038
174;0.011435525491833687;0.8534482717514038
175;0.011151459068059921;0.8362069129943848
176;0.011365038342773914;0.8362069129943848
177;0.01110875140875578;0.8620689511299133
178;0.011012846603989601;0.8620689511299133
179;0.011078989133238792;0.8448275923728943
180;0.01045182067900896;0.8965517282485962
181;0.010820998810231686;0.8793103694915771
182;0.011001170612871647;0.8620689511299133
183;0.01089935377240181;0.8620689511299133
184;0.010789146646857262;0.8620689511299133
185;0.010560725815594196;0.8706896305084229
186;0.010971247218549252;0.8534482717514038
187;0.010385083965957165;0.8706896305084229
188;0.010573332197964191;0.8793103694915771
189;0.010716025717556477;0.8879310488700867
190;0.010478727519512177;0.8793103694915771
191;0.010101335123181343;0.8706896305084229
192;0.00984383374452591;0.8879310488700867
193;0.010471305809915066;0.9051724076271057
194;0.010524834506213665;0.8534482717514038
195;0.00974500272423029;0.8965517282485962
196;0.010671712458133698;0.8793103694915771
197;0.009634981863200665;0.8879310488700867
198;0.010394335724413395;0.8879310488700867
199;0.010088199749588966;0.8879310488700867
200;0.009845785796642303;0.8793103694915771
201;0.010093318298459053;0.8879310488700867
202;0.010101893916726112;0.8965517282485962
203;0.009265132248401642;0.8879310488700867
204;0.009598372504115105;0.8879310488700867
205;0.009717967361211777;0.8965517282485962
206;0.009624866768717766;0.8706896305084229
207;0.00952970515936613;0.8620689511299133
208;0.0098114600405097;0.8706896305084229
209;0.009945123456418514;0.8793103694915771
210;0.009222859516739845;0.8793103694915771
211;0.009528962895274162;0.8706896305084229
212;0.010264264419674873;0.8706896305084229
213;0.009414522908627987;0.8793103694915771
214;0.009860383346676826;0.8706896305084229
215;0.009519827552139759;0.8879310488700867
216;0.009757105261087418;0.8879310488700867
217;0.009585663676261902;0.8706896305084229
218;0.008966813795268536;0.8793103694915771
219;0.008927686139941216;0.8879310488700867
220;0.009308931417763233;0.8879310488700867
221;0.009304877370595932;0.8879310488700867
222;0.009029225446283817;0.9051724076271057
223;0.008729073219001293;0.8879310488700867
224;0.00950121320784092;0.8706896305084229
225;0.008977094665169716;0.8793103694915771
226;0.009077358059585094;0.8879310488700867
227;0.009377596899867058;0.8879310488700867
228;0.009279726073145866;0.8620689511299133
229;0.008512756787240505;0.8793103694915771
230;0.009186003357172012;0.8879310488700867
231;0.009240932762622833;0.8879310488700867
232;0.009020708501338959;0.8965517282485962
233;0.008591669611632824;0.9051724076271057
234;0.008984845131635666;0.8706896305084229
235;0.00932496227324009;0.8793103694915771
236;0.009065908379852772;0.8793103694915771
237;0.008840953931212425;0.8620689511299133
238;0.009746601805090904;0.8793103694915771
239;0.008985601365566254;0.8706896305084229
240;0.008421464823186398;0.8879310488700867
241;0.008796216920018196;0.8706896305084229
242;0.009076453745365143;0.8706896305084229
243;0.008740317076444626;0.8793103694915771
244;0.008994067087769508;0.8965517282485962
245;0.00920119695365429;0.8706896305084229
246;0.008610079996287823;0.8793103694915771
247;0.008935761637985706;0.8706896305084229
248;0.008758478797972202;0.8965517282485962
249;0.008482236415147781;0.8793103694915771
250;0.008612948469817638;0.8879310488700867
251;0.008800282143056393;0.8965517282485962
252;0.00862590316683054;0.8793103694915771
253;0.008846884593367577;0.8879310488700867
254;0.008677306585013866;0.8706896305084229
255;0.008019419386982918;0.8706896305084229
256;0.008493151515722275;0.8793103694915771
257;0.008563847281038761;0.8879310488700867
258;0.00905543565750122;0.8879310488700867
259;0.008876784704625607;0.8793103694915771
260;0.008579066954553127;0.8793103694915771
261;0.00809138361364603;0.8879310488700867
262;0.008195709437131882;0.8793103694915771
263;0.008512637577950954;0.8793103694915771
264;0.00801022071391344;0.8793103694915771
265;0.00821712613105774;0.8879310488700867
266;0.00812610425055027;0.8793103694915771
267;0.0083121033385396;0.8793103694915771
268;0.007617572322487831;0.9051724076271057
269;0.008931317366659641;0.8706896305084229
270;0.008057139813899994;0.8793103694915771
271;0.007777991238981485;0.8879310488700867
272;0.0078904302790761;0.8706896305084229
273;0.008791103027760983;0.8793103694915771
274;0.008733706548810005;0.8793103694915771
275;0.00861131027340889;0.8879310488700867
276;0.008901676163077354;0.8879310488700867
277;0.008188935928046703;0.8706896305084229
278;0.008278579451143742;0.8706896305084229
279;0.008282667025923729;0.8793103694915771
280;0.007963967509567738;0.8879310488700867
281;0.00809640996158123;0.8879310488700867
282;0.008354750461876392;0.8965517282485962
283;0.008187606930732727;0.8965517282485962
284;0.008169753476977348;0.8879310488700867
285;0.008185974322259426;0.8965517282485962
286;0.007946182042360306;0.9137930870056152
287;0.0079581243917346;0.8793103694915771
288;0.0077833919785916805;0.8879310488700867
289;0.00840065535157919;0.8965517282485962
290;0.008075564168393612;0.9051724076271057
291;0.008349920623004436;0.8793103694915771
292;0.007800182793289423;0.8965517282485962
293;0.008165977895259857;0.8706896305084229
294;0.008406359702348709;0.8965517282485962
295;0.008099697530269623;0.9051724076271057
296;0.007898201234638691;0.8965517282485962
297;0.008182019926607609;0.8706896305084229
298;0.008257162757217884;0.8879310488700867
299;0.00821036659181118;0.8793103694915771
300;0.008240465074777603;0.8793103694915771
301;0.008068272843956947;0.8879310488700867
302;0.007898994721472263;0.9137930870056152
303;0.008866473101079464;0.8793103694915771
304;0.008395097218453884;0.8965517282485962
305;0.0077178580686450005;0.8965517282485962
306;0.00859287939965725;0.8793103694915771
307;0.008112018927931786;0.8793103694915771
308;0.007709858473390341;0.9137930870056152
309;0.007715768180787563;0.8965517282485962
310;0.008558006957173347;0.8620689511299133
311;0.008291820995509624;0.8620689511299133
312;0.008313137106597424;0.8965517282485962
313;0.007785263005644083;0.8793103694915771
314;0.00823915097862482;0.8706896305084229
315;0.007601823192089796;0.8793103694915771
316;0.00776404794305563;0.9224137663841248
317;0.007888873107731342;0.8965517282485962
318;0.007596309296786785;0.8793103694915771
319;0.007435624022036791;0.8879310488700867
320;0.008188942447304726;0.8965517282485962
321;0.007814256474375725;0.8879310488700867
322;0.008105858229100704;0.8879310488700867
323;0.007760165259242058;0.8879310488700867
324;0.007517862133681774;0.9051724076271057
325;0.007903657853603363;0.9051724076271057
326;0.0077131823636591434;0.8793103694915771
327;0.007495607249438763;0.8879310488700867
328;0.00739231938496232;0.8879310488700867
329;0.007422574330121279;0.9051724076271057
330;0.007358076516538858;0.9137930870056152
331;0.007728508673608303;0.8965517282485962
332;0.00817480031400919;0.8879310488700867
333;0.007769141811877489;0.8879310488700867
334;0.007559142075479031;0.9137930870056152
335;0.007194476667791605;0.9051724076271057
336;0.007558919955044985;0.9051724076271057
337;0.007722298614680767;0.8706896305084229
338;0.0074439202435314655;0.9051724076271057
339;0.007651465944945812;0.9051724076271057
340;0.007263073697686195;0.9051724076271057
341;0.0074527268297970295;0.8965517282485962
342;0.00706483656540513;0.9137930870056152
343;0.007495609112083912;0.9051724076271057
344;0.007580271456390619;0.8879310488700867
345;0.007249354850500822;0.8965517282485962
346;0.007340385112911463;0.8965517282485962
347;0.007220590021461248;0.931034505367279
348;0.007566699292510748;0.9224137663841248
349;0.007428803015500307;0.9051724076271057
350;0.007135809864848852;0.9051724076271057
351;0.007148683071136475;0.8965517282485962
352;0.007509017363190651;0.9137930870056152
353;0.0072579942643642426;0.9051724076271057
354;0.007367124781012535;0.8965517282485962
355;0.007242571096867323;0.9051724076271057
356;0.007108980789780617;0.9051724076271057
357;0.007312610279768705;0.931034505367279
358;0.0075372387655079365;0.931034505367279
359;0.007371650543063879;0.9137930870056152
360;0.007063516415655613;0.9051724076271057
361;0.007088727317750454;0.931034505367279
362;0.007178124971687794;0.9137930870056152
363;0.007705566938966513;0.9137930870056152
364;0.007379412185400724;0.9137930870056152
365;0.007546605542302132;0.9224137663841248
366;0.006832159124314785;0.9396551847457886
367;0.006865919101983309;0.9051724076271057
368;0.0073036025278270245;0.9051724076271057
369;0.007799495477229357;0.9137930870056152
370;0.006993147078901529;0.9137930870056152
371;0.007487502880394459;0.9396551847457886
372;0.006946501322090626;0.931034505367279
373;0.007357277907431126;0.931034505367279
374;0.0069656092673540115;0.9137930870056152
375;0.007359089329838753;0.9224137663841248
376;0.006959398277103901;0.9137930870056152
377;0.00674964627251029;0.9051724076271057
378;0.007079157046973705;0.9224137663841248
379;0.006615059450268745;0.9482758641242981
380;0.006945705506950617;0.9137930870056152
381;0.007320642936974764;0.9224137663841248
382;0.006802874617278576;0.931034505367279
383;0.007492395117878914;0.9137930870056152
384;0.0071722036227583885;0.9224137663841248
385;0.006731289438903332;0.9224137663841248
386;0.006939396262168884;0.9224137663841248
387;0.007533218711614609;0.8965517282485962
388;0.006466650869697332;0.931034505367279
389;0.00730885798111558;0.9137930870056152
390;0.006734104827046394;0.9396551847457886
391;0.00695181917399168;0.9224137663841248
392;0.006850757636129856;0.9137930870056152
393;0.006815897300839424;0.9224137663841248
394;0.006490588188171387;0.931034505367279
395;0.007008667569607496;0.9137930870056152
396;0.006560390815138817;0.9224137663841248
397;0.00718054361641407;0.9224137663841248
398;0.00651119090616703;0.9137930870056152
399;0.00679457001388073;0.9396551847457886
400;0.006378995720297098;0.931034505367279
401;0.006643354892730713;0.9224137663841248
402;0.00684764701873064;0.9224137663841248
403;0.006208374630659819;0.9396551847457886
404;0.007040992844849825;0.931034505367279
405;0.006682705134153366;0.9224137663841248
406;0.006197439040988684;0.9482758641242981
407;0.006953557953238487;0.9396551847457886
408;0.006713073700666428;0.9224137663841248
409;0.006566314026713371;0.931034505367279
410;0.007242938503623009;0.9137930870056152
411;0.006258147768676281;0.9396551847457886
412;0.006438468117266893;0.931034505367279
413;0.006698166951537132;0.9224137663841248
414;0.006290126591920853;0.9051724076271057
415;0.0065307654440402985;0.9224137663841248
416;0.0065517001785337925;0.9224137663841248
417;0.006527768913656473;0.9396551847457886
418;0.006529088132083416;0.9224137663841248
419;0.006531951483339071;0.931034505367279
420;0.006026185117661953;0.9568965435028076
421;0.00608918908983469;0.9137930870056152
422;0.006406234577298164;0.9482758641242981
423;0.006668891292065382;0.931034505367279
424;0.006101605482399464;0.9224137663841248
425;0.006017576903104782;0.9396551847457886
426;0.006240419112145901;0.931034505367279
427;0.006840625312179327;0.931034505367279
428;0.0064821140840649605;0.9224137663841248
429;0.006464142818003893;0.9224137663841248
430;0.006285930052399635;0.9224137663841248
431;0.006296083796769381;0.931034505367279
432;0.0064622522331774235;0.9224137663841248
433;0.006642369087785482;0.9224137663841248
434;0.006452780216932297;0.931034505367279
435;0.005955657921731472;0.9482758641242981
436;0.006089041009545326;0.9396551847457886
437;0.00606108782812953;0.9482758641242981
438;0.006291741505265236;0.931034505367279
439;0.005890224128961563;0.9137930870056152
440;0.006239939946681261;0.931034505367279
441;0.005774821154773235;0.931034505367279
442;0.00645078020170331;0.931034505367279
443;0.00606984319165349;0.9396551847457886
444;0.0057139224372804165;0.931034505367279
445;0.0059806243516504765;0.9396551847457886
446;0.005933832377195358;0.9482758641242981
447;0.0062921131029725075;0.9051724076271057
448;0.005913683213293552;0.9224137663841248
449;0.005922779906541109;0.9396551847457886
450;0.006403731182217598;0.931034505367279
451;0.006288307718932629;0.9137930870056152
452;0.005913638509809971;0.9224137663841248
453;0.006187004037201405;0.9396551847457886
454;0.006627246737480164;0.9224137663841248
455;0.005975014064460993;0.931034505367279
456;0.006520701572299004;0.9137930870056152
457;0.00575882475823164;0.9396551847457886
458;0.005799992009997368;0.9137930870056152
459;0.006154306698590517;0.9224137663841248
460;0.006147173698991537;0.931034505367279
461;0.0061709024012088776;0.931034505367279
462;0.00566390436142683;0.9224137663841248
463;0.006140680518001318;0.9137930870056152
464;0.005744838155806065;0.9137930870056152
465;0.005832243710756302;0.9396551847457886
466;0.005892651155591011;0.9224137663841248
467;0.006684557069092989;0.9137930870056152
468;0.005956593900918961;0.931034505367279
469;0.006100330501794815;0.9224137663841248
470;0.006144704297184944;0.931034505367279
471;0.005482069682329893;0.931034505367279
472;0.005899214651435614;0.931034505367279
473;0.005412720609456301;0.9396551847457886
474;0.005528698675334454;0.931034505367279
475;0.00544397346675396;0.9396551847457886
476;0.00596336554735899;0.9224137663841248
477;0.00585542619228363;0.9396551847457886
478;0.006689548492431641;0.9051724076271057
479;0.0057357014156877995;0.931034505367279
480;0.005026693921536207;0.9224137663841248
481;0.005895039066672325;0.9482758641242981
482;0.006101343780755997;0.931034505367279
483;0.0059592085890471935;0.9224137663841248
484;0.005741794593632221;0.9137930870056152
485;0.006029461044818163;0.931034505367279
486;0.005755699705332518;0.931034505367279
487;0.005743884947150946;0.931034505367279
488;0.005889752879738808;0.9137930870056152
489;0.00545049924403429;0.931034505367279
490;0.00575212249532342;0.931034505367279
491;0.0053312997333705425;0.9482758641242981
492;0.005631165113300085;0.931034505367279
493;0.005063401069492102;0.931034505367279
494;0.0059501174837350845;0.9224137663841248
495;0.005536430981010199;0.9224137663841248
496;0.005448090378195047;0.9396551847457886
497;0.005539254751056433;0.931034505367279
498;0.00508528295904398;0.931034505367279
499;0.005503445863723755;0.9396551847457886
500;0.00561065599322319;0.931034505367279
501;0.005805665627121925;0.931034505367279
502;0.0056973351165652275;0.9224137663841248
503;0.005553639493882656;0.931034505367279
504;0.005273917224258184;0.931034505367279
505;0.005504308734089136;0.931034505367279
506;0.005529695190489292;0.9396551847457886
507;0.00540125509724021;0.9396551847457886
508;0.005670919548720121;0.9224137663841248
509;0.005467142444103956;0.9396551847457886
510;0.005559907760471106;0.9224137663841248
511;0.005133111495524645;0.931034505367279
512;0.005096429958939552;0.9482758641242981
513;0.00563496770337224;0.9051724076271057
514;0.005414612125605345;0.9224137663841248
515;0.0053608473390340805;0.9224137663841248
516;0.005625901743769646;0.931034505367279
517;0.005470716394484043;0.931034505367279
518;0.005421709269285202;0.9224137663841248
519;0.005218911916017532;0.9396551847457886
520;0.0053253681398928165;0.931034505367279
521;0.005358322989195585;0.9224137663841248
522;0.005404346622526646;0.9396551847457886
523;0.005231684073805809;0.9396551847457886
524;0.004918783437460661;0.9396551847457886
525;0.00556570291519165;0.9224137663841248
526;0.00548761198297143;0.9396551847457886
527;0.005334788002073765;0.9224137663841248
528;0.005352772306650877;0.9224137663841248
529;0.005680907983332872;0.9224137663841248
530;0.00502894027158618;0.931034505367279
531;0.005326467100530863;0.931034505367279
532;0.005467937793582678;0.9224137663841248
533;0.005424003582447767;0.931034505367279
534;0.0055616674944758415;0.9224137663841248
535;0.005315297748893499;0.931034505367279
536;0.005794322118163109;0.931034505367279
537;0.005587009247392416;0.9137930870056152
538;0.005134236998856068;0.931034505367279
539;0.005353007931262255;0.9396551847457886
540;0.005498799495398998;0.9224137663841248
541;0.005560035817325115;0.9224137663841248
542;0.005505005829036236;0.9396551847457886
543;0.0053727165795862675;0.931034505367279
544;0.005497422069311142;0.931034505367279
545;0.0054756589233875275;0.931034505367279
546;0.005169043317437172;0.9224137663841248
547;0.005688367411494255;0.9224137663841248
548;0.005355130881071091;0.9224137663841248
549;0.005135471932590008;0.9396551847457886
550;0.004985595587641001;0.931034505367279
551;0.005222580395638943;0.931034505367279
552;0.0052017695270478725;0.9396551847457886
553;0.005399244837462902;0.9224137663841248
554;0.0051646423526108265;0.931034505367279
555;0.004851067438721657;0.931034505367279
556;0.005051656160503626;0.9224137663841248
557;0.004956635646522045;0.9224137663841248
558;0.00515124574303627;0.9137930870056152
559;0.005599166266620159;0.9224137663841248
560;0.005272827576845884;0.931034505367279
561;0.004903190769255161;0.931034505367279
562;0.005201407242566347;0.9396551847457886
563;0.004872476682066917;0.9396551847457886
564;0.004965354688465595;0.9224137663841248
565;0.004864901769906282;0.9396551847457886
566;0.005608533509075642;0.931034505367279
567;0.005377339199185371;0.9224137663841248
568;0.00504660326987505;0.9396551847457886
569;0.005126187577843666;0.931034505367279
570;0.005451478995382786;0.9224137663841248
571;0.005009884014725685;0.9396551847457886
572;0.005025635473430157;0.9396551847457886
573;0.004966181702911854;0.9137930870056152
574;0.005308033432811499;0.9137930870056152
575;0.004915143363177776;0.931034505367279
576;0.005321701057255268;0.9137930870056152
577;0.0051778750494122505;0.9396551847457886
578;0.005131630226969719;0.931034505367279
579;0.004793577361851931;0.9396551847457886
580;0.005225050263106823;0.9224137663841248
581;0.005363538395613432;0.9224137663841248
582;0.005213229451328516;0.9396551847457886
583;0.0051060994155704975;0.9224137663841248
584;0.004774111323058605;0.931034505367279
585;0.005145994946360588;0.931034505367279
586;0.004736620467156172;0.931034505367279
587;0.005105135962367058;0.9224137663841248
588;0.005758586339652538;0.9137930870056152
589;0.0056639257818460464;0.9224137663841248
590;0.004898457322269678;0.9224137663841248
591;0.005328328814357519;0.931034505367279
592;0.005376206245273352;0.931034505367279
593;0.00533918896690011;0.9396551847457886
594;0.004948759451508522;0.931034505367279
595;0.005154643207788467;0.9482758641242981
596;0.005181881599128246;0.9482758641242981
597;0.004965557251125574;0.9396551847457886
598;0.005235235672444105;0.9137930870056152
599;0.004890340380370617;0.9137930870056152
600;0.005110457539558411;0.9137930870056152
601;0.005001971032470465;0.9396551847457886
602;0.00522632198408246;0.931034505367279
603;0.005625910125672817;0.9137930870056152
604;0.005022266414016485;0.931034505367279
605;0.0050969612784683704;0.9224137663841248
606;0.005308370105922222;0.9224137663841248
607;0.005315256305038929;0.9051724076271057
608;0.004862882662564516;0.931034505367279
609;0.00547114247456193;0.9137930870056152
610;0.005142162553966045;0.931034505367279
611;0.0047860946506261826;0.9568965435028076
612;0.005438968073576689;0.9137930870056152
613;0.005119924433529377;0.931034505367279
614;0.005241348873823881;0.931034505367279
615;0.005001747980713844;0.931034505367279
616;0.005145539529621601;0.9224137663841248
617;0.005132202059030533;0.931034505367279
618;0.005054733715951443;0.931034505367279
619;0.004991875495761633;0.9655172228813171
620;0.005155995022505522;0.9224137663841248
621;0.005652785301208496;0.9137930870056152
622;0.005088621750473976;0.9137930870056152
623;0.005109790712594986;0.9396551847457886
624;0.005109298042953014;0.931034505367279
625;0.00503947027027607;0.931034505367279
626;0.004766800440847874;0.9396551847457886
627;0.004974087234586477;0.9224137663841248
628;0.005025501362979412;0.9396551847457886
629;0.004574214108288288;0.9482758641242981
630;0.00491619948297739;0.931034505367279
631;0.004984240047633648;0.9396551847457886
632;0.004859722685068846;0.931034505367279
633;0.00476458203047514;0.9224137663841248
634;0.005070708226412535;0.931034505367279
635;0.004899231716990471;0.9396551847457886
636;0.005002095829695463;0.9482758641242981
637;0.005175876431167126;0.931034505367279
638;0.00499148340895772;0.9137930870056152
639;0.0050323293544352055;0.9051724076271057
640;0.0047040656208992004;0.931034505367279
641;0.0046198610216379166;0.9224137663841248
642;0.004850305151194334;0.9568965435028076
643;0.0052620116621255875;0.9396551847457886
644;0.005150879733264446;0.9224137663841248
645;0.005132630001753569;0.931034505367279
646;0.004966508597135544;0.931034505367279
647;0.005129221826791763;0.9224137663841248
648;0.004712639842182398;0.931034505367279
649;0.004964813590049744;0.9137930870056152
650;0.005191715434193611;0.9482758641242981
651;0.0050378586165606976;0.9224137663841248
652;0.0047073024325072765;0.931034505367279
653;0.0049566891975700855;0.9224137663841248
654;0.005468062590807676;0.9137930870056152
655;0.005176296923309565;0.931034505367279
656;0.004988689906895161;0.9482758641242981
657;0.00516368867829442;0.9396551847457886
658;0.005038226954638958;0.9224137663841248
659;0.0048819794319570065;0.931034505367279
660;0.004902893211692572;0.931034505367279
661;0.004953024443238974;0.9482758641242981
662;0.005079609341919422;0.931034505367279
663;0.004764011595398188;0.9396551847457886
664;0.005223947577178478;0.9224137663841248
665;0.004737218841910362;0.9396551847457886
666;0.004677576012909412;0.9396551847457886
667;0.004810696002095938;0.931034505367279
668;0.0045904978178441525;0.9224137663841248
669;0.005061256233602762;0.9137930870056152
670;0.00508734118193388;0.9051724076271057
671;0.004869064781814814;0.9224137663841248
672;0.004948117770254612;0.931034505367279
673;0.00469457171857357;0.9224137663841248
674;0.004658162128180265;0.9396551847457886
675;0.004464628640562296;0.9396551847457886
676;0.004885984119027853;0.9396551847457886
677;0.005078976042568684;0.9137930870056152
678;0.004781326744705439;0.931034505367279
679;0.005017529707401991;0.9224137663841248
680;0.00450941314920783;0.9224137663841248
681;0.005135213024914265;0.9396551847457886
682;0.004953381605446339;0.931034505367279
683;0.00476897694170475;0.9137930870056152
684;0.004416993353515863;0.9396551847457886
685;0.004852628801018;0.931034505367279
686;0.004653471987694502;0.931034505367279
687;0.004916595760732889;0.9396551847457886
688;0.00466953543946147;0.9224137663841248
689;0.004712894093245268;0.9224137663841248
690;0.004955836106091738;0.931034505367279
691;0.004623056389391422;0.931034505367279
692;0.0048922947607934475;0.9137930870056152
693;0.004832966718822718;0.9224137663841248
694;0.004835755564272404;0.931034505367279
695;0.004841774236410856;0.9482758641242981
696;0.004821190144866705;0.931034505367279
697;0.004919182509183884;0.9224137663841248
698;0.004639415070414543;0.9396551847457886
699;0.004781367257237434;0.931034505367279
700;0.0048423209227621555;0.931034505367279
701;0.004891301970928907;0.9396551847457886
702;0.0048395004123449326;0.9396551847457886
703;0.004597512073814869;0.9482758641242981
704;0.004491130355745554;0.9482758641242981
705;0.004963325336575508;0.9224137663841248
706;0.004560831468552351;0.931034505367279
707;0.004525954369455576;0.9396551847457886
708;0.005071045830845833;0.9396551847457886
709;0.004925939254462719;0.9137930870056152
710;0.004490516148507595;0.9655172228813171
711;0.004508094396442175;0.9396551847457886
712;0.004934447351843119;0.931034505367279
713;0.004677548073232174;0.9396551847457886
714;0.005237010773271322;0.9051724076271057
715;0.0049871355295181274;0.931034505367279
716;0.00470208004117012;0.9137930870056152
717;0.00479423301294446;0.931034505367279
718;0.004436356481164694;0.9396551847457886
719;0.0048190150409936905;0.931034505367279
720;0.0044036079198122025;0.9396551847457886
721;0.004763434641063213;0.9396551847457886
722;0.0047628432512283325;0.9224137663841248
723;0.004822235554456711;0.9396551847457886
724;0.004791601095348597;0.931034505367279
725;0.0048821549862623215;0.931034505367279
726;0.004724268801510334;0.9482758641242981
727;0.004768282640725374;0.9224137663841248
728;0.004834746941924095;0.931034505367279
729;0.004555872641503811;0.931034505367279
730;0.005480251740664244;0.8965517282485962
731;0.0047522056847810745;0.9396551847457886
732;0.004841882269829512;0.931034505367279
733;0.004543749615550041;0.9396551847457886
734;0.004879279062151909;0.931034505367279
735;0.004447279032319784;0.9137930870056152
736;0.004720043390989304;0.931034505367279
737;0.004627130925655365;0.931034505367279
738;0.004804382566362619;0.9224137663841248
739;0.004510603845119476;0.9482758641242981
740;0.005244215950369835;0.9137930870056152
741;0.004383391700685024;0.931034505367279
742;0.004698953125625849;0.9224137663841248
743;0.0046579791232943535;0.931034505367279
744;0.004906145855784416;0.931034505367279
745;0.004526746459305286;0.9396551847457886
746;0.004262378439307213;0.9396551847457886
747;0.004529392812401056;0.931034505367279
748;0.0049148243851959705;0.9224137663841248
749;0.004302177112549543;0.931034505367279
750;0.004548137076199055;0.9396551847457886
751;0.0041831862181425095;0.9482758641242981
752;0.004821960814297199;0.9224137663841248
753;0.004816312342882156;0.931034505367279
754;0.0045091393403708935;0.9482758641242981
755;0.00479718716815114;0.8965517282485962
756;0.00465841218829155;0.9137930870056152
757;0.004965681117027998;0.9137930870056152
758;0.004415478557348251;0.9224137663841248
759;0.004779713694006205;0.931034505367279
760;0.004826758056879044;0.9224137663841248
761;0.004643024876713753;0.9224137663841248
762;0.0046676937490701675;0.931034505367279
763;0.0044812895357608795;0.9396551847457886
764;0.004683873616158962;0.931034505367279
765;0.004836658947169781;0.9224137663841248
766;0.00441561546176672;0.9568965435028076
767;0.004359340760856867;0.931034505367279
768;0.004763050004839897;0.9224137663841248
769;0.004627510439604521;0.931034505367279
770;0.004671547561883926;0.931034505367279
771;0.004844827577471733;0.9224137663841248
772;0.004638342652469873;0.931034505367279
773;0.005065822973847389;0.931034505367279
774;0.004794363863766193;0.931034505367279
775;0.0050454395823180676;0.9224137663841248
776;0.004710134584456682;0.9396551847457886
777;0.0044730231165885925;0.9482758641242981
778;0.004902737680822611;0.931034505367279
779;0.004646450746804476;0.931034505367279
780;0.004430223256349564;0.9396551847457886
781;0.004646594636142254;0.931034505367279
782;0.004636029712855816;0.931034505367279
783;0.00429146084934473;0.9482758641242981
784;0.004276587627828121;0.9482758641242981
785;0.0049033151008188725;0.931034505367279
786;0.0046259076334536076;0.9224137663841248
787;0.004899189341813326;0.931034505367279
788;0.004537410568445921;0.931034505367279
789;0.004325738176703453;0.9568965435028076
790;0.0043199132196605206;0.931034505367279
791;0.004557553678750992;0.9224137663841248
792;0.004427233710885048;0.9224137663841248
793;0.004656097386032343;0.931034505367279
794;0.004644261207431555;0.931034505367279
795;0.004749300889670849;0.931034505367279
796;0.004673014394938946;0.9396551847457886
797;0.004222544841468334;0.931034505367279
798;0.004590589087456465;0.9396551847457886
799;0.004688050597906113;0.9224137663841248
800;0.004349785391241312;0.931034505367279
801;0.0042752851732075214;0.9396551847457886
802;0.004169478081166744;0.931034505367279
803;0.004370884504169226;0.9396551847457886
804;0.004481126554310322;0.931034505367279
805;0.004892003256827593;0.931034505367279
806;0.004679958801716566;0.9396551847457886
807;0.004634061362594366;0.931034505367279
808;0.004704260732978582;0.9396551847457886
809;0.004617729224264622;0.9224137663841248
810;0.004607371520251036;0.9137930870056152
811;0.004823221825063229;0.9137930870056152
812;0.0044913385063409805;0.931034505367279
813;0.0045025465078651905;0.9224137663841248
814;0.004340838175266981;0.931034505367279
815;0.004611551761627197;0.9137930870056152
816;0.004469779320061207;0.931034505367279
817;0.004278686363250017;0.9396551847457886
818;0.004246545489877462;0.9224137663841248
819;0.004632044583559036;0.931034505367279
820;0.00418600719422102;0.9396551847457886
821;0.004492664244025946;0.9224137663841248
822;0.004300083499401808;0.931034505367279
823;0.004547873977571726;0.931034505367279
824;0.004740631207823753;0.931034505367279
825;0.0048980386927723885;0.931034505367279
826;0.004294866230338812;0.931034505367279
827;0.004716553259640932;0.9137930870056152
828;0.004601635970175266;0.9396551847457886
829;0.004535841755568981;0.931034505367279
830;0.005039743147790432;0.9137930870056152
831;0.004893096163868904;0.9137930870056152
832;0.004867876879870892;0.9137930870056152
833;0.004537554457783699;0.931034505367279
834;0.004175649024546146;0.9396551847457886
835;0.00446866312995553;0.9051724076271057
836;0.0050833504647016525;0.9051724076271057
837;0.004617564380168915;0.9224137663841248
838;0.00453530065715313;0.9224137663841248
839;0.0048929802142083645;0.931034505367279
840;0.004600966349244118;0.9224137663841248
841;0.004597230348736048;0.931034505367279
842;0.004414117429405451;0.9224137663841248
843;0.004774340894073248;0.9137930870056152
844;0.004866346251219511;0.931034505367279
845;0.00467789126560092;0.9137930870056152
846;0.004424744751304388;0.9396551847457886
847;0.004528773482888937;0.931034505367279
848;0.004672457464039326;0.9051724076271057
849;0.0041943760588765144;0.9396551847457886
850;0.0042506130412220955;0.9224137663841248
851;0.00455325236544013;0.9224137663841248
852;0.004295828752219677;0.9396551847457886
853;0.004784988239407539;0.9224137663841248
854;0.004139093682169914;0.9482758641242981
855;0.004460488446056843;0.9396551847457886
856;0.004457848146557808;0.9396551847457886
857;0.004538489505648613;0.9137930870056152
858;0.004679640289396048;0.9224137663841248
859;0.004338161554187536;0.9482758641242981
860;0.004504310432821512;0.931034505367279
861;0.004668799228966236;0.9224137663841248
862;0.004669666290283203;0.931034505367279
863;0.004029938485473394;0.931034505367279
864;0.004666240885853767;0.9224137663841248
865;0.004518510308116674;0.931034505367279
866;0.004504081327468157;0.9224137663841248
867;0.0046575493179261684;0.9224137663841248
868;0.004369600210338831;0.9482758641242981
869;0.004825957585126162;0.931034505367279
870;0.004274924751371145;0.9224137663841248
871;0.004422368481755257;0.931034505367279
872;0.004770593252032995;0.9137930870056152
873;0.0048437886871397495;0.9051724076271057
874;0.004472270142287016;0.931034505367279
875;0.004387979861348867;0.9396551847457886
876;0.004670265596359968;0.9224137663841248
877;0.004225520417094231;0.9396551847457886
878;0.004441819153726101;0.9224137663841248
879;0.00424635224044323;0.931034505367279
880;0.004164194688200951;0.9568965435028076
881;0.004655526950955391;0.9224137663841248
882;0.004377361387014389;0.931034505367279
883;0.004613057244569063;0.9396551847457886
884;0.004338537808507681;0.9224137663841248
885;0.004559321328997612;0.9224137663841248
886;0.0042959339916706085;0.9396551847457886
887;0.004339999053627253;0.931034505367279
888;0.004761464893817902;0.9224137663841248
889;0.004348572343587875;0.9396551847457886
890;0.004770647268742323;0.931034505367279
891;0.004501340910792351;0.9224137663841248
892;0.0044074030593037605;0.9224137663841248
893;0.004910808987915516;0.9137930870056152
894;0.004945360589772463;0.931034505367279
895;0.004351489245891571;0.9396551847457886
896;0.004333196673542261;0.9396551847457886
897;0.004114015959203243;0.931034505367279
898;0.004683270119130611;0.931034505367279
899;0.004224819131195545;0.9224137663841248
900;0.0045217107981443405;0.931034505367279
901;0.0044809384271502495;0.9224137663841248
902;0.0042673321440815926;0.9224137663841248
903;0.004200511611998081;0.9396551847457886
904;0.004296936560422182;0.9396551847457886
905;0.00435527553781867;0.9137930870056152
906;0.004246787633746862;0.9396551847457886
907;0.004452714696526527;0.9137930870056152
908;0.004507008939981461;0.9137930870056152
909;0.004414503462612629;0.9224137663841248
910;0.004026052542030811;0.931034505367279
911;0.004182241857051849;0.9137930870056152
912;0.004250253085047007;0.9137930870056152
913;0.004387682303786278;0.9137930870056152
914;0.004173891618847847;0.9224137663841248
915;0.004169067833572626;0.9224137663841248
916;0.004198295529931784;0.9224137663841248
917;0.004391137510538101;0.931034505367279
918;0.00390227441675961;0.9396551847457886
919;0.0045058345422148705;0.9224137663841248
920;0.004649574868381023;0.9224137663841248
921;0.00430046021938324;0.9224137663841248
922;0.004343125969171524;0.9396551847457886
923;0.004712222144007683;0.9224137663841248
924;0.0041787405498325825;0.931034505367279
925;0.0044480268843472;0.931034505367279
926;0.0041320729069411755;0.931034505367279
927;0.0044073425233364105;0.9051724076271057
928;0.004350738599896431;0.9137930870056152
929;0.004068124573677778;0.9396551847457886
930;0.004546540789306164;0.9137930870056152
931;0.004456137306988239;0.9224137663841248
932;0.004448461811989546;0.9224137663841248
933;0.0038214530795812607;0.931034505367279
934;0.004535408224910498;0.9224137663841248
935;0.004332611337304115;0.931034505367279
936;0.004004150629043579;0.931034505367279
937;0.0039175283163785934;0.9396551847457886
938;0.004407714121043682;0.9482758641242981
939;0.004580026026815176;0.931034505367279
940;0.004256587941199541;0.9396551847457886
941;0.004461035598069429;0.9224137663841248
942;0.004151280969381332;0.931034505367279
943;0.004106896463781595;0.931034505367279
944;0.0042767515406012535;0.9224137663841248
945;0.0040963757783174515;0.9396551847457886
946;0.004234697204083204;0.931034505367279
947;0.004196669906377792;0.9396551847457886
948;0.003847698913887143;0.9482758641242981
949;0.0045071677304804325;0.9224137663841248
950;0.004426630213856697;0.931034505367279
951;0.004422251600772142;0.931034505367279
952;0.004223400726914406;0.931034505367279
953;0.0043594688177108765;0.9482758641242981
954;0.004328778479248285;0.931034505367279
955;0.004299832042306662;0.9482758641242981
956;0.004596158396452665;0.931034505367279
957;0.0040579005144536495;0.9482758641242981
958;0.0044032493606209755;0.9224137663841248
959;0.004417130723595619;0.931034505367279
960;0.004332745913416147;0.931034505367279
961;0.004009581636637449;0.9396551847457886
962;0.004192645661532879;0.9396551847457886
963;0.00418459065258503;0.931034505367279
964;0.004345600958913565;0.931034505367279
965;0.00422673812136054;0.9224137663841248
966;0.003983065951615572;0.9224137663841248
967;0.004536866210401058;0.931034505367279
968;0.004399329423904419;0.9224137663841248
969;0.004077361896634102;0.9396551847457886
970;0.004577540326863527;0.931034505367279
971;0.004345790948718786;0.9137930870056152
972;0.004134697373956442;0.9396551847457886
973;0.0041696010157465935;0.931034505367279
974;0.00441252114251256;0.9137930870056152
975;0.004011975601315498;0.9568965435028076
976;0.004086949862539768;0.9224137663841248
977;0.004508800804615021;0.9224137663841248
978;0.004249546676874161;0.9396551847457886
979;0.004219320137053728;0.9051724076271057
980;0.004462269134819508;0.931034505367279
981;0.004366184584796429;0.9224137663841248
982;0.004101444035768509;0.931034505367279
983;0.004053429234772921;0.931034505367279
984;0.004512033890932798;0.9051724076271057
985;0.004328188486397266;0.931034505367279
986;0.003977946471422911;0.9224137663841248
987;0.00427783839404583;0.9137930870056152
988;0.004379141144454479;0.9224137663841248
989;0.0038625686429440975;0.9396551847457886
990;0.004424283280968666;0.9224137663841248
991;0.003927826415747404;0.931034505367279
992;0.004274254664778709;0.9224137663841248
993;0.004151115659624338;0.931034505367279
994;0.004342245869338512;0.931034505367279
995;0.004309621173888445;0.9224137663841248
996;0.004549660254269838;0.9396551847457886
997;0.004004193469882011;0.9224137663841248
998;0.004056255333125591;0.931034505367279
999;0.004059310536831617;0.9482758641242981
1000;0.004336352460086346;0.9224137663841248
1001;0.00448090024292469;0.9137930870056152
1002;0.00424882210791111;0.9224137663841248
1003;0.004090635571628809;0.931034505367279
1004;0.004357884172350168;0.9396551847457886
1005;0.004354922100901604;0.9137930870056152
1006;0.004466650076210499;0.9224137663841248
1007;0.004149527754634619;0.931034505367279
1008;0.003841100726276636;0.931034505367279
1009;0.004291273653507233;0.931034505367279
1010;0.0044196853414177895;0.9224137663841248
1011;0.0043468172661960125;0.9396551847457886
1012;0.004318485036492348;0.931034505367279
1013;0.004155455157160759;0.931034505367279
1014;0.0039639039896428585;0.931034505367279
1015;0.004015845712274313;0.9396551847457886
1016;0.004308626987040043;0.9568965435028076
1017;0.004194503650069237;0.9396551847457886
1018;0.0037285136058926582;0.9396551847457886
1019;0.0040988074615597725;0.9396551847457886
1020;0.004357997328042984;0.931034505367279
1021;0.004098637495189905;0.931034505367279
1022;0.00419170456007123;0.9568965435028076
1023;0.004225075710564852;0.931034505367279
1024;0.004035650286823511;0.9396551847457886
1025;0.004410216584801674;0.9224137663841248
1026;0.004305250942707062;0.931034505367279
1027;0.003979883156716824;0.9396551847457886
1028;0.004131282679736614;0.9396551847457886
1029;0.004178323782980442;0.931034505367279
1030;0.004142125137150288;0.931034505367279
1031;0.004218148998916149;0.9137930870056152
1032;0.003954453393816948;0.9482758641242981
1033;0.004317945335060358;0.931034505367279
1034;0.00447473069652915;0.9137930870056152
1035;0.00390515080653131;0.9396551847457886
1036;0.004222055431455374;0.9396551847457886
1037;0.004240414127707481;0.9224137663841248
1038;0.0038547315634787083;0.931034505367279
1039;0.003903784556314349;0.9482758641242981
1040;0.004309541545808315;0.931034505367279
1041;0.004027293063700199;0.9224137663841248
1042;0.003944171592593193;0.9396551847457886
1043;0.004108319524675608;0.9137930870056152
1044;0.004216342698782682;0.9396551847457886
1045;0.0039510782808065414;0.931034505367279
1046;0.004175430163741112;0.931034505367279
1047;0.003992467187345028;0.9224137663841248
1048;0.004207834601402283;0.9224137663841248
1049;0.003992781508713961;0.9224137663841248
1050;0.004561199806630611;0.931034505367279
1051;0.004285781644284725;0.9224137663841248
1052;0.004002067260444164;0.931034505367279
1053;0.004072051029652357;0.9482758641242981
1054;0.004699022509157658;0.9137930870056152
1055;0.003980292472988367;0.931034505367279
1056;0.003860565135255456;0.9482758641242981
1057;0.004339545499533415;0.9224137663841248
1058;0.004081387538462877;0.931034505367279
1059;0.004084499087184668;0.931034505367279
1060;0.004093739669770002;0.931034505367279
1061;0.004313690587878227;0.9224137663841248
1062;0.0043573020957410336;0.9051724076271057
1063;0.004087562672793865;0.9396551847457886
1064;0.00419188104569912;0.9482758641242981
1065;0.004247426055371761;0.931034505367279
1066;0.004218423273414373;0.9396551847457886
1067;0.004125902894884348;0.931034505367279
1068;0.004266227595508099;0.931034505367279
1069;0.004285265691578388;0.9224137663841248
1070;0.00401516305282712;0.9224137663841248
1071;0.004013411235064268;0.9482758641242981
1072;0.003887989791110158;0.9396551847457886
1073;0.00421884935349226;0.9224137663841248
1074;0.004245174117386341;0.9224137663841248
1075;0.003982049413025379;0.931034505367279
1076;0.004217684734612703;0.931034505367279
1077;0.004289010539650917;0.931034505367279
1078;0.004123922437429428;0.9396551847457886
1079;0.004001335706561804;0.9482758641242981
1080;0.004218255169689655;0.9224137663841248
1081;0.004134029615670443;0.9224137663841248
1082;0.004209017846733332;0.9051724076271057
1083;0.003856552531942725;0.9396551847457886
1084;0.004174145869910717;0.9224137663841248
1085;0.004080749116837978;0.9224137663841248
1086;0.004009095020592213;0.9396551847457886
1087;0.004221823066473007;0.9137930870056152
1088;0.003913775086402893;0.9396551847457886
1089;0.00406700698658824;0.931034505367279
1090;0.004003605805337429;0.9396551847457886
1091;0.004303460009396076;0.931034505367279
1092;0.004174672998487949;0.9051724076271057
1093;0.00419716676697135;0.9396551847457886
1094;0.0040018330328166485;0.9396551847457886
1095;0.004367537330836058;0.931034505367279
1096;0.004334987606853247;0.931034505367279
1097;0.0038498863577842712;0.931034505367279
1098;0.004202942363917828;0.9224137663841248
1099;0.0039862897247076035;0.9396551847457886
1100;0.0040594139136374;0.931034505367279
1101;0.004128929227590561;0.931034505367279
1102;0.004055144730955362;0.9224137663841248
1103;0.004220450762659311;0.9224137663841248
1104;0.004547646269202232;0.9051724076271057
1105;0.003964426927268505;0.9224137663841248
1106;0.004201935604214668;0.9224137663841248
1107;0.0037885471247136593;0.931034505367279
1108;0.004102400969713926;0.9224137663841248
1109;0.004149207379668951;0.9224137663841248
1110;0.004136800765991211;0.9224137663841248
1111;0.004200443625450134;0.9224137663841248
1112;0.0038326748181134462;0.9396551847457886
1113;0.00423525832593441;0.9051724076271057
1114;0.003929576836526394;0.9137930870056152
1115;0.0041403998620808125;0.9224137663841248
1116;0.004219584632664919;0.9051724076271057
1117;0.00460948096588254;0.8965517282485962
1118;0.004187075886875391;0.9137930870056152
1119;0.004186129197478294;0.9137930870056152
1120;0.003995342180132866;0.931034505367279
1121;0.0041894447058439255;0.9137930870056152
1122;0.003990392200648785;0.931034505367279
1123;0.004118632525205612;0.931034505367279
1124;0.004130063112825155;0.9224137663841248
1125;0.003879194613546133;0.9396551847457886
1126;0.004007475450634956;0.9396551847457886
1127;0.004229745827615261;0.9137930870056152
1128;0.003991767298430204;0.931034505367279
1129;0.0037112280260771513;0.931034505367279
1130;0.004398520104587078;0.9224137663841248
1131;0.003823955310508609;0.9482758641242981
1132;0.00406634109094739;0.931034505367279
1133;0.0038630955386906862;0.931034505367279
1134;0.004125296603888273;0.9224137663841248
1135;0.0043530575931072235;0.8965517282485962
1136;0.0038592435885220766;0.9224137663841248
1137;0.004054137971252203;0.931034505367279
1138;0.003908297047019005;0.931034505367279
1139;0.003704858710989356;0.9396551847457886
1140;0.004252168349921703;0.9224137663841248
1141;0.003956126049160957;0.9224137663841248
1142;0.004422500263899565;0.9224137663841248
1143;0.004199639428406954;0.931034505367279
1144;0.0040315138176083565;0.9482758641242981
1145;0.0041661919094622135;0.9137930870056152
1146;0.003983159549534321;0.9396551847457886
1147;0.00409788079559803;0.9224137663841248
1148;0.0042890096083283424;0.931034505367279
1149;0.004178240429610014;0.9224137663841248
1150;0.0044104550033807755;0.9224137663841248
1151;0.0037705497816205025;0.9482758641242981
1152;0.003988287411630154;0.9396551847457886
1153;0.004021791275590658;0.9137930870056152
1154;0.0039481534622609615;0.9396551847457886
1155;0.0042128050699830055;0.931034505367279
1156;0.003607960417866707;0.931034505367279
1157;0.0041480944491922855;0.9137930870056152
1158;0.003931070677936077;0.931034505367279
1159;0.004032200202345848;0.931034505367279
1160;0.004125459585338831;0.931034505367279
1161;0.003916413057595491;0.9396551847457886
1162;0.003561388934031129;0.9396551847457886
1163;0.0039195893332362175;0.9396551847457886
1164;0.003702511778101325;0.9482758641242981
1165;0.0037586591206490993;0.931034505367279
1166;0.0039952900260686874;0.9224137663841248
1167;0.00381583534181118;0.9396551847457886
1168;0.004210876300930977;0.9224137663841248
1169;0.003803056199103594;0.9396551847457886
1170;0.004125296138226986;0.9137930870056152
1171;0.00430004857480526;0.9137930870056152
1172;0.004048614762723446;0.9224137663841248
1173;0.004236636217683554;0.9051724076271057
1174;0.00388836651109159;0.931034505367279
1175;0.003967187833040953;0.931034505367279
1176;0.003912167623639107;0.931034505367279
1177;0.0039535388350486755;0.9224137663841248
1178;0.003994207363575697;0.931034505367279
1179;0.0037995611783117056;0.9396551847457886
1180;0.0040101599879562855;0.9224137663841248
1181;0.0038157168310135603;0.931034505367279
1182;0.0041991774924099445;0.931034505367279
1183;0.004025587812066078;0.9137930870056152
1184;0.003956975415349007;0.9482758641242981
1185;0.00427250936627388;0.931034505367279
1186;0.004153485409915447;0.9396551847457886
1187;0.003787198569625616;0.931034505367279
1188;0.0044385832734405994;0.9224137663841248
1189;0.003934555687010288;0.931034505367279
1190;0.0038648140616714954;0.931034505367279
1191;0.0038600778207182884;0.931034505367279
1192;0.004037879873067141;0.9396551847457886
1193;0.00430232472717762;0.9137930870056152
1194;0.004039570689201355;0.931034505367279
1195;0.004002006724476814;0.9137930870056152
1196;0.004129639361053705;0.9224137663841248
1197;0.00414750911295414;0.9224137663841248
1198;0.004147262778133154;0.931034505367279
1199;0.0038939525838941336;0.9396551847457886
1200;0.0038415249437093735;0.9137930870056152
1201;0.004238998517394066;0.8965517282485962
1202;0.004211330320686102;0.931034505367279
1203;0.004118368029594421;0.931034505367279
1204;0.003766334615647793;0.9396551847457886
1205;0.003627201309427619;0.9396551847457886
1206;0.004130165092647076;0.9396551847457886
1207;0.004013122525066137;0.931034505367279
1208;0.003949388395994902;0.9224137663841248
1209;0.0036781395319849253;0.9568965435028076
1210;0.0037816506810486317;0.931034505367279
1211;0.004078054800629616;0.9137930870056152
1212;0.004147571511566639;0.9137930870056152
1213;0.0038243448361754417;0.9224137663841248
1214;0.003991278354078531;0.9396551847457886
1215;0.003850613022223115;0.9396551847457886
1216;0.0036762880627065897;0.9396551847457886
1217;0.0039807530120015144;0.9137930870056152
1218;0.00431157136335969;0.9224137663841248
1219;0.004007867071777582;0.931034505367279
1220;0.003539625322446227;0.9568965435028076
1221;0.003917420282959938;0.931034505367279
1222;0.003850031876936555;0.9482758641242981
1223;0.004020778462290764;0.9137930870056152
1224;0.003842076752334833;0.9224137663841248
1225;0.0038829678669571877;0.9396551847457886
1226;0.00430701207369566;0.9224137663841248
1227;0.004143836908042431;0.9396551847457886
1228;0.003916825633496046;0.9224137663841248
1229;0.00393124483525753;0.9137930870056152
1230;0.0039505427703261375;0.931034505367279
1231;0.0038899043574929237;0.9396551847457886
1232;0.004049072507768869;0.9224137663841248
1233;0.004088832065463066;0.9396551847457886
1234;0.00363283627666533;0.931034505367279
1235;0.00392632931470871;0.9396551847457886
1236;0.0037578227929770947;0.9051724076271057
1237;0.0038913143798708916;0.9396551847457886
1238;0.003967610653489828;0.931034505367279
1239;0.0037322398275136948;0.931034505367279
1240;0.0038504647091031075;0.931034505367279
1241;0.0041144913993775845;0.9224137663841248
1242;0.003744203131645918;0.931034505367279
1243;0.0038308834191411734;0.931034505367279
1244;0.003960724920034409;0.9396551847457886
1245;0.003686850657686591;0.9396551847457886
1246;0.0035993263591080904;0.9137930870056152
1247;0.0036648488603532314;0.931034505367279
1248;0.003923759330064058;0.9396551847457886
1249;0.0038096040952950716;0.931034505367279
1250;0.003882278688251972;0.9137930870056152
1251;0.003713360521942377;0.9396551847457886
1252;0.0038631572388112545;0.931034505367279
1253;0.004202883690595627;0.931034505367279
1254;0.004092949442565441;0.9137930870056152
1255;0.003991194535046816;0.9396551847457886
1256;0.003909871447831392;0.9224137663841248
1257;0.00392834423109889;0.9224137663841248
1258;0.00356197077780962;0.9396551847457886
1259;0.0034089579712599516;0.9568965435028076
1260;0.0039534540846943855;0.9137930870056152
1261;0.003719522850587964;0.931034505367279
1262;0.003702443325892091;0.931034505367279
1263;0.004070159047842026;0.9224137663841248
1264;0.003891528584063053;0.931034505367279
1265;0.003836102783679962;0.9137930870056152
1266;0.004075690172612667;0.9051724076271057
1267;0.0039571551606059074;0.931034505367279
1268;0.003783510299399495;0.9482758641242981
1269;0.004094407428056002;0.931034505367279
1270;0.003525999840348959;0.9568965435028076
1271;0.003946186974644661;0.9137930870056152
1272;0.003860865719616413;0.931034505367279
1273;0.004138652700930834;0.931034505367279
1274;0.0040696230717003345;0.9051724076271057
1275;0.004057595506310463;0.9396551847457886
1276;0.004027592949569225;0.931034505367279
1277;0.003938577137887478;0.9224137663841248
1278;0.0038701456505805254;0.9137930870056152
1279;0.004053066950291395;0.9224137663841248
1280;0.0037374719977378845;0.9396551847457886
1281;0.0038788900710642338;0.931034505367279
1282;0.003878922201693058;0.9396551847457886
1283;0.0036456002853810787;0.9137930870056152
1284;0.004042450338602066;0.9137930870056152
1285;0.003974856808781624;0.9224137663841248
1286;0.003836791031062603;0.9051724076271057
1287;0.00414681900292635;0.9051724076271057
1288;0.0036694961600005627;0.9224137663841248
1289;0.003657417604699731;0.9482758641242981
1290;0.003789038397371769;0.931034505367279
1291;0.0038711747620254755;0.931034505367279
1292;0.003803496714681387;0.9396551847457886
1293;0.003858308307826519;0.9224137663841248
1294;0.00398310087621212;0.931034505367279
1295;0.003949533216655254;0.9396551847457886
1296;0.003717245999723673;0.931034505367279
1297;0.003587461309507489;0.9396551847457886
1298;0.0036414351779967546;0.9396551847457886
1299;0.0036952949594706297;0.9396551847457886
1300;0.003906555939465761;0.931034505367279
1301;0.0035331440158188343;0.931034505367279
1302;0.003683607093989849;0.931034505367279
1303;0.0036814098712056875;0.931034505367279
1304;0.00366787938401103;0.9741379022598267
1305;0.004135835915803909;0.9224137663841248
1306;0.0041426862590014935;0.9137930870056152
1307;0.004083770327270031;0.9224137663841248
1308;0.0036236413288861513;0.9482758641242981
1309;0.0037157388869673014;0.9396551847457886
1310;0.00338586512953043;0.9482758641242981
1311;0.003623790806159377;0.931034505367279
1312;0.0038463890086859465;0.9137930870056152
1313;0.00392557866871357;0.9224137663841248
1314;0.004019922576844692;0.9224137663841248
1315;0.0037846756167709827;0.931034505367279
1316;0.0037014924455434084;0.9396551847457886
1317;0.003629201091825962;0.9396551847457886
1318;0.003813680959865451;0.9224137663841248
1319;0.004347781650722027;0.9137930870056152
1320;0.003322108881548047;0.9482758641242981
1321;0.003871259046718478;0.9224137663841248
1322;0.0037601834628731012;0.9482758641242981
1323;0.004366702865809202;0.9224137663841248
1324;0.003893633373081684;0.9224137663841248
1325;0.0037918267771601677;0.9396551847457886
1326;0.004072295036166906;0.9137930870056152
1327;0.003998087253421545;0.9224137663841248
1328;0.004206907004117966;0.9137930870056152
1329;0.003652334213256836;0.9482758641242981
1330;0.0036618588492274284;0.9396551847457886
1331;0.0039049270562827587;0.931034505367279
1332;0.0036804487463086843;0.9568965435028076
1333;0.0036169954109936953;0.9396551847457886
1334;0.0035857686307281256;0.9396551847457886
1335;0.004373860079795122;0.9137930870056152
1336;0.003965562209486961;0.9137930870056152
1337;0.0034291318152099848;0.931034505367279
1338;0.0039170775562524796;0.9396551847457886
1339;0.00383264129050076;0.9224137663841248
1340;0.0036715399473905563;0.9396551847457886
1341;0.003872112836688757;0.931034505367279
1342;0.003677929285913706;0.9482758641242981
1343;0.0036222010385245085;0.9396551847457886
1344;0.004115018527954817;0.931034505367279
1345;0.0036915254313498735;0.9224137663841248
1346;0.004122551530599594;0.9224137663841248
1347;0.003939205780625343;0.9396551847457886
1348;0.0037279813550412655;0.9396551847457886
1349;0.0038407305255532265;0.9224137663841248
1350;0.0037356377579271793;0.9396551847457886
1351;0.0037684582639485598;0.931034505367279
1352;0.0038567816372960806;0.931034505367279
1353;0.003936073277145624;0.9396551847457886
1354;0.004209047183394432;0.9137930870056152
1355;0.0038491245359182358;0.9137930870056152
1356;0.003971504047513008;0.9224137663841248
1357;0.0038476192858070135;0.931034505367279
1358;0.0037010740488767624;0.931034505367279
1359;0.003919921349734068;0.931034505367279
1360;0.004076401703059673;0.931034505367279
1361;0.0037673464976251125;0.9396551847457886
1362;0.003859912045300007;0.9224137663841248
1363;0.0038485771510750055;0.931034505367279
1364;0.0038353886920958757;0.9224137663841248
1365;0.0038777964655309916;0.9224137663841248
1366;0.003579083364456892;0.9568965435028076
1367;0.0038084452971816063;0.9224137663841248
1368;0.003720029490068555;0.9482758641242981
1369;0.004178634844720364;0.931034505367279
1370;0.003956089727580547;0.9137930870056152
1371;0.003997355233877897;0.9137930870056152
1372;0.0035567996092140675;0.9396551847457886
1373;0.003682402428239584;0.9396551847457886
1374;0.003536216914653778;0.9396551847457886
1375;0.0039215353317558765;0.9224137663841248
1376;0.003417694941163063;0.9396551847457886
1377;0.003860837547108531;0.931034505367279
1378;0.003942772280424833;0.931034505367279
1379;0.0037162452936172485;0.9396551847457886
1380;0.0035197786055505276;0.9482758641242981
1381;0.0038672268856316805;0.9137930870056152
1382;0.003840389661490917;0.9224137663841248
1383;0.003913791384547949;0.931034505367279
1384;0.003601082833483815;0.9396551847457886
1385;0.003907774109393358;0.9396551847457886
1386;0.003460625419393182;0.931034505367279
1387;0.0037041937466710806;0.9051724076271057
1388;0.003916670102626085;0.931034505367279
1389;0.004067949019372463;0.9224137663841248
1390;0.003916364163160324;0.9224137663841248
1391;0.003899892559275031;0.9224137663841248
1392;0.003789768787100911;0.9224137663841248
1393;0.003859620075672865;0.931034505367279
1394;0.003711275989189744;0.931034505367279
1395;0.003838049480691552;0.931034505367279
1396;0.0037384824827313423;0.931034505367279
1397;0.003689519129693508;0.931034505367279
1398;0.0038296356797218323;0.9396551847457886
1399;0.003849107539281249;0.9137930870056152
1400;0.003745154244825244;0.9396551847457886
1401;0.003597686067223549;0.9224137663841248
1402;0.0036598392762243748;0.9568965435028076
1403;0.0039462437853217125;0.9051724076271057
1404;0.003741441061720252;0.9224137663841248
1405;0.0036956763360649347;0.9137930870056152
1406;0.0037341108545660973;0.931034505367279
1407;0.0038309034425765276;0.931034505367279
1408;0.003937514498829842;0.9224137663841248
1409;0.004106492269784212;0.9224137663841248
1410;0.0038450369611382484;0.9568965435028076
1411;0.003798365592956543;0.9396551847457886
1412;0.004117974545806646;0.9224137663841248
1413;0.00415722094476223;0.9224137663841248
1414;0.004074694123119116;0.9137930870056152
1415;0.0036458338145166636;0.9568965435028076
1416;0.003930458799004555;0.9224137663841248
1417;0.00404641218483448;0.9224137663841248
1418;0.003773912787437439;0.931034505367279
1419;0.003509809961542487;0.9568965435028076
1420;0.003913748078048229;0.9396551847457886
1421;0.0038328799419105053;0.9137930870056152
1422;0.004223201423883438;0.9051724076271057
1423;0.0037139151245355606;0.931034505367279
1424;0.003649394027888775;0.9396551847457886
1425;0.004165910184383392;0.9224137663841248
1426;0.003716879989951849;0.9137930870056152
1427;0.004167073406279087;0.9051724076271057
1428;0.003956361208111048;0.931034505367279
1429;0.0037825608160346746;0.9224137663841248
1430;0.0037553543224930763;0.9396551847457886
1431;0.003617303678765893;0.9224137663841248
1432;0.0038442462682724;0.931034505367279
1433;0.00372709846124053;0.9137930870056152
1434;0.0037194781471043825;0.9224137663841248
1435;0.0038487769197672606;0.9396551847457886
1436;0.0035230263601988554;0.9482758641242981
1437;0.0036912327632308006;0.9396551847457886
1438;0.0037173971068114042;0.9224137663841248
1439;0.00353977270424366;0.9482758641242981
1440;0.0036874357610940933;0.9396551847457886
1441;0.003940003924071789;0.931034505367279
1442;0.0037416103295981884;0.9137930870056152
1443;0.0037935024593025446;0.9396551847457886
1444;0.0035553702618926764;0.9396551847457886
1445;0.0035652697551995516;0.9396551847457886
1446;0.003770602634176612;0.931034505367279
1447;0.00412486819550395;0.9051724076271057
1448;0.003506643231958151;0.9482758641242981
1449;0.0036992572713643312;0.931034505367279
1450;0.0038195091765373945;0.931034505367279
1451;0.003990627825260162;0.9224137663841248
1452;0.0036308083217591047;0.9396551847457886
1453;0.003910413011908531;0.9137930870056152
1454;0.0037633730098605156;0.931034505367279
1455;0.003774381009861827;0.9396551847457886
1456;0.003824189305305481;0.9224137663841248
1457;0.0040079751051962376;0.9224137663841248
1458;0.0037792834918946028;0.9396551847457886
1459;0.003449954790994525;0.9396551847457886
1460;0.004062711726874113;0.9224137663841248
1461;0.003909681458026171;0.9224137663841248
1462;0.0037430620286613703;0.9482758641242981
1463;0.0035763075575232506;0.9396551847457886
1464;0.003853352041915059;0.9224137663841248
1465;0.0037595981266349554;0.931034505367279
1466;0.0037896023131906986;0.9224137663841248
1467;0.004013394936919212;0.9137930870056152
1468;0.0038787031080573797;0.931034505367279
1469;0.003662276081740856;0.9482758641242981
1470;0.0034150523133575916;0.9396551847457886
1471;0.003814592957496643;0.9482758641242981
1472;0.003580017015337944;0.9482758641242981
1473;0.003818339901044965;0.931034505367279
1474;0.003932506311684847;0.9137930870056152
1475;0.00371505762450397;0.9224137663841248
1476;0.003302895464003086;0.9482758641242981
1477;0.0037363285664469004;0.931034505367279
1478;0.004029995296150446;0.9051724076271057
1479;0.0037804627791047096;0.9137930870056152
1480;0.003841725643724203;0.9224137663841248
1481;0.003550200955942273;0.931034505367279
1482;0.004156730603426695;0.9051724076271057
1483;0.0036236124578863382;0.931034505367279
1484;0.0038378050085157156;0.931034505367279
1485;0.00389713398180902;0.9224137663841248
1486;0.004023343790322542;0.931034505367279
1487;0.0037321695126593113;0.9224137663841248
1488;0.003749669762328267;0.931034505367279
1489;0.0038369859103113413;0.9396551847457886
1490;0.0037476555444300175;0.9396551847457886
1491;0.0038430793210864067;0.9224137663841248
1492;0.003722866764292121;0.9224137663841248
1493;0.003591705346480012;0.9396551847457886
1494;0.0037675618659704924;0.9137930870056152
1495;0.0035517634823918343;0.931034505367279
1496;0.0035067787393927574;0.931034505367279
1497;0.004043748136609793;0.9137930870056152
1498;0.0040230597369372845;0.9224137663841248
1499;0.003566506551578641;0.931034505367279
