iteration;loss;accuracy
0;0.09567903727293015;0.32258063554763794
1;0.08548977971076965;0.25806450843811035
2;0.07556246221065521;0.29032257199287415
3;0.0655079111456871;0.5161290168762207
4;0.07273247092962265;0.3870967626571655
5;0.07006669789552689;0.29032257199287415
6;0.06604241579771042;0.35483869910240173
7;0.06562833487987518;0.29032257199287415
8;0.06317754089832306;0.4838709533214569
9;0.06464967876672745;0.3870967626571655
10;0.06338129192590714;0.4838709533214569
11;0.06247363239526749;0.4838709533214569
12;0.06203906983137131;0.5161290168762207
13;0.06288973987102509;0.3870967626571655
14;0.06171293556690216;0.3870967626571655
15;0.060112856328487396;0.4516128897666931
16;0.05980490520596504;0.4838709533214569
17;0.05738391727209091;0.4838709533214569
18;0.057103510946035385;0.5483871102333069
19;0.05665789917111397;0.6774193644523621
20;0.05650041997432709;0.5806451439857483
21;0.05477277934551239;0.6451612710952759
22;0.05086750164628029;0.7419354915618896
23;0.051063407212495804;0.7096773982048035
24;0.04874827712774277;0.6774193644523621
25;0.043481502681970596;0.7419354915618896
26;0.039979659020900726;0.7419354915618896
27;0.037286508828401566;0.8064516186714172
28;0.03935520350933075;0.8064516186714172
29;0.03726605325937271;0.774193525314331
30;0.03712968900799751;0.8387096524238586
31;0.033305417746305466;0.8709677457809448
32;0.03328133746981621;0.8387096524238586
33;0.03291643038392067;0.8064516186714172
34;0.029797039926052094;0.8387096524238586
35;0.031129293143749237;0.8709677457809448
36;0.02772882953286171;0.8709677457809448
37;0.027958232909440994;0.9032257795333862
38;0.02909395843744278;0.8709677457809448
39;0.02557404711842537;0.8709677457809448
40;0.026331977918744087;0.9354838728904724
41;0.024565313011407852;0.8709677457809448
42;0.019768547266721725;0.9354838728904724
43;0.022522417828440666;0.9677419066429138
44;0.01953595131635666;1.0
45;0.018275855109095573;1.0
46;0.01653534732758999;1.0
47;0.013487151823937893;1.0
48;0.014222372323274612;1.0
49;0.01251824852079153;1.0
50;0.013276398181915283;1.0
51;0.0137488367035985;1.0
52;0.010894575156271458;1.0
53;0.010641604661941528;1.0
54;0.012802379205822945;1.0
55;0.010661023668944836;1.0
56;0.008720007725059986;1.0
57;0.010186747647821903;1.0
58;0.010261488147079945;1.0
59;0.00950747448951006;1.0
60;0.009169883094727993;1.0
61;0.009285308420658112;1.0
62;0.008676904253661633;1.0
63;0.006900311913341284;1.0
64;0.007987954653799534;1.0
65;0.008034068159759045;1.0
66;0.0073584686033427715;1.0
67;0.010312763042747974;1.0
68;0.008954065851867199;1.0
69;0.010236365720629692;1.0
70;0.007070779800415039;1.0
71;0.010066535323858261;1.0
72;0.007902582176029682;1.0
73;0.00586219085380435;1.0
74;0.005716839339584112;1.0
75;0.005472400225698948;1.0
76;0.006260314956307411;1.0
77;0.006435148883610964;1.0
78;0.006932741962373257;1.0
79;0.005299663636833429;1.0
80;0.00629474688321352;1.0
81;0.007160280831158161;1.0
82;0.006194365210831165;1.0
83;0.0037947564851492643;1.0
84;0.00532746035605669;1.0
85;0.004969543311744928;1.0
86;0.005865463986992836;1.0
87;0.005227748304605484;1.0
88;0.00528150238096714;1.0
89;0.004114655777812004;1.0
90;0.0049481769092381;1.0
91;0.004424492362886667;1.0
92;0.0047933622263371944;1.0
93;0.003923039883375168;1.0
94;0.003802330233156681;1.0
95;0.004582679830491543;1.0
96;0.00487513979896903;1.0
97;0.0036768135614693165;1.0
98;0.0043746898882091045;1.0
99;0.004127876367419958;1.0
100;0.004732009954750538;1.0
101;0.0045912256464362144;1.0
102;0.0038599325343966484;1.0
103;0.0029825635720044374;1.0
104;0.004970576614141464;1.0
105;0.004171978682279587;1.0
106;0.003334826324135065;1.0
107;0.005982861388474703;1.0
108;0.005451877601444721;1.0
109;0.004074817057698965;1.0
110;0.0037493628915399313;1.0
111;0.003859620075672865;1.0
112;0.006102451588958502;1.0
113;0.0031325197778642178;1.0
114;0.0034918878227472305;1.0
115;0.002867471193894744;1.0
116;0.004866328090429306;1.0
117;0.004008552059531212;1.0
118;0.003522866638377309;1.0
119;0.004620782565325499;1.0
120;0.0038431393913924694;1.0
121;0.0029612756334245205;1.0
122;0.004197616595774889;1.0
123;0.004316805396229029;1.0
124;0.005583588033914566;1.0
125;0.0027548319194465876;1.0
126;0.0038084601983428;1.0
127;0.0040921797044575214;1.0
128;0.004434571135789156;1.0
129;0.003659843234345317;1.0
130;0.0038447713013738394;1.0
131;0.002508066361770034;1.0
132;0.003558215219527483;1.0
133;0.003173345234245062;1.0
134;0.0040009417571127415;1.0
135;0.0030312410090118647;1.0
136;0.0032928891014307737;1.0
137;0.0031267169397324324;1.0
138;0.0030217908788472414;1.0
139;0.003101872280240059;1.0
140;0.0029551649931818247;1.0
141;0.0018960557645186782;1.0
142;0.003518282435834408;1.0
143;0.0023543103598058224;1.0
144;0.003966799471527338;1.0
145;0.003711981698870659;1.0
146;0.0027224391233175993;1.0
147;0.002748099621385336;1.0
148;0.0029586958698928356;1.0
149;0.003305289428681135;1.0
150;0.0018899646820500493;1.0
151;0.002283944981172681;1.0
152;0.003253161907196045;1.0
153;0.0029428107663989067;1.0
154;0.003804969834163785;1.0
155;0.0026174760423600674;1.0
156;0.0029660039581358433;1.0
157;0.0029120654799044132;1.0
158;0.003445782931521535;1.0
159;0.0033182238694280386;1.0
160;0.0027517133858054876;1.0
161;0.0032641468569636345;1.0
162;0.004268069285899401;1.0
163;0.0029949117451906204;1.0
164;0.003277654992416501;1.0
165;0.0023608605843037367;1.0
166;0.0035668492782860994;1.0
167;0.0021160386968404055;1.0
168;0.002354424213990569;1.0
169;0.00358983944170177;1.0
170;0.0038281718734651804;1.0
171;0.002584203379228711;1.0
172;0.0018053773092105985;1.0
173;0.002735246205702424;1.0
174;0.0033128103241324425;1.0
175;0.003152873832732439;1.0
176;0.003194735385477543;1.0
177;0.002570916200056672;1.0
178;0.002311068819835782;1.0
179;0.003644350217655301;1.0
180;0.002555998507887125;1.0
181;0.003462770488113165;1.0
182;0.0020352054852992296;1.0
183;0.0023035313934087753;1.0
184;0.0031841984018683434;1.0
185;0.001988551113754511;1.0
186;0.002562953857704997;1.0
187;0.0023567606694996357;1.0
188;0.002806478412821889;1.0
189;0.0035828619729727507;1.0
190;0.0025695315562188625;1.0
191;0.0026367702521383762;1.0
192;0.002771323546767235;1.0
193;0.002364932792261243;1.0
194;0.0030822930857539177;1.0
195;0.003106570802628994;1.0
196;0.003080264665186405;1.0
197;0.003013982204720378;1.0
198;0.0021098803263157606;1.0
199;0.0028588592540472746;1.0
200;0.0022683804854750633;1.0
201;0.003086313372477889;1.0
202;0.002414850052446127;1.0
203;0.0022889527026563883;1.0
204;0.0029407881665974855;1.0
205;0.003035873407498002;1.0
206;0.0024223318323493004;1.0
207;0.002135658171027899;1.0
208;0.0024104248732328415;1.0
209;0.00363068631850183;1.0
210;0.0028072448913007975;1.0
211;0.0021127809304744005;1.0
212;0.0019363723695278168;1.0
213;0.00323931104503572;1.0
214;0.002290490083396435;1.0
215;0.0018019592389464378;1.0
216;0.0015635793097317219;1.0
217;0.0027344219852238894;1.0
218;0.0035320757888257504;1.0
219;0.002711769426241517;1.0
220;0.002402367303147912;1.0
221;0.0018885995959863067;1.0
222;0.0030556877609342337;1.0
223;0.002453327877447009;1.0
224;0.002110026078298688;1.0
225;0.0016099747736006975;1.0
226;0.0025619063526391983;1.0
227;0.0028064956422895193;1.0
228;0.0022449390962719917;1.0
229;0.0013970634900033474;1.0
230;0.0017380809877067804;1.0
231;0.0018785387510433793;1.0
232;0.0021025072783231735;1.0
233;0.002261688467115164;1.0
234;0.0015347826993092895;1.0
235;0.0024243155494332314;1.0
236;0.0026864486280828714;1.0
237;0.0021336714271456003;1.0
238;0.001687729498371482;1.0
239;0.002581729320809245;1.0
240;0.0022373914252966642;1.0
241;0.0017180533614009619;1.0
242;0.0015534242847934365;1.0
243;0.0016465315129607916;1.0
244;0.0013188521843403578;1.0
245;0.0015020555583760142;1.0
246;0.002030895324423909;1.0
247;0.0016207948792725801;1.0
248;0.0018641152419149876;1.0
249;0.001504505518823862;1.0
250;0.0022646659053862095;1.0
251;0.0019845690112560987;1.0
252;0.0014503963757306337;1.0
253;0.0013167603174224496;1.0
254;0.0011880847159773111;1.0
255;0.0020254068076610565;1.0
256;0.002237832872197032;1.0
257;0.001791150774806738;1.0
258;0.0012378650717437267;1.0
259;0.0014278292655944824;1.0
260;0.0015634653391316533;1.0
261;0.0012716187629848719;1.0
262;0.002163757337257266;1.0
263;0.001666644704528153;1.0
264;0.0015669534914195538;1.0
265;0.0016563250683248043;1.0
266;0.0018389900214970112;1.0
267;0.002046957379207015;1.0
268;0.0022336465772241354;1.0
269;0.0015478236600756645;1.0
270;0.0019013051642104983;1.0
271;0.0014759984333068132;1.0
272;0.0019383386243134737;1.0
273;0.0019015389261767268;1.0
274;0.0026808392722159624;1.0
275;0.0017825751565396786;1.0
276;0.0014129019109532237;1.0
277;0.001639555674046278;1.0
278;0.0017570742638781667;1.0
279;0.0014686451759189367;1.0
280;0.0012009249767288566;1.0
281;0.00112228246871382;1.0
282;0.0012505154591053724;1.0
283;0.0022546981927007437;1.0
284;0.001458503887988627;1.0
285;0.0009731999016366899;1.0
286;0.0013740785652771592;1.0
287;0.0010635226499289274;1.0
288;0.001370619866065681;1.0
289;0.001617966452613473;1.0
290;0.0011529296170920134;1.0
291;0.0016734874807298183;1.0
292;0.001546330633573234;1.0
293;0.0010556388879194856;1.0
294;0.0012160246260464191;1.0
295;0.0011501843109726906;1.0
296;0.0011993960943073034;1.0
297;0.000883121567312628;1.0
298;0.0011661902535706758;1.0
299;0.001319447299465537;1.0
300;0.0010327155468985438;1.0
301;0.001063638017512858;1.0
302;0.0013855189317837358;1.0
303;0.0015747578581795096;1.0
304;0.0011023377301171422;1.0
305;0.0013570183655247092;1.0
306;0.0012123577762395144;1.0
307;0.001309884013608098;1.0
308;0.0013355669798329473;1.0
309;0.0012799809919670224;1.0
310;0.001393900252878666;1.0
311;0.0010249861516058445;1.0
312;0.001352132298052311;1.0
313;0.001220935839228332;1.0
314;0.0014676955761387944;1.0
315;0.0009479946456849575;1.0
316;0.0008807057165540755;1.0
317;0.001660318928770721;1.0
318;0.0011735663283616304;1.0
319;0.0009324465645477176;1.0
320;0.000968289386946708;1.0
321;0.0014824791578575969;1.0
322;0.0011918344534933567;1.0
323;0.0009790901094675064;1.0
324;0.0012684683315455914;1.0
325;0.001226847874931991;1.0
326;0.0010341568849980831;1.0
327;0.0011651446111500263;1.0
328;0.0009711668826639652;1.0
329;0.0015158365713432431;1.0
330;0.0013234991347417235;1.0
331;0.001264126505702734;1.0
332;0.0012053803075104952;1.0
333;0.0009278836660087109;1.0
334;0.0008631556993350387;1.0
335;0.0011785798706114292;1.0
336;0.0009137381566688418;1.0
337;0.0011373702436685562;1.0
338;0.0010410540271550417;1.0
339;0.0012652660952880979;1.0
340;0.0007754953694529831;1.0
341;0.0010988336289301515;1.0
342;0.001119414810091257;1.0
343;0.0008758179610595107;1.0
344;0.0008327404502779245;1.0
345;0.001126862713135779;1.0
346;0.0014073117636144161;1.0
347;0.0008586710900999606;1.0
348;0.0008274002466350794;1.0
349;0.0008890613680705428;1.0
350;0.0007296556723304093;1.0
351;0.0006543599301949143;1.0
352;0.0014446187997236848;1.0
353;0.0011182640446349978;1.0
354;0.0010618938831612468;1.0
355;0.0006745322025381029;1.0
356;0.0007596408831886947;1.0
357;0.0013548126444220543;1.0
358;0.0010155466152355075;1.0
359;0.0009158789180219173;1.0
360;0.0009025695035234094;1.0
361;0.0006515200366266072;1.0
362;0.0007649156614206731;1.0
363;0.00114977837074548;1.0
364;0.0007809969829395413;1.0
365;0.000712886918336153;1.0
366;0.0004974205512553453;1.0
367;0.0006591745186597109;1.0
368;0.0006879281718283892;1.0
369;0.0005992231308482587;1.0
370;0.0007098637288436294;1.0
371;0.0006153184222057462;1.0
372;0.0008489498286508024;1.0
373;0.0007583874394185841;1.0
374;0.0007940253126434982;1.0
375;0.0008555469685234129;1.0
376;0.0010302327573299408;1.0
377;0.0008626695489510894;1.0
378;0.0011205269256606698;1.0
379;0.0007412777049466968;1.0
380;0.0006261504604481161;1.0
381;0.0007665950688533485;1.0
382;0.0007596414070576429;1.0
383;0.0005475258803926408;1.0
384;0.0007541800150647759;1.0
385;0.0008502702694386244;1.0
386;0.0008481728145852685;1.0
387;0.0009459044085815549;1.0
388;0.000703945173881948;1.0
389;0.001125223352573812;1.0
390;0.0008788994164206088;1.0
391;0.0008948274771682918;1.0
392;0.0005368292331695557;1.0
393;0.0007371447281911969;1.0
394;0.0006957108271308243;1.0
395;0.0006480822921730578;1.0
396;0.0005016112700104713;1.0
397;0.0007458343170583248;1.0
398;0.0005917027010582387;1.0
399;0.0008782991208136082;1.0
400;0.0008319863118231297;1.0
401;0.0005337790935300291;1.0
402;0.0007652659551240504;1.0
403;0.0006755856447853148;1.0
404;0.0009266648557968438;1.0
405;0.0010401231702417135;1.0
406;0.0011727712117135525;1.0
407;0.0008166029583662748;1.0
408;0.0006251055747270584;1.0
409;0.000958212825935334;1.0
410;0.000815653009340167;1.0
411;0.0007500160718336701;1.0
412;0.0005662483163177967;1.0
413;0.0009741109679453075;1.0
414;0.0005949875921942294;1.0
415;0.0005558168631978333;1.0
416;0.0007353863911703229;1.0
417;0.000767502177041024;1.0
418;0.0008686663932166994;1.0
419;0.0009564656647853553;1.0
420;0.0006171319400891662;1.0
421;0.000714207417331636;1.0
422;0.000486706878291443;1.0
423;0.0005301067722029984;1.0
424;0.0005667913937941194;1.0
425;0.0006217776681296527;1.0
426;0.0005946035380475223;1.0
427;0.0005259386962279677;1.0
428;0.0006790777551941574;1.0
429;0.0004916491452604532;1.0
430;0.0006229138234630227;1.0
431;0.0005774760502390563;1.0
432;0.0005944014992564917;1.0
433;0.0006153658614493906;1.0
434;0.0005574367824010551;1.0
435;0.0006195269525051117;1.0
436;0.0006706598214805126;1.0
437;0.00047779682790860534;1.0
438;0.0005070636398158967;1.0
439;0.0004607009468600154;1.0
440;0.0005172341479919851;1.0
441;0.0004458589246496558;1.0
442;0.0005173911340534687;1.0
443;0.0004821635375265032;1.0
444;0.0006423651939257979;1.0
445;0.0005515673547051847;1.0
446;0.0004691074136644602;1.0
447;0.0003258974466007203;1.0
448;0.0005417653010226786;1.0
449;0.0004349457158241421;1.0
450;0.0005542217404581606;1.0
451;0.0005951494676992297;1.0
452;0.0005359773058444262;1.0
453;0.0005999789573252201;1.0
454;0.0005638186703436077;1.0
455;0.000365588057320565;1.0
456;0.0005072394269518554;1.0
457;0.0003838454431388527;1.0
458;0.0005200379528105259;1.0
459;0.0005068451282568276;1.0
460;0.0005551966023631394;1.0
461;0.0005864197737537324;1.0
462;0.0006023371824994683;1.0
463;0.0005588334170170128;1.0
464;0.0003981949994340539;1.0
465;0.0007351773092523217;1.0
466;0.0006863556918688118;1.0
467;0.00043189310235902667;1.0
468;0.0004887081449851394;1.0
469;0.0004201839037705213;1.0
470;0.0006547003285959363;1.0
471;0.0006160043412819505;1.0
472;0.0006575087318196893;1.0
473;0.0008277366287074983;1.0
474;0.0004983135731890798;1.0
475;0.00048026349395513535;1.0
476;0.0006349185132421553;1.0
477;0.0005136250401847064;1.0
478;0.0005215251003392041;1.0
479;0.00046886352356523275;1.0
480;0.0004963588435202837;1.0
481;0.0004312198143452406;1.0
482;0.0003491996321827173;1.0
483;0.000521100708283484;1.0
484;0.0004707102489192039;1.0
485;0.0005247354274615645;1.0
486;0.000530378834810108;1.0
487;0.00046091232798062265;1.0
488;0.0004090816655661911;1.0
489;0.00048679622705094516;1.0
490;0.0006250489386729896;1.0
491;0.00035540276439860463;1.0
492;0.0004427120147738606;1.0
493;0.00040156100294552743;1.0
494;0.0005154273821972311;1.0
495;0.000836276332847774;1.0
496;0.0005441598477773368;1.0
497;0.00034799776040017605;1.0
498;0.0005407925928011537;1.0
499;0.00041255223914049566;1.0
500;0.00047221180284395814;1.0
501;0.0004967732238583267;1.0
502;0.00046881329035386443;1.0
503;0.00036868418101221323;1.0
504;0.0004379714955575764;1.0
505;0.0003110302786808461;1.0
506;0.0005753881996497512;1.0
507;0.0004465877136681229;1.0
508;0.00041837309254333377;1.0
509;0.0006054223631508648;1.0
510;0.00038616996607743204;1.0
511;0.000356394040863961;1.0
512;0.0004010288103017956;1.0
513;0.00044739124132320285;1.0
514;0.000282459135632962;1.0
515;0.0005790367140434682;1.0
516;0.0004383697814773768;1.0
517;0.0004400279722176492;1.0
518;0.0005142007721588016;1.0
519;0.000576046877540648;1.0
520;0.0003965458308812231;1.0
521;0.0005170674994587898;1.0
522;0.0005272515118122101;1.0
523;0.0004976977943442762;1.0
524;0.0004939481150358915;1.0
525;0.0005497121601365507;1.0
526;0.0004723148886114359;1.0
527;0.0004563250404316932;1.0
528;0.00047263558371923864;1.0
529;0.00039188191294670105;1.0
530;0.0004773673426825553;1.0
531;0.00041926157427951694;1.0
532;0.0005190211813896894;1.0
533;0.0005152753437869251;1.0
534;0.0003454751567915082;1.0
535;0.00029526493744924664;1.0
536;0.0004758748400490731;1.0
537;0.0004252278304193169;1.0
538;0.0003267269639763981;1.0
539;0.0004260115965735167;1.0
540;0.0005020518437959254;1.0
541;0.00035040013608522713;1.0
542;0.00047513324534520507;1.0
543;0.0004541586386039853;1.0
544;0.00043712332262657583;1.0
545;0.00037231630994938314;1.0
546;0.0005795665201731026;1.0
547;0.00031083234352990985;1.0
548;0.0006145255756564438;1.0
549;0.00032725161872804165;1.0
550;0.0003843444283120334;1.0
551;0.0004436885938048363;1.0
552;0.00043660259689204395;1.0
553;0.00033099963911809027;1.0
554;0.00044089657603763044;1.0
555;0.0004629245086107403;1.0
556;0.0003107680822722614;1.0
557;0.0004026488459203392;1.0
558;0.0006031788070686162;1.0
559;0.000437929731560871;1.0
560;0.00043753761565312743;1.0
561;0.0003984424110967666;1.0
562;0.00040589680429548025;1.0
563;0.0004268738557584584;1.0
564;0.00039502140134572983;1.0
565;0.0005181017331779003;1.0
566;0.0004058720951434225;1.0
567;0.00043767300667241216;1.0
568;0.0005357980262488127;1.0
569;0.0004010256379842758;1.0
570;0.0003539150638971478;1.0
571;0.000378472323063761;1.0
572;0.0005192455719225109;1.0
573;0.0003783307911362499;1.0
574;0.00037297734525054693;1.0
575;0.00029456839547492564;1.0
576;0.0004877421597484499;1.0
577;0.00029790206463076174;1.0
578;0.00028856718563474715;1.0
579;0.0003497463767416775;1.0
580;0.0003617446927819401;1.0
581;0.00031820114236325026;1.0
582;0.0003048349462915212;1.0
583;0.0002868655719794333;1.0
584;0.00038971647154539824;1.0
585;0.00027707440312951803;1.0
586;0.00037972911377437413;1.0
587;0.0003210805298294872;1.0
588;0.00031106758979149163;1.0
589;0.0004361790488474071;1.0
590;0.00027422167477197945;1.0
591;0.00033715664176270366;1.0
592;0.00023210298968479037;1.0
593;0.0002275152364745736;1.0
594;0.0003441657463554293;1.0
595;0.00048299465561285615;1.0
596;0.000435788300819695;1.0
597;0.00032768447999842465;1.0
598;0.00028409704100340605;1.0
599;0.0002814103208947927;1.0
600;0.0003352212079335004;1.0
601;0.0002475871588103473;1.0
602;0.0003842707665171474;1.0
603;0.0002083825384033844;1.0
604;0.0003173861769028008;1.0
605;0.00034783966839313507;1.0
606;0.00027488282648846507;1.0
607;0.00025865333736874163;1.0
608;0.0005283161881379783;1.0
609;0.0003074037085752934;1.0
610;0.0003872876113746315;1.0
611;0.00036273428122512996;1.0
612;0.00038512746687047184;1.0
613;0.00021207732788752764;1.0
614;0.00032681383891031146;1.0
615;0.00028797160484828055;1.0
616;0.00028854297124780715;1.0
617;0.00028986315010115504;1.0
618;0.00022417385480366647;1.0
619;0.0003016252303496003;1.0
620;0.0003202876541763544;1.0
621;0.00030827437876723707;1.0
622;0.00023675468401052058;1.0
623;0.0003514148702379316;1.0
624;0.0003154309233650565;1.0
625;0.0003406293981242925;1.0
626;0.0002557976986281574;1.0
627;0.00020618729467969388;1.0
628;0.0002259778993902728;1.0
629;0.00027992017567157745;1.0
630;0.00023425331164617091;1.0
631;0.00031011932878755033;1.0
632;0.00024156812287401408;1.0
633;0.0003136986924801022;1.0
634;0.00026655354304239154;1.0
635;0.0002350461290916428;1.0
636;0.00027026282623410225;1.0
637;0.0002879262901842594;1.0
638;0.0003548563690856099;1.0
639;0.00028514713631011546;1.0
640;0.00024447639589197934;1.0
641;0.00028191864839755;1.0
642;0.00023508523008786142;1.0
643;0.00026368661201559007;1.0
644;0.0003764246357604861;1.0
645;0.00032342944177798927;1.0
646;0.00029675266705453396;1.0
647;0.0002984224702231586;1.0
648;0.00035725990892387927;1.0
649;0.00022802404419053346;1.0
650;0.0003234139585401863;1.0
651;0.00032596514211036265;1.0
652;0.00027568713994696736;1.0
653;0.00022777012782171369;1.0
654;0.0002462647680658847;1.0
655;0.00020238390425220132;1.0
656;0.00036485129385255277;1.0
657;0.00021228154946584255;1.0
658;0.00030314564355649054;1.0
659;0.00032785878283903003;1.0
660;0.00027144738123752177;1.0
661;0.00022172091121319681;1.0
662;0.0002373103197896853;1.0
663;0.00018169010581914335;1.0
664;0.00022727623581886292;1.0
665;0.00026550699840299785;1.0
666;0.0003367630415596068;1.0
667;0.0002306582173332572;1.0
668;0.0002278970496263355;1.0
669;0.00019803643226623535;1.0
670;0.00023720806348137558;1.0
671;0.0002694150316528976;1.0
672;0.0001642372808419168;1.0
673;0.00030210893601179123;1.0
674;0.0001411841658409685;1.0
675;0.00018936177366413176;1.0
676;0.00024391213082708418;1.0
677;0.00019356414850335568;1.0
678;0.00018799099780153483;1.0
679;0.0002697127347346395;1.0
680;0.00030795179191045463;1.0
681;0.00023731593682896346;1.0
682;0.00015473343955818564;1.0
683;0.00017979193944483995;1.0
684;0.00021946735796518624;1.0
685;0.0002097729011438787;1.0
686;0.00016962559311650693;1.0
687;0.0001723180030239746;1.0
688;0.0002704988874029368;1.0
689;0.00019856102881021798;1.0
690;0.00027909010532312095;1.0
691;0.0003750287869479507;1.0
692;0.0003189752751495689;1.0
693;0.0003078992012888193;1.0
694;0.00018236885080114007;1.0
695;0.00018981072935275733;1.0
696;0.0003286918217781931;1.0
697;0.00022587286366615444;1.0
698;0.0002095223608193919;1.0
699;0.00019350550428498536;1.0
700;0.00024530940572731197;1.0
701;0.000424623372964561;1.0
702;0.0002846814750228077;1.0
703;0.00018930170335806906;1.0
704;0.0002357185585424304;1.0
705;0.0002242026966996491;1.0
706;0.00017331035633105785;1.0
707;0.00021932568051852286;1.0
708;0.00021245495008770376;1.0
709;0.0003077824949286878;1.0
710;0.00020247657084837556;1.0
711;0.0002023912238655612;1.0
712;0.00025512612774036825;1.0
713;0.00020780002523679286;1.0
714;0.00023486430291086435;1.0
715;0.00016704126028344035;1.0
716;0.00022062155767343938;1.0
717;0.00023636495461687446;1.0
718;0.00018941513553727418;1.0
719;0.00015109368541743606;1.0
720;0.00019693287322297692;1.0
721;0.0001379660825477913;1.0
722;0.00021188634855207056;1.0
723;0.00024017581017687917;1.0
724;0.00022524810628965497;1.0
725;0.00018274203466717154;1.0
726;0.0002097056421916932;1.0
727;0.0001392784179188311;1.0
728;0.00019831415556836873;1.0
729;0.00020181322179269046;1.0
730;0.00025060484767891467;1.0
731;0.00016613822663202882;1.0
732;0.0002575528924353421;1.0
733;0.00023666658671572804;1.0
734;0.00018745021952781826;1.0
735;0.000188506324775517;1.0
736;0.00017706575454212725;1.0
737;0.0001725321199046448;1.0
738;0.00013286795001477003;1.0
739;0.0001669365883572027;1.0
740;0.00017712336557451636;1.0
741;0.0002643736661411822;1.0
742;0.00022892792185302824;1.0
743;0.00022813542454969138;1.0
744;0.000164338038302958;1.0
745;0.00018689032003749162;1.0
746;0.0001842668280005455;1.0
747;0.00027760473312810063;1.0
748;0.0001776801364030689;1.0
749;0.0003001056902576238;1.0
750;0.00023030351439956576;1.0
751;0.00035125482827425003;1.0
752;0.0001343354961136356;1.0
753;0.00016538533964194357;1.0
754;0.0001844858197728172;1.0
755;0.0002187032368965447;1.0
756;0.00015285015979316086;1.0
757;0.00016586680430918932;1.0
758;0.0002297714672749862;1.0
759;0.00017956436204258353;1.0
760;0.00016092881560325623;1.0
761;0.00019195345521438867;1.0
762;0.00017185373872052878;1.0
763;0.00021073194511700422;1.0
764;0.00020843223319388926;1.0
765;0.0001538185606477782;1.0
766;0.00026130970218218863;1.0
767;0.00014308822574093938;1.0
768;0.00019991096633020788;1.0
769;0.00018230278510600328;1.0
770;0.0001565902348374948;1.0
771;0.00019516129395924509;1.0
772;0.00019204385171178728;1.0
773;0.0001336478308076039;1.0
774;0.00019701270502991974;1.0
775;0.0001516678894404322;1.0
776;0.00012588524259626865;1.0
777;0.0001694480306468904;1.0
778;0.00026121526025235653;1.0
779;0.0001386689255014062;1.0
780;0.00028314482187852263;1.0
781;0.0001063552699633874;1.0
782;0.00021298516367096454;1.0
783;0.00020488110021688044;1.0
784;0.00022440491011366248;1.0
785;0.0001292777160415426;1.0
786;0.00033959918073378503;1.0
787;0.00014074206410441548;1.0
788;0.0001607099111424759;1.0
789;0.00023533790954388678;1.0
790;0.0001798560406314209;1.0
791;0.0001813113922253251;1.0
792;0.00014398054918274283;1.0
793;0.0001843239297159016;1.0
794;0.00011351084685884416;1.0
795;0.0001567109429743141;1.0
796;0.00015873175289016217;1.0
797;0.00012163873907411471;1.0
798;0.00014270434621721506;1.0
799;0.00017225267947651446;1.0
800;0.00014549568004440516;1.0
801;0.00019531861471477896;1.0
802;0.0002032189950114116;1.0
803;0.00012748822337016463;1.0
804;0.0001699250133242458;1.0
805;0.00016227409651037306;1.0
806;0.0001909515995066613;1.0
807;0.00014619396824855357;1.0
808;0.0001713921665214002;1.0
809;0.00029461507801897824;1.0
810;0.0001296208647545427;1.0
811;0.0001583765260875225;1.0
812;0.00016140226216521114;1.0
813;0.00018090639787260443;1.0
814;0.00015739795344416052;1.0
815;0.0001686578179942444;1.0
816;0.00013028614921495318;1.0
817;0.00013730479986406863;1.0
818;0.0001464535016566515;1.0
819;0.00012962182518094778;1.0
820;0.00018338870722800493;1.0
821;0.00011502444976940751;1.0
822;0.00014738840400241315;1.0
823;0.00018723594257608056;1.0
824;0.00014781957725062966;1.0
825;0.00013609508459921926;1.0
826;0.0001606649748282507;1.0
827;0.00016275985399261117;1.0
828;0.00019852486730087548;1.0
829;0.00012876527034677565;1.0
830;0.00011625361366895959;1.0
831;0.00013078353367745876;1.0
832;0.0002567401679698378;1.0
833;0.0001827316591516137;1.0
834;0.0001238536206074059;1.0
835;0.00012909997894894332;1.0
836;0.00014902008115313947;1.0
837;0.00014738533354829997;1.0
838;0.000214721352676861;1.0
839;0.00017736571317072958;1.0
840;0.0002114711533067748;1.0
841;0.0001462313812226057;1.0
842;0.00041244085878133774;1.0
843;0.00021407841995824128;1.0
844;0.00022043957142159343;1.0
845;0.00017609461792744696;1.0
846;0.00025077207828871906;1.0
847;0.0002224738709628582;1.0
848;0.000106753759610001;1.0
849;0.00012856863031629473;1.0
850;0.0001786290667951107;1.0
851;0.00017214637773577124;1.0
852;0.00020616674737539142;1.0
853;0.00017028333968482912;1.0
854;0.00012171707203378901;1.0
855;0.00021568364172708243;1.0
856;0.00012372955097816885;1.0
857;0.00013660268450621516;1.0
858;0.00010470627603353932;1.0
859;0.00014975175145082176;1.0
860;0.00020023502293042839;1.0
861;0.00015908341447357088;1.0
862;0.00011381298099877313;1.0
863;0.0001950518344528973;1.0
864;0.00016454342403449118;1.0
865;0.00016025987861212343;1.0
866;0.0001515375479357317;1.0
867;0.0001666315656621009;1.0
868;0.00011618630378507078;1.0
869;0.0001413225254509598;1.0
870;0.00015897105913609266;1.0
871;0.00013646665320266038;1.0
872;0.00019611034076660872;1.0
873;0.00018568840459920466;1.0
874;0.00010960263171000406;1.0
875;9.289713489124551e-05;1.0
876;0.00015278648061212152;1.0
877;0.00017994017980527133;1.0
878;0.00013388978550210595;1.0
879;0.00010506405669730157;1.0
880;0.0001647120516281575;1.0
881;0.00020517550001386553;1.0
882;0.00018427366740070283;1.0
883;0.00014441179519053549;1.0
884;0.00011615065159276128;1.0
885;0.00012826254533138126;1.0
886;0.00010622232366586104;1.0
887;0.00011805105896200985;1.0
888;9.70454711932689e-05;1.0
889;0.00012579253234434873;1.0
890;0.0002131648943759501;1.0
891;0.00012256523768883198;1.0
892;0.00011860051017720252;1.0
893;0.0001205125154228881;1.0
894;0.00011598385026445612;1.0
895;0.00016484201478306204;1.0
896;0.0001113344042096287;1.0
897;0.00011647704377537593;1.0
898;0.00012118677841499448;1.0
899;0.00010325509356334805;1.0
900;0.0001243854931090027;1.0
901;0.00012166485976194963;1.0
902;0.00010625147115206346;1.0
903;0.00013186404248699546;1.0
904;9.744966519065201e-05;1.0
905;0.00018826479208655655;1.0
906;0.00014879944501444697;1.0
907;9.192455763695762e-05;1.0
908;0.00014658540021628141;1.0
909;0.000136938106152229;1.0
910;0.0001461846404708922;1.0
911;0.00014828427811153233;1.0
912;0.00010993744945153594;1.0
913;0.00011842481035273522;1.0
914;9.768287418410182e-05;1.0
915;0.00010224029392702505;1.0
916;0.00012652683653868735;1.0
917;0.00011572884250199422;1.0
918;0.00017545640002936125;1.0
919;0.0002502895949874073;1.0
920;0.00012603463255800307;1.0
921;0.00016001405310817063;1.0
922;0.00010241834388580173;1.0
923;0.0001583695993758738;1.0
924;0.00010439088509883732;1.0
925;0.0001382123737130314;1.0
926;0.00012446631444618106;1.0
927;0.00013456333545036614;1.0
928;0.00011453655315563083;1.0
929;0.00011764077498810366;1.0
930;8.730108675081283e-05;1.0
931;0.00010005278454627842;1.0
932;9.946743375621736e-05;1.0
933;0.00013424809731077403;1.0
934;0.00013433855201583356;1.0
935;0.00010463079524924979;1.0
936;0.00012157481978647411;1.0
937;0.00012942559260409325;1.0
938;0.00011783253285102546;1.0
939;0.0001555018243379891;1.0
940;0.00012551805411931127;1.0
941;8.417154458584264e-05;1.0
942;0.00012834268272854388;1.0
943;0.00011384320532670245;1.0
944;9.895484981825575e-05;1.0
945;0.00018484066822566092;1.0
946;0.00014362024376168847;1.0
947;0.00015567720402032137;1.0
948;0.00010078135528601706;1.0
949;0.0002088749606627971;1.0
950;0.00010455093433847651;1.0
951;0.00010396308061899617;1.0
952;0.0001519372162874788;1.0
953;0.00011332034773658961;1.0
954;8.974015509011224e-05;1.0
955;0.00012052708916598931;1.0
956;0.00013184688577894121;1.0
957;0.0001337240682914853;1.0
958;8.378516213269904e-05;1.0
959;0.0001321818126598373;1.0
960;0.00011600652942433953;1.0
961;9.295752533944324e-05;1.0
962;0.00021607271628454328;1.0
963;0.00014860444935038686;1.0
964;9.434953972231597e-05;1.0
965;9.208532719640061e-05;1.0
966;0.00011358127085259184;1.0
967;0.00011841716332128271;1.0
968;0.0002056462108157575;1.0
969;0.00010185358405578882;1.0
970;0.00012380820407997817;1.0
971;0.0001481320650782436;1.0
972;0.00011791898577939719;1.0
973;0.0001498822821304202;1.0
974;0.00014770451525691897;1.0
975;0.00012362141569610685;1.0
976;0.0001261228899238631;1.0
977;0.0001349321537418291;1.0
978;0.0001673741644481197;1.0
979;0.00017259057494811714;1.0
980;0.00013105766265653074;1.0
981;0.00012124804925406352;1.0
982;0.00013287048204801977;1.0
983;0.0001198868703795597;1.0
984;0.00010314276732970029;1.0
985;0.00010839687456609681;1.0
986;0.00012383009016048163;1.0
987;0.00010585132986307144;1.0
988;9.584054350852966e-05;1.0
989;0.00011326779349474236;1.0
990;0.00013290309289004654;1.0
991;0.00014352620928548276;1.0
992;9.335009235655889e-05;1.0
993;0.00012688244169112295;1.0
994;0.00014554511290043592;1.0
995;0.00011788294068537652;1.0
996;0.00018296792404726148;1.0
997;0.00012253069144207984;1.0
998;9.671768202679232e-05;1.0
999;0.00017061602557078004;1.0
1000;8.632455865154043e-05;1.0
1001;9.843287261901423e-05;1.0
1002;7.718054257566109e-05;1.0
1003;0.00013184279669076204;1.0
1004;0.00010273065709043294;1.0
1005;6.507543002953753e-05;1.0
1006;0.00010976355406455696;1.0
1007;0.00011115807137684897;1.0
1008;9.321358083980158e-05;1.0
1009;0.00010903279326157644;1.0
1010;0.00012970840907655656;1.0
1011;8.145133324433118e-05;1.0
1012;7.648090104339644e-05;1.0
1013;0.00012994592543691397;1.0
1014;0.0001607413578312844;1.0
1015;0.00010323207970941439;1.0
1016;0.00010630257747834548;1.0
1017;8.441450336249545e-05;1.0
1018;7.872696005506441e-05;1.0
1019;6.54754476272501e-05;1.0
1020;9.769029566086829e-05;1.0
1021;0.00011048040323657915;1.0
1022;0.00011946261656703427;1.0
1023;7.926996477181092e-05;1.0
1024;0.00014482041297014803;1.0
1025;0.00010020286572398618;1.0
1026;0.0001117475112550892;1.0
1027;9.651994332671165e-05;1.0
1028;9.328236774308607e-05;1.0
1029;0.00018210861890111119;1.0
1030;8.954647637438029e-05;1.0
1031;8.003905531950295e-05;1.0
1032;9.429398050997406e-05;1.0
1033;0.00012778020754922181;1.0
1034;0.00015001281281001866;1.0
1035;0.00014930688485037535;1.0
1036;0.00010513865709071979;1.0
1037;0.00010495664901100099;1.0
1038;0.00012957496801391244;1.0
1039;8.3786369941663e-05;1.0
1040;0.00010791358363348991;1.0
1041;7.37141672288999e-05;1.0
1042;0.00012959462765138596;1.0
1043;7.38423113944009e-05;1.0
1044;0.00011975930829066783;1.0
1045;9.47947773966007e-05;1.0
1046;0.00010706953617045656;1.0
1047;9.726449206937104e-05;1.0
1048;8.86139168869704e-05;1.0
1049;9.258654608856887e-05;1.0
1050;6.798171671107411e-05;1.0
1051;0.00013165852578822523;1.0
1052;0.00011107627506135032;1.0
1053;0.00013620244862977415;1.0
1054;0.00010338836000300944;1.0
1055;0.00013562057574745268;1.0
1056;0.000139245021273382;1.0
1057;9.619408956496045e-05;1.0
1058;6.957252480788156e-05;1.0
1059;0.0001227997854584828;1.0
1060;8.386323315789923e-05;1.0
1061;7.303376332856715e-05;1.0
1062;0.00011156064283568412;1.0
1063;0.00013842753833159804;1.0
1064;8.949180482886732e-05;1.0
1065;7.508343696827069e-05;1.0
1066;0.00011870869639096782;1.0
1067;0.00010962338274111971;1.0
1068;6.193871377035975e-05;1.0
1069;0.0001514400209998712;1.0
1070;0.00011129165795864537;1.0
1071;9.592550486559048e-05;1.0
1072;0.00010123756510438398;1.0
1073;0.00011169259232701734;1.0
1074;0.00013223904534243047;1.0
1075;8.8213273556903e-05;1.0
1076;9.744519047671929e-05;1.0
1077;9.29583766264841e-05;1.0
1078;0.00012560449249576777;1.0
1079;9.017898992169648e-05;1.0
1080;8.075204095803201e-05;1.0
1081;9.004476305563003e-05;1.0
1082;0.00011269217066001147;1.0
1083;7.255098171299323e-05;1.0
1084;8.959125989349559e-05;1.0
1085;9.244631655747071e-05;1.0
1086;0.00011433204781496897;1.0
1087;8.735919982427731e-05;1.0
1088;8.2110331277363e-05;1.0
1089;9.556233999319375e-05;1.0
1090;8.890251774573699e-05;1.0
1091;8.241862087743357e-05;1.0
1092;0.00010739734716480598;1.0
1093;6.147734529804438e-05;1.0
1094;8.980544225778431e-05;1.0
1095;9.008351480588317e-05;1.0
1096;8.918465027818456e-05;1.0
1097;7.13014233042486e-05;1.0
1098;0.00012102572509320453;1.0
1099;6.759171083103865e-05;1.0
1100;7.852476119296625e-05;1.0
1101;0.0001172854972537607;1.0
1102;7.587481377413496e-05;1.0
1103;6.603921065106988e-05;1.0
1104;7.760210428386927e-05;1.0
1105;0.0001301348238484934;1.0
1106;0.0001044741366058588;1.0
1107;0.00010487684630788863;1.0
1108;9.523957851342857e-05;1.0
1109;7.18246737960726e-05;1.0
1110;0.0001526637061033398;1.0
1111;0.00013964061508886516;1.0
1112;0.0001235367963090539;1.0
1113;8.555665408493951e-05;1.0
1114;9.147935634246096e-05;1.0
1115;6.887462950544432e-05;1.0
1116;8.305953087983653e-05;1.0
1117;8.457503281533718e-05;1.0
1118;0.00011962386633967981;1.0
1119;5.568587585003115e-05;1.0
1120;9.287479042541236e-05;1.0
1121;6.636668695136905e-05;1.0
1122;8.698002784512937e-05;1.0
1123;4.7667621402069926e-05;1.0
1124;7.188531890278682e-05;1.0
1125;8.704842912266031e-05;1.0
1126;0.00011879127123393118;1.0
1127;0.00013403300545178354;1.0
1128;0.00010715704411268234;1.0
1129;8.199308649636805e-05;1.0
1130;7.211885531432927e-05;1.0
1131;8.702932245796546e-05;1.0
1132;7.630587060702965e-05;1.0
1133;7.027383253443986e-05;1.0
1134;0.0001256518007721752;1.0
1135;7.474555604858324e-05;1.0
1136;0.00010399852908449247;1.0
1137;7.246697350637987e-05;1.0
1138;0.00011001853999914601;1.0
1139;7.288277265615761e-05;1.0
1140;0.000103083009889815;1.0
1141;9.805131412576884e-05;1.0
1142;6.7786211729981e-05;1.0
1143;6.140884943306446e-05;1.0
1144;9.223668894264847e-05;1.0
1145;5.212770702200942e-05;1.0
1146;8.436482312390581e-05;1.0
1147;7.163396367104724e-05;1.0
1148;8.310654811793938e-05;1.0
1149;8.709147368790582e-05;1.0
1150;7.152315811254084e-05;1.0
1151;9.311613393947482e-05;1.0
1152;7.763548637740314e-05;1.0
1153;7.418684981530532e-05;1.0
1154;8.289503603009507e-05;1.0
1155;7.6998898293823e-05;1.0
1156;6.916105485288426e-05;1.0
1157;9.005940228234977e-05;1.0
1158;0.0001036005633068271;1.0
1159;6.595191371161491e-05;1.0
1160;9.19989324756898e-05;1.0
1161;0.00010442933125887066;1.0
1162;7.510659634135664e-05;1.0
1163;0.00018135140999220312;1.0
1164;0.00012248837447259575;1.0
1165;9.393589425599203e-05;1.0
1166;0.00010339160508010536;1.0
1167;8.336782775586471e-05;1.0
1168;0.00011088661995017901;1.0
1169;0.00011737069871742278;1.0
1170;8.352873555850238e-05;1.0
1171;9.919482545228675e-05;1.0
1172;8.169651118805632e-05;1.0
1173;8.63434761413373e-05;1.0
1174;0.00013277557445690036;1.0
1175;0.00010946935799438506;1.0
1176;6.454237882280722e-05;1.0
1177;9.914577822200954e-05;1.0
1178;8.672178955748677e-05;1.0
1179;7.863044447731227e-05;1.0
1180;7.323076715692878e-05;1.0
1181;0.00011728936806321144;1.0
1182;0.00010189157183049247;1.0
1183;7.636016380274668e-05;1.0
1184;6.946148641873151e-05;1.0
1185;6.368441972881556e-05;1.0
1186;0.0001587716833455488;1.0
1187;6.244287942536175e-05;1.0
1188;7.726214971626177e-05;1.0
1189;7.407066732412204e-05;1.0
1190;8.435152267338708e-05;1.0
1191;9.669300197856501e-05;1.0
1192;8.003252878552303e-05;1.0
1193;9.113787382375449e-05;1.0
1194;8.744970546104014e-05;1.0
1195;6.848261546110734e-05;1.0
1196;8.974935190053657e-05;1.0
1197;9.038951247930527e-05;1.0
1198;8.587155753048137e-05;1.0
1199;8.310782141052186e-05;1.0
1200;9.20543388929218e-05;1.0
1201;8.08479671832174e-05;1.0
1202;7.154320337576792e-05;1.0
1203;0.00010133577598026022;1.0
1204;6.450777436839417e-05;1.0
1205;0.00012853238149546087;1.0
1206;0.00010404710337752476;1.0
1207;0.00010665338777471334;1.0
1208;8.150319627020508e-05;1.0
1209;8.82700624060817e-05;1.0
1210;8.9784458396025e-05;1.0
1211;0.00010276558168698102;1.0
1212;0.00011149766942253336;1.0
1213;9.355839574709535e-05;1.0
1214;0.00011692303087329492;1.0
1215;0.00011529475159477443;1.0
1216;7.070819265209138e-05;1.0
1217;6.453715468524024e-05;1.0
1218;7.833953713998199e-05;1.0
1219;6.253537139855325e-05;1.0
1220;7.75181470089592e-05;1.0
1221;5.871561006642878e-05;1.0
1222;6.668426067335531e-05;1.0
1223;7.294086390174925e-05;1.0
1224;7.938250928418711e-05;1.0
1225;5.058803071733564e-05;1.0
1226;6.672216113656759e-05;1.0
1227;8.065361180342734e-05;1.0
1228;6.967216177145019e-05;1.0
1229;8.070565672824159e-05;1.0
1230;8.709478424862027e-05;1.0
1231;9.006737673189491e-05;1.0
1232;8.588358468841761e-05;1.0
1233;7.981839007698e-05;1.0
1234;0.00012600701302289963;1.0
1235;5.303777288645506e-05;1.0
1236;6.698389915982261e-05;1.0
1237;7.130638550734147e-05;1.0
1238;0.00011610363435465842;1.0
1239;5.0068916607415304e-05;1.0
1240;6.446773477364331e-05;1.0
1241;6.429490895243362e-05;1.0
1242;7.984118565218523e-05;1.0
1243;6.751203181920573e-05;1.0
1244;7.984827971085906e-05;1.0
1245;7.537354395026341e-05;1.0
1246;5.607378261629492e-05;1.0
1247;8.101318962872028e-05;1.0
1248;7.908095722086728e-05;1.0
1249;5.048390812589787e-05;1.0
1250;8.807532140053809e-05;1.0
1251;0.0004373712872620672;1.0
1252;6.446758925449103e-05;1.0
1253;9.118657908402383e-05;1.0
1254;9.130590478889644e-05;1.0
1255;6.176480383146554e-05;1.0
1256;5.4891275794943795e-05;1.0
1257;7.168742013163865e-05;1.0
1258;9.194630547426641e-05;1.0
1259;5.813751704408787e-05;1.0
1260;0.00011998516856692731;1.0
1261;0.0001048038830049336;1.0
1262;6.0964273870922625e-05;1.0
1263;6.498848233604804e-05;1.0
1264;6.206009857123718e-05;1.0
1265;6.44935789750889e-05;1.0
1266;5.9179674281040207e-05;1.0
1267;6.318887608358636e-05;1.0
1268;6.701620441162959e-05;1.0
1269;9.623180085327476e-05;1.0
1270;6.210386345628649e-05;1.0
1271;4.628880924428813e-05;1.0
1272;5.7760655181482434e-05;1.0
1273;4.575404818751849e-05;1.0
1274;0.00015291324234567583;1.0
1275;5.9922109358012676e-05;1.0
1276;4.430600529303774e-05;1.0
1277;8.832211460685357e-05;1.0
1278;5.991230136714876e-05;1.0
1279;5.7791188737610355e-05;1.0
1280;6.860271969344467e-05;1.0
1281;6.51393347652629e-05;1.0
1282;7.832067785784602e-05;1.0
1283;4.346276546129957e-05;1.0
1284;3.931534956791438e-05;1.0
1285;5.41889421583619e-05;1.0
1286;9.096400754060596e-05;1.0
1287;4.8137222620425746e-05;1.0
1288;6.91129534970969e-05;1.0
1289;6.315109931165352e-05;1.0
1290;7.952563464641571e-05;1.0
1291;5.928901009610854e-05;1.0
1292;8.222400356316939e-05;1.0
1293;0.00011947630991926417;1.0
1294;9.184468217426911e-05;1.0
1295;5.303932266542688e-05;1.0
1296;7.86178934504278e-05;1.0
1297;8.281058399006724e-05;1.0
1298;4.5714230509474874e-05;1.0
1299;7.911249122116715e-05;1.0
1300;7.445322989951819e-05;1.0
1301;7.857786840759218e-05;1.0
1302;0.00010188794112764299;1.0
1303;7.905424718046561e-05;1.0
1304;0.00012825927115045488;1.0
1305;8.511709165759385e-05;1.0
1306;6.518690497614443e-05;1.0
1307;5.442433393909596e-05;1.0
1308;8.947345486376435e-05;1.0
1309;6.164256774354726e-05;1.0
1310;4.4049844291293994e-05;1.0
1311;5.3359508456196636e-05;1.0
1312;5.05342468386516e-05;1.0
1313;6.624584057135507e-05;1.0
1314;5.354085806175135e-05;1.0
1315;7.77930545154959e-05;1.0
1316;4.746741251437925e-05;1.0
1317;6.856557592982426e-05;1.0
1318;5.3483337978832424e-05;1.0
1319;5.0032700528390706e-05;1.0
1320;0.00011607604392338544;1.0
1321;6.935254350537434e-05;1.0
1322;4.850315235671587e-05;1.0
1323;5.732397403335199e-05;1.0
1324;5.535546370083466e-05;1.0
1325;5.291260822559707e-05;1.0
1326;0.00010810749517986551;1.0
1327;5.493599019246176e-05;1.0
1328;7.955968612805009e-05;1.0
1329;6.313397170742974e-05;1.0
1330;4.6657609345857054e-05;1.0
1331;5.399283327278681e-05;1.0
1332;9.026365296449512e-05;1.0
1333;5.7442375691607594e-05;1.0
1334;5.4229123634286225e-05;1.0
1335;7.184492278611287e-05;1.0
1336;4.8601381422486156e-05;1.0
1337;4.711639121524058e-05;1.0
1338;5.946973760728724e-05;1.0
1339;5.6649179896339774e-05;1.0
1340;4.993797847419046e-05;1.0
1341;7.887520041549578e-05;1.0
1342;6.886792834848166e-05;1.0
1343;4.410394103615545e-05;1.0
1344;6.576008308911696e-05;1.0
1345;5.325392703525722e-05;1.0
1346;3.841687794192694e-05;1.0
1347;7.349483348662034e-05;1.0
1348;6.260291411308572e-05;1.0
1349;3.845529136015102e-05;1.0
1350;5.4575924878008664e-05;1.0
1351;5.8018064009957016e-05;1.0
1352;5.6053148000501096e-05;1.0
1353;6.542276969412342e-05;1.0
1354;4.652663483284414e-05;1.0
1355;9.143009083345532e-05;1.0
1356;5.433669139165431e-05;1.0
1357;0.0001011097920127213;1.0
1358;5.5798980611143634e-05;1.0
1359;7.115447078831494e-05;1.0
1360;6.634510646108538e-05;1.0
1361;5.8004468883154914e-05;1.0
1362;6.815922097302973e-05;1.0
1363;5.052534834248945e-05;1.0
1364;5.5943433835636824e-05;1.0
1365;5.12855222041253e-05;1.0
1366;5.939358379691839e-05;1.0
1367;3.828617263934575e-05;1.0
1368;4.990036541130394e-05;1.0
1369;5.687506927642971e-05;1.0
1370;5.458148734760471e-05;1.0
1371;4.769701627083123e-05;1.0
1372;4.685769454226829e-05;1.0
1373;6.02024192630779e-05;1.0
1374;6.665053660981357e-05;1.0
1375;4.4454598537413403e-05;1.0
1376;8.969337068265304e-05;1.0
1377;3.432838639128022e-05;1.0
1378;5.1641436584759504e-05;1.0
1379;4.01082361349836e-05;1.0
1380;4.690036803367548e-05;1.0
1381;5.290171247906983e-05;1.0
1382;5.725729715777561e-05;1.0
1383;5.422422327683307e-05;1.0
1384;4.720806100522168e-05;1.0
1385;3.7319568946259096e-05;1.0
1386;4.3804040615214035e-05;1.0
1387;6.164515798445791e-05;1.0
1388;6.222537922440097e-05;1.0
1389;0.00010123141692019999;1.0
1390;6.726107676513493e-05;1.0
1391;5.156992847332731e-05;1.0
1392;5.454448546515778e-05;1.0
1393;6.364032014971599e-05;1.0
1394;5.0122514949180186e-05;1.0
1395;5.404113471740857e-05;1.0
1396;3.951924009015784e-05;1.0
1397;4.314603575039655e-05;1.0
1398;4.997012729290873e-05;1.0
1399;4.405912841320969e-05;1.0
1400;6.523259071400389e-05;1.0
1401;3.459059007582255e-05;1.0
1402;6.933295662747696e-05;1.0
1403;3.66303684131708e-05;1.0
1404;5.147758929524571e-05;1.0
1405;5.967525430605747e-05;1.0
1406;4.6092267439235e-05;1.0
1407;8.487312879879028e-05;1.0
1408;7.00429009157233e-05;1.0
1409;4.228650504956022e-05;1.0
1410;8.121704740915447e-05;1.0
1411;0.00011175344116054475;1.0
1412;5.004222475690767e-05;1.0
1413;4.98839290230535e-05;1.0
1414;4.508729398366995e-05;1.0
1415;4.033786171930842e-05;1.0
1416;5.635834168060683e-05;1.0
1417;3.998789907200262e-05;1.0
1418;5.702792259398848e-05;1.0
1419;6.787817255826667e-05;1.0
1420;3.302377081126906e-05;1.0
1421;3.66154927178286e-05;1.0
1422;7.868005923228338e-05;1.0
1423;5.381516530178487e-05;1.0
1424;6.105088687036186e-05;1.0
1425;4.089540379936807e-05;1.0
1426;6.374325312208384e-05;1.0
1427;3.6289689887780696e-05;1.0
1428;4.4283071474637836e-05;1.0
1429;4.1850697016343474e-05;1.0
1430;6.044587280484848e-05;1.0
1431;6.080551611375995e-05;1.0
1432;6.767085142200813e-05;1.0
1433;7.477626786567271e-05;1.0
1434;5.872609472135082e-05;1.0
1435;6.410924106603488e-05;1.0
1436;7.372004620265216e-05;1.0
1437;5.797678750241175e-05;1.0
1438;4.720499782706611e-05;1.0
1439;5.111868813401088e-05;1.0
1440;3.6137345887254924e-05;1.0
1441;4.213433567201719e-05;1.0
1442;4.0718732634559274e-05;1.0
1443;5.051216430729255e-05;1.0
1444;3.1669340387452394e-05;1.0
1445;6.289246812229976e-05;1.0
1446;4.8147845518542454e-05;1.0
1447;4.487251499085687e-05;1.0
1448;4.5214943384053186e-05;1.0
1449;4.2140767618548125e-05;1.0
1450;5.808706919196993e-05;1.0
1451;8.580649591749534e-05;1.0
1452;4.571358658722602e-05;1.0
1453;5.576300827669911e-05;1.0
1454;4.231324419379234e-05;1.0
1455;5.702707858290523e-05;1.0
1456;4.6476503484882414e-05;1.0
1457;5.4140546126291156e-05;1.0
1458;5.2224568207748234e-05;1.0
1459;3.739755629794672e-05;1.0
1460;4.770194209413603e-05;1.0
1461;8.517150126863271e-05;1.0
1462;5.03588562423829e-05;1.0
1463;8.063053974183276e-05;1.0
1464;7.48573656892404e-05;1.0
1465;6.607340765185654e-05;1.0
1466;5.861031240783632e-05;1.0
1467;4.816497676074505e-05;1.0
1468;4.3451775127323344e-05;1.0
1469;4.9459351430414245e-05;1.0
1470;6.0257552831899375e-05;1.0
1471;4.3800449930131435e-05;1.0
1472;6.806177407270297e-05;1.0
1473;6.742128607584164e-05;1.0
1474;4.357068246463314e-05;1.0
1475;7.123171963030472e-05;1.0
1476;5.224811684456654e-05;1.0
1477;4.681888458435424e-05;1.0
1478;5.598600910161622e-05;1.0
1479;5.536155731533654e-05;1.0
1480;6.924431363586336e-05;1.0
1481;6.164047226775438e-05;1.0
1482;5.968828554614447e-05;1.0
1483;5.594173853751272e-05;1.0
1484;5.465466529130936e-05;1.0
1485;4.675907621276565e-05;1.0
1486;5.5253625760087743e-05;1.0
1487;6.548899546032771e-05;1.0
1488;4.561997775454074e-05;1.0
1489;4.4434898882173e-05;1.0
1490;6.925647903699428e-05;1.0
1491;6.942781328689307e-05;1.0
1492;5.8104938943870366e-05;1.0
1493;8.887421427061781e-05;1.0
1494;4.678777258959599e-05;1.0
1495;4.867020106757991e-05;1.0
1496;5.844289262313396e-05;1.0
1497;5.1032031478825957e-05;1.0
1498;4.894936137134209e-05;1.0
1499;7.6513402746059e-05;1.0
