iteration;loss;accuracy
0;0.03978051245212555;0.08620689809322357
1;0.037326861172914505;0.09482758492231369
2;0.035707976669073105;0.08620689809322357
3;0.03497500717639923;0.12931033968925476
4;0.03474491834640503;0.13793103396892548
5;0.03472217917442322;0.17241379618644714
6;0.03443341329693794;0.1551724076271057
7;0.03411811590194702;0.1982758641242981
8;0.03404437378048897;0.2068965584039688
9;0.0337316058576107;0.3103448152542114
10;0.033847637474536896;0.2068965584039688
11;0.03388068079948425;0.23275862634181976
12;0.03361271321773529;0.23275862634181976
13;0.03334612026810646;0.25
14;0.033000122755765915;0.2844827473163605
15;0.032913483679294586;0.24137930572032928
16;0.03302813693881035;0.2586206793785095
17;0.03299630805850029;0.23275862634181976
18;0.032473355531692505;0.3103448152542114
19;0.032356537878513336;0.26724138855934143
20;0.0316937230527401;0.3017241358757019
21;0.03180820867419243;0.2844827473163605
22;0.03170672059059143;0.27586206793785095
23;0.03130362927913666;0.2931034564971924
24;0.0304223895072937;0.3534482717514038
25;0.03133223578333855;0.23275862634181976
26;0.03048034757375717;0.3103448152542114
27;0.030721696093678474;0.37068966031074524
28;0.030719688162207603;0.3448275923728943
29;0.03013399988412857;0.37068966031074524
30;0.02974185161292553;0.37068966031074524
31;0.030156541615724564;0.37931033968925476
32;0.030081870034337044;0.3448275923728943
33;0.029530668631196022;0.42241379618644714
34;0.02978404238820076;0.47413793206214905
35;0.029481031000614166;0.4482758641242981
36;0.029132338240742683;0.48275861144065857
37;0.02865147404372692;0.5
38;0.029139366000890732;0.4655172526836395
39;0.028804311528801918;0.47413793206214905
40;0.02819925546646118;0.5086206793785095
41;0.027690578252077103;0.5086206793785095
42;0.027129657566547394;0.5431034564971924
43;0.027701642364263535;0.5775862336158752
44;0.02730124443769455;0.5344827771186829
45;0.027916185557842255;0.5086206793785095
46;0.0271154697984457;0.5344827771186829
47;0.0270822923630476;0.5603448152542114
48;0.026085205376148224;0.5862069129943848
49;0.026560304686427116;0.5862069129943848
50;0.02632603421807289;0.5431034564971924
51;0.02584700658917427;0.5603448152542114
52;0.025115394964814186;0.5517241358757019
53;0.025929341092705727;0.5517241358757019
54;0.02518596686422825;0.5862069129943848
55;0.024952512234449387;0.5862069129943848
56;0.024425452575087547;0.5862069129943848
57;0.023830361664295197;0.6120689511299133
58;0.024145521223545074;0.6206896305084229
59;0.023867476731538773;0.6206896305084229
60;0.024514215067029;0.6293103694915771
61;0.023343341425061226;0.6637930870056152
62;0.023622998967766762;0.6293103694915771
63;0.02317677065730095;0.6379310488700867
64;0.022483300417661667;0.6379310488700867
65;0.022993940860033035;0.6206896305084229
66;0.022112207487225533;0.6724137663841248
67;0.022351954132318497;0.6465517282485962
68;0.021931324154138565;0.6465517282485962
69;0.022279568016529083;0.6551724076271057
70;0.021410906687378883;0.6637930870056152
71;0.021466797217726707;0.6551724076271057
72;0.02072351612150669;0.6724137663841248
73;0.02127656526863575;0.6465517282485962
74;0.021469846367836;0.6551724076271057
75;0.020705213770270348;0.6896551847457886
76;0.020292097702622414;0.6465517282485962
77;0.021196892485022545;0.6896551847457886
78;0.021106820553541183;0.6724137663841248
79;0.019638335332274437;0.7241379022598267
80;0.020429421216249466;0.681034505367279
81;0.020500291138887405;0.681034505367279
82;0.019583430141210556;0.681034505367279
83;0.019293149933218956;0.6724137663841248
84;0.019638553261756897;0.6896551847457886
85;0.019334489479660988;0.7155172228813171
86;0.018456099554896355;0.6982758641242981
87;0.019927125424146652;0.7068965435028076
88;0.01906205341219902;0.6982758641242981
89;0.018977878615260124;0.7155172228813171
90;0.02004515379667282;0.6724137663841248
91;0.01810111105442047;0.7241379022598267
92;0.01989477314054966;0.7241379022598267
93;0.018497567623853683;0.7241379022598267
94;0.01932695508003235;0.6551724076271057
95;0.018788468092679977;0.6982758641242981
96;0.018724652007222176;0.732758641242981
97;0.0184389129281044;0.7241379022598267
98;0.017828170210123062;0.7241379022598267
99;0.01816706359386444;0.7413793206214905
100;0.01842949353158474;0.75
101;0.01747303083539009;0.7413793206214905
102;0.01784484088420868;0.7068965435028076
103;0.018047314137220383;0.732758641242981
104;0.017154430970549583;0.732758641242981
105;0.01851986162364483;0.7241379022598267
106;0.018188534304499626;0.767241358757019
107;0.016981802880764008;0.75
108;0.0171589907258749;0.75
109;0.016504712402820587;0.75
110;0.016920141875743866;0.767241358757019
111;0.01669134944677353;0.7931034564971924
112;0.016886651515960693;0.767241358757019
113;0.016771046444773674;0.7586206793785095
114;0.01623646169900894;0.7758620977401733
115;0.016487425193190575;0.7758620977401733
116;0.016146913170814514;0.7586206793785095
117;0.016408368945121765;0.7413793206214905
118;0.016374219208955765;0.75
119;0.016277996823191643;0.7758620977401733
120;0.016191262751817703;0.7758620977401733
121;0.016506781801581383;0.75
122;0.015792924910783768;0.7758620977401733
123;0.016361989080905914;0.7586206793785095
124;0.016176564618945122;0.7758620977401733
125;0.01533426158130169;0.7844827771186829
126;0.01564215123653412;0.7844827771186829
127;0.01583869755268097;0.8017241358757019
128;0.016242962330579758;0.7931034564971924
129;0.01591471955180168;0.8017241358757019
130;0.016046471893787384;0.7413793206214905
131;0.015211369842290878;0.8017241358757019
132;0.01533340010792017;0.767241358757019
133;0.015125229023396969;0.7931034564971924
134;0.014856461435556412;0.7931034564971924
135;0.015216109342873096;0.7844827771186829
136;0.014433817937970161;0.8017241358757019
137;0.014841672964394093;0.7844827771186829
138;0.014878259971737862;0.8017241358757019
139;0.014560747891664505;0.8017241358757019
140;0.014784974046051502;0.818965494632721
141;0.014534242451190948;0.7844827771186829
142;0.014612386003136635;0.7931034564971924
143;0.014749327674508095;0.7931034564971924
144;0.014707198366522789;0.7931034564971924
145;0.01383243128657341;0.7844827771186829
146;0.014371326193213463;0.7931034564971924
147;0.014305715449154377;0.7844827771186829
148;0.01382847223430872;0.8017241358757019
149;0.01454827282577753;0.7931034564971924
150;0.013964656740427017;0.7931034564971924
151;0.013800411485135555;0.8017241358757019
152;0.014007261954247952;0.767241358757019
153;0.013859574683010578;0.7931034564971924
154;0.013928175903856754;0.7844827771186829
155;0.013224381022155285;0.7844827771186829
156;0.013193619437515736;0.7758620977401733
157;0.013867589645087719;0.7931034564971924
158;0.013197708874940872;0.7844827771186829
159;0.013204260729253292;0.7931034564971924
160;0.013682078570127487;0.7931034564971924
161;0.0132413599640131;0.7931034564971924
162;0.013215478509664536;0.8017241358757019
163;0.013343253172934055;0.7931034564971924
164;0.013093910180032253;0.7844827771186829
165;0.013375355862081051;0.7931034564971924
166;0.013401585631072521;0.7586206793785095
167;0.01301570888608694;0.7844827771186829
168;0.013207707554101944;0.7931034564971924
169;0.012411663308739662;0.7844827771186829
170;0.012578810565173626;0.8017241358757019
171;0.01276891864836216;0.7844827771186829
172;0.01283363439142704;0.7844827771186829
173;0.012579288333654404;0.7931034564971924
174;0.012475110590457916;0.8017241358757019
175;0.012221073731780052;0.8017241358757019
176;0.01249743439257145;0.7844827771186829
177;0.012178665027022362;0.7931034564971924
178;0.013991906307637691;0.8017241358757019
179;0.012719487771391869;0.7931034564971924
180;0.013120408169925213;0.7844827771186829
181;0.01221001148223877;0.7931034564971924
182;0.012641455046832561;0.8017241358757019
183;0.01272080559283495;0.8103448152542114
184;0.01170283928513527;0.818965494632721
185;0.011686645448207855;0.818965494632721
186;0.012856613844633102;0.7931034564971924
187;0.012253249064087868;0.7931034564971924
188;0.012793825939297676;0.8103448152542114
189;0.012449984438717365;0.8103448152542114
190;0.01198800839483738;0.818965494632721
191;0.011793548241257668;0.8362069129943848
192;0.012859090231359005;0.8017241358757019
193;0.011997610330581665;0.7931034564971924
194;0.011570441536605358;0.8103448152542114
195;0.01216810941696167;0.818965494632721
196;0.011993074789643288;0.8275862336158752
197;0.012282698415219784;0.7931034564971924
198;0.012142733670771122;0.7931034564971924
199;0.012119686231017113;0.8103448152542114
200;0.011532098054885864;0.818965494632721
201;0.011885933578014374;0.8017241358757019
202;0.011923986487090588;0.8017241358757019
203;0.010930303484201431;0.8448275923728943
204;0.011515235528349876;0.8362069129943848
205;0.011339235119521618;0.8362069129943848
206;0.011469067074358463;0.8103448152542114
207;0.011746292933821678;0.8103448152542114
208;0.011072932742536068;0.8362069129943848
209;0.01126635167747736;0.8448275923728943
210;0.010679812170565128;0.8534482717514038
211;0.0109573258087039;0.8448275923728943
212;0.011360528878867626;0.8448275923728943
213;0.01067773811519146;0.818965494632721
214;0.010844474658370018;0.8275862336158752
215;0.011377892456948757;0.8706896305084229
216;0.010782795026898384;0.8620689511299133
217;0.010484760627150536;0.8534482717514038
218;0.011279484257102013;0.8275862336158752
219;0.011316824704408646;0.8448275923728943
220;0.011188403703272343;0.8448275923728943
221;0.011339880526065826;0.8362069129943848
222;0.011163636110723019;0.8620689511299133
223;0.011137520894408226;0.8620689511299133
224;0.011459407396614552;0.8534482717514038
225;0.010948791168630123;0.8620689511299133
226;0.010842403396964073;0.818965494632721
227;0.010502737946808338;0.8620689511299133
228;0.012348153628408909;0.7844827771186829
229;0.010572288185358047;0.8793103694915771
230;0.011598722077906132;0.8017241358757019
231;0.01179375872015953;0.8103448152542114
232;0.010208827443420887;0.8620689511299133
233;0.011389777995646;0.8620689511299133
234;0.01183285191655159;0.8620689511299133
235;0.01096938643604517;0.8706896305084229
236;0.01111376192420721;0.818965494632721
237;0.011879409663379192;0.8017241358757019
238;0.010073190554976463;0.8706896305084229
239;0.011462526395916939;0.8706896305084229
240;0.01078093983232975;0.8620689511299133
241;0.010151445865631104;0.8706896305084229
242;0.009831910952925682;0.8534482717514038
243;0.010163957253098488;0.8793103694915771
244;0.010478361509740353;0.8534482717514038
245;0.010882358998060226;0.818965494632721
246;0.010514511726796627;0.8793103694915771
247;0.010604768060147762;0.8706896305084229
248;0.010584469884634018;0.8448275923728943
249;0.010365456342697144;0.8534482717514038
250;0.010975819081068039;0.8275862336158752
251;0.010659580118954182;0.8706896305084229
252;0.009684699587523937;0.8793103694915771
253;0.010527684353291988;0.8706896305084229
254;0.009733336046338081;0.8706896305084229
255;0.009403564035892487;0.8793103694915771
256;0.010321131907403469;0.8620689511299133
257;0.010973984375596046;0.8362069129943848
258;0.010047397576272488;0.8362069129943848
259;0.010286419652402401;0.8534482717514038
260;0.01318086963146925;0.7844827771186829
261;0.009969141334295273;0.8965517282485962
262;0.010298236273229122;0.8706896305084229
263;0.0098585719242692;0.8706896305084229
264;0.009806884452700615;0.8706896305084229
265;0.009505171328783035;0.8793103694915771
266;0.009752055630087852;0.8793103694915771
267;0.009624914266169071;0.8706896305084229
268;0.010863021947443485;0.8362069129943848
269;0.009648356586694717;0.8879310488700867
270;0.009583675302565098;0.8879310488700867
271;0.00928877666592598;0.8965517282485962
272;0.010729409754276276;0.818965494632721
273;0.009357321076095104;0.8879310488700867
274;0.010321750305593014;0.8793103694915771
275;0.010323096066713333;0.8793103694915771
276;0.009516305290162563;0.9051724076271057
277;0.009761161170899868;0.8965517282485962
278;0.009984929114580154;0.8448275923728943
279;0.009399531409144402;0.8879310488700867
280;0.00911741703748703;0.9051724076271057
281;0.00955136027187109;0.8965517282485962
282;0.00977406557649374;0.9051724076271057
283;0.009299726225435734;0.8879310488700867
284;0.009304100647568703;0.8965517282485962
285;0.009305154904723167;0.8620689511299133
286;0.009024769999086857;0.9051724076271057
287;0.008966932073235512;0.8793103694915771
288;0.009593579918146133;0.8879310488700867
289;0.009208308532834053;0.9051724076271057
290;0.008501498959958553;0.9051724076271057
291;0.008774333633482456;0.8965517282485962
292;0.009352151304483414;0.8965517282485962
293;0.009401120245456696;0.8706896305084229
294;0.008771585300564766;0.9051724076271057
295;0.00888887420296669;0.9137930870056152
296;0.009286156855523586;0.9051724076271057
297;0.008372435346245766;0.9051724076271057
298;0.008334044367074966;0.8965517282485962
299;0.009271032176911831;0.8965517282485962
300;0.008985868655145168;0.8965517282485962
301;0.00872458703815937;0.8793103694915771
302;0.008688724599778652;0.9051724076271057
303;0.008053100667893887;0.9137930870056152
304;0.00835218746215105;0.9137930870056152
305;0.008633785881102085;0.8965517282485962
306;0.008778157643973827;0.9051724076271057
307;0.008248595520853996;0.9051724076271057
308;0.00842455867677927;0.9224137663841248
309;0.00851110927760601;0.9051724076271057
310;0.009041698649525642;0.9051724076271057
311;0.008155467920005322;0.9137930870056152
312;0.010035715065896511;0.8534482717514038
313;0.008391613140702248;0.9051724076271057
314;0.009402761235833168;0.9224137663841248
315;0.009233731776475906;0.8879310488700867
316;0.00798369012773037;0.9137930870056152
317;0.008680813945829868;0.9051724076271057
318;0.008632863871753216;0.9051724076271057
319;0.00818259734660387;0.8965517282485962
320;0.00818748027086258;0.931034505367279
321;0.008725971914827824;0.9137930870056152
322;0.007864412851631641;0.9137930870056152
323;0.0083320876583457;0.9137930870056152
324;0.007660750765353441;0.9137930870056152
325;0.007922537624835968;0.9137930870056152
326;0.00795001070946455;0.9137930870056152
327;0.008179483003914356;0.9137930870056152
328;0.008198874071240425;0.9224137663841248
329;0.007722076028585434;0.9224137663841248
330;0.007957804016768932;0.9137930870056152
331;0.007641780190169811;0.9224137663841248
332;0.007851768285036087;0.9224137663841248
333;0.007747030816972256;0.9224137663841248
334;0.008861459791660309;0.8965517282485962
335;0.007090634200721979;0.931034505367279
336;0.008153369650244713;0.8965517282485962
337;0.006978290155529976;0.931034505367279
338;0.0075058466754853725;0.9137930870056152
339;0.007731517776846886;0.931034505367279
340;0.00756926229223609;0.931034505367279
341;0.007595536299049854;0.9224137663841248
342;0.007632202468812466;0.9224137663841248
343;0.006951510906219482;0.931034505367279
344;0.007638289127498865;0.9224137663841248
345;0.007561073172837496;0.9224137663841248
346;0.007303561083972454;0.931034505367279
347;0.006638530641794205;0.9224137663841248
348;0.0075610303319990635;0.9224137663841248
349;0.0073213642463088036;0.9224137663841248
350;0.00788930431008339;0.9224137663841248
351;0.007170581258833408;0.9396551847457886
352;0.006935938727110624;0.9224137663841248
353;0.007562500890344381;0.931034505367279
354;0.007065083831548691;0.9396551847457886
355;0.007134823594242334;0.931034505367279
356;0.008119272999465466;0.9051724076271057
357;0.007051336579024792;0.931034505367279
358;0.007783649023622274;0.9224137663841248
359;0.007171500939875841;0.9224137663841248
360;0.007058595307171345;0.931034505367279
361;0.006807723548263311;0.9482758641242981
362;0.0075144087895751;0.931034505367279
363;0.007875300943851471;0.9137930870056152
364;0.00716414162889123;0.9224137663841248
365;0.009517159312963486;0.8965517282485962
366;0.007685395888984203;0.931034505367279
367;0.007377965841442347;0.9137930870056152
368;0.010783420875668526;0.8534482717514038
369;0.006898154504597187;0.9396551847457886
370;0.008086302317678928;0.9137930870056152
371;0.008716346696019173;0.8879310488700867
372;0.007260529790073633;0.9482758641242981
373;0.006571001838892698;0.9396551847457886
374;0.0072813574224710464;0.9137930870056152
375;0.008534308522939682;0.9051724076271057
376;0.006986841559410095;0.931034505367279
377;0.008285521529614925;0.9224137663841248
378;0.007767577655613422;0.8965517282485962
379;0.006819689646363258;0.931034505367279
380;0.0072897993959486485;0.931034505367279
381;0.007852747105062008;0.9224137663841248
382;0.007273395545780659;0.9396551847457886
383;0.006963315419852734;0.931034505367279
384;0.006793028209358454;0.931034505367279
385;0.007367010693997145;0.931034505367279
386;0.007566438987851143;0.931034505367279
387;0.0071931686252355576;0.9224137663841248
388;0.0068167997524142265;0.9224137663841248
389;0.006725388113409281;0.9224137663841248
390;0.0068628485314548016;0.9224137663841248
391;0.006788366939872503;0.931034505367279
392;0.00702575733885169;0.9224137663841248
393;0.006669478956609964;0.931034505367279
394;0.007139920722693205;0.9224137663841248
395;0.006312014069408178;0.9137930870056152
396;0.006104175001382828;0.9482758641242981
397;0.006954277865588665;0.9137930870056152
398;0.006750056520104408;0.9137930870056152
399;0.006819935515522957;0.931034505367279
400;0.009210857562720776;0.8620689511299133
401;0.006828687619417906;0.931034505367279
402;0.007910780608654022;0.9396551847457886
403;0.009320094250142574;0.9051724076271057
404;0.007112818770110607;0.931034505367279
405;0.007665134035050869;0.9224137663841248
406;0.007569286972284317;0.9224137663841248
407;0.0073428465984761715;0.931034505367279
408;0.007171473931521177;0.9224137663841248
409;0.00621898053213954;0.931034505367279
410;0.006960131693631411;0.931034505367279
411;0.0070575992576777935;0.931034505367279
412;0.007703529670834541;0.9482758641242981
413;0.007248637732118368;0.9224137663841248
414;0.006802202668040991;0.9224137663841248
415;0.006685903295874596;0.9396551847457886
416;0.0074715930968523026;0.9137930870056152
417;0.008194993250072002;0.8534482717514038
418;0.0063901785761117935;0.931034505367279
419;0.01206965371966362;0.7931034564971924
420;0.012324754148721695;0.818965494632721
421;0.0070106349885463715;0.931034505367279
422;0.007878122851252556;0.9051724076271057
423;0.010518384166061878;0.8706896305084229
424;0.015174323692917824;0.7586206793785095
425;0.016013359650969505;0.7931034564971924
426;0.012908326461911201;0.7931034564971924
427;0.007361011579632759;0.931034505367279
428;0.008033495396375656;0.931034505367279
429;0.009459834545850754;0.9224137663841248
430;0.01162981241941452;0.8965517282485962
431;0.009642897173762321;0.9051724076271057
432;0.007626405451446772;0.931034505367279
433;0.007707442622631788;0.8965517282485962
434;0.007655320223420858;0.8965517282485962
435;0.006958508398383856;0.9224137663841248
436;0.007181478664278984;0.9137930870056152
437;0.008299851790070534;0.8793103694915771
438;0.0073695057071745396;0.931034505367279
439;0.00719746109098196;0.931034505367279
440;0.007503096479922533;0.931034505367279
441;0.006664997432380915;0.9224137663841248
442;0.006717585492879152;0.931034505367279
443;0.006588997785001993;0.9396551847457886
444;0.006581598427146673;0.9396551847457886
445;0.006616759113967419;0.931034505367279
446;0.006794314831495285;0.9137930870056152
447;0.007101902738213539;0.9224137663841248
448;0.006610483396798372;0.9396551847457886
449;0.006799511145800352;0.931034505367279
450;0.006485785823315382;0.9224137663841248
451;0.006184511352330446;0.931034505367279
452;0.006503534968942404;0.931034505367279
453;0.006109465379267931;0.931034505367279
454;0.006611330900341272;0.931034505367279
455;0.0059396326541900635;0.9396551847457886
456;0.005891549400985241;0.931034505367279
457;0.006443629041314125;0.9224137663841248
458;0.006461543031036854;0.9224137663841248
459;0.006282678805291653;0.9224137663841248
460;0.00638386607170105;0.9482758641242981
461;0.006461037322878838;0.931034505367279
462;0.0059496317990124226;0.931034505367279
463;0.006011507473886013;0.931034505367279
464;0.0066627152264118195;0.9137930870056152
465;0.0059111411683261395;0.931034505367279
466;0.006014712620526552;0.931034505367279
467;0.0058507127687335014;0.9137930870056152
468;0.006175315473228693;0.931034505367279
469;0.005921566393226385;0.9224137663841248
470;0.00623110169544816;0.931034505367279
471;0.005566915962845087;0.931034505367279
472;0.005980042275041342;0.931034505367279
473;0.005946313962340355;0.9224137663841248
474;0.005947406869381666;0.931034505367279
475;0.006144320592284203;0.931034505367279
476;0.005973637569695711;0.9396551847457886
477;0.006324929650872946;0.9396551847457886
478;0.0056396545842289925;0.9224137663841248
479;0.005986078176647425;0.9137930870056152
480;0.00615905225276947;0.931034505367279
481;0.005644088611006737;0.931034505367279
482;0.00641291681677103;0.9568965435028076
483;0.00566685339435935;0.931034505367279
484;0.0059003643691539764;0.9396551847457886
485;0.0061801886186003685;0.931034505367279
486;0.005849353037774563;0.9224137663841248
487;0.0059870160184800625;0.931034505367279
488;0.005815309472382069;0.931034505367279
489;0.005343444179743528;0.931034505367279
490;0.005943449679762125;0.931034505367279
491;0.0057595521211624146;0.931034505367279
492;0.005726411938667297;0.931034505367279
493;0.005937595386058092;0.9224137663841248
494;0.005841583013534546;0.931034505367279
495;0.006038508843630552;0.9137930870056152
496;0.005410986021161079;0.9224137663841248
497;0.00562068959698081;0.9224137663841248
498;0.005367815028876066;0.931034505367279
499;0.0056195612996816635;0.931034505367279
500;0.005780761130154133;0.931034505367279
501;0.005976884160190821;0.9224137663841248
502;0.005703743547201157;0.931034505367279
503;0.005626363679766655;0.931034505367279
504;0.00571832899004221;0.931034505367279
505;0.005371360573917627;0.9224137663841248
506;0.005657098721712828;0.931034505367279
507;0.0056220232509076595;0.9224137663841248
508;0.005548401270061731;0.931034505367279
509;0.005222850013524294;0.931034505367279
510;0.0056290896609425545;0.931034505367279
511;0.005492265801876783;0.9224137663841248
512;0.00606121402233839;0.9224137663841248
513;0.005920731462538242;0.931034505367279
514;0.006226319819688797;0.931034505367279
515;0.005720552057027817;0.931034505367279
516;0.005898999981582165;0.931034505367279
517;0.00610811123624444;0.9224137663841248
518;0.006189445964992046;0.9137930870056152
519;0.0058454289101064205;0.931034505367279
520;0.005572003778070211;0.931034505367279
521;0.005580347031354904;0.931034505367279
522;0.005324164405465126;0.931034505367279
523;0.0055470820516347885;0.931034505367279
524;0.005678464658558369;0.9224137663841248
525;0.005513476673513651;0.931034505367279
526;0.005328895058482885;0.931034505367279
527;0.005629494320601225;0.931034505367279
528;0.005290764383971691;0.931034505367279
529;0.005171844270080328;0.9396551847457886
530;0.005190732888877392;0.9224137663841248
531;0.0055739497765898705;0.9224137663841248
532;0.00588830653578043;0.9396551847457886
533;0.00556964473798871;0.9137930870056152
534;0.004869095515459776;0.9482758641242981
535;0.005253550596535206;0.931034505367279
536;0.005642213858664036;0.931034505367279
537;0.005683545023202896;0.9224137663841248
538;0.005877101793885231;0.9224137663841248
539;0.0054224575869739056;0.9224137663841248
540;0.005602428689599037;0.931034505367279
541;0.005261338781565428;0.931034505367279
542;0.005535234697163105;0.931034505367279
543;0.005649245344102383;0.931034505367279
544;0.005516407545655966;0.931034505367279
545;0.005472730379551649;0.931034505367279
546;0.005927183199673891;0.9137930870056152
547;0.005430086050182581;0.931034505367279
548;0.005058531649410725;0.931034505367279
549;0.005131760146468878;0.931034505367279
550;0.0056994701735675335;0.9224137663841248
551;0.0053527625277638435;0.9396551847457886
552;0.005328888073563576;0.9396551847457886
553;0.0052129775285720825;0.931034505367279
554;0.0056249783374369144;0.9396551847457886
555;0.005482354201376438;0.9224137663841248
556;0.005077021662145853;0.931034505367279
557;0.005520247854292393;0.9224137663841248
558;0.005163378547877073;0.931034505367279
559;0.0052215964533388615;0.931034505367279
560;0.005364107433706522;0.931034505367279
561;0.005071275867521763;0.931034505367279
562;0.005363972391933203;0.9224137663841248
563;0.005656380672007799;0.931034505367279
564;0.005153555888682604;0.931034505367279
565;0.005244840867817402;0.9224137663841248
566;0.005372989922761917;0.9396551847457886
567;0.0053632003255188465;0.931034505367279
568;0.005478173028677702;0.931034505367279
569;0.005569624714553356;0.931034505367279
570;0.005485204514116049;0.9224137663841248
571;0.00534977950155735;0.931034505367279
572;0.005521407816559076;0.9224137663841248
573;0.005282274447381496;0.9224137663841248
574;0.005474137142300606;0.931034505367279
575;0.0050476593896746635;0.9482758641242981
576;0.0051897005178034306;0.9224137663841248
577;0.005334997549653053;0.9396551847457886
578;0.005411386955529451;0.9396551847457886
579;0.005418379791080952;0.931034505367279
580;0.005726574454456568;0.9224137663841248
581;0.0061937677673995495;0.9224137663841248
582;0.005656459368765354;0.931034505367279
583;0.005550073459744453;0.9137930870056152
584;0.005443138536065817;0.931034505367279
585;0.005727972835302353;0.931034505367279
586;0.0054271770641207695;0.9396551847457886
587;0.005172932520508766;0.9224137663841248
588;0.005271985661238432;0.931034505367279
589;0.005039901006966829;0.9224137663841248
590;0.005490315146744251;0.9396551847457886
591;0.005312697496265173;0.9224137663841248
592;0.005491185933351517;0.931034505367279
593;0.005057565402239561;0.9224137663841248
594;0.005440112203359604;0.931034505367279
595;0.005466515198349953;0.9224137663841248
596;0.004932882264256477;0.931034505367279
597;0.005269851069897413;0.9396551847457886
598;0.005557945929467678;0.9224137663841248
599;0.0049327523447573185;0.931034505367279
600;0.005190727766603231;0.931034505367279
601;0.005021259654313326;0.931034505367279
602;0.005152636673301458;0.9224137663841248
603;0.005022577475756407;0.931034505367279
604;0.005166177172213793;0.9137930870056152
605;0.004954788368195295;0.9396551847457886
606;0.005076610017567873;0.9224137663841248
607;0.005178345367312431;0.931034505367279
608;0.005001755431294441;0.931034505367279
609;0.005161427892744541;0.9396551847457886
610;0.005791732110083103;0.931034505367279
611;0.005308087915182114;0.9137930870056152
612;0.005247931927442551;0.931034505367279
613;0.004799989052116871;0.9482758641242981
614;0.005090164020657539;0.931034505367279
615;0.005315921735018492;0.931034505367279
616;0.005037641618400812;0.931034505367279
617;0.004814633633941412;0.9482758641242981
618;0.0052741109393537045;0.9396551847457886
619;0.005877429153770208;0.9224137663841248
620;0.005286006256937981;0.9396551847457886
621;0.005024288780987263;0.931034505367279
622;0.0055097974836826324;0.931034505367279
623;0.005139635875821114;0.931034505367279
624;0.004877925384789705;0.931034505367279
625;0.005176855251193047;0.9224137663841248
626;0.005132350139319897;0.931034505367279
627;0.005191937554627657;0.931034505367279
628;0.004816123750060797;0.9482758641242981
629;0.005273880902677774;0.9482758641242981
630;0.005401645787060261;0.9224137663841248
631;0.004994899034500122;0.9396551847457886
632;0.005078637506812811;0.9396551847457886
633;0.005112585611641407;0.931034505367279
634;0.005570073612034321;0.9224137663841248
635;0.005024418700486422;0.931034505367279
636;0.005268034525215626;0.9224137663841248
637;0.005097127519547939;0.931034505367279
638;0.0051179733127355576;0.931034505367279
639;0.005216850433498621;0.931034505367279
640;0.004844286944717169;0.9482758641242981
641;0.005244740750640631;0.9224137663841248
642;0.005112452432513237;0.931034505367279
643;0.005005366168916225;0.9137930870056152
644;0.005114533938467503;0.9051724076271057
645;0.005206654779613018;0.9482758641242981
646;0.005160840693861246;0.9224137663841248
647;0.004729245789349079;0.9396551847457886
648;0.005285595543682575;0.931034505367279
649;0.004666320513933897;0.9396551847457886
650;0.005531135015189648;0.9137930870056152
651;0.005026103928685188;0.9396551847457886
652;0.004684953019022942;0.9396551847457886
653;0.0048658172599971294;0.9396551847457886
654;0.005684145260602236;0.931034505367279
655;0.005238798912614584;0.931034505367279
656;0.005195739213377237;0.9224137663841248
657;0.00498243048787117;0.931034505367279
658;0.005148674361407757;0.9224137663841248
659;0.004906079266220331;0.9396551847457886
660;0.004714836832135916;0.931034505367279
661;0.004912153352051973;0.931034505367279
662;0.004957522731274366;0.931034505367279
663;0.005126050673425198;0.931034505367279
664;0.005376083310693502;0.931034505367279
665;0.004764376673847437;0.9224137663841248
666;0.004778584465384483;0.9224137663841248
667;0.004919462837278843;0.931034505367279
668;0.004901223815977573;0.9396551847457886
669;0.004856068640947342;0.9137930870056152
670;0.004863278940320015;0.931034505367279
671;0.005148333963006735;0.9137930870056152
672;0.004722038749605417;0.9568965435028076
673;0.004823834169656038;0.931034505367279
674;0.005183703266084194;0.931034505367279
675;0.004804808646440506;0.931034505367279
676;0.005070655141025782;0.9224137663841248
677;0.004738831426948309;0.931034505367279
678;0.004762180149555206;0.931034505367279
679;0.0047069634310901165;0.931034505367279
680;0.005017191171646118;0.9396551847457886
681;0.005040194373577833;0.931034505367279
682;0.005177004262804985;0.9224137663841248
683;0.004713079426437616;0.931034505367279
684;0.0052381036803126335;0.931034505367279
685;0.005254360381513834;0.931034505367279
686;0.005531853996217251;0.9224137663841248
687;0.00501484889537096;0.9224137663841248
688;0.005165101960301399;0.9224137663841248
689;0.0049981651827692986;0.931034505367279
690;0.00558117451146245;0.9051724076271057
691;0.004938765894621611;0.9396551847457886
692;0.005127865821123123;0.931034505367279
693;0.004944818094372749;0.931034505367279
694;0.004725809209048748;0.931034505367279
695;0.005189848132431507;0.931034505367279
696;0.004762150812894106;0.931034505367279
697;0.004853949416428804;0.9396551847457886
698;0.004912418778985739;0.931034505367279
699;0.005291372071951628;0.9224137663841248
700;0.005167440045624971;0.9224137663841248
701;0.005495794583112001;0.931034505367279
702;0.004988210275769234;0.931034505367279
703;0.004937449935823679;0.931034505367279
704;0.0048088738694787025;0.9137930870056152
705;0.005022566299885511;0.9396551847457886
706;0.004658249206840992;0.931034505367279
707;0.004818943329155445;0.9224137663841248
708;0.0052941893227398396;0.9224137663841248
709;0.004910230170935392;0.931034505367279
710;0.005063268356025219;0.931034505367279
711;0.005023915786296129;0.9396551847457886
712;0.004926653113216162;0.9224137663841248
713;0.005059415008872747;0.931034505367279
714;0.004985727835446596;0.9224137663841248
715;0.0049130721017718315;0.931034505367279
716;0.0050961729139089584;0.931034505367279
717;0.005038226023316383;0.931034505367279
718;0.004877885803580284;0.931034505367279
719;0.005049184430390596;0.9224137663841248
720;0.004817150998860598;0.931034505367279
721;0.004736879840493202;0.9396551847457886
722;0.004667125642299652;0.9482758641242981
723;0.004962255246937275;0.9482758641242981
724;0.005066407844424248;0.9224137663841248
725;0.0050077843479812145;0.9137930870056152
726;0.005213750060647726;0.931034505367279
727;0.005028983578085899;0.9224137663841248
728;0.004800688941031694;0.9396551847457886
729;0.005082949995994568;0.931034505367279
730;0.00477287732064724;0.931034505367279
731;0.0048151761293411255;0.931034505367279
732;0.004596932325512171;0.9396551847457886
733;0.004941369406878948;0.9224137663841248
734;0.004621485248208046;0.931034505367279
735;0.005083054769784212;0.9224137663841248
736;0.005041530821472406;0.9137930870056152
737;0.0048598842695355415;0.931034505367279
738;0.0050641377456486225;0.931034505367279
739;0.004825450945645571;0.9568965435028076
740;0.0053359572775661945;0.9051724076271057
741;0.004946873988956213;0.9224137663841248
742;0.004981007426977158;0.9224137663841248
743;0.005030354950577021;0.9224137663841248
744;0.004503719042986631;0.931034505367279
745;0.004671754315495491;0.931034505367279
746;0.00505048269405961;0.931034505367279
747;0.005233855452388525;0.931034505367279
748;0.0050248438492417336;0.9396551847457886
749;0.0051504867151379585;0.9224137663841248
750;0.005264610052108765;0.9137930870056152
751;0.0049623893573880196;0.9396551847457886
752;0.004983676131814718;0.931034505367279
753;0.005768477916717529;0.9224137663841248
754;0.004926904570311308;0.931034505367279
755;0.0045151542872190475;0.9396551847457886
756;0.005158479791134596;0.931034505367279
757;0.00504158902913332;0.9396551847457886
758;0.004769854247570038;0.9396551847457886
759;0.0046657114289700985;0.9396551847457886
760;0.00490123825147748;0.9396551847457886
761;0.004858981817960739;0.9396551847457886
762;0.004781961906701326;0.9396551847457886
763;0.00446296576410532;0.9396551847457886
764;0.004568408243358135;0.9396551847457886
765;0.004428695887327194;0.931034505367279
766;0.004777157679200172;0.931034505367279
767;0.004355256911367178;0.9396551847457886
768;0.0049435789696872234;0.931034505367279
769;0.004876628518104553;0.931034505367279
770;0.004679251462221146;0.931034505367279
771;0.004847466479986906;0.9396551847457886
772;0.005168933887034655;0.9137930870056152
773;0.004721714183688164;0.9224137663841248
774;0.004747598897665739;0.931034505367279
775;0.004795558284968138;0.931034505367279
776;0.0048989830538630486;0.931034505367279
777;0.004937606398016214;0.9224137663841248
778;0.004344800021499395;0.9655172228813171
779;0.004712013527750969;0.9396551847457886
780;0.004850652068853378;0.931034505367279
781;0.004759065806865692;0.931034505367279
782;0.004909472540020943;0.931034505367279
783;0.005082653369754553;0.9224137663841248
784;0.004711510613560677;0.931034505367279
785;0.004390167538076639;0.931034505367279
786;0.004636196885257959;0.931034505367279
787;0.0049298107624053955;0.9224137663841248
788;0.004466954153031111;0.9396551847457886
789;0.00455328868702054;0.9396551847457886
790;0.0047301799058914185;0.931034505367279
791;0.004520336166024208;0.9224137663841248
792;0.00482511892914772;0.9224137663841248
793;0.004666587803512812;0.931034505367279
794;0.004678088705986738;0.9482758641242981
795;0.004651399329304695;0.931034505367279
796;0.005103394854813814;0.9224137663841248
797;0.004752206616103649;0.9137930870056152
798;0.004965540021657944;0.9396551847457886
799;0.0046559544280171394;0.9224137663841248
800;0.004648740403354168;0.931034505367279
801;0.0048590488731861115;0.9224137663841248
802;0.004803346004337072;0.9224137663841248
803;0.004964809864759445;0.9224137663841248
804;0.0049045695923268795;0.931034505367279
805;0.00491339573636651;0.931034505367279
806;0.004722353536635637;0.9224137663841248
807;0.004679002333432436;0.931034505367279
808;0.004690004047006369;0.9224137663841248
809;0.004509333986788988;0.931034505367279
810;0.004769789054989815;0.931034505367279
811;0.0047102863900363445;0.931034505367279
812;0.004653268028050661;0.931034505367279
813;0.004448133520781994;0.9137930870056152
814;0.004739067051559687;0.9396551847457886
815;0.004606297239661217;0.9137930870056152
816;0.004742799326777458;0.9224137663841248
817;0.004174828063696623;0.931034505367279
818;0.004607302136719227;0.931034505367279
819;0.004602594301104546;0.9224137663841248
820;0.004527509678155184;0.9224137663841248
821;0.004417284391820431;0.9396551847457886
822;0.0048329634591937065;0.9224137663841248
823;0.004544935654848814;0.931034505367279
824;0.004763999953866005;0.9396551847457886
825;0.004373785108327866;0.931034505367279
826;0.004666796885430813;0.9396551847457886
827;0.004850660916417837;0.931034505367279
828;0.004575525410473347;0.931034505367279
829;0.004648261237889528;0.931034505367279
830;0.004829824436455965;0.9224137663841248
831;0.004812185652554035;0.9224137663841248
832;0.004545887932181358;0.931034505367279
833;0.004519499372690916;0.9482758641242981
834;0.004614869132637978;0.9396551847457886
835;0.004682512488216162;0.931034505367279
836;0.004288854077458382;0.9396551847457886
837;0.004693932365626097;0.931034505367279
838;0.004825336392968893;0.931034505367279
839;0.0049274577759206295;0.9224137663841248
840;0.006413965951651335;0.931034505367279
841;0.004948543384671211;0.931034505367279
842;0.005395103711634874;0.9137930870056152
843;0.005395451094955206;0.931034505367279
844;0.0055226911790668964;0.9224137663841248
845;0.004924045410007238;0.9137930870056152
846;0.005166947841644287;0.9137930870056152
847;0.005618806462734938;0.931034505367279
848;0.004980713129043579;0.9224137663841248
849;0.00515672517940402;0.9224137663841248
850;0.004526288248598576;0.9482758641242981
851;0.005247399676591158;0.9224137663841248
852;0.005078965798020363;0.9224137663841248
853;0.00511678634211421;0.9224137663841248
854;0.004899690393358469;0.9396551847457886
855;0.004699713084846735;0.9224137663841248
856;0.0043733324855566025;0.9396551847457886
857;0.004949689377099276;0.931034505367279
858;0.0046997894532978535;0.931034505367279
859;0.0047185407020151615;0.931034505367279
860;0.0046349032782018185;0.9482758641242981
861;0.004482201766222715;0.9137930870056152
862;0.0047352802939713;0.9396551847457886
863;0.004740018863230944;0.9224137663841248
864;0.004494634922593832;0.931034505367279
865;0.004901872482150793;0.931034505367279
866;0.004382411018013954;0.931034505367279
867;0.0041552139446139336;0.9396551847457886
868;0.004570629447698593;0.9224137663841248
869;0.004420967772603035;0.9396551847457886
870;0.004519307985901833;0.9224137663841248
871;0.004728769883513451;0.931034505367279
872;0.0042764730751514435;0.9655172228813171
873;0.004544237162917852;0.9396551847457886
874;0.004808464553207159;0.9224137663841248
875;0.004567709751427174;0.931034505367279
876;0.004473757930099964;0.9137930870056152
877;0.004610493313521147;0.931034505367279
878;0.004612538032233715;0.931034505367279
879;0.004628294613212347;0.9224137663841248
880;0.004436942283064127;0.931034505367279
881;0.004747176542878151;0.931034505367279
882;0.004634592682123184;0.9137930870056152
883;0.004646203014999628;0.9051724076271057
884;0.004553653299808502;0.9396551847457886
885;0.00427209259942174;0.9396551847457886
886;0.004760108422487974;0.9396551847457886
887;0.004596147686243057;0.931034505367279
888;0.004387838765978813;0.9396551847457886
889;0.004582792054861784;0.931034505367279
890;0.0046684895642101765;0.931034505367279
891;0.004625988658517599;0.9396551847457886
892;0.004860520362854004;0.931034505367279
893;0.004791447427123785;0.9224137663841248
894;0.004536466673016548;0.9396551847457886
895;0.004475030582398176;0.931034505367279
896;0.009529095143079758;0.8362069129943848
897;0.0050354693084955215;0.9224137663841248
898;0.011389447376132011;0.8620689511299133
899;0.005852673668414354;0.9224137663841248
900;0.0050857048481702805;0.9224137663841248
901;0.005152328405529261;0.931034505367279
902;0.009488538838922977;0.8706896305084229
903;0.014111354015767574;0.7931034564971924
904;0.005187198519706726;0.9482758641242981
905;0.0058710332959890366;0.9396551847457886
906;0.007477394305169582;0.9137930870056152
907;0.00946007203310728;0.8965517282485962
908;0.005353208631277084;0.9396551847457886
909;0.005624725017696619;0.931034505367279
910;0.0071663265116512775;0.8879310488700867
911;0.005401268135756254;0.931034505367279
912;0.0050018238835036755;0.931034505367279
913;0.005271062254905701;0.931034505367279
914;0.006522628013044596;0.9137930870056152
915;0.0055658044293522835;0.931034505367279
916;0.004951095674186945;0.9482758641242981
917;0.005574156530201435;0.931034505367279
918;0.004961005412042141;0.9396551847457886
919;0.004789922386407852;0.931034505367279
920;0.005011922214180231;0.9224137663841248
921;0.005100137088447809;0.9224137663841248
922;0.004935236647725105;0.931034505367279
923;0.004987011663615704;0.9224137663841248
924;0.004975603427737951;0.9396551847457886
925;0.005401983857154846;0.9137930870056152
926;0.004922766704112291;0.931034505367279
927;0.004909514915198088;0.931034505367279
928;0.005003511440008879;0.9224137663841248
929;0.005031993612647057;0.9224137663841248
930;0.004713878501206636;0.9396551847457886
931;0.004797172732651234;0.9224137663841248
932;0.005030670668929815;0.9224137663841248
933;0.005016799084842205;0.931034505367279
934;0.004670379217714071;0.9396551847457886
935;0.004697775933891535;0.931034505367279
936;0.00451362831518054;0.931034505367279
937;0.004605589900165796;0.9396551847457886
938;0.004390972666442394;0.9396551847457886
939;0.004494198132306337;0.931034505367279
940;0.00499079329892993;0.9137930870056152
941;0.004896598868072033;0.931034505367279
942;0.004525645170360804;0.931034505367279
943;0.004192054737359285;0.931034505367279
944;0.004481364041566849;0.931034505367279
945;0.004394673276692629;0.931034505367279
946;0.004619868937879801;0.9137930870056152
947;0.004519484471529722;0.9396551847457886
948;0.004244120791554451;0.9224137663841248
949;0.00464671989902854;0.9224137663841248
950;0.004594214726239443;0.931034505367279
951;0.004067690577358007;0.931034505367279
952;0.004335626028478146;0.9396551847457886
953;0.00468230526894331;0.9051724076271057
954;0.004452012479305267;0.9396551847457886
955;0.004964309744536877;0.9396551847457886
956;0.00431221816688776;0.9396551847457886
957;0.004207270685583353;0.9224137663841248
958;0.004742798395454884;0.9137930870056152
959;0.004669962916523218;0.931034505367279
960;0.004525762517005205;0.931034505367279
961;0.0043939389288425446;0.9224137663841248
962;0.0041834102012217045;0.9482758641242981
963;0.004621642176061869;0.9396551847457886
964;0.0044164033606648445;0.931034505367279
965;0.004444580990821123;0.931034505367279
966;0.004380757454782724;0.9224137663841248
967;0.004575541242957115;0.9396551847457886
968;0.00431801239028573;0.931034505367279
969;0.004586038179695606;0.931034505367279
970;0.004439912736415863;0.9137930870056152
971;0.004290970042347908;0.9396551847457886
972;0.0042878310196101665;0.9224137663841248
973;0.004304323811084032;0.931034505367279
974;0.004327821079641581;0.931034505367279
975;0.004455845803022385;0.9396551847457886
976;0.00432578893378377;0.931034505367279
977;0.004630889743566513;0.9224137663841248
978;0.004358436446636915;0.9224137663841248
979;0.0043499828316271305;0.9396551847457886
980;0.0047472696751356125;0.9224137663841248
981;0.0042304289527237415;0.9396551847457886
982;0.004139313008636236;0.9396551847457886
983;0.004398203920572996;0.9224137663841248
984;0.004822826944291592;0.9224137663841248
985;0.004218077287077904;0.931034505367279
986;0.004522285889834166;0.9137930870056152
987;0.00437830900773406;0.9224137663841248
988;0.004296299535781145;0.9224137663841248
989;0.004555030260235071;0.931034505367279
990;0.00420197332277894;0.9396551847457886
991;0.004223927389830351;0.931034505367279
992;0.004490069579333067;0.9224137663841248
993;0.004491323605179787;0.931034505367279
994;0.004354385659098625;0.931034505367279
995;0.004268329590559006;0.931034505367279
996;0.004171703010797501;0.9396551847457886
997;0.003876874689012766;0.9396551847457886
998;0.004063209518790245;0.9396551847457886
999;0.004404386505484581;0.931034505367279
1000;0.004629852250218391;0.9396551847457886
1001;0.004429475869983435;0.9051724076271057
1002;0.004370624199509621;0.9396551847457886
1003;0.004273849073797464;0.931034505367279
1004;0.004530126228928566;0.9137930870056152
1005;0.0043860021978616714;0.9224137663841248
1006;0.004200062248855829;0.931034505367279
1007;0.004312859382480383;0.9137930870056152
1008;0.0040938518941402435;0.931034505367279
1009;0.004313331097364426;0.9224137663841248
1010;0.004181583411991596;0.9396551847457886
1011;0.004211314953863621;0.9224137663841248
1012;0.004259529523551464;0.931034505367279
1013;0.0041906507685780525;0.9224137663841248
1014;0.004323985427618027;0.9224137663841248
1015;0.004883055575191975;0.9137930870056152
1016;0.004080407787114382;0.9396551847457886
1017;0.004567370284348726;0.9051724076271057
1018;0.004327389411628246;0.931034505367279
1019;0.004389614798128605;0.9396551847457886
1020;0.004366655834019184;0.9396551847457886
1021;0.004529851023107767;0.931034505367279
1022;0.0046118395403027534;0.9396551847457886
1023;0.004222214221954346;0.931034505367279
1024;0.00440802751109004;0.9137930870056152
1025;0.0043137636967003345;0.9396551847457886
1026;0.004280677996575832;0.9396551847457886
1027;0.004186803940683603;0.931034505367279
1028;0.0047251153737306595;0.9224137663841248
1029;0.004624946508556604;0.9224137663841248
1030;0.004722571931779385;0.9224137663841248
1031;0.004272002726793289;0.9224137663841248
1032;0.00462359981611371;0.9396551847457886
1033;0.004270991310477257;0.931034505367279
1034;0.004292764700949192;0.931034505367279
1035;0.004556169267743826;0.9396551847457886
1036;0.004606066271662712;0.9224137663841248
1037;0.00441361078992486;0.9396551847457886
1038;0.004204530268907547;0.9396551847457886
1039;0.004256761632859707;0.9396551847457886
1040;0.004422631114721298;0.9396551847457886
1041;0.004678571131080389;0.9224137663841248
1042;0.004483622033149004;0.9224137663841248
1043;0.004074073862284422;0.931034505367279
1044;0.004080153536051512;0.931034505367279
1045;0.004413919057697058;0.9224137663841248
1046;0.0045045907609164715;0.9224137663841248
1047;0.004206609912216663;0.9396551847457886
1048;0.004542062524706125;0.9137930870056152
1049;0.004337442107498646;0.9396551847457886
1050;0.004513291642069817;0.9396551847457886
1051;0.004213002510368824;0.931034505367279
1052;0.004065157845616341;0.9396551847457886
1053;0.004705449100583792;0.9224137663841248
1054;0.0037864982150495052;0.9396551847457886
1055;0.004606536123901606;0.9224137663841248
1056;0.004138660617172718;0.9396551847457886
1057;0.0041976128704845905;0.931034505367279
1058;0.0044334339909255505;0.9224137663841248
1059;0.004471099469810724;0.931034505367279
1060;0.004087766632437706;0.9482758641242981
1061;0.004569509532302618;0.9224137663841248
1062;0.004245230928063393;0.9224137663841248
1063;0.0042249239049851894;0.931034505367279
1064;0.004013195168226957;0.931034505367279
1065;0.004289816599339247;0.931034505367279
1066;0.004567230120301247;0.931034505367279
1067;0.003811476519331336;0.9396551847457886
1068;0.004376362077891827;0.931034505367279
1069;0.004409838933497667;0.931034505367279
1070;0.004172049462795258;0.9224137663841248
1071;0.004108294378966093;0.931034505367279
1072;0.004463948309421539;0.9224137663841248
1073;0.004176907241344452;0.931034505367279
1074;0.004375206306576729;0.9396551847457886
1075;0.004213192965835333;0.9482758641242981
1076;0.0043687354773283005;0.931034505367279
1077;0.004313106648623943;0.931034505367279
1078;0.004427273757755756;0.931034505367279
1079;0.004372219555079937;0.9224137663841248
1080;0.00437008636072278;0.931034505367279
1081;0.00423856545239687;0.9224137663841248
1082;0.00404658867046237;0.9224137663841248
1083;0.004230436868965626;0.9137930870056152
1084;0.004180436953902245;0.931034505367279
1085;0.00403142673894763;0.9396551847457886
1086;0.004209054633975029;0.931034505367279
1087;0.0041906340047717094;0.931034505367279
1088;0.004312288481742144;0.9396551847457886
1089;0.003980880603194237;0.931034505367279
1090;0.004307015798985958;0.9396551847457886
1091;0.003931983839720488;0.931034505367279
1092;0.004199868068099022;0.931034505367279
1093;0.004239374306052923;0.931034505367279
1094;0.004246765282005072;0.9224137663841248
1095;0.004262163303792477;0.931034505367279
1096;0.004420792683959007;0.9051724076271057
1097;0.004307135473936796;0.931034505367279
1098;0.004207937512546778;0.9396551847457886
1099;0.004354998469352722;0.931034505367279
1100;0.004062531515955925;0.931034505367279
1101;0.004231078550219536;0.9224137663841248
1102;0.004135395400226116;0.931034505367279
1103;0.004367821849882603;0.931034505367279
1104;0.004344182554632425;0.9396551847457886
1105;0.004347491078078747;0.931034505367279
1106;0.004240904934704304;0.931034505367279
1107;0.004288617521524429;0.931034505367279
1108;0.00450126314535737;0.9137930870056152
1109;0.0044410340487957;0.9137930870056152
1110;0.004393741022795439;0.9224137663841248
1111;0.0038692099042236805;0.931034505367279
1112;0.00464748265221715;0.9224137663841248
1113;0.004180644638836384;0.931034505367279
1114;0.004305798560380936;0.9396551847457886
1115;0.0038748816587030888;0.9482758641242981
1116;0.004359821788966656;0.931034505367279
1117;0.004382263869047165;0.9137930870056152
1118;0.004358208272606134;0.9137930870056152
1119;0.004849872086197138;0.931034505367279
1120;0.004292225930839777;0.931034505367279
1121;0.004749011714011431;0.931034505367279
1122;0.00723164901137352;0.9137930870056152
1123;0.0044490862637758255;0.9224137663841248
1124;0.004595532547682524;0.931034505367279
1125;0.008531865663826466;0.8706896305084229
1126;0.009287159889936447;0.8620689511299133
1127;0.01933147758245468;0.6724137663841248
1128;0.005854880437254906;0.9137930870056152
1129;0.013713912107050419;0.7758620977401733
1130;0.00836249440908432;0.8965517282485962
1131;0.010654275305569172;0.8879310488700867
1132;0.01069585606455803;0.8965517282485962
1133;0.006203274708241224;0.9396551847457886
1134;0.00591565016657114;0.9396551847457886
1135;0.006816145032644272;0.9137930870056152
1136;0.00875377468764782;0.9051724076271057
1137;0.0074789999052882195;0.9051724076271057
1138;0.00594400754198432;0.9396551847457886
1139;0.006522408686578274;0.931034505367279
1140;0.006034834310412407;0.9396551847457886
1141;0.006349558010697365;0.931034505367279
1142;0.005647177807986736;0.931034505367279
1143;0.005550515837967396;0.931034505367279
1144;0.005708217620849609;0.931034505367279
1145;0.005711497738957405;0.931034505367279
1146;0.005948096979409456;0.9224137663841248
1147;0.005313121248036623;0.931034505367279
1148;0.005162181798368692;0.931034505367279
1149;0.005027121864259243;0.931034505367279
1150;0.005169766489416361;0.931034505367279
1151;0.0049618943594396114;0.9482758641242981
1152;0.005205052439123392;0.931034505367279
1153;0.004959300626069307;0.9224137663841248
1154;0.005247280467301607;0.9224137663841248
1155;0.005042703822255135;0.9224137663841248
1156;0.0052492995746433735;0.9137930870056152
1157;0.0046647293493151665;0.931034505367279
1158;0.004445518832653761;0.9396551847457886
1159;0.004808650352060795;0.9224137663841248
1160;0.00478565227240324;0.931034505367279
1161;0.0045539615675807;0.9224137663841248
1162;0.004604018293321133;0.931034505367279
1163;0.004882925655692816;0.931034505367279
1164;0.0049882992170751095;0.931034505367279
1165;0.00471882289275527;0.931034505367279
1166;0.004556042142212391;0.9224137663841248
1167;0.004563427995890379;0.9224137663841248
1168;0.0044331238605082035;0.9482758641242981
1169;0.004350923467427492;0.9396551847457886
1170;0.004649512469768524;0.9224137663841248
1171;0.004394984804093838;0.931034505367279
1172;0.004156248643994331;0.931034505367279
1173;0.004507591016590595;0.931034505367279
1174;0.0044509791769087315;0.9224137663841248
1175;0.004276872146874666;0.9396551847457886
1176;0.0042551541700959206;0.9396551847457886
1177;0.004128286615014076;0.931034505367279
1178;0.004431555513292551;0.9396551847457886
1179;0.004000138491392136;0.931034505367279
1180;0.004723051562905312;0.9224137663841248
1181;0.004114565439522266;0.9482758641242981
1182;0.004321565385907888;0.931034505367279
1183;0.004067564383149147;0.9224137663841248
1184;0.004328570794314146;0.931034505367279
1185;0.004360693506896496;0.931034505367279
1186;0.00420934334397316;0.9224137663841248
1187;0.0040916153229773045;0.931034505367279
1188;0.0042117564007639885;0.931034505367279
1189;0.004391328897327185;0.931034505367279
1190;0.0040372805669903755;0.9396551847457886
1191;0.0043098414316773415;0.9224137663841248
1192;0.004218259360641241;0.9396551847457886
1193;0.004000392742455006;0.9396551847457886
1194;0.004042246378958225;0.9396551847457886
1195;0.004123293329030275;0.9396551847457886
1196;0.004070572089403868;0.931034505367279
1197;0.004198718816041946;0.9137930870056152
1198;0.0042073605582118034;0.9396551847457886
1199;0.004469635430723429;0.9224137663841248
1200;0.004153501708060503;0.9396551847457886
1201;0.004520628601312637;0.9137930870056152
1202;0.0041258204728364944;0.931034505367279
1203;0.004539709538221359;0.9396551847457886
1204;0.004499806556850672;0.9137930870056152
1205;0.004565177485346794;0.9224137663841248
1206;0.004249819088727236;0.931034505367279
1207;0.0040991296991705894;0.9482758641242981
1208;0.0036004416178911924;0.9396551847457886
1209;0.004087783861905336;0.9482758641242981
1210;0.004008421208709478;0.931034505367279
1211;0.00403034221380949;0.931034505367279
1212;0.004022332839667797;0.9396551847457886
1213;0.004184016492217779;0.931034505367279
1214;0.004284089431166649;0.931034505367279
1215;0.0040054828859865665;0.931034505367279
1216;0.004312620032578707;0.9137930870056152
1217;0.004033810459077358;0.931034505367279
1218;0.004293597768992186;0.9137930870056152
1219;0.004316728096455336;0.931034505367279
1220;0.004189459607005119;0.931034505367279
1221;0.004112742375582457;0.9396551847457886
1222;0.004522634204477072;0.9224137663841248
1223;0.004176122136414051;0.9224137663841248
1224;0.004295208025723696;0.9224137663841248
1225;0.004108741879463196;0.9224137663841248
1226;0.00418684771284461;0.9137930870056152
1227;0.004245080519467592;0.9224137663841248
1228;0.004136571194976568;0.9224137663841248
1229;0.003928591962903738;0.931034505367279
1230;0.004277859814465046;0.931034505367279
1231;0.004199811723083258;0.931034505367279
1232;0.0038511445745825768;0.9396551847457886
1233;0.004171816632151604;0.9396551847457886
1234;0.0041254241950809956;0.931034505367279
1235;0.004405282903462648;0.9051724076271057
1236;0.004355220124125481;0.9137930870056152
1237;0.004661211743950844;0.931034505367279
1238;0.0039279828779399395;0.931034505367279
1239;0.004219177644699812;0.9224137663841248
1240;0.0044741579331457615;0.9396551847457886
1241;0.003974763676524162;0.931034505367279
1242;0.003914258908480406;0.931034505367279
1243;0.004056675359606743;0.931034505367279
1244;0.004184887278825045;0.9396551847457886
1245;0.004068762995302677;0.931034505367279
1246;0.004083759617060423;0.9396551847457886
1247;0.0042479196563363075;0.931034505367279
1248;0.00400807848200202;0.9224137663841248
1249;0.004364391323179007;0.931034505367279
1250;0.0043327780440449715;0.931034505367279
1251;0.003983826842159033;0.931034505367279
1252;0.004066871479153633;0.931034505367279
1253;0.00405904371291399;0.931034505367279
1254;0.003997343592345715;0.9396551847457886
1255;0.003980142064392567;0.9137930870056152
1256;0.003988147247582674;0.9224137663841248
1257;0.004621082916855812;0.9137930870056152
1258;0.0040305606089532375;0.931034505367279
1259;0.004028250463306904;0.9224137663841248
1260;0.004049997311085463;0.931034505367279
1261;0.004148399922996759;0.9224137663841248
1262;0.004521674942225218;0.9224137663841248
1263;0.003952325787395239;0.931034505367279
1264;0.003793486161157489;0.9396551847457886
1265;0.003801591694355011;0.931034505367279
1266;0.004132623318582773;0.9482758641242981
1267;0.003979394678026438;0.9482758641242981
1268;0.0043044425547122955;0.9396551847457886
1269;0.004200429189950228;0.931034505367279
1270;0.0038284561596810818;0.9224137663841248
1271;0.003989344462752342;0.931034505367279
1272;0.004133661277592182;0.931034505367279
1273;0.0038668676279485226;0.9396551847457886
1274;0.003979238215833902;0.931034505367279
1275;0.003958376590162516;0.931034505367279
1276;0.004093436989933252;0.9396551847457886
1277;0.004090446978807449;0.9224137663841248
1278;0.004140766337513924;0.931034505367279
1279;0.004311047960072756;0.931034505367279
1280;0.0042447736486792564;0.9224137663841248
1281;0.004185235593467951;0.9396551847457886
1282;0.004232644569128752;0.9137930870056152
1283;0.004011858254671097;0.9396551847457886
1284;0.00382195133715868;0.9396551847457886
1285;0.004146215971559286;0.9224137663841248
1286;0.004081184975802898;0.9396551847457886
1287;0.004081781022250652;0.9224137663841248
1288;0.003920221235603094;0.9396551847457886
1289;0.00370705034583807;0.9396551847457886
1290;0.004014638252556324;0.9396551847457886
1291;0.004167207982391119;0.9224137663841248
1292;0.003997127525508404;0.9482758641242981
1293;0.004374088253825903;0.9224137663841248
1294;0.0036678349133580923;0.9396551847457886
1295;0.004091103561222553;0.9396551847457886
1296;0.004306346643716097;0.9137930870056152
1297;0.004517305176705122;0.9224137663841248
1298;0.003960518166422844;0.9224137663841248
1299;0.003934326581656933;0.931034505367279
1300;0.004170683212578297;0.9224137663841248
1301;0.004156915936619043;0.9137930870056152
1302;0.004016602877527475;0.9482758641242981
1303;0.004090798553079367;0.9396551847457886
1304;0.00386311043985188;0.931034505367279
1305;0.004093564115464687;0.931034505367279
1306;0.004170481115579605;0.931034505367279
1307;0.00390696432441473;0.9482758641242981
1308;0.004035884514451027;0.9224137663841248
1309;0.0039807516150176525;0.931034505367279
1310;0.004208587575703859;0.9224137663841248
1311;0.004211944993585348;0.9224137663841248
1312;0.003999640699476004;0.9396551847457886
1313;0.004325143061578274;0.931034505367279
1314;0.004087370354682207;0.9396551847457886
1315;0.004111396614462137;0.9224137663841248
1316;0.0039377822540700436;0.931034505367279
1317;0.0037843603640794754;0.9396551847457886
1318;0.003930794540792704;0.931034505367279
1319;0.0038543192204087973;0.9482758641242981
1320;0.004119375254958868;0.931034505367279
1321;0.0038076722994446754;0.9224137663841248
1322;0.004056637175381184;0.931034505367279
1323;0.0038305066991597414;0.931034505367279
1324;0.004379337653517723;0.931034505367279
1325;0.003873690962791443;0.9396551847457886
1326;0.003922977950423956;0.9224137663841248
1327;0.004239535424858332;0.9137930870056152
1328;0.003950309008359909;0.9224137663841248
1329;0.003908073529601097;0.9396551847457886
1330;0.003868791274726391;0.9396551847457886
1331;0.004034604877233505;0.9224137663841248
1332;0.00417326670140028;0.9396551847457886
1333;0.003832948161289096;0.9396551847457886
1334;0.004122303333133459;0.931034505367279
1335;0.0036879691760987043;0.931034505367279
1336;0.00416890624910593;0.9137930870056152
1337;0.0040720682591199875;0.9396551847457886
1338;0.0037524530198425055;0.9568965435028076
1339;0.004202178213745356;0.9137930870056152
1340;0.0041099111549556255;0.931034505367279
1341;0.004169016610831022;0.9224137663841248
1342;0.003928164951503277;0.9396551847457886
1343;0.0036837775260210037;0.9396551847457886
1344;0.004248379729688168;0.9224137663841248
1345;0.003747748676687479;0.931034505367279
1346;0.004059748258441687;0.931034505367279
1347;0.0035131964832544327;0.9482758641242981
1348;0.004020034801214933;0.931034505367279
1349;0.0040001049637794495;0.9224137663841248
1350;0.0040797460824251175;0.9396551847457886
1351;0.003930841572582722;0.9396551847457886
1352;0.004042982589453459;0.9396551847457886
1353;0.004002801608294249;0.9396551847457886
1354;0.003986794035881758;0.931034505367279
1355;0.0038527720607817173;0.931034505367279
1356;0.004086968023329973;0.9224137663841248
1357;0.0038870873395353556;0.9396551847457886
1358;0.0039087631739676;0.9396551847457886
1359;0.003792856354266405;0.9396551847457886
1360;0.004035303369164467;0.9396551847457886
1361;0.0040573738515377045;0.9137930870056152
1362;0.004066510125994682;0.931034505367279
1363;0.004004647023975849;0.931034505367279
1364;0.004090143367648125;0.931034505367279
1365;0.004048565868288279;0.931034505367279
1366;0.004002140834927559;0.931034505367279
1367;0.0042341300286352634;0.931034505367279
1368;0.004146268125623465;0.931034505367279
1369;0.0039915964007377625;0.9396551847457886
1370;0.003993713762611151;0.931034505367279
1371;0.0038511783350259066;0.931034505367279
1372;0.0038916664198040962;0.931034505367279
1373;0.00400117551907897;0.931034505367279
1374;0.004143623635172844;0.9396551847457886
1375;0.004016146529465914;0.9051724076271057
1376;0.004350610077381134;0.931034505367279
1377;0.003517631208524108;0.9482758641242981
1378;0.003879149444401264;0.9396551847457886
1379;0.0039027798920869827;0.9137930870056152
1380;0.0036423983983695507;0.9482758641242981
1381;0.003920251503586769;0.931034505367279
1382;0.004134155809879303;0.9224137663841248
1383;0.003893052227795124;0.9396551847457886
1384;0.003948296420276165;0.931034505367279
1385;0.0037884684279561043;0.9396551847457886
1386;0.003942989278584719;0.9568965435028076
1387;0.004318504594266415;0.9137930870056152
1388;0.00405914569273591;0.931034505367279
1389;0.004541052971035242;0.9224137663841248
1390;0.003803940024226904;0.9224137663841248
1391;0.004100572317838669;0.9224137663841248
1392;0.003855594666674733;0.931034505367279
1393;0.0036511803045868874;0.931034505367279
1394;0.003922018222510815;0.9224137663841248
1395;0.00408800458535552;0.9137930870056152
1396;0.0039040434639900923;0.9396551847457886
1397;0.0038916131015866995;0.931034505367279
1398;0.0037766294553875923;0.9396551847457886
1399;0.004029752686619759;0.9224137663841248
1400;0.003934105392545462;0.931034505367279
1401;0.003968870732933283;0.9224137663841248
1402;0.003886213293299079;0.9396551847457886
1403;0.003714378224685788;0.931034505367279
1404;0.004125598818063736;0.9396551847457886
1405;0.004079176113009453;0.931034505367279
1406;0.0039672558195889;0.931034505367279
1407;0.003919416572898626;0.9396551847457886
1408;0.004130526911467314;0.9224137663841248
1409;0.003987846430391073;0.9224137663841248
1410;0.004108362831175327;0.931034505367279
1411;0.0036713522858917713;0.931034505367279
1412;0.004133057780563831;0.931034505367279
1413;0.004968936555087566;0.9137930870056152
1414;0.00422350550070405;0.9137930870056152
1415;0.00848398357629776;0.8706896305084229
1416;0.00877304095774889;0.8620689511299133
1417;0.008076364174485207;0.9137930870056152
1418;0.005219183396548033;0.931034505367279
1419;0.005253551062196493;0.9396551847457886
1420;0.006559312343597412;0.9137930870056152
1421;0.01580885425209999;0.732758641242981
1422;0.005811637733131647;0.931034505367279
1423;0.0062102084048092365;0.9137930870056152
1424;0.006859368644654751;0.8793103694915771
1425;0.024080989882349968;0.6465517282485962
1426;0.006979560945183039;0.9396551847457886
1427;0.011569368652999401;0.7844827771186829
1428;0.012043491937220097;0.7931034564971924
1429;0.01055324450135231;0.8620689511299133
1430;0.007451565470546484;0.8706896305084229
1431;0.007921179756522179;0.8879310488700867
1432;0.012208839878439903;0.8017241358757019
1433;0.00989960040897131;0.8706896305084229
1434;0.011910145170986652;0.8534482717514038
1435;0.012915320694446564;0.8534482717514038
1436;0.013342641294002533;0.8448275923728943
1437;0.012087282724678516;0.8534482717514038
1438;0.01095139142125845;0.8275862336158752
1439;0.007640330586582422;0.8793103694915771
1440;0.007168819196522236;0.8965517282485962
1441;0.007148339878767729;0.931034505367279
1442;0.007350363302975893;0.9224137663841248
1443;0.008123807609081268;0.9224137663841248
1444;0.008356439881026745;0.9051724076271057
1445;0.0082181915640831;0.9137930870056152
1446;0.00887559074908495;0.9051724076271057
1447;0.0064804768189787865;0.9396551847457886
1448;0.006084459833800793;0.931034505367279
1449;0.005832684226334095;0.9051724076271057
1450;0.005871659144759178;0.9224137663841248
1451;0.005907050333917141;0.931034505367279
1452;0.005790407769382;0.931034505367279
1453;0.005860025994479656;0.931034505367279
1454;0.005613986868411303;0.9396551847457886
1455;0.005970463622361422;0.931034505367279
1456;0.005631265230476856;0.931034505367279
1457;0.005106502212584019;0.9224137663841248
1458;0.004865603521466255;0.9482758641242981
1459;0.004918463993817568;0.9224137663841248
1460;0.004874404054135084;0.931034505367279
1461;0.004606689792126417;0.931034505367279
1462;0.004942091181874275;0.9224137663841248
1463;0.004796253517270088;0.931034505367279
1464;0.0048753381706774235;0.9482758641242981
1465;0.004998000338673592;0.9137930870056152
1466;0.00471783522516489;0.931034505367279
1467;0.004790205042809248;0.9224137663841248
1468;0.0045486255548894405;0.9224137663841248
1469;0.004489264916628599;0.9224137663841248
1470;0.004333029966801405;0.9396551847457886
1471;0.004330350551754236;0.9224137663841248
1472;0.004405631218105555;0.931034505367279
1473;0.004515360109508038;0.931034505367279
1474;0.004305094946175814;0.9396551847457886
1475;0.004337460268288851;0.931034505367279
1476;0.004625200293958187;0.931034505367279
1477;0.004182667937129736;0.931034505367279
1478;0.004591100383549929;0.9224137663841248
1479;0.00444874819368124;0.9224137663841248
1480;0.004439885728061199;0.9224137663841248
1481;0.004465653095394373;0.9224137663841248
1482;0.0042018769308924675;0.9396551847457886
1483;0.004281595814973116;0.9137930870056152
1484;0.004416400101035833;0.9396551847457886
1485;0.004445862956345081;0.9224137663841248
1486;0.00405319407582283;0.931034505367279
1487;0.004055242985486984;0.9396551847457886
1488;0.004094183910638094;0.9396551847457886
1489;0.003933872561901808;0.931034505367279
1490;0.004258895292878151;0.931034505367279
1491;0.004060888197273016;0.931034505367279
1492;0.004009617026895285;0.931034505367279
1493;0.004396872594952583;0.931034505367279
1494;0.0040171705186367035;0.931034505367279
1495;0.00398020725697279;0.9224137663841248
1496;0.004245186224579811;0.9396551847457886
1497;0.003895449684932828;0.9482758641242981
1498;0.004167841747403145;0.931034505367279
1499;0.004149850457906723;0.931034505367279
