s0 = [[0,0,0,0,0,0,0,0,0], [1,1,1,1,0,0,0,0,0],[1,1,1,1,0,0,0,0,0],[1,0,0,1,0,0,0,0,0]]
s1 = [[0,0,0,0,0,0,0,0,0], [0,1,1,1,0,0,0,0,0],[1,1,1,1,0,0,0,0,0],[1,0,0,1,0,0,0,0,0]]
s2 = [[0,0,0,0,0,0,0,0,0], [1,1,1,0,0,0,0,0,0],[1,1,1,1,0,0,0,0,0],[1,0,0,1,0,0,0,0,0]]
s3 = [[0,0,0,0,0,0,0,0,0], [1,1,1,1,0,0,0,0,0],[1,1,1,1,0,0,0,0,0],[0,0,0,1,0,0,0,0,0]]
s4 = [[0,0,0,0,0,0,0,0,0], [1,1,1,1,0,0,0,0,0],[1,1,1,1,0,0,0,0,0],[1,0,0,0,0,0,0,0,0]]


s5 = [[0,0,0,0,0,0,0,0,0], [0,0,0,0,0,0,0,0,0],[1,1,1,1,0,0,0,0,0],[1,1,1,1,0,0,0,0,0]]
s6 = [[0,0,0,0,0,0,0,0,0], [0,0,0,0,0,0,0,0,0],[0,1,1,1,0,0,0,0,0],[1,1,1,1,0,0,0,0,0]]
s7 = [[0,0,0,0,0,0,0,0,0], [0,0,0,0,0,0,0,0,0],[1,1,1,0,0,0,0,0,0],[1,1,1,1,0,0,0,0,0]]
s8 = [[0,0,0,0,0,0,0,0,0], [0,0,0,0,0,0,0,0,0],[1,1,1,1,0,0,0,0,0],[0,1,1,1,0,0,0,0,0]]
s9 = [[0,0,0,0,0,0,0,0,0], [0,0,0,0,0,0,0,0,0],[1,1,1,1,0,0,0,0,0],[1,1,1,0,0,0,0,0,0]]


s10 = [[0,0,0,0,0,0,0,0,0], [0,0,0,0,0,0,0,0,0],[1,1,1,1,1,1,1,0,0],[1,0,1,0,1,0,1,0,0]]
s11 = [[0,0,0,0,0,0,0,0,0], [0,0,0,0,0,0,0,0,0],[1,1,1,1,1,1,1,0,0],[0,0,1,0,1,0,1,0,0]]
s12 = [[0,0,0,0,0,0,0,0,0], [0,0,0,0,0,0,0,0,0],[1,1,1,1,1,1,1,0,0],[1,0,1,0,1,0,0,0,0]]
s13 = [[0,0,0,0,0,0,0,0,0], [0,0,0,0,0,0,0,0,0],[1,1,1,1,1,1,1,0,0],[1,0,0,0,1,0,1,0,0]]
s14 = [[0,0,0,0,0,0,0,0,0], [0,0,0,0,0,0,0,0,0],[1,1,1,1,1,1,1,0,0],[1,0,1,0,0,0,1,0,0]]

s15 = [[0,0,0,0,0,0,0,0,0], [0,0,0,0,0,0,0,0,0],[1,1,1,1,0,0,0,0,0],[1,0,0,1,0,0,0,0,0]]
s16 = [[0,0,0,0,0,0,0,0,0], [0,0,0,0,0,0,0,0,0],[1,1,1,1,0,0,0,0,0],[0,0,0,1,0,0,0,0,0]]
s17 = [[0,0,0,0,0,0,0,0,0], [0,0,0,0,0,0,0,0,0],[1,1,1,1,0,0,0,0,0],[1,0,0,0,0,0,0,0,0]]

s18 = [[0,0,0,0,0,0,0,0,0], [0,0,0,0,0,0,0,0,0],[0,0,0,0,0,0,0,0,0],[1,1,1,1,0,0,0,0,0]]
s19 = [[0,0,0,0,0,0,0,0,0], [0,0,0,0,0,0,0,0,0],[0,0,0,0,0,0,0,0,0],[1,1,1,0,0,0,0,0,0]]

s20 = [[0,0,0,0,0,0,0,0,0], [0,0,0,0,0,0,0,0,0],[1,1,1,1,1,0,0,0,0],[1,0,1,0,1,0,0,0,0]]
s21 = [[0,0,0,0,0,0,0,0,0], [0,0,0,0,0,0,0,0,0],[1,1,1,1,1,0,0,0,0],[0,0,1,0,1,0,0,0,0]]
s22 = [[0,0,0,0,0,0,0,0,0], [0,0,0,0,0,0,0,0,0],[1,1,1,1,1,0,0,0,0],[1,0,0,0,1,0,0,0,0]]
s23 = [[0,0,0,0,0,0,0,0,0], [0,0,0,0,0,0,0,0,0],[1,1,1,1,1,0,0,0,0],[1,0,1,0,0,0,0,0,0]]

s24 = [[1,1,1,1,1,1,0,0,0], [1,1,1,1,1,1,0,0,0],[1,1,0,0,1,1,0,0,0],[1,1,0,0,1,1,0,0,0]]
s25 = [[0,1,1,1,1,1,0,0,0], [1,1,1,1,1,1,0,0,0],[1,1,0,0,1,1,0,0,0],[1,1,0,0,1,1,0,0,0]]
s26 = [[1,1,1,1,1,0,0,0,0], [1,1,1,1,1,1,0,0,0],[1,1,0,0,1,1,0,0,0],[1,1,0,0,1,1,0,0,0]]
s27 = [[1,1,1,1,1,1,0,0,0], [1,1,1,1,1,1,0,0,0],[1,0,0,0,1,1,0,0,0],[1,1,0,0,1,1,0,0,0]]
s28 = [[1,1,1,1,1,1,0,0,0], [1,1,1,1,1,1,0,0,0],[1,1,0,0,1,1,0,0,0],[1,1,0,0,0,1,0,0,0]]


s29 = [[0,0,0,0,0,0,0,0,0], [1,1,1,1,1,1,1,1,0],[1,1,1,1,1,1,1,1,0],[1,1,1,1,1,1,1,1,0]]
s30 = [[0,0,0,0,0,0,0,0,0], [0,1,1,1,1,1,1,1,0],[1,1,1,1,1,1,1,1,0],[1,1,1,1,1,1,1,1,0]]
s31 = [[0,0,0,0,0,0,0,0,0], [1,1,1,1,1,1,1,0,0],[1,1,1,1,1,1,1,1,0],[1,1,1,1,1,1,1,1,0]]
s32 = [[0,0,0,0,0,0,0,0,0], [1,1,1,1,1,1,1,1,0],[1,1,1,1,1,1,1,1,0],[0,1,1,1,1,1,1,1,0]]
s33 = [[0,0,0,0,0,0,0,0,0], [1,1,1,1,1,1,1,1,0],[1,1,1,1,1,1,1,1,0],[1,1,1,1,1,1,1,0,0]]

s34 = [[0,0,0,0,0,0,0,0,0], [1,1,1,1,1,1,1,1,1],[1,1,1,1,1,1,1,1,1],[1,0,1,0,1,0,1,0,1]]
s35 = [[0,0,0,0,0,0,0,0,0], [1,1,1,1,1,1,1,1,1],[1,1,1,1,1,1,1,1,1],[0,0,1,0,1,0,1,0,1]]
s36 = [[0,0,0,0,0,0,0,0,0], [1,1,1,1,1,1,1,1,1],[1,1,1,1,1,1,1,1,1],[1,0,0,0,1,0,1,0,1]]
s37 = [[0,0,0,0,0,0,0,0,0], [1,1,1,1,1,1,1,1,1],[1,1,1,1,1,1,1,1,1],[1,0,1,0,0,0,1,0,1]]
s38 = [[0,0,0,0,0,0,0,0,0], [1,1,1,1,1,1,1,1,1],[1,1,1,1,1,1,1,1,1],[1,0,1,0,1,0,0,0,1]]
s39 = [[0,0,0,0,0,0,0,0,0], [1,1,1,1,1,1,1,1,1],[1,1,1,1,1,1,1,1,1],[1,0,1,0,1,0,1,0,0]]
