s0 = [[0,0,0,0,0,0,0,0,0], [1,1,1,1,0,0,0,0,0],[1,1,1,1,0,0,0,0,0],[1,0,0,1,0,0,0,0,0]]
s1 = [[0,0,0,0,0,0,0,0,0], [0,1,1,1,0,0,0,0,0],[1,1,1,1,0,0,0,0,0],[1,0,0,1,0,0,0,0,0]]
s2 = [[0,0,0,0,0,0,0,0,0], [1,1,1,0,0,0,0,0,0],[1,1,1,1,0,0,0,0,0],[1,0,0,1,0,0,0,0,0]]
s3 = [[0,0,0,0,0,0,0,0,0], [1,1,1,1,0,0,0,0,0],[1,1,1,1,0,0,0,0,0],[0,0,0,1,0,0,0,0,0]]
s4 = [[0,0,0,0,0,0,0,0,0], [1,1,1,1,0,0,0,0,0],[1,1,1,1,0,0,0,0,0],[1,0,0,0,0,0,0,0,0]]





s5 = [[0,0,0,0,0,0,0,0,0], [0,0,0,0,0,0,0,0,0],[1,1,1,1,0,0,0,0,0],[1,1,1,1,0,0,0,0,0]]
s6 = [[0,0,0,0,0,0,0,0,0], [0,0,0,0,0,0,0,0,0],[0,1,1,1,0,0,0,0,0],[1,1,1,1,0,0,0,0,0]]
s7 = [[0,0,0,0,0,0,0,0,0], [0,0,0,0,0,0,0,0,0],[1,1,1,0,0,0,0,0,0],[1,1,1,1,0,0,0,0,0]]
s8 = [[0,0,0,0,0,0,0,0,0], [0,0,0,0,0,0,0,0,0],[1,1,1,1,0,0,0,0,0],[0,1,1,1,0,0,0,0,0]]
s9 = [[0,0,0,0,0,0,0,0,0], [0,0,0,0,0,0,0,0,0],[1,1,1,1,0,0,0,0,0],[1,1,1,0,0,0,0,0,0]]




s10 = [[0,0,0,0,0,0,0,0,0], [0,0,0,0,0,0,0,0,0],[1,1,1,1,1,1,1,0,0],[1,0,1,0,1,0,1,0,0]]
s11 = [[0,0,0,0,0,0,0,0,0], [0,0,0,0,0,0,0,0,0],[1,1,1,1,1,1,1,0,0],[0,0,1,0,1,0,1,0,0]]
s12 = [[0,0,0,0,0,0,0,0,0], [0,0,0,0,0,0,0,0,0],[1,1,1,1,1,1,1,0,0],[1,0,1,0,1,0,0,0,0]]
s13 = [[0,0,0,0,0,0,0,0,0], [0,0,0,0,0,0,0,0,0],[1,1,1,1,1,1,1,0,0],[1,0,0,0,1,0,1,0,0]]
s14 = [[0,0,0,0,0,0,0,0,0], [0,0,0,0,0,0,0,0,0],[1,1,1,1,1,1,1,0,0],[1,0,1,0,0,0,1,0,0]]


